Celda0

 000  000  000  000  002  004  001  000  000  003  000  000  000  004  001  000 
 000  000  000  000  006  008  002  000  000  006  000  000  000  008  003  000 
 000  000  000  000  014  016  005  000  000  010  002  000  000  016  008  000 
 000  000  000  000  022  014  002  000  000  008  000  000  000  020  012  000 
 000  000  000  004  042  012  000  000  003  006  000  000  002  023  016  000 
 001  000  000  015  038  004  000  004  006  000  000  000  007  022  010  000 
 006  010  009  010  032  000  000  003  003  000  000  000  009  018  007  000 
 008  016  021  004  028  000  000  000  000  000  000  000  010  019  012  004 
 005  012  022  010  014  004  000  000  000  000  000  001  017  031  036  014 
 000  000  004  004  000  012  000  000  000  000  000  002  024  042  027  000 
 000  000  000  000  000  008  006  000  000  000  002  007  020  038  020  000 
 000  000  000  005  007  000  011  005  000  002  006  009  015  024  013  000 
 002  004  010  016  020  009  002  015  002  003  008  013  020  015  002  000 
 002  004  010  016  024  021  004  016  015  008  008  010  010  000  000  004 
 001  002  002  004  014  022  014  008  025  014  005  000  002  000  000  006 
 000  000  000  000  000  014  021  010  033  019  004  000  000  000  000  002 

Celda1

 001  004  003  001  000  000  000  000  001  002  000  000  000  000  000  000 
 002  009  008  004  000  000  000  000  002  004  000  000  000  000  000  000 
 002  018  020  010  002  000  000  000  003  005  002  000  000  000  000  000 
 005  024  026  014  002  000  000  000  002  006  004  000  000  000  000  000 
 009  032  030  010  000  000  000  000  000  008  004  000  000  000  000  002 
 012  034  024  000  000  004  006  000  000  009  005  000  000  004  004  004 
 016  037  019  000  000  009  016  000  000  008  006  000  000  003  006  008 
 010  030  014  000  000  016  019  000  000  006  005  000  000  000  006  012 
 000  014  008  000  006  019  018  002  000  002  000  000  000  000  007  013 
 000  004  010  006  011  014  016  007  000  000  000  000  000  000  005  004 
 000  004  014  013  006  004  012  015  005  005  006  000  000  004  002  000 
 000  006  012  014  006  000  004  019  020  010  010  012  008  010  004  002 
 010  015  008  009  008  000  000  016  028  020  000  010  014  012  006  003 
 024  023  010  002  007  000  000  011  027  024  011  002  008  004  000  000 
 033  026  000  000  004  002  004  014  023  022  014  002  001  002  002  008 
 032  032  000  000  006  012  011  018  026  022  011  007  006  012  020  029 

Celda2

 001  000  000  000  000  000  000  000  000  000  002  002  000  000  000  001 
 002  000  000  000  000  000  000  000  000  000  002  002  000  000  000  001 
 002  000  000  002  000  000  000  000  000  000  000  001  006  000  000  000 
 002  000  000  006  002  000  000  000  000  000  000  000  008  006  000  000 
 002  000  000  008  006  005  006  006  010  013  014  018  012  000  000  000 
 003  000  000  006  009  000  002  000  002  006  007  011  011  000  000  000 
 007  004  000  004  010  000  000  000  002  000  002  005  004  008  004  000 
 012  010  010  006  002  000  000  002  002  000  000  000  000  006  015  011 
 014  013  012  008  000  000  000  006  004  000  001  001  000  000  005  017 
 005  006  006  006  010  015  016  010  004  007  013  012  006  000  006  016 
 000  000  004  012  026  038  035  020  009  011  012  006  004  008  016  016 
 000  000  006  022  039  032  032  026  016  005  001  000  000  006  010  008 
 000  002  011  026  028  011  012  020  023  014  002  000  002  000  000  000 
 002  014  021  018  014  003  006  014  018  014  007  006  006  000  000  000 
 022  026  016  010  018  015  012  010  006  002  001  009  012  010  002  000 
 028  016  012  016  031  020  012  004  000  000  003  013  006  006  004  000 

Celda3

 009  010  003  000  000  000  001  001  000  000  001  002  000  000  000  002 
 021  024  008  000  000  000  002  002  000  000  001  004  000  000  000  004 
 040  048  015  000  000  000  004  002  000  000  000  006  000  000  000  008 
 044  062  017  000  000  000  004  000  000  000  000  011  010  007  014  011 
 038  059  015  000  000  036  034  020  000  000  000  021  024  026  043  035 
 036  052  016  000  006  032  007  001  000  001  002  024  028  022  034  020 
 030  050  028  002  022  024  000  000  016  034  032  014  023  022  028  024 
 015  050  048  032  022  010  000  006  028  048  052  032  010  019  021  026 
 030  068  070  029  000  000  005  004  021  040  054  052  022  000  019  033 
 033  071  060  006  000  002  014  018  029  039  035  042  030  005  010  037 
 023  063  049  008  000  011  029  031  031  023  004  014  030  034  011  020 
 012  064  053  020  016  023  026  018  014  006  000  000  018  038  030  000 
 008  060  046  010  020  018  006  006  009  000  000  000  000  016  032  024 
 007  051  052  005  009  009  000  000  000  000  000  000  002  000  019  035 
 005  040  054  020  000  000  002  006  000  000  000  003  012  011  000  022 
 004  038  051  024  000  002  016  032  040  034  012  000  008  018  016  000 

Celda4

 004  002  001  000  000  000  003  002  000  000  002  002  000  000  000  000 
 008  006  002  000  000  000  006  004  002  002  006  002  000  000  000  000 
 011  011  006  000  000  002  005  006  009  014  012  000  000  000  000  000 
 004  010  006  000  000  001  000  002  022  030  016  000  000  000  000  000 
 018  008  003  004  012  016  012  010  041  046  014  000  000  000  002  000 
 000  000  002  007  018  016  022  028  044  035  000  000  000  000  004  002 
 000  000  007  021  014  009  013  014  008  015  000  000  000  017  018  000 
 009  000  009  018  003  000  000  000  000  004  000  000  012  024  007  000 
 018  000  008  014  004  000  000  000  000  000  000  006  010  002  000  000 
 028  004  006  010  004  002  000  000  000  000  009  017  000  000  000  003 
 036  019  010  008  000  000  000  000  000  002  016  009  000  002  018  032 
 031  035  021  012  000  000  000  000  000  012  020  012  022  042  044  033 
 008  036  031  020  000  000  000  000  000  019  031  036  043  037  026  008 
 018  018  036  029  008  000  000  000  000  028  046  047  029  004  004  003 
 030  008  032  038  018  000  000  003  031  052  050  033  017  000  009  020 
 020  017  018  041  022  000  000  007  036  038  025  018  016  006  002  014 

Celda5

 000  000  000  000  001  000  000  000  002  003  000  000  000  002  001  000 
 000  000  000  000  000  000  000  000  004  006  000  000  000  004  004  001 
 000  000  000  000  000  000  000  000  006  008  000  000  000  007  012  006 
 000  000  000  000  000  000  000  000  000  000  000  000  000  003  019  016 
 000  004  000  000  002  023  034  024  014  006  009  015  016  012  024  018 
 000  000  000  002  028  045  031  017  016  020  027  022  021  024  023  004 
 000  000  007  034  047  035  006  008  025  033  023  014  018  024  014  000 
 000  011  047  051  037  008  000  012  034  026  013  009  026  016  004  000 
 020  034  041  033  016  010  006  020  015  000  000  023  033  010  002  011 
 024  020  014  021  008  012  018  008  000  000  002  032  014  004  012  027 
 021  019  014  019  012  006  013  010  000  000  016  016  000  000  020  026 
 019  019  026  025  012  005  000  002  013  017  010  000  002  012  017  010 
 008  014  024  027  016  000  002  000  020  030  018  008  019  032  009  000 
 005  021  027  016  010  003  005  023  021  014  018  034  059  049  020  009 
 020  029  018  000  002  012  020  023  003  000  014  049  059  041  035  026 
 020  017  008  000  009  016  007  002  004  016  042  047  031  016  022  031 

Celda6

 000  000  000  000  002  004  003  000  000  000  004  004  001  000  000  000 
 000  000  000  000  003  009  007  000  000  003  011  008  002  000  000  000 
 000  000  000  000  004  014  012  000  000  014  026  014  002  000  000  000 
 000  000  000  000  006  008  004  000  006  032  035  014  003  000  000  000 
 000  000  000  024  039  024  006  000  020  044  030  012  006  000  000  000 
 000  000  014  052  039  024  022  023  037  029  018  012  010  000  000  010 
 000  008  048  047  010  008  026  042  043  020  002  006  008  004  010  026 
 006  045  048  011  000  003  029  035  030  022  008  000  001  016  030  026 
 041  055  028  003  000  013  020  008  002  008  012  010  001  017  036  030 
 040  029  014  014  018  014  014  008  000  000  002  013  014  010  032  028 
 009  007  017  020  025  020  011  007  000  000  000  003  016  026  048  027 
 002  002  024  016  008  018  022  020  011  002  000  006  015  032  046  024 
 005  006  016  019  008  009  022  024  018  009  004  018  020  021  023  010 
 006  004  007  018  016  012  015  010  010  006  004  019  016  009  008  005 
 016  008  012  026  021  008  006  000  000  009  015  017  010  007  010  004 
 036  028  016  020  015  002  000  000  000  018  030  025  016  019  022  013 

Celda7

 000  000  003  002  000  000  004  004  000  000  000  001  003  005  007  000 
 000  001  009  005  000  000  009  010  000  000  000  002  006  012  018  000 
 000  008  022  010  000  000  018  022  000  000  000  002  006  022  040  000 
 000  020  032  008  000  000  025  024  000  000  000  000  000  026  056  000 
 008  038  035  002  000  019  049  028  005  008  018  018  017  035  060  001 
 028  036  016  000  000  026  030  000  000  010  025  020  018  029  055  004 
 029  024  003  000  009  026  012  000  000  023  026  008  000  012  048  000 
 016  010  005  006  022  022  000  000  009  033  019  000  000  010  051  000 
 012  000  000  007  030  021  006  001  012  030  013  000  000  006  046  000 
 012  000  000  018  027  016  010  005  008  018  007  001  000  000  039  000 
 000  000  003  028  034  010  000  000  015  017  000  002  000  000  042  003 
 012  002  000  024  034  012  000  002  032  024  008  000  000  016  065  019 
 016  023  021  015  020  011  006  020  024  002  000  000  000  038  083  020 
 004  021  034  031  013  006  014  022  020  002  000  000  000  050  077  003 
 002  010  021  030  032  028  032  025  017  005  004  008  006  044  072  000 
 004  012  017  014  032  040  032  032  043  038  032  026  017  034  067  000 

Celda8

 000  000  000  000  003  008  028  023  033  020  002  000  000  006  006  000 
 001  002  002  000  010  013  024  025  015  017  000  000  004  006  000  000 
 002  006  012  012  011  025  013  018  004  015  000  002  010  002  000  000 
 001  004  010  016  013  025  006  016  010  005  004  002  010  004  002  002 
 000  000  000  002  004  013  004  016  024  006  010  004  005  004  008  010 
 000  000  000  000  002  004  009  008  024  019  008  015  011  010  010  010 
 000  000  000  004  008  001  006  008  006  019  016  028  020  012  006  000 
 000  000  000  002  001  000  000  012  000  012  016  020  013  002  000  000 
 001  001  000  000  000  000  000  010  006  004  004  000  012  000  000  000 
 001  002  003  002  002  006  009  013  007  000  000  000  013  000  000  000 
 001  004  010  011  010  012  010  002  000  000  000  000  015  010  000  000 
 002  004  006  006  004  003  000  000  000  000  000  000  015  018  007  008 
 000  000  000  000  000  000  000  000  000  000  000  004  013  023  006  007 
 000  000  000  000  000  000  004  008  004  000  000  006  005  023  007  002 
 000  000  000  000  000  001  008  012  010  004  002  004  004  020  010  000 
 000  000  000  003  006  009  005  003  004  006  004  004  004  017  006  000 

Celda9

 028  034  001  000  011  019  015  020  027  020  012  014  012  014  021  017 
 025  033  004  000  013  016  012  014  018  008  005  010  006  006  005  000 
 026  030  008  005  012  011  013  018  014  004  004  006  000  006  010  000 
 026  028  014  013  016  013  014  020  015  007  009  003  000  004  014  002 
 034  038  023  021  020  013  013  015  014  006  004  000  000  000  014  006 
 037  044  024  018  012  004  006  006  008  005  002  000  000  000  018  012 
 030  039  012  004  006  002  004  000  000  004  000  000  000  009  024  012 
 032  036  003  000  008  007  007  002  002  003  000  000  000  018  022  006 
 029  032  002  000  014  012  007  000  000  001  000  006  008  012  010  000 
 026  025  000  002  018  014  002  000  000  004  004  002  007  006  000  000 
 024  018  000  005  018  010  000  000  000  008  010  000  000  000  001  000 
 022  010  000  006  014  006  002  004  012  019  011  000  000  001  000  004 
 009  003  000  004  012  008  010  024  023  009  000  000  000  002  001  001 
 000  003  000  002  012  013  020  024  009  000  000  000  000  000  000  000 
 000  013  010  007  010  016  016  017  009  000  002  000  000  000  000  000 
 005  030  017  012  008  012  013  015  015  006  008  005  000  000  000  000 

Celda10

 006  003  008  018  023  005  000  000  000  004  010  012  002  002  006  004 
 000  003  003  002  006  000  000  000  000  002  005  006  008  010  011  012 
 001  001  000  000  002  000  000  000  000  000  000  001  000  000  000  004 
 000  000  000  000  002  000  000  000  000  001  000  000  000  000  000  000 
 000  000  000  002  000  000  000  000  002  006  004  000  000  000  000  000 
 000  002  008  008  000  000  000  000  000  000  000  000  000  002  005  001 
 000  003  007  002  000  000  000  000  000  000  000  000  001  004  000  000 
 002  008  007  000  000  000  000  000  000  000  000  000  014  001  000  002 
 005  014  007  000  000  000  000  000  000  000  004  019  008  000  004  013 
 002  013  008  000  000  000  000  008  016  022  023  019  007  008  016  016 
 000  008  009  002  000  000  000  008  020  026  020  011  010  016  015  005 
 004  002  004  000  000  000  002  009  007  008  008  008  008  008  002  000 
 001  000  000  000  000  002  008  006  000  000  000  008  012  005  000  000 
 000  000  000  000  000  008  012  003  000  000  004  021  021  018  006  000 
 000  000  000  000  000  010  018  004  000  000  014  029  020  020  016  004 
 000  000  003  000  000  011  026  012  005  004  012  024  010  000  004  005 

Celda11

 002  040  048  029  019  023  027  030  041  054  056  035  001  010  027  008 
 010  039  054  055  039  020  011  013  020  036  060  069  048  004  018  022 
 010  030  056  061  026  006  000  007  014  007  012  038  054  044  016  020 
 000  019  052  058  019  000  000  000  008  007  002  000  030  069  077  040 
 000  024  040  046  030  000  001  000  000  004  011  011  013  056  082  059 
 004  043  043  024  033  016  001  003  004  019  026  018  015  022  016  026 
 009  047  041  012  024  028  000  008  026  042  027  006  004  007  000  000 
 010  040  034  004  020  031  002  006  024  021  003  000  000  000  000  000 
 010  027  038  012  026  037  009  008  011  004  000  000  000  002  010  007 
 008  006  036  035  031  030  009  010  004  000  000  000  000  010  020  013 
 000  000  026  052  042  020  003  000  000  000  000  000  002  014  013  016 
 000  000  010  056  060  026  000  000  000  000  000  000  008  019  015  022 
 000  000  000  048  072  038  000  000  000  000  000  011  028  030  020  018 
 000  000  000  037  072  046  000  000  000  007  035  052  050  039  022  018 
 000  000  004  040  060  041  007  000  004  032  059  058  036  024  016  020 
 003  002  011  047  058  028  011  011  026  043  055  035  008  000  003  008 

Celda12

 000  012  004  030  024  000  000  012  026  022  012  012  014  006  006  007 
 000  012  010  004  021  014  010  011  016  022  014  010  008  004  010  016 
 013  000  006  000  009  032  028  012  014  027  023  010  004  003  007  016 
 000  000  000  000  000  034  036  022  024  034  030  014  008  000  000  018 
 006  000  000  000  002  018  030  033  038  041  028  005  005  008  011  037 
 036  032  014  006  014  006  013  040  050  040  027  017  017  026  034  047 
 045  080  071  041  016  003  000  036  054  039  025  029  031  024  016  022 
 018  044  058  049  026  010  004  022  050  050  034  032  033  016  001  006 
 006  000  000  017  032  031  018  002  038  060  047  026  026  020  004  006 
 000  000  000  000  018  034  032  018  014  051  052  028  023  024  010  005 
 019  014  006  003  006  012  024  034  024  021  044  033  022  022  014  008 
 024  022  024  022  012  004  014  032  041  024  018  030  024  016  010  010 
 014  012  016  016  018  028  032  023  019  022  011  010  020  014  009  013 
 020  020  011  004  018  040  042  016  000  000  020  021  000  006  014  024 
 027  022  008  004  021  029  019  016  006  000  014  031  034  011  008  034 
 006  000  000  006  018  004  000  018  040  030  010  006  012  020  008  022 

Celda13

 001  006  020  029  026  014  000  000  020  046  044  025  006  000  008  028 
 008  013  039  041  023  011  006  009  040  036  013  004  001  004  022  026 
 021  029  035  016  003  010  020  025  032  016  004  004  004  014  026  004 
 037  036  014  003  000  012  028  028  024  010  000  000  004  019  026  000 
 050  021  000  000  003  006  016  019  018  014  010  010  018  019  008  000 
 035  006  000  000  012  007  000  000  000  000  000  022  033  022  011  002 
 016  002  000  002  014  004  000  000  000  000  014  033  016  001  002  004 
 008  000  000  004  015  000  000  000  000  005  037  031  000  000  000  000 
 008  000  000  006  009  000  000  000  000  024  038  015  000  000  000  000 
 006  001  000  004  003  000  000  000  000  024  031  012  002  000  000  000 
 008  008  006  000  000  000  000  000  000  014  024  016  004  000  000  000 
 015  020  014  000  000  002  000  000  000  004  019  017  000  000  000  000 
 021  025  018  002  000  006  006  000  000  000  007  010  000  000  000  010 
 029  019  008  004  004  011  010  000  000  000  000  002  008  008  018  018 
 037  014  000  004  010  010  004  000  000  000  000  003  017  030  028  011 
 035  018  002  010  014  007  000  000  000  000  002  010  024  029  014  000 

Celda14

 042  034  011  007  015  000  000  000  020  033  030  030  024  025  023  009 
 020  008  002  000  010  000  000  002  032  033  012  012  012  012  005  000 
 000  000  014  018  000  000  000  016  033  024  001  000  000  000  000  000 
 000  002  022  018  000  000  013  028  029  012  000  000  002  000  000  000 
 000  000  000  000  000  000  013  028  026  002  000  003  004  002  005  000 
 000  000  000  000  000  016  024  021  014  003  006  020  013  011  003  000 
 000  000  000  002  014  019  024  014  000  007  018  014  000  000  000  000 
 000  000  013  013  006  007  011  006  008  021  021  008  000  000  000  007 
 000  000  018  000  000  008  008  000  010  036  033  016  000  000  006  024 
 000  014  002  000  000  015  011  000  018  040  031  021  014  007  008  022 
 003  012  000  000  000  032  022  007  020  034  017  006  010  011  006  008 
 018  008  000  005  038  061  037  026  031  028  008  000  000  005  012  013 
 017  006  000  012  061  062  040  041  038  016  000  000  000  002  008  010 
 004  000  002  033  052  035  024  023  020  010  000  000  000  000  000  001 
 000  000  022  037  023  017  016  007  000  000  000  004  005  000  000  003 
 000  010  040  030  006  008  015  009  000  000  000  010  010  001  002  017 

Celda15

 006  006  022  027  034  030  020  022  046  038  032  031  029  037  067  003 
 000  002  022  032  019  002  006  019  037  019  014  022  028  030  064  011 
 000  003  022  026  013  000  007  031  030  010  004  015  018  017  060  016 
 000  008  025  010  003  016  028  027  011  004  005  003  002  012  064  019 
 000  019  034  006  000  022  034  014  000  000  002  000  000  018  062  009 
 000  037  040  010  004  014  030  018  005  001  000  000  000  024  054  000 
 011  046  028  000  000  006  023  025  017  004  004  011  011  010  046  000 
 031  037  012  000  000  008  024  031  019  000  000  006  000  000  046  000 
 027  021  000  000  000  017  036  027  008  000  000  000  000  002  056  006 
 027  020  000  000  003  030  038  013  000  000  000  000  000  020  066  008 
 022  020  001  000  015  036  031  006  000  000  000  000  000  034  061  004 
 011  009  008  014  020  022  020  016  016  014  001  000  000  036  060  000 
 009  006  016  025  015  008  015  020  006  001  000  006  009  030  058  000 
 002  009  026  026  002  000  008  024  014  000  000  014  016  025  057  003 
 010  012  016  011  000  000  000  010  010  006  007  000  000  019  065  011 
 017  004  009  012  006  002  014  014  009  017  010  000  000  028  066  006 

Celda16

 000  000  000  000  004  010  004  000  000  004  005  006  007  010  000  000 
 001  001  000  000  005  010  005  004  004  006  008  010  008  007  003  002 
 004  007  008  004  007  008  001  006  010  012  014  012  004  000  000  002 
 002  004  004  000  003  008  000  004  012  016  016  012  001  000  004  000 
 000  000  000  000  001  006  006  000  007  010  009  005  000  000  002  011 
 000  000  000  000  006  006  008  000  000  000  000  000  000  000  000  018 
 000  000  000  000  014  006  006  000  000  000  000  000  000  008  014  020 
 000  000  000  000  019  007  002  000  000  000  000  000  006  021  026  022 
 000  000  000  000  020  008  000  000  000  000  000  002  014  024  027  026 
 000  000  000  000  018  014  000  000  000  000  000  000  008  007  003  005 
 000  000  000  000  012  020  008  000  000  000  000  000  008  010  000  000 
 000  000  000  000  002  017  017  008  000  000  000  000  000  007  004  001 
 000  000  004  010  011  005  016  016  006  000  000  000  000  000  004  001 
 000  002  008  018  021  012  004  012  010  000  000  006  012  017  012  000 
 002  004  009  014  018  016  008  000  005  008  006  006  015  017  012  000 
 001  001  000  000  003  014  018  014  004  008  013  010  009  004  001  000 

Celda17

 015  035  015  014  010  013  011  015  019  009  006  010  013  007  000  000 
 019  036  013  010  008  012  014  017  016  010  003  009  008  003  000  004 
 018  039  014  004  000  007  009  008  012  012  009  002  000  000  006  010 
 016  036  010  000  000  010  007  005  012  014  006  000  000  000  008  008 
 021  030  006  000  000  012  010  006  014  014  001  000  001  006  006  006 
 020  018  002  000  002  016  014  008  012  013  003  008  012  014  014  016 
 016  009  000  000  010  021  020  014  012  013  009  002  000  004  016  021 
 025  014  006  010  025  025  019  014  009  010  007  000  000  000  000  005 
 030  019  016  019  031  023  012  009  007  009  003  000  000  000  002  000 
 011  008  010  015  028  020  006  004  010  010  000  000  000  000  000  000 
 008  008  000  002  019  015  004  001  011  011  000  000  001  000  001  011 
 013  015  000  000  022  022  002  003  016  015  004  006  008  007  006  009 
 013  020  002  000  026  030  007  008  020  017  006  006  006  004  001  000 
 005  026  012  002  028  039  013  006  009  008  000  000  000  000  000  000 
 000  031  026  008  022  042  014  002  000  004  004  000  000  000  004  002 
 000  037  044  015  006  042  026  001  000  000  006  000  000  000  013  010 

Celda18

 000  005  008  002  008  029  045  027  008  004  004  017  010  000  000  000 
 012  026  024  018  030  052  051  022  008  006  004  009  007  000  000  002 
 012  020  021  025  038  043  025  007  004  006  012  024  016  008  006  005 
 001  012  018  026  028  017  000  000  000  000  020  031  016  008  007  007 
 006  015  029  029  016  000  000  000  000  006  017  011  000  001  009  012 
 017  027  043  033  012  004  000  000  000  008  014  010  000  002  008  008 
 018  027  038  021  002  000  001  008  010  002  002  010  012  004  000  000 
 006  021  023  002  000  000  000  004  014  012  006  011  022  001  000  000 
 000  019  010  000  000  000  004  008  002  004  003  012  023  002  004  008 
 006  013  001  000  000  000  007  006  001  000  000  012  020  000  002  005 
 010  000  000  000  001  008  002  000  000  000  000  017  018  000  000  000 
 000  000  000  008  015  009  004  000  000  000  009  024  014  000  000  000 
 000  000  001  016  017  005  007  008  008  014  024  023  009  002  000  000 
 000  000  008  018  014  000  000  010  018  023  022  011  004  002  000  000 
 008  010  009  014  011  000  000  006  007  007  005  000  000  000  000  000 
 006  010  008  011  006  000  000  007  007  004  003  000  000  000  000  000 

Celda19

 008  011  010  034  040  019  018  033  032  028  035  011  000  000  008  000 
 008  010  000  018  032  024  031  038  016  008  024  006  000  000  004  000 
 003  002  000  000  024  032  040  040  014  006  017  006  000  000  000  000 
 000  000  000  000  026  038  034  034  014  004  012  008  000  000  000  000 
 004  000  000  000  051  070  046  031  014  003  009  008  000  000  000  018 
 008  004  000  004  071  084  045  020  008  007  020  017  003  000  010  015 
 006  016  016  010  070  071  019  006  000  010  016  003  000  000  015  010 
 010  020  026  016  046  063  026  000  002  002  008  002  000  008  018  018 
 013  020  024  014  008  036  038  036  012  000  000  010  020  012  002  014 
 006  009  012  009  000  009  042  058  024  000  000  019  032  008  000  013 
 000  000  000  002  004  000  034  050  026  000  000  018  026  008  000  010 
 000  000  000  000  000  000  023  028  018  015  015  015  015  008  004  012 
 000  000  000  000  000  000  026  010  000  021  030  022  014  006  002  018 
 000  000  000  000  000  005  032  015  008  008  028  030  020  002  002  022 
 001  000  000  000  000  005  034  018  014  019  016  022  018  004  008  022 
 001  006  010  010  004  000  029  037  010  012  014  013  007  007  016  018 

Celda20

 000  000  000  006  004  000  000  021  052  063  037  000  000  000  008  009 
 000  000  000  002  000  000  012  033  038  058  066  040  002  000  000  012 
 000  000  000  000  000  009  026  033  023  018  039  064  064  030  000  018 
 000  006  004  010  022  028  029  023  004  000  000  035  067  060  022  010 
 022  016  031  043  041  031  024  019  005  000  000  000  014  039  050  026 
 018  028  052  046  024  016  014  017  012  009  000  000  000  002  042  059 
 014  045  046  020  004  002  003  018  016  013  000  000  000  000  016  053 
 035  042  014  004  002  002  004  021  009  006  000  000  000  000  006  012 
 026  014  000  000  000  002  004  014  000  000  000  000  002  002  003  005 
 017  006  000  002  007  002  008  002  000  000  000  000  000  006  008  000 
 010  000  000  008  020  022  016  008  000  000  000  000  007  018  020  016 
 014  002  000  010  028  029  005  000  000  000  000  005  021  021  018  023 
 022  004  008  018  020  019  005  000  000  000  007  010  012  007  008  020 
 027  012  004  007  001  002  004  000  000  014  016  007  000  005  012  016 
 026  022  014  002  000  000  003  012  008  012  008  002  002  012  021  024 
 020  028  023  002  000  000  004  016  010  000  000  006  020  030  036  034 

Celda21

 019  018  012  018  018  008  000  000  000  000  006  018  027  024  004  000 
 021  012  012  021  019  008  000  000  000  000  015  023  022  016  000  000 
 017  012  000  016  018  007  000  000  000  011  015  010  012  010  000  000 
 024  003  000  005  013  006  002  001  004  009  003  000  003  010  012  009 
 004  009  003  002  004  002  008  012  009  008  001  000  000  014  022  013 
 043  009  002  008  008  000  003  015  014  011  004  000  000  014  020  012 
 074  056  014  003  018  005  000  011  016  011  007  000  003  016  016  010 
 031  044  042  026  015  010  004  015  019  007  007  014  016  017  017  020 
 000  004  044  066  056  024  001  012  016  008  011  024  016  005  006  016 
 000  000  030  072  089  070  030  000  016  016  016  020  011  000  001  016 
 008  004  046  065  062  072  066  048  019  010  016  020  018  010  007  018 
 026  020  044  042  007  030  057  068  049  012  007  022  024  020  012  010 
 036  041  040  028  006  000  002  020  032  032  016  014  020  021  020  014 
 028  042  040  026  002  000  000  000  000  024  034  018  008  016  020  016 
 023  024  029  026  018  010  000  000  000  000  014  016  010  021  022  010 
 024  010  006  002  002  011  020  025  022  011  000  000  000  026  036  023 

Celda22

 000  028  038  020  004  000  006  003  000  000  004  001  000  000  014  036 
 003  038  040  018  002  002  000  000  000  000  014  000  000  000  027  029 
 014  036  036  019  007  001  000  000  000  004  006  000  000  004  024  013 
 022  039  043  026  008  002  000  000  002  005  001  003  012  012  015  010 
 014  039  055  035  013  000  000  000  000  000  000  019  030  026  017  018 
 022  048  052  017  000  000  000  000  000  000  008  032  024  010  015  034 
 030  056  044  004  000  000  000  003  006  008  025  031  014  000  007  026 
 043  058  031  000  000  000  003  018  014  020  026  014  008  009  010  012 
 036  044  022  000  002  009  009  006  002  002  006  005  015  017  000  000 
 036  039  018  000  000  004  005  000  001  008  008  013  018  004  000  000 
 028  028  012  006  012  004  000  000  000  011  016  011  005  002  006  020 
 014  014  012  016  018  002  000  000  004  006  010  011  009  015  026  015 
 007  007  014  021  014  000  000  006  009  001  005  015  025  028  012  000 
 008  008  014  016  006  000  000  013  014  005  010  020  022  015  003  000 
 006  011  014  006  000  000  000  012  018  012  014  020  021  016  005  000 
 010  004  011  002  000  000  000  010  018  013  012  015  022  022  012  002 

Celda23

 021  007  000  010  020  019  015  018  028  037  020  012  008  038  061  000 
 010  008  012  025  035  027  011  007  016  019  016  026  034  049  061  004 
 000  000  022  051  051  031  011  004  007  008  010  022  027  041  057  015 
 000  007  042  049  033  022  022  015  000  006  018  020  009  018  040  009 
 018  031  045  027  004  011  022  028  024  020  024  018  012  016  032  000 
 036  031  029  008  000  021  026  017  025  042  048  038  020  013  030  000 
 021  013  011  008  020  037  019  000  001  024  021  023  026  021  036  008 
 012  006  003  017  032  025  000  000  002  010  004  016  008  010  033  013 
 016  014  009  020  020  006  000  000  000  000  000  022  028  017  024  003 
 017  018  015  018  012  004  000  000  000  000  000  012  030  034  040  000 
 025  022  020  014  004  000  002  000  000  000  000  001  019  034  049  000 
 006  010  017  013  002  003  011  006  000  000  000  001  014  029  050  000 
 000  008  018  016  005  008  023  017  013  005  000  000  012  028  051  000 
 000  010  022  017  006  010  015  000  001  008  009  004  004  026  056  000 
 000  011  025  018  002  002  009  004  000  000  006  013  010  031  067  008 
 000  011  025  020  000  000  002  004  000  000  000  000  000  035  074  013 

Celda24

 000  000  000  000  004  000  006  012  016  015  008  008  012  006  000  002 
 001  002  000  000  006  003  000  004  012  015  010  002  009  008  000  006 
 001  002  005  004  000  004  003  002  006  008  008  010  010  002  000  000 
 000  000  002  006  008  010  005  000  004  008  014  015  014  010  002  000 
 001  002  004  008  009  007  002  000  010  016  014  014  013  016  018  011 
 002  005  010  012  006  000  000  000  010  017  005  009  013  017  021  022 
 002  006  012  013  008  009  016  016  005  018  011  003  007  009  008  014 
 002  004  009  011  012  023  028  025  019  021  011  000  003  005  000  003 
 001  002  005  008  012  027  019  014  017  020  010  001  004  008  000  000 
 000  000  002  004  010  023  009  007  012  019  018  014  008  005  000  000 
 000  000  001  004  010  016  007  010  012  017  013  012  006  000  000  000 
 000  001  004  008  008  009  002  008  010  013  008  008  008  006  002  002 
 001  003  008  010  008  006  005  006  009  013  012  016  020  022  020  012 
 002  004  008  008  006  005  007  003  005  014  012  015  020  024  025  020 
 001  002  004  002  000  000  002  000  004  014  006  006  010  016  021  024 
 000  000  000  000  000  000  000  000  008  011  000  000  014  013  014  018 

Celda25

 000  037  058  008  000  039  037  002  004  001  000  000  000  000  018  012 
 006  023  059  016  000  037  046  002  005  000  000  000  000  004  018  008 
 008  001  046  028  002  031  052  014  002  000  000  000  000  011  013  002 
 000  001  027  040  014  017  048  030  000  000  000  000  001  016  006  000 
 002  000  013  051  032  005  030  040  000  000  000  000  010  020  002  000 
 012  000  004  056  044  000  013  044  002  000  000  000  016  019  002  000 
 018  016  006  044  046  002  010  044  014  000  007  009  020  014  002  002 
 013  024  020  019  034  012  017  042  022  000  009  014  019  005  000  008 
 004  012  016  006  016  016  022  039  028  000  000  003  005  000  000  010 
 004  008  014  015  007  006  020  038  034  003  000  000  000  000  000  009 
 007  014  018  022  020  005  010  038  044  012  003  000  000  000  000  006 
 006  009  011  015  019  014  000  034  053  024  001  010  016  021  020  010 
 006  002  001  005  014  018  006  018  050  038  010  020  037  036  030  018 
 014  011  011  015  017  020  012  000  038  051  036  028  027  018  020  020 
 025  022  018  013  012  010  010  000  026  062  052  022  006  000  000  017 
 022  018  006  000  004  000  004  005  012  065  064  017  000  004  010  010 

Celda26

 000  004  010  009  000  000  000  004  006  008  006  000  000  000  000  003 
 001  002  007  008  002  000  002  003  004  008  004  000  000  000  008  014 
 000  011  015  005  006  002  001  000  000  004  002  000  000  002  008  008 
 002  018  023  001  002  000  000  000  000  003  000  000  000  009  014  000 
 004  021  022  002  000  000  000  000  000  003  000  000  005  014  008  000 
 011  025  015  000  000  000  004  008  006  003  002  008  019  016  004  000 
 016  026  015  004  003  002  007  010  012  010  010  006  002  000  000  000 
 020  020  012  006  009  005  004  002  002  004  001  000  000  000  000  000 
 020  018  015  003  000  002  000  000  000  000  000  000  000  000  000  000 
 016  018  017  007  000  000  000  000  000  000  000  000  000  000  000  010 
 012  018  017  008  000  000  000  000  004  002  000  000  004  004  002  022 
 006  016  018  010  000  000  000  002  000  002  008  011  010  009  010  028 
 006  009  019  015  003  002  000  000  000  000  006  008  004  006  010  021 
 018  010  012  018  010  000  000  000  000  006  005  002  006  010  012  013 
 026  022  011  013  010  000  000  000  000  008  012  007  012  019  016  008 
 018  018  016  011  004  000  000  000  000  010  020  030  030  024  015  002 

Celda27

 006  010  017  020  014  000  019  048  028  005  014  022  018  015  020  011 
 009  004  007  012  013  010  012  048  032  016  026  024  017  012  015  003 
 004  000  000  002  008  012  006  036  033  026  032  017  006  005  003  000 
 000  000  000  000  003  006  000  016  038  042  039  014  007  010  003  000 
 000  003  006  001  000  000  000  000  042  058  044  020  003  006  006  006 
 000  001  002  000  000  000  004  002  038  064  048  024  008  000  004  014 
 000  002  000  000  000  008  018  017  026  062  053  026  006  000  016  025 
 010  006  000  000  003  012  022  022  011  054  060  034  021  019  031  028 
 015  002  000  004  012  017  021  022  014  034  059  054  034  029  030  020 
 019  000  002  012  022  022  020  023  024  016  050  070  052  028  011  000 
 025  010  014  020  022  018  013  017  024  022  054  074  054  018  000  000 
 023  008  012  016  014  010  010  013  016  020  051  056  040  023  004  003 
 012  002  001  006  010  012  014  014  018  020  037  032  022  027  021  002 
 006  002  006  011  010  012  012  013  018  014  011  023  014  020  024  008 
 004  006  012  008  000  000  002  006  008  006  000  027  029  019  010  006 
 000  006  006  000  000  000  000  002  004  004  002  030  042  021  008  000 

Celda28

 009  024  024  002  000  000  005  008  005  000  000  008  021  028  034  027 
 000  018  020  002  000  006  000  000  004  006  002  008  012  019  016  004 
 001  021  021  008  014  012  000  000  012  017  005  008  020  019  006  000 
 011  028  021  011  011  000  000  007  023  016  006  015  021  008  000  000 
 014  018  016  011  005  001  006  017  010  000  002  010  008  001  005  004 
 010  010  022  028  018  021  031  023  011  000  002  012  002  004  021  017 
 018  011  037  042  030  030  031  024  022  018  009  006  002  015  035  007 
 018  016  036  042  026  010  002  004  015  025  024  016  013  029  033  004 
 009  012  028  033  016  000  000  006  003  007  016  019  028  045  040  018 
 000  002  021  017  008  000  000  004  010  000  000  010  036  051  037  020 
 000  012  011  000  000  011  010  010  013  000  000  006  027  035  016  008 
 008  018  000  000  000  019  028  017  004  000  000  010  034  028  004  000 
 002  009  000  002  004  014  030  022  001  000  000  023  040  020  000  000 
 005  013  000  010  018  019  024  015  000  000  010  032  027  008  000  000 
 012  022  010  005  006  004  017  015  008  016  033  029  011  001  000  002 
 020  032  014  000  000  000  014  016  016  030  039  025  006  000  000  000 

Celda29

 014  003  000  000  000  000  023  048  060  050  025  002  000  025  034  022 
 000  000  000  002  004  008  019  034  038  044  046  036  016  016  036  023 
 000  000  000  008  013  014  014  010  002  009  028  046  048  033  011  018 
 000  004  002  003  008  008  007  000  000  000  005  024  042  048  032  002 
 002  000  010  000  000  006  009  008  004  001  001  008  023  041  049  040 
 004  000  011  001  000  010  012  016  016  012  005  005  025  030  042  052 
 000  000  006  000  008  016  012  016  022  020  012  008  025  013  014  028 
 006  010  006  000  017  027  016  014  018  020  020  021  019  000  000  004 
 019  020  018  018  040  041  022  016  015  016  026  039  036  022  013  013 
 018  020  024  032  044  034  017  014  013  016  026  036  040  040  036  030 
 007  008  016  021  015  006  004  000  000  004  011  006  005  014  022  019 
 000  000  007  002  000  003  005  000  000  000  000  000  000  000  004  004 
 000  002  006  000  000  015  010  002  000  008  002  002  004  008  010  011 
 000  003  000  000  008  017  002  000  001  003  000  000  002  006  006  011 
 003  000  000  000  014  014  000  000  000  000  000  000  008  008  000  000 
 002  000  000  004  013  009  000  000  000  000  000  001  007  007  004  007 

Celda30

 019  011  002  000  000  000  000  008  014  010  008  012  020  024  016  008 
 000  006  010  008  004  002  007  015  011  008  009  008  012  017  016  016 
 010  002  002  008  012  011  010  011  005  006  008  006  006  009  017  026 
 006  010  013  011  000  004  000  004  002  002  004  002  002  006  020  030 
 017  000  010  023  014  000  000  011  015  009  002  000  000  010  024  024 
 050  034  008  015  019  009  013  031  031  017  004  000  000  016  026  014 
 048  062  058  030  008  014  022  032  018  000  002  000  000  018  027  010 
 023  046  058  047  028  025  014  019  018  000  000  003  009  017  023  010 
 019  024  034  041  038  029  020  006  006  010  003  010  029  038  036  011 
 027  023  032  046  052  042  034  031  024  023  030  028  028  031  025  014 
 013  015  026  042  052  051  040  030  026  026  033  018  010  013  003  006 
 000  004  003  010  025  040  044  036  026  015  005  004  008  015  006  007 
 008  000  000  000  002  020  036  046  042  030  010  002  016  015  010  015 
 014  008  000  000  004  010  009  018  028  038  039  024  009  013  010  011 
 006  010  006  002  003  010  000  000  000  022  042  046  028  001  011  014 
 010  016  018  016  009  005  000  000  002  017  020  030  032  020  000  006 

Celda31

 006  012  022  021  003  000  000  002  000  000  000  000  001  036  066  000 
 014  012  019  020  006  000  000  000  000  000  000  000  004  039  071  000 
 020  010  014  016  008  000  000  000  000  000  000  000  002  039  073  000 
 016  004  009  014  010  002  000  000  000  000  004  008  006  039  070  000 
 006  001  010  013  010  005  000  000  003  010  006  008  012  034  064  000 
 000  004  016  010  004  005  009  012  013  007  002  003  000  021  060  000 
 000  004  018  008  000  006  020  017  001  000  003  004  000  024  064  002 
 000  000  016  008  001  009  022  016  000  000  008  004  000  027  071  000 
 000  000  010  007  007  013  016  012  004  005  010  004  000  024  074  000 
 008  008  009  005  010  014  008  008  008  004  007  006  000  019  078  000 
 016  022  019  017  022  018  010  010  003  000  002  006  000  024  084  000 
 020  028  028  024  029  021  014  014  006  002  000  000  000  036  094  004 
 020  018  022  025  032  024  018  016  011  012  011  003  000  047  102  004 
 008  000  001  011  015  008  007  004  004  008  014  012  008  059  115  011 
 006  001  004  007  004  000  000  000  000  000  000  000  000  060  115  009 
 008  010  014  010  000  000  000  000  000  000  000  000  000  066  110  000 

Celda32

 000  000  000  000  006  007  002  002  010  007  000  005  016  002  000  000 
 000  000  000  000  015  014  012  010  017  008  002  006  016  000  000  000 
 000  000  000  000  023  017  020  020  024  014  010  002  004  000  000  000 
 000  000  000  004  035  022  025  022  019  010  004  000  000  000  000  003 
 001  002  001  006  044  024  014  012  006  000  000  000  000  000  001  010 
 002  004  006  003  046  018  000  000  000  000  000  000  000  000  002  016 
 002  004  007  005  038  014  000  000  000  000  000  000  002  003  004  017 
 001  002  004  002  030  008  000  000  000  004  012  009  008  014  019  025 
 000  000  000  000  024  002  000  000  012  004  007  010  010  014  017  016 
 000  000  000  000  022  000  000  000  016  012  000  003  008  008  006  002 
 000  000  000  000  022  000  000  000  018  015  000  000  000  000  000  000 
 000  000  000  000  024  000  000  000  020  016  000  000  000  000  000  005 
 000  000  000  000  028  000  000  000  018  010  000  000  000  000  000  013 
 000  000  000  000  030  002  000  000  008  000  000  000  000  000  012  019 
 000  000  000  000  028  002  000  003  004  000  000  005  000  000  022  021 
 000  000  000  000  024  000  000  011  008  000  000  010  000  000  020  015 

Celda33

 004  005  000  000  005  000  001  008  000  052  067  026  000  009  027  014 
 000  000  000  000  007  001  002  009  012  025  058  044  014  024  034  008 
 000  000  000  004  015  009  010  014  016  014  046  053  026  018  019  000 
 000  000  000  002  012  008  015  020  019  010  036  052  026  017  014  000 
 000  000  000  003  013  006  010  012  012  004  020  048  032  021  009  000 
 000  000  002  003  015  004  002  000  000  000  006  042  040  030  007  000 
 001  004  006  009  015  001  000  000  000  000  002  038  042  030  007  000 
 008  006  013  018  010  000  000  000  000  000  000  033  044  024  006  000 
 007  005  010  014  008  000  000  000  000  000  000  028  051  028  008  016 
 004  008  009  006  002  000  000  000  000  000  000  018  052  036  019  033 
 004  012  010  004  002  002  002  001  001  007  014  013  044  042  030  034 
 012  006  002  000  002  008  010  008  004  006  014  010  031  044  034  034 
 009  000  000  000  001  006  008  006  004  006  007  000  018  042  037  034 
 002  000  000  000  000  000  002  000  000  004  004  000  003  036  044  039 
 000  000  000  000  000  000  000  000  000  003  002  004  002  024  045  044 
 002  003  000  000  000  000  000  000  005  009  008  010  012  011  034  046 

Celda34

 005  008  010  006  002  000  002  003  009  017  029  041  030  014  003  000 
 000  000  000  000  000  000  000  002  007  006  020  030  014  000  000  000 
 000  000  000  000  000  000  000  000  002  000  007  017  012  000  000  000 
 000  000  000  000  000  000  000  000  002  000  000  000  002  002  004  000 
 000  002  000  000  000  002  000  000  005  006  000  000  000  002  012  001 
 000  007  002  003  004  005  000  000  006  008  000  000  000  009  015  000 
 003  006  002  007  009  002  000  004  018  006  000  002  021  030  028  022 
 004  004  000  002  002  000  000  014  029  018  016  027  039  037  025  022 
 014  012  004  000  000  000  009  032  025  018  024  036  038  029  015  012 
 023  016  006  000  000  000  027  032  014  015  020  022  016  005  000  000 
 016  008  008  002  000  012  032  018  005  005  004  000  000  000  000  002 
 016  000  008  010  008  027  034  007  000  000  000  000  000  000  006  008 
 020  000  002  008  016  039  030  003  000  000  000  000  000  003  012  010 
 024  002  000  000  017  035  013  000  000  000  000  000  000  007  014  010 
 028  006  000  000  024  021  003  000  000  000  000  004  008  015  016  008 
 036  009  000  012  029  007  000  000  000  004  012  018  024  024  019  010 

Celda35

 000  008  002  000  000  000  000  003  007  008  006  022  043  015  006  003 
 000  002  000  000  000  000  011  008  004  008  008  004  036  032  000  004 
 000  000  000  000  000  000  019  014  000  006  012  006  020  040  008  000 
 000  000  000  000  000  002  022  015  000  004  016  018  004  032  018  000 
 000  000  004  000  000  005  020  012  004  009  014  021  014  010  016  002 
 000  000  008  000  000  009  012  004  012  022  014  002  006  000  001  013 
 027  029  020  008  003  013  004  000  011  022  018  000  000  000  000  018 
 029  038  036  029  026  033  024  022  014  010  011  003  000  000  004  018 
 014  016  018  024  032  049  049  048  044  030  010  000  000  000  002  019 
 001  000  000  006  029  048  048  043  048  046  035  018  004  000  000  008 
 000  000  000  006  025  035  025  015  024  033  034  030  023  018  015  014 
 002  000  000  011  028  026  012  004  004  008  012  014  017  021  024  030 
 000  000  000  016  028  021  014  010  002  000  000  006  010  012  016  040 
 000  000  000  024  024  012  014  016  005  000  002  008  008  002  009  048 
 000  000  008  035  026  002  008  020  012  000  000  002  000  000  014  053 
 000  000  013  033  024  009  008  014  012  000  000  000  000  000  016  057 

Celda36

 022  038  012  000  000  002  017  016  012  015  018  007  009  014  014  010 
 016  038  006  000  000  014  026  016  002  009  020  016  006  018  028  029 
 008  032  002  000  004  027  032  018  012  004  016  024  025  022  012  014 
 004  020  001  000  012  036  029  005  002  003  017  036  033  009  000  001 
 008  014  002  000  018  032  022  003  000  000  020  037  020  000  000  013 
 026  020  002  000  016  029  020  008  001  007  028  029  008  000  008  016 
 042  028  000  000  012  027  024  014  006  013  025  012  002  004  012  014 
 040  024  000  000  010  024  026  014  013  021  014  003  006  008  008  008 
 020  010  009  010  015  020  014  010  020  024  008  005  018  014  005  005 
 000  000  020  030  033  027  004  002  022  020  004  010  024  017  010  010 
 005  000  019  043  038  022  009  004  018  012  000  006  018  018  018  018 
 028  020  006  040  046  019  000  000  010  006  000  002  012  018  022  017 
 038  032  016  024  038  024  002  000  000  006  002  004  018  030  030  008 
 033  036  028  017  018  024  016  000  000  008  009  008  014  022  018  002 
 025  027  030  028  015  010  020  008  000  011  009  006  010  014  016  008 
 019  012  024  032  030  015  005  009  012  016  010  009  008  004  010  012 

Celda37

 002  000  002  013  018  005  000  002  005  004  016  020  012  010  021  028 
 025  016  006  018  017  000  000  002  010  008  009  006  000  009  027  024 
 021  024  015  008  016  000  000  010  019  012  001  000  002  023  032  016 
 012  020  016  000  010  004  004  025  022  006  000  004  019  043  038  017 
 017  011  008  006  016  016  019  029  017  006  000  001  027  037  024  009 
 006  000  004  019  034  017  014  026  016  010  008  005  022  018  004  000 
 002  000  008  029  024  010  004  024  016  010  014  012  012  012  004  000 
 004  002  019  020  006  000  002  024  018  005  013  014  004  001  005  003 
 007  012  010  000  000  000  002  018  018  010  002  012  012  002  000  004 
 006  005  005  000  000  000  005  010  011  016  014  006  015  014  004  000 
 004  000  004  000  000  000  008  004  002  015  022  011  000  001  000  000 
 001  000  010  006  000  002  010  004  002  012  019  010  000  000  000  000 
 000  002  014  008  000  004  010  004  005  012  013  002  000  000  000  000 
 000  002  014  006  000  006  011  005  004  010  010  000  000  000  000  000 
 000  002  011  004  000  006  010  007  005  008  006  000  000  000  000  000 
 004  002  008  008  007  008  008  007  008  008  004  000  000  000  000  000 

Celda38

 019  020  026  028  025  020  014  016  025  027  010  002  004  011  005  000 
 008  008  014  022  027  024  020  020  030  020  011  006  011  023  030  022 
 000  000  002  013  023  022  018  019  018  006  005  022  042  055  060  056 
 007  000  007  014  008  008  008  015  010  004  006  028  048  051  056  062 
 005  000  004  014  000  000  000  012  010  016  020  039  040  026  032  042 
 000  000  000  004  000  000  010  026  018  022  024  036  031  012  012  018 
 000  001  000  000  000  000  024  040  024  015  011  019  017  002  000  000 
 000  000  004  002  000  000  030  042  018  006  006  012  008  000  000  000 
 005  000  000  001  001  005  035  040  018  004  011  013  004  000  000  000 
 004  000  000  000  000  013  039  038  020  005  006  004  002  002  003  002 
 000  000  000  000  000  012  030  031  021  004  000  000  000  002  004  006 
 000  000  000  001  002  012  028  033  022  000  000  000  000  000  000  003 
 000  000  006  004  004  011  022  029  020  002  000  002  000  000  000  000 
 000  008  013  007  005  009  016  018  014  008  008  006  000  000  000  000 
 000  010  018  012  006  008  007  004  009  016  019  011  001  008  010  008 
 000  009  022  022  012  006  000  000  008  024  026  016  004  004  008  008 

Celda39

 006  020  026  015  000  000  000  000  000  000  000  000  006  070  110  000 
 005  018  028  018  000  000  000  000  000  000  000  000  016  073  108  000 
 042  024  012  004  000  000  000  004  002  000  000  001  025  073  103  000 
 058  046  028  004  000  005  004  005  006  003  005  018  043  073  096  001 
 049  048  047  045  035  017  005  004  008  000  006  024  039  056  082  000 
 028  032  040  057  065  048  018  000  008  001  003  025  025  044  081  000 
 006  010  014  028  046  050  040  022  000  010  015  033  027  050  089  007 
 000  001  002  007  012  026  040  042  026  011  023  020  014  049  091  011 
 000  004  010  014  009  014  023  030  033  026  018  014  010  046  086  000 
 003  010  016  019  018  020  020  028  040  040  024  002  000  049  097  000 
 008  012  014  010  010  014  022  038  050  050  040  028  012  044  104  000 
 008  015  011  005  000  002  014  030  042  044  044  047  044  052  100  000 
 003  009  006  006  003  002  017  026  022  030  042  052  056  046  096  009 
 004  008  004  008  009  006  019  019  009  020  032  040  045  048  099  035 
 009  011  008  002  002  001  012  012  000  005  008  009  015  029  090  038 
 010  010  000  000  000  000  010  010  002  000  000  000  000  019  073  020 

Celda40

 000  000  000  000  018  000  000  020  012  000  000  014  002  002  010  006 
 000  000  000  000  012  000  000  023  011  000  000  013  005  004  010  006 
 000  000  000  000  008  000  002  022  008  000  000  004  000  008  016  014 
 000  000  000  000  004  000  003  021  008  000  000  000  000  009  016  018 
 000  000  000  000  002  000  002  016  010  000  000  000  002  010  008  014 
 000  000  000  000  002  000  001  009  010  005  000  000  004  013  002  004 
 000  000  000  000  000  000  004  009  009  006  000  000  001  010  000  000 
 000  000  000  000  000  000  010  018  011  000  000  000  000  006  000  002 
 000  000  000  000  000  000  010  025  015  000  000  000  002  008  006  007 
 000  000  000  000  000  000  004  024  016  000  000  000  004  013  014  010 
 003  007  014  014  008  004  002  014  010  000  000  000  002  013  020  015 
 004  010  018  018  012  010  010  012  000  000  002  002  006  019  031  022 
 005  010  018  018  014  016  019  018  012  002  004  006  007  020  030  019 
 006  014  024  026  022  021  020  018  014  010  007  010  006  015  023  014 
 004  010  022  027  026  021  015  013  020  030  030  016  003  012  020  018 
 001  003  008  016  022  024  024  024  029  036  034  023  011  008  017  018 

Celda41

 004  002  000  000  002  000  000  000  004  007  010  012  012  003  020  050 
 004  000  000  011  000  000  000  000  001  000  000  004  006  002  008  052 
 006  000  003  014  000  000  000  000  000  000  000  000  003  004  000  049 
 008  000  006  010  000  000  000  000  000  000  000  000  010  012  002  045 
 009  000  005  002  000  000  000  000  000  000  000  010  011  010  006  038 
 008  006  002  000  001  008  000  000  000  000  000  018  007  000  000  024 
 008  012  000  000  003  010  000  000  000  000  000  012  000  000  000  012 
 010  012  000  000  002  007  000  000  000  000  000  002  000  000  000  004 
 010  009  003  000  000  002  003  000  000  000  000  000  000  000  000  000 
 008  008  009  006  003  000  006  000  000  000  000  000  000  000  002  000 
 006  008  014  005  002  002  006  000  000  002  003  000  001  006  010  012 
 007  010  018  010  010  014  014  008  006  006  006  008  010  007  003  005 
 008  018  028  025  025  028  025  017  010  006  005  010  013  008  000  000 
 007  017  025  028  028  020  017  010  004  004  006  008  008  006  004  004 
 010  012  017  020  014  000  001  000  000  005  008  004  000  000  002  011 
 012  010  014  020  017  002  000  000  002  012  014  006  000  000  001  014 

Celda42

 046  011  002  027  021  000  000  000  008  010  009  013  020  020  017  008 
 051  015  013  029  002  000  000  000  000  002  000  008  012  004  002  000 
 052  020  022  023  000  000  000  000  000  002  000  000  011  012  000  000 
 049  023  030  018  000  000  002  012  014  015  015  011  004  013  004  000 
 044  024  032  015  000  000  002  016  011  010  010  012  011  010  007  004 
 039  032  031  008  000  000  004  010  001  000  000  000  002  003  012  013 
 036  043  033  006  000  003  006  006  000  000  000  002  008  018  024  021 
 034  053  042  012  000  006  006  004  004  001  005  014  031  032  022  018 
 028  056  050  022  010  010  007  006  007  004  003  018  029  012  006  008 
 015  045  051  035  024  018  010  010  007  000  004  021  017  000  000  009 
 005  026  048  048  036  024  018  020  014  007  006  020  017  000  002  019 
 010  024  055  071  061  043  036  039  031  025  021  026  023  009  008  018 
 004  030  073  094  078  055  053  059  043  032  024  024  026  012  008  011 
 013  034  074  092  070  047  051  053  026  018  014  017  016  004  005  013 
 021  032  067  082  055  033  037  028  003  003  007  012  004  000  000  010 
 015  014  060  081  049  027  029  014  000  000  002  006  002  000  000  006 

Celda43

 000  000  014  030  025  012  013  008  005  000  000  000  004  012  022  060 
 000  002  015  024  028  019  001  000  000  000  000  000  007  006  008  060 
 001  011  025  031  028  016  002  000  000  000  001  009  004  000  004  060 
 007  020  029  033  022  004  002  000  000  001  006  010  003  002  003  052 
 009  015  019  017  000  000  004  001  000  001  005  001  004  011  012  045 
 012  009  008  010  000  000  009  002  000  002  007  002  000  007  011  041 
 016  014  010  002  000  000  013  005  000  000  011  010  007  008  005  024 
 018  018  022  017  006  000  015  012  000  000  018  036  020  016  008  014 
 018  018  016  018  014  008  010  013  000  000  029  038  005  006  012  016 
 024  021  012  011  013  015  011  007  000  000  026  026  000  000  007  012 
 033  027  016  010  011  017  018  011  008  010  026  013  000  000  006  002 
 030  021  008  008  010  016  020  021  023  028  032  011  004  008  000  000 
 024  017  000  001  006  010  015  023  031  030  020  006  000  005  000  000 
 022  014  000  000  004  007  008  016  014  007  000  000  000  006  002  000 
 011  006  000  000  002  002  000  002  000  000  000  000  000  008  003  006 
 002  000  002  004  004  001  000  000  000  000  000  000  000  008  000  000 

Celda44

 031  014  020  022  024  022  008  000  013  027  021  013  014  010  009  008 
 042  014  012  006  004  009  014  008  000  020  037  034  009  002  001  004 
 034  000  000  000  000  000  014  024  016  000  040  052  017  000  002  005 
 030  000  000  000  000  005  014  024  030  020  016  043  028  014  011  009 
 026  000  001  003  006  004  002  006  017  020  000  010  032  045  033  012 
 034  012  015  014  008  000  000  002  004  011  008  000  022  058  056  022 
 029  004  014  015  006  000  000  010  006  012  020  023  010  040  057  037 
 029  018  010  011  006  008  013  017  005  009  021  031  030  021  032  034 
 032  037  012  010  010  020  025  014  004  004  012  019  025  024  005  010 
 034  047  011  006  007  016  018  014  010  013  014  014  017  022  020  006 
 031  045  003  000  000  008  003  002  006  014  016  016  019  024  031  032 
 032  040  000  000  000  006  000  000  000  000  000  007  020  029  032  034 
 032  044  000  000  000  004  000  000  000  000  000  004  024  024  022  024 
 023  043  000  000  000  000  000  000  001  000  000  016  019  009  008  018 
 010  035  001  000  000  000  000  002  008  014  011  012  019  009  000  012 
 000  026  004  000  000  000  000  011  013  020  017  006  014  010  004  010 

Celda45

 002  000  004  013  017  013  010  006  006  006  004  000  000  002  002  000 
 000  000  002  018  025  021  012  005  003  007  011  006  006  010  014  012 
 000  000  002  024  034  021  010  004  003  006  008  000  000  000  008  012 
 000  000  005  032  032  012  010  006  004  000  000  000  000  000  000  002 
 004  000  012  040  020  006  014  009  000  000  000  000  000  000  000  000 
 000  001  022  040  009  000  011  011  002  000  000  007  013  004  000  000 
 002  000  021  035  011  006  000  007  006  002  002  002  013  012  002  000 
 022  015  026  034  019  014  012  001  007  004  003  006  000  003  005  006 
 030  038  034  033  024  002  002  000  007  006  000  002  002  000  008  013 
 022  046  042  032  026  011  000  006  011  004  000  000  006  000  008  018 
 024  034  040  032  029  024  015  021  017  006  001  000  002  000  002  015 
 030  028  024  029  038  041  037  022  014  004  001  000  000  002  005  009 
 025  020  006  018  048  056  030  000  001  000  000  000  000  005  008  004 
 026  024  013  003  042  056  033  003  000  000  000  000  000  008  004  004 
 024  026  018  008  020  038  035  020  000  000  000  005  012  011  007  006 
 013  016  016  014  000  015  031  032  010  000  000  023  019  007  006  000 

Celda46

 000  010  024  028  018  001  000  000  009  026  025  018  011  000  000  000 
 008  024  034  033  018  000  006  013  023  027  016  017  018  006  002  000 
 012  027  030  024  012  004  008  018  025  023  013  016  020  007  000  000 
 006  017  018  014  010  008  006  008  012  009  002  008  012  006  000  000 
 000  011  017  012  010  010  007  009  009  002  000  000  000  007  000  000 
 000  009  019  013  003  005  008  014  016  005  000  000  000  011  008  000 
 000  007  020  012  000  000  010  020  022  007  000  000  000  012  010  000 
 013  021  023  000  000  000  009  019  022  008  000  000  006  008  006  004 
 029  030  016  002  000  000  004  014  016  008  006  014  016  010  003  001 
 031  019  009  006  004  002  000  010  006  004  014  022  023  015  002  000 
 020  010  010  012  014  016  016  022  017  012  006  014  018  022  014  002 
 013  014  014  018  020  019  016  027  029  026  019  002  002  020  026  015 
 012  018  012  016  016  013  012  024  018  008  008  010  008  010  026  020 
 014  017  004  004  008  009  011  017  000  000  000  003  013  012  014  017 
 009  014  008  000  001  012  018  018  008  002  004  012  016  017  015  018 
 000  010  014  000  000  010  024  024  024  026  028  031  024  024  025  029 

Celda47

 004  003  000  000  000  000  006  006  001  000  000  000  000  028  066  006 
 004  004  001  002  001  000  003  000  000  000  000  000  000  038  068  004 
 001  006  000  000  000  000  000  000  002  006  000  000  002  042  064  001 
 000  004  000  000  000  000  000  000  006  012  000  000  000  038  062  000 
 000  000  000  000  002  000  000  002  014  023  016  014  014  045  068  005 
 000  000  008  015  019  018  024  033  038  040  034  026  023  046  069  009 
 003  005  012  021  030  033  034  032  023  021  016  006  003  024  057  000 
 000  000  010  021  025  016  008  006  008  012  008  000  000  022  059  000 
 000  000  016  031  019  002  000  004  006  005  004  002  000  022  060  000 
 000  002  023  030  012  000  000  004  006  003  000  000  000  027  065  005 
 000  006  020  024  010  000  001  000  000  000  000  000  000  031  059  000 
 006  010  014  016  012  007  004  000  000  000  000  000  001  037  062  000 
 016  016  010  009  012  010  002  000  000  000  000  000  000  040  066  000 
 021  020  010  006  012  011  000  000  000  001  000  000  000  039  070  000 
 016  015  008  005  014  014  000  000  000  002  000  000  000  037  073  000 
 019  003  002  004  012  016  004  000  000  000  000  000  000  036  077  000 

Celda48

 000  000  002  010  022  030  034  033  030  023  018  018  022  019  024  022 
 000  000  000  005  014  016  014  014  018  018  016  018  022  021  023  023 
 000  000  000  000  000  000  000  006  019  026  034  032  026  019  016  017 
 000  000  000  000  000  000  000  016  029  020  026  028  024  024  023  025 
 000  000  004  012  014  009  005  022  036  014  004  003  004  010  018  023 
 001  004  013  024  030  026  024  042  050  025  012  009  008  008  007  006 
 001  003  007  010  012  017  024  044  042  018  012  018  024  024  014  006 
 001  002  004  001  001  007  012  023  010  000  000  000  014  022  022  016 
 002  004  007  008  006  004  000  010  004  000  000  002  011  014  016  014 
 002  004  010  014  007  000  000  020  024  022  022  016  016  009  008  008 
 001  003  008  009  004  000  003  037  033  020  019  012  006  002  005  011 
 000  000  000  000  001  006  016  039  023  005  008  008  006  002  006  012 
 000  000  000  000  000  000  011  022  010  000  000  006  008  004  003  005 
 000  000  000  000  000  000  008  011  001  003  004  000  000  002  006  008 
 000  000  000  000  000  000  013  000  000  004  011  002  000  008  020  020 
 000  000  000  000  000  004  012  000  000  002  014  005  008  023  022  012 

Celda49

 014  010  010  016  020  007  000  000  006  021  016  016  017  015  012  019 
 012  010  012  011  018  010  000  010  018  021  018  028  034  033  027  025 
 008  012  017  014  017  016  015  028  028  030  027  032  030  025  024  029 
 020  017  016  010  010  021  033  030  032  037  032  020  010  005  010  027 
 019  012  000  004  008  024  028  013  015  027  016  003  000  000  004  019 
 004  003  000  000  008  022  028  018  014  008  000  000  000  000  000  012 
 004  008  012  014  020  018  016  018  016  006  000  000  000  000  000  011 
 012  014  022  027  034  029  019  015  010  000  000  000  000  000  000  009 
 009  008  012  016  021  021  022  031  036  031  032  030  021  009  004  010 
 007  005  004  004  009  016  023  038  050  045  050  046  029  013  013  027 
 014  014  012  013  024  034  036  041  045  031  026  018  008  005  021  033 
 016  016  018  028  042  044  035  029  022  001  000  000  000  000  031  028 
 006  008  013  026  032  025  012  002  004  000  000  000  000  006  041  017 
 008  008  007  011  014  009  000  000  000  000  000  000  001  010  043  008 
 019  015  008  007  013  010  001  004  008  008  004  001  002  014  040  007 
 012  012  013  014  021  015  007  008  010  012  010  004  004  029  042  005 

Celda50

 004  000  056  088  053  028  029  012  000  004  006  004  002  000  000  000 
 011  000  049  096  062  034  030  010  004  012  016  014  011  010  010  010 
 024  010  034  098  072  042  032  010  008  021  024  025  022  020  019  021 
 022  017  020  092  081  049  030  010  014  025  019  026  024  019  016  011 
 008  010  005  081  084  054  030  010  016  023  012  008  010  008  007  000 
 000  002  001  068  082  056  032  016  014  018  020  004  000  000  000  000 
 000  000  001  054  076  056  032  021  013  010  014  006  000  000  000  000 
 000  000  000  042  071  056  028  020  015  006  006  006  002  000  000  000 
 000  000  000  032  067  053  022  014  014  008  005  007  008  006  000  000 
 018  008  002  026  062  049  019  008  008  008  012  012  009  002  000  000 
 021  016  016  045  072  059  040  029  019  011  014  018  014  002  000  000 
 013  012  014  042  056  047  039  030  024  024  014  012  012  000  004  010 
 001  000  000  034  041  040  042  024  006  007  002  000  006  006  000  000 
 000  000  000  045  045  039  047  025  000  000  000  000  000  014  018  002 
 000  000  009  065  050  029  040  023  000  000  000  000  000  016  030  004 
 000  000  025  081  046  005  028  026  000  000  000  000  000  012  026  002 

Celda51

 000  000  006  008  006  003  000  000  000  000  000  000  000  004  000  000 
 012  013  015  014  011  007  008  006  004  000  000  006  005  004  000  000 
 024  022  018  020  019  011  006  000  000  002  006  010  004  000  000  000 
 006  003  002  012  013  004  000  000  000  006  012  004  000  000  000  000 
 000  000  000  013  008  000  000  000  000  000  000  000  000  000  000  001 
 000  000  000  016  008  000  000  000  000  000  000  000  006  003  000  000 
 000  000  000  014  006  000  000  000  000  000  000  007  006  000  000  000 
 000  000  000  007  003  000  000  000  000  000  004  008  000  000  000  000 
 000  000  000  000  004  000  000  000  000  000  004  000  000  000  000  000 
 000  002  000  001  009  007  001  000  006  013  006  000  000  000  000  000 
 004  017  011  012  013  002  000  004  014  012  007  004  005  010  013  014 
 013  017  008  006  000  000  000  000  004  000  000  000  010  017  020  025 
 000  008  001  000  000  000  001  000  000  000  000  012  019  022  020  025 
 000  009  004  000  000  010  014  014  010  013  027  030  026  024  020  022 
 000  011  008  000  001  016  011  010  010  018  037  037  031  028  024  021 
 000  016  010  000  002  014  002  000  000  012  035  035  028  023  021  018 

Celda52

 000  020  013  007  002  000  002  019  021  018  017  010  011  008  004  016 
 000  016  029  024  000  000  008  026  022  013  018  018  022  020  012  015 
 000  011  042  034  000  000  013  024  018  000  005  018  035  027  018  016 
 000  000  042  038  002  000  016  017  013  004  000  003  023  012  010  012 
 000  000  033  038  011  008  016  010  004  004  008  017  012  000  003  002 
 000  000  028  042  023  016  012  005  000  004  018  020  010  000  000  000 
 000  000  030  051  022  004  007  008  000  004  016  013  005  000  000  000 
 000  000  032  046  014  000  008  012  004  000  004  002  001  002  001  000 
 000  000  029  044  014  000  006  010  001  000  000  000  000  002  009  007 
 000  003  044  069  046  022  004  000  000  000  002  000  000  000  008  004 
 014  029  063  082  050  026  013  000  000  004  006  004  007  010  004  000 
 028  034  044  048  020  000  002  000  000  008  013  016  015  013  010  003 
 030  021  012  036  018  000  000  002  004  008  024  024  019  017  016  014 
 028  022  007  025  012  000  000  002  012  013  031  022  017  017  014  015 
 023  021  014  025  014  004  002  006  011  016  024  014  013  008  000  000 
 011  006  004  021  025  018  015  009  007  012  006  002  010  011  000  000 

Celda53

 007  000  012  020  018  004  014  024  021  015  023  033  010  000  000  000 
 005  000  013  025  028  024  010  002  022  040  037  016  000  000  000  000 
 011  008  011  014  021  025  024  018  013  038  040  014  000  000  002  000 
 008  001  000  000  002  012  018  020  012  013  019  012  006  006  007  000 
 000  000  000  000  000  000  000  000  000  000  000  000  014  024  017  002 
 000  000  000  000  000  000  000  000  000  005  014  006  002  034  032  010 
 000  000  000  000  000  010  009  011  011  028  029  029  012  025  040  022 
 000  000  000  000  006  019  002  000  004  028  020  020  017  008  031  028 
 000  000  000  000  011  025  008  000  000  021  012  012  021  018  019  020 
 000  000  000  000  012  025  014  000  000  018  019  010  024  030  028  017 
 000  000  000  000  012  022  016  005  002  018  025  008  022  033  036  030 
 000  000  004  006  017  019  013  008  008  020  024  007  012  024  030  028 
 016  021  022  024  033  026  019  021  018  019  022  008  002  010  008  007 
 019  020  018  030  041  026  017  023  015  014  015  004  003  011  000  000 
 004  002  000  022  023  009  004  012  006  009  006  000  002  014  000  000 
 002  000  000  021  014  000  000  010  006  008  000  000  004  016  000  000 

Celda54

 000  008  020  007  000  006  018  014  022  031  034  030  024  021  020  025 
 000  004  020  012  000  010  013  005  012  021  024  022  016  012  008  012 
 000  000  018  015  006  015  013  006  015  016  010  008  006  004  001  005 
 000  006  020  018  016  016  006  008  017  010  000  000  000  000  003  009 
 002  014  017  016  018  006  000  012  018  006  000  000  000  004  011  023 
 006  012  010  018  024  002  000  018  018  002  000  000  002  005  015  018 
 008  002  004  022  026  002  000  020  014  004  002  000  000  000  010  009 
 012  000  006  024  020  002  014  023  012  007  000  000  000  000  011  015 
 014  007  014  026  010  000  024  026  006  004  000  000  003  004  011  011 
 003  010  017  020  007  004  028  023  001  002  004  003  010  009  005  000 
 018  002  006  008  009  017  030  020  002  006  014  016  013  004  000  000 
 023  010  000  000  012  028  034  024  010  010  015  013  006  000  000  000 
 006  006  004  000  011  031  036  028  016  010  008  010  008  000  000  000 
 000  006  018  021  016  024  032  029  018  004  000  006  012  002  000  006 
 000  008  019  026  022  014  022  027  020  003  000  005  015  010  008  017 
 000  003  012  018  016  008  010  022  022  010  007  017  022  016  014  013 

Celda55

 018  014  011  011  009  009  006  002  000  000  000  000  000  037  079  000 
 010  012  015  024  025  020  006  000  000  000  000  002  002  045  088  009 
 000  004  009  026  032  030  023  012  002  000  000  004  012  054  088  007 
 009  004  005  025  026  014  015  016  018  016  012  004  014  059  088  000 
 014  007  006  022  018  000  000  003  007  013  022  028  023  050  084  000 
 008  005  007  012  010  000  000  000  000  000  008  017  020  050  082  002 
 006  010  006  000  004  000  000  000  000  000  009  007  008  052  089  019 
 006  004  000  000  006  000  000  000  000  006  009  005  013  055  086  019 
 000  000  000  000  016  000  000  000  006  011  006  010  023  056  077  008 
 000  000  000  012  020  000  000  000  016  020  023  029  027  046  066  000 
 000  000  002  017  012  000  000  008  039  045  039  030  012  030  062  000 
 000  003  011  013  006  000  013  025  049  036  019  010  000  024  062  000 
 002  010  015  017  011  008  010  016  026  010  006  007  000  024  066  000 
 012  010  012  013  002  000  000  010  015  002  002  003  000  028  068  000 
 008  000  003  004  000  000  004  022  015  004  001  003  004  036  071  002 
 000  000  000  000  002  002  014  019  011  012  020  022  016  035  067  002 

Celda56

 001  003  008  008  000  003  016  000  000  000  014  008  016  026  010  000 
 002  006  014  014  007  000  018  002  008  012  014  003  020  027  011  005 
 001  003  006  007  006  009  028  006  002  005  009  002  018  037  027  018 
 000  000  000  000  003  020  032  009  000  007  015  014  030  053  034  010 
 000  000  000  000  000  028  028  011  007  015  029  014  029  047  024  000 
 000  000  000  000  000  027  012  000  010  018  021  000  010  030  018  000 
 000  000  000  000  003  030  013  000  000  000  008  000  008  029  024  003 
 001  000  000  000  004  030  016  000  000  000  006  006  008  026  029  010 
 000  000  000  000  004  030  021  003  000  000  013  019  018  021  024  013 
 000  000  000  000  004  028  022  005  003  021  047  046  033  022  013  014 
 000  000  000  000  016  031  020  009  019  043  056  047  029  020  012  015 
 000  000  000  000  017  028  021  014  024  037  038  027  014  012  008  005 
 000  000  000  000  014  022  017  014  023  032  027  012  000  000  000  000 
 007  018  039  048  052  059  058  054  061  068  057  033  021  022  029  035 
 014  034  072  094  097  106  102  094  095  095  079  058  056  058  064  070 
 000  000  000  000  000  014  017  014  016  017  008  000  000  001  003  003 

Celda57

 000  002  009  012  009  002  002  000  000  000  000  000  002  040  031  000 
 002  000  004  004  000  000  000  000  000  000  000  000  000  038  020  007 
 012  001  006  002  004  004  000  000  000  000  002  006  008  047  030  017 
 007  000  004  008  005  012  012  010  012  025  023  022  018  051  028  006 
 004  008  006  011  002  003  007  014  017  028  027  024  019  038  010  000 
 007  015  015  013  003  000  002  006  010  018  018  010  012  026  000  000 
 002  004  004  002  001  004  004  002  002  007  005  000  000  015  000  000 
 000  000  000  000  002  000  002  000  001  001  000  000  000  018  000  000 
 000  000  004  006  001  000  000  000  006  000  000  000  008  020  000  000 
 005  010  018  016  004  000  000  000  009  000  000  000  027  028  000  000 
 016  014  008  006  002  000  000  005  015  004  004  008  031  009  000  000 
 011  008  000  000  002  010  013  019  024  014  013  012  021  000  000  000 
 005  005  001  000  003  010  010  015  018  008  004  004  021  008  004  002 
 037  032  029  033  033  036  039  047  046  036  034  039  061  048  048  050 
 071  070  066  070  067  067  071  079  074  068  072  080  092  074  082  094 
 000  000  000  005  003  000  000  006  002  000  000  006  017  000  000  000 

Celda58

 000  000  040  087  036  001  008  030  004  000  000  000  000  000  014  006 
 008  008  048  083  030  008  000  028  022  000  000  000  000  000  004  020 
 016  012  055  085  035  020  017  014  034  001  005  000  000  000  000  030 
 002  008  069  093  041  025  026  012  034  009  004  001  000  000  000  024 
 000  006  084  093  037  020  022  012  026  016  000  004  006  002  000  008 
 000  012  091  081  021  008  009  009  013  018  000  002  008  008  003  000 
 004  022  083  061  004  000  002  010  012  013  000  000  000  010  016  010 
 000  021  068  046  003  000  007  014  012  006  000  000  001  010  018  016 
 000  024  060  038  005  000  006  006  002  000  000  002  006  007  011  012 
 000  034  053  028  005  000  000  000  001  002  002  006  008  007  010  013 
 000  036  048  020  002  000  000  000  008  012  009  006  008  010  014  018 
 000  035  041  012  000  000  000  002  002  006  006  006  008  008  008  010 
 002  039  039  004  000  000  006  008  002  000  001  003  003  002  000  000 
 054  091  082  047  049  057  057  049  040  038  040  042  046  050  052  053 
 103  132  116  090  095  103  097  092  086  082  083  088  094  098  103  110 
 000  027  019  001  003  006  000  000  000  000  000  000  000  000  000  000 

Celda59

 004  022  012  000  002  010  000  000  000  017  036  029  014  006  006  004 
 020  022  011  000  000  009  004  000  004  025  032  022  006  000  000  000 
 030  018  008  000  000  012  010  004  005  012  017  016  008  006  000  000 
 034  018  006  000  006  020  013  008  007  000  002  013  017  016  000  000 
 034  028  009  000  020  036  015  002  005  000  000  010  024  017  000  000 
 030  041  016  006  033  034  002  000  004  000  000  008  022  008  000  002 
 021  052  034  014  028  023  000  000  004  000  000  012  018  000  000  010 
 012  052  038  004  014  016  000  000  002  000  004  020  017  001  002  004 
 004  040  038  010  018  017  003  007  014  020  031  036  025  014  017  013 
 006  018  030  022  032  024  005  015  033  040  038  032  025  020  021  015 
 012  000  015  031  048  032  008  020  040  035  023  022  024  018  016  014 
 010  002  000  030  056  040  016  025  033  021  015  020  013  003  000  006 
 002  006  004  025  056  043  019  025  035  025  014  008  000  000  000  002 
 059  070  078  099  122  102  069  064  067  055  043  036  029  036  046  044 
 120  128  128  144  167  148  117  112  111  099  089  082  075  082  091  084 
 000  000  000  015  034  022  002  005  013  014  013  009  000  000  005  000 

Celda60

 000  000  000  020  026  008  008  004  005  000  000  000  005  016  002  000 
 000  000  000  027  033  000  000  000  003  000  000  000  002  022  014  007 
 000  000  000  035  036  000  000  000  005  000  000  000  000  024  021  004 
 006  012  005  044  038  000  000  000  014  002  003  000  000  022  024  006 
 009  014  006  044  031  000  000  008  028  007  005  000  000  021  029  023 
 000  000  000  042  028  000  012  031  030  007  008  011  012  033  043  034 
 000  000  000  040  026  002  010  020  016  010  016  026  034  048  042  027 
 000  000  000  046  028  002  004  011  013  011  012  018  029  033  022  015 
 004  003  024  050  017  000  004  017  012  002  000  001  009  009  005  004 
 008  014  045  043  003  000  019  022  008  000  000  000  003  006  004  000 
 012  018  054  033  013  012  029  019  010  007  006  009  004  000  005  001 
 013  025  054  021  016  017  024  009  006  013  014  008  001  000  000  006 
 010  028  050  014  012  015  020  009  008  014  014  007  000  000  000  006 
 046  067  078  045  046  051  059  054  054  052  050  050  052  054  056  058 
 084  101  101  076  078  085  092  088  086  083  082  088  096  101  102  103 
 000  016  018  000  000  004  011  006  000  000  000  000  000  000  000  000 

Celda61

 001  000  000  018  012  000  005  011  002  006  000  000  019  028  004  000 
 002  000  000  016  012  006  019  010  002  001  000  001  025  022  002  000 
 000  000  002  021  015  015  018  000  000  000  000  004  026  014  000  000 
 002  005  009  028  020  017  007  000  000  004  000  002  016  012  000  004 
 014  013  010  024  016  010  000  000  000  015  007  000  002  012  009  007 
 013  008  000  014  012  004  000  000  007  034  018  006  002  012  019  008 
 004  006  004  011  016  009  006  009  024  034  008  006  008  013  016  005 
 000  008  014  020  025  013  008  012  019  010  000  000  000  003  010  006 
 000  000  006  013  015  003  000  000  002  000  000  000  005  003  005  012 
 000  000  000  002  003  000  000  000  000  000  000  004  011  002  004  020 
 000  000  000  000  002  000  000  002  000  000  004  023  017  001  004  024 
 002  000  000  000  007  000  000  004  006  010  027  032  014  008  017  029 
 007  000  000  000  013  015  015  012  017  029  036  022  015  018  030  028 
 049  042  044  049  061  068  063  066  063  074  069  053  056  062  065  053 
 100  098  098  099  105  112  105  100  099  107  101  086  089  095  090  084 
 000  000  000  000  006  018  014  000  000  011  014  000  000  004  000  000 

Celda62

 000  008  008  008  012  017  025  031  023  013  008  009  017  013  009  012 
 000  013  010  002  009  020  034  039  028  007  003  014  017  007  005  012 
 004  019  014  002  006  018  026  037  028  022  009  008  016  012  010  007 
 013  028  017  007  013  016  018  027  013  014  015  010  004  016  016  000 
 017  025  009  004  009  004  008  020  008  000  010  014  012  012  014  000 
 005  007  000  000  002  001  007  019  012  000  008  010  011  004  000  000 
 000  000  000  000  002  005  015  025  015  003  004  007  006  002  000  000 
 004  000  000  007  026  033  035  030  015  008  006  004  000  000  000  000 
 019  014  018  033  048  039  026  017  011  012  006  001  000  000  008  011 
 025  010  010  025  033  021  010  006  006  006  000  002  006  010  015  018 
 022  005  002  012  020  014  000  000  001  004  000  000  004  010  012  018 
 013  002  006  012  014  015  000  000  000  005  001  000  003  002  000  008 
 006  000  008  011  008  008  000  000  000  011  006  002  007  007  000  000 
 044  040  045  045  036  027  021  024  037  055  047  043  049  044  031  026 
 082  084  090  091  083  080  078  082  100  103  093  091  089  079  075  075 
 000  000  005  006  000  000  000  000  014  012  006  005  002  000  000  000 

Celda63

 006  006  004  000  005  008  006  011  017  025  026  015  004  021  063  000 
 008  000  000  000  002  008  008  020  028  018  002  000  000  020  066  000 
 003  000  000  000  000  010  020  029  024  004  000  000  000  020  068  000 
 000  000  000  000  002  016  029  026  009  000  000  000  000  022  074  000 
 000  000  003  005  018  024  020  013  000  000  000  000  000  032  083  000 
 000  002  011  010  011  008  008  003  000  000  000  000  000  046  096  008 
 000  009  012  007  008  006  002  000  000  000  000  000  003  054  088  000 
 000  010  021  012  004  003  000  000  000  000  000  000  004  046  086  000 
 002  002  026  022  003  000  000  000  005  009  006  000  000  045  090  000 
 020  010  011  022  012  008  015  022  021  014  004  000  000  046  092  000 
 026  022  006  010  016  022  026  019  010  006  000  000  000  044  092  000 
 014  018  020  020  014  013  028  024  008  000  000  000  000  039  094  000 
 000  005  015  016  012  000  008  023  022  002  000  000  000  037  096  000 
 029  042  050  049  048  050  045  034  035  024  022  035  045  082  127  031 
 080  084  090  093  094  098  103  100  097  092  085  088  096  121  145  063 
 004  003  000  000  000  000  000  000  003  014  011  006  000  022  057  000 

