Celda0

 000  000  000  000  000  000  002  002  000  000  000  000  001  000  000  002 
 000  000  000  000  000  000  004  004  000  000  000  000  002  000  000  003 
 000  000  000  000  000  002  007  008  000  000  000  000  001  000  000  004 
 000  000  000  000  008  010  008  006  000  000  000  000  000  000  000  003 
 000  000  000  000  014  018  016  011  004  006  019  032  033  026  022  025 
 002  004  010  014  020  019  014  004  000  003  021  020  021  021  023  025 
 007  016  028  028  018  014  012  002  000  012  020  002  000  003  012  018 
 006  013  023  023  016  009  009  004  011  025  015  000  000  000  008  014 
 000  000  000  004  010  010  010  017  026  026  008  005  006  007  015  016 
 000  000  000  002  010  011  011  025  027  013  003  002  006  015  022  013 
 002  004  006  006  006  007  009  027  020  003  000  000  000  014  017  006 
 001  002  004  002  000  002  010  026  010  000  000  000  000  013  007  000 
 000  000  000  001  004  005  011  015  000  000  000  000  005  015  002  000 
 000  000  001  003  004  004  003  005  000  000  000  000  012  018  001  000 
 000  000  000  000  000  000  000  000  000  000  000  000  012  020  008  004 
 000  000  000  000  004  000  000  000  000  000  000  000  008  019  016  006 

Celda1

 002  002  000  000  000  000  000  000  000  000  000  000  000  000  001  000 
 005  006  002  000  000  000  000  000  000  000  000  000  000  000  000  000 
 010  012  007  000  000  000  000  000  000  000  000  000  000  000  000  000 
 011  015  013  002  000  000  000  000  000  000  000  000  000  000  000  000 
 026  019  012  004  000  000  002  002  000  000  000  002  010  015  012  010 
 016  006  000  000  000  000  000  002  004  002  000  000  006  018  023  022 
 016  011  004  000  000  000  000  000  000  000  000  000  000  012  022  024 
 016  022  020  010  000  000  001  000  000  000  000  002  006  000  004  012 
 011  014  017  012  002  000  002  000  000  000  001  006  006  000  001  016 
 003  000  001  006  008  010  008  002  000  000  004  008  008  002  014  024 
 000  000  000  000  010  014  011  004  004  006  004  001  010  014  022  018 
 000  000  000  000  004  004  003  003  006  012  014  008  005  026  039  026 
 000  000  000  000  000  000  000  000  007  018  016  014  010  041  050  024 
 000  000  000  000  002  002  001  006  016  021  012  012  016  042  033  004 
 010  008  002  001  004  006  008  013  017  009  002  006  017  030  015  000 
 011  016  014  008  001  002  006  007  000  000  000  002  016  015  000  000 

Celda2

 000  000  002  004  005  003  001  000  000  000  000  001  000  000  000  001 
 000  002  006  008  010  007  002  000  000  000  000  004  000  000  000  004 
 000  008  015  015  018  012  001  000  000  000  000  009  000  000  000  013 
 000  016  021  015  014  009  000  000  000  000  000  012  000  000  000  024 
 017  035  034  021  004  000  000  000  000  000  000  010  000  000  000  032 
 027  040  038  025  012  002  000  000  000  000  000  001  000  000  000  036 
 026  041  039  019  011  009  006  002  000  000  000  000  000  000  000  040 
 023  036  026  005  004  010  015  012  006  002  003  004  000  000  008  042 
 023  020  007  000  003  012  020  022  018  012  011  009  001  000  008  038 
 012  002  001  000  005  012  021  027  026  023  020  014  004  000  002  028 
 005  004  009  009  011  014  015  018  022  024  022  013  004  006  017  027 
 017  014  019  015  016  019  012  008  009  013  013  006  003  010  022  017 
 016  012  012  008  018  020  011  004  000  002  002  000  000  006  020  013 
 000  000  005  008  018  011  003  000  000  000  000  000  000  001  026  021 
 000  006  014  017  013  000  000  000  000  000  000  000  000  005  037  027 
 002  024  027  014  000  000  000  000  002  005  002  000  000  014  040  029 

Celda3

 006  002  000  000  000  000  000  000  000  001  001  000  000  000  002  001 
 014  003  000  000  000  000  000  000  000  002  002  000  000  000  005  003 
 026  002  000  000  000  000  000  000  000  003  003  000  000  000  009  008 
 032  000  000  000  002  000  000  000  000  002  000  000  000  000  006  008 
 030  000  000  014  011  004  000  004  008  008  002  000  000  000  000  004 
 024  000  008  021  002  000  001  007  014  015  010  005  004  001  000  002 
 010  000  019  029  000  000  000  012  021  016  013  011  012  015  017  024 
 000  000  032  035  000  000  006  019  019  011  012  016  020  024  028  030 
 002  004  052  037  008  004  018  026  013  004  008  020  026  026  027  024 
 008  019  050  025  004  010  029  034  013  006  008  019  022  020  016  016 
 006  024  048  027  000  010  036  041  021  018  014  017  010  011  012  014 
 006  029  042  027  008  020  042  039  018  018  018  012  005  005  010  012 
 014  043  048  032  026  033  038  022  004  007  013  014  011  010  008  006 
 030  061  065  050  042  036  023  005  000  003  006  008  014  018  014  010 
 037  068  068  053  045  031  010  001  001  004  004  004  006  008  008  008 
 039  059  050  039  033  022  012  001  000  000  000  000  000  000  000  002 

Celda4

 000  000  000  000  000  000  000  000  000  002  002  000  001  000  000  001 
 000  000  001  000  000  000  000  000  000  003  005  002  002  000  000  001 
 000  000  004  002  000  000  000  000  000  002  010  006  004  000  000  000 
 000  000  010  002  000  000  000  000  000  000  012  012  006  000  000  000 
 000  004  016  000  000  000  002  000  000  000  009  012  006  000  000  000 
 006  019  021  000  000  000  007  002  000  000  003  004  007  008  003  004 
 029  033  022  006  005  009  020  016  016  012  005  000  006  014  010  006 
 027  028  016  010  010  012  023  016  014  006  001  004  012  020  018  010 
 023  028  016  014  012  007  016  004  004  000  000  009  021  024  022  011 
 024  031  020  018  016  008  008  000  000  004  005  023  029  024  017  004 
 023  022  011  010  012  010  001  000  000  007  010  031  029  015  008  002 
 014  005  000  000  003  008  005  000  000  006  015  029  017  002  003  007 
 003  000  000  000  000  006  008  002  000  007  023  027  012  002  004  013 
 006  003  000  000  002  005  006  004  004  019  031  028  018  012  004  007 
 012  017  020  019  014  010  008  010  014  026  030  024  014  011  000  004 
 015  022  028  031  031  028  027  028  029  026  022  013  000  000  000  000 

Celda5

 001  000  000  000  000  000  001  000  000  001  005  004  000  000  000  001 
 002  000  000  000  000  000  001  000  000  004  011  008  000  000  001  004 
 006  000  000  000  000  000  000  000  000  008  020  013  000  000  006  010 
 007  002  000  000  000  000  000  000  000  010  020  011  000  000  012  015 
 005  000  000  000  000  000  000  000  000  008  016  008  000  008  016  012 
 005  000  000  000  000  000  000  000  000  005  013  010  006  019  023  007 
 003  005  006  000  000  000  000  000  000  004  013  014  012  020  018  002 
 004  002  004  000  000  000  000  004  006  008  015  013  012  018  016  004 
 004  000  000  000  000  000  005  010  012  010  016  014  010  012  011  008 
 002  000  000  000  002  008  013  012  014  014  016  015  009  004  007  012 
 002  003  004  006  008  008  013  016  016  018  022  019  010  006  010  013 
 008  008  009  012  012  010  021  025  018  018  022  018  016  018  019  014 
 013  012  012  011  010  011  028  027  015  010  006  004  010  020  017  012 
 004  010  013  008  002  001  016  010  000  000  000  004  008  011  004  003 
 005  002  008  006  001  000  012  007  000  000  000  008  010  006  000  000 
 008  004  000  006  008  006  009  002  000  000  004  008  004  000  000  000 

Celda6

 001  001  002  001  000  002  003  001  001  001  000  000  000  001  002  002 
 004  004  004  002  002  005  006  004  002  002  000  000  000  002  004  004 
 012  010  006  004  006  012  013  010  006  001  000  000  000  002  008  008 
 017  014  008  004  010  017  018  015  008  000  000  000  000  002  008  009 
 015  016  008  006  014  020  020  015  006  000  000  000  000  002  006  006 
 008  012  006  006  016  025  022  008  000  002  000  000  002  009  003  002 
 000  005  002  007  020  030  021  000  000  006  006  004  011  008  002  000 
 000  000  000  005  022  032  020  000  000  006  013  014  012  003  000  000 
 005  000  000  000  019  029  018  000  000  004  016  014  010  008  004  006 
 008  000  000  000  014  022  014  003  000  004  013  010  006  014  020  012 
 006  000  000  002  012  016  010  003  000  001  006  004  000  018  032  021 
 000  000  000  008  014  010  004  000  000  000  000  000  000  018  037  028 
 002  000  000  016  019  004  000  000  000  000  000  000  000  015  034  030 
 002  004  016  030  017  000  000  000  000  000  000  000  000  013  029  026 
 000  014  030  024  004  000  002  006  005  004  002  000  000  014  026  023 
 005  020  024  010  002  000  000  003  007  006  002  002  008  022  028  023 

Celda7

 001  000  000  000  001  002  002  002  001  001  000  000  000  001  005  000 
 002  000  000  000  004  005  004  005  003  001  000  000  000  004  012  000 
 006  000  000  000  009  010  008  011  008  000  000  000  000  010  029  000 
 008  003  000  004  012  007  008  016  012  000  000  000  000  016  042  000 
 006  004  005  010  006  000  007  020  014  003  000  000  000  016  048  000 
 003  004  009  011  000  000  011  024  016  004  000  000  000  016  053  000 
 004  005  004  006  000  000  018  028  018  002  000  000  000  018  058  000 
 010  009  001  003  008  016  027  024  011  000  000  000  000  020  060  000 
 012  002  000  002  012  015  018  007  000  000  000  000  000  023  062  002 
 004  000  000  002  012  016  016  003  000  000  000  002  000  027  066  005 
 004  000  000  001  008  010  014  010  000  000  004  008  002  032  069  006 
 008  000  000  002  004  000  009  019  008  000  015  013  005  034  065  002 
 013  003  004  005  000  000  006  024  023  015  017  009  004  030  059  000 
 016  013  013  005  000  000  006  025  030  022  010  000  000  028  060  000 
 016  016  013  002  000  000  008  024  028  022  008  000  000  032  064  000 
 020  019  004  000  000  000  012  021  022  018  004  000  006  042  068  001 

Celda8

 000  000  000  000  010  002  000  000  000  000  000  000  000  014  022  016 
 000  000  000  000  010  004  002  000  000  004  002  001  002  010  021  016 
 001  002  002  000  001  006  010  005  002  010  008  002  005  008  014  011 
 000  002  008  014  014  013  019  009  001  011  012  003  005  004  002  004 
 000  000  004  012  018  017  024  016  012  012  010  006  004  000  000  000 
 000  000  000  000  000  000  008  008  008  008  003  006  004  000  000  000 
 000  000  000  000  000  001  007  010  006  000  000  000  002  000  000  001 
 000  000  000  000  002  006  006  006  010  001  000  000  001  000  000  002 
 001  002  004  006  015  016  004  000  007  006  000  000  000  000  000  000 
 004  008  012  009  006  004  000  000  000  004  000  000  000  000  000  000 
 002  004  005  000  000  003  001  000  000  000  000  000  000  000  002  000 
 000  000  000  000  000  002  006  000  000  000  004  000  001  004  010  004 
 000  000  000  000  000  002  000  000  000  000  007  000  000  008  006  002 
 000  000  000  006  015  010  002  000  000  000  004  004  000  000  000  004 
 003  008  017  020  016  010  008  006  004  004  001  002  000  000  000  018 
 003  006  010  007  002  001  004  008  010  012  011  006  000  000  000  020 

Celda9

 000  006  011  008  002  000  000  000  000  000  004  015  015  000  000  000 
 004  001  000  000  002  001  000  000  000  000  016  027  014  006  004  003 
 004  004  000  000  000  002  001  000  000  001  031  034  016  016  020  015 
 003  001  000  000  000  003  008  009  013  021  047  039  018  016  018  016 
 001  000  000  000  006  002  012  020  024  030  046  034  015  011  006  006 
 000  000  000  006  012  012  015  016  017  021  031  021  011  009  006  004 
 000  000  002  010  010  017  018  003  006  014  020  012  010  007  006  005 
 000  000  006  014  005  014  024  008  000  017  019  010  007  000  000  000 
 000  000  007  013  004  012  021  012  010  019  018  006  000  000  000  000 
 000  000  006  010  010  016  014  008  016  026  015  000  000  000  000  000 
 000  002  006  013  018  018  009  004  016  028  018  000  000  000  000  000 
 000  000  006  016  019  015  006  003  015  026  018  000  000  000  000  000 
 006  009  003  012  016  013  008  006  016  023  014  002  000  000  000  000 
 014  021  018  005  008  010  012  012  016  018  009  002  000  000  000  000 
 025  014  015  011  002  001  012  018  016  012  006  004  000  000  000  000 
 022  000  000  000  000  000  006  016  013  008  008  010  006  000  000  000 

Celda10

 014  020  012  004  000  000  000  002  007  010  006  004  000  010  036  026 
 009  008  006  006  000  000  000  001  006  007  003  002  002  002  040  037 
 003  002  000  006  007  000  000  004  008  005  002  009  020  025  056  056 
 008  002  000  000  012  004  000  002  004  004  010  018  029  042  065  061 
 008  004  000  000  012  010  000  000  004  002  010  012  008  020  028  025 
 006  001  000  004  005  004  000  004  010  001  000  000  000  010  014  018 
 005  004  006  010  006  000  000  016  023  005  000  000  000  004  012  015 
 004  008  008  002  000  000  010  044  035  010  000  000  000  006  010  002 
 000  000  000  000  000  000  033  050  018  000  000  000  000  013  016  004 
 000  000  000  000  000  008  033  025  000  000  000  000  000  016  032  040 
 000  000  000  000  000  013  026  012  000  000  000  000  009  037  077  075 
 000  000  000  001  005  009  016  005  000  000  000  002  016  068  104  072 
 000  000  000  001  006  004  006  001  000  001  004  007  020  087  100  045 
 000  000  000  004  003  004  004  001  002  004  002  010  041  096  077  016 
 000  002  006  012  018  017  016  013  008  001  000  004  047  064  027  000 
 002  011  020  028  029  024  020  019  014  006  001  000  028  029  011  000 

Celda11

 037  051  043  030  014  004  005  004  000  000  000  000  000  000  000  008 
 042  052  039  015  000  000  000  010  017  012  000  000  000  000  006  022 
 060  053  023  000  000  000  003  020  025  021  009  000  000  006  016  024 
 066  044  006  000  000  000  017  030  009  006  010  016  013  014  016  012 
 046  025  000  000  006  015  028  016  000  000  004  022  030  026  020  016 
 050  030  000  004  024  024  012  000  000  000  010  018  026  031  026  019 
 050  046  018  028  029  009  000  000  003  020  029  021  020  021  024  016 
 042  066  049  030  001  000  000  012  023  031  031  025  022  018  019  019 
 038  074  060  014  000  000  001  014  012  013  019  020  014  010  005  006 
 063  067  047  015  000  000  008  010  000  005  016  011  000  000  000  000 
 055  035  026  019  003  000  005  008  000  006  014  006  000  000  000  001 
 023  007  015  018  007  000  000  003  003  008  009  004  000  000  013  022 
 013  000  012  017  009  000  002  000  002  006  006  008  008  017  022  014 
 008  003  006  017  016  009  011  010  000  000  006  014  018  012  004  000 
 000  000  000  014  020  015  003  002  000  000  004  021  024  010  000  000 
 000  000  004  006  012  016  010  000  000  000  002  026  027  006  000  000 

Celda12

 018  011  009  018  030  040  045  048  047  041  027  008  000  000  000  000 
 018  002  000  001  011  024  034  042  048  054  051  036  018  006  000  000 
 011  003  000  000  009  011  012  014  027  033  044  046  042  036  024  012 
 001  003  006  009  022  020  010  002  012  014  011  022  030  035  034  030 
 013  011  009  011  023  020  014  013  010  016  002  002  010  016  024  034 
 016  008  011  012  015  011  007  017  019  020  002  001  007  014  022  026 
 000  000  006  012  011  011  008  007  009  004  001  006  015  023  026  023 
 010  001  006  005  007  016  013  002  000  000  000  003  010  016  018  018 
 010  008  006  004  004  014  008  002  000  000  002  011  004  002  007  014 
 004  014  010  000  004  011  003  000  000  002  008  019  008  004  006  014 
 012  017  016  006  000  008  005  000  000  000  011  021  014  013  012  009 
 016  010  010  006  000  000  006  005  000  000  007  018  015  013  014  008 
 002  000  000  002  000  000  004  012  005  000  004  020  023  008  006  002 
 002  000  000  002  002  000  000  017  014  006  012  028  025  000  000  000 
 010  002  000  000  000  000  000  018  024  016  021  026  011  000  000  000 
 012  005  000  000  000  000  000  016  028  026  024  018  000  000  000  000 

Celda13

 005  004  000  001  006  006  006  000  000  000  008  004  000  000  000  007 
 000  003  000  000  000  000  000  000  002  004  007  000  000  000  007  018 
 005  000  000  000  000  000  004  008  012  014  016  014  018  019  027  032 
 027  019  007  000  000  002  019  021  016  014  015  021  026  030  028  022 
 038  036  026  015  008  012  021  016  011  008  004  009  010  005  000  000 
 030  036  040  036  027  015  010  007  002  002  000  005  006  000  000  000 
 020  026  035  038  036  026  013  009  002  002  002  003  000  000  000  000 
 020  022  026  030  036  036  032  026  020  015  012  006  000  000  000  000 
 022  019  018  025  033  036  039  041  039  034  026  012  000  000  000  000 
 011  004  002  009  018  026  032  034  034  036  036  032  024  019  014  006 
 002  000  000  000  000  008  016  018  016  020  032  042  046  046  042  033 
 002  004  004  002  000  000  000  004  005  008  018  028  036  047  060  066 
 000  000  000  000  000  000  004  000  003  004  007  006  010  021  038  050 
 000  000  000  000  000  000  006  002  000  004  000  000  000  000  003  004 
 000  000  000  000  000  000  006  006  000  000  000  000  000  010  006  000 
 000  005  000  000  000  000  006  011  008  000  000  000  016  030  030  028 

Celda14

 015  023  019  009  004  000  000  000  002  002  002  008  024  032  033  030 
 026  029  017  006  004  004  001  000  004  007  012  025  033  031  032  032 
 027  020  004  000  000  001  000  000  004  010  021  028  022  017  019  014 
 007  004  000  000  000  000  000  000  003  009  016  009  002  006  008  004 
 000  000  000  000  000  000  000  002  010  012  004  000  000  005  000  000 
 000  000  000  004  004  000  000  005  010  012  000  000  003  004  000  000 
 003  000  000  010  012  013  015  013  012  004  000  000  006  005  001  003 
 006  006  011  026  027  018  008  003  000  000  000  000  006  010  007  016 
 004  016  041  046  029  011  002  000  000  000  000  000  004  014  007  008 
 011  046  065  043  015  006  002  000  000  004  001  008  013  012  007  006 
 035  059  048  014  000  000  005  012  008  005  016  020  015  002  000  010 
 055  047  017  001  000  002  009  018  021  014  020  011  000  000  000  010 
 046  029  008  000  000  012  021  014  018  014  005  002  000  000  000  010 
 010  020  024  020  016  025  021  006  000  000  000  000  000  000  003  019 
 003  014  023  029  028  021  004  000  000  000  000  000  004  008  017  024 
 020  010  006  010  012  009  001  000  000  000  002  002  006  013  021  024 

Celda15

 030  026  008  000  000  006  022  028  019  011  001  000  011  049  072  000 
 027  014  000  000  000  015  029  027  011  001  000  004  013  048  073  000 
 007  000  000  000  000  020  030  022  006  000  000  010  014  044  070  000 
 000  000  000  000  000  021  030  026  012  000  000  010  010  037  070  000 
 000  000  000  000  006  018  028  030  019  001  000  002  000  032  074  000 
 000  006  000  006  018  028  034  036  020  000  000  000  000  030  080  000 
 006  014  009  010  020  026  027  024  012  000  000  000  000  032  084  000 
 019  015  009  014  021  020  012  014  006  000  000  000  000  036  086  000 
 012  008  000  012  020  013  002  004  002  000  000  000  001  041  089  003 
 002  004  002  013  018  004  000  000  000  000  000  005  006  044  090  003 
 009  000  003  006  012  006  000  000  000  002  009  010  002  042  089  000 
 014  004  001  000  001  006  002  000  000  009  015  008  000  042  090  000 
 016  011  003  000  000  006  004  000  000  010  011  006  004  047  092  002 
 023  017  003  000  000  007  005  004  013  017  002  000  008  054  096  003 
 020  010  000  002  006  009  007  010  020  018  012  004  008  060  100  003 
 018  007  003  004  004  001  007  014  018  012  008  004  002  063  104  001 

Celda16

 002  002  000  000  000  000  000  002  011  016  015  010  004  005  004  007 
 001  003  006  004  000  000  000  001  010  005  004  000  000  000  000  000 
 000  002  006  008  003  000  000  002  002  000  000  000  000  000  000  000 
 000  000  000  000  000  000  000  000  000  001  000  000  000  000  000  000 
 000  000  000  000  000  000  000  000  000  004  000  000  000  000  000  002 
 000  000  000  000  000  000  008  010  004  000  000  000  001  002  000  000 
 000  000  000  000  010  006  015  014  006  000  000  000  000  006  009  004 
 000  000  000  000  024  017  005  000  000  000  000  000  000  005  012  006 
 000  000  000  000  030  021  004  000  000  000  000  004  014  006  005  005 
 002  003  000  000  022  023  006  000  000  000  000  007  024  015  008  014 
 004  010  018  014  006  020  012  002  002  012  012  010  023  020  000  001 
 003  009  022  032  028  031  027  023  017  015  018  018  026  014  000  000 
 002  005  012  020  020  023  028  020  007  003  008  018  023  007  000  000 
 001  003  008  012  012  006  010  006  000  003  005  010  006  003  000  000 
 000  000  002  008  011  006  004  008  002  007  006  000  000  000  000  000 
 000  000  000  000  002  005  002  008  006  000  002  000  000  000  000  000 

Celda17

 010  000  000  000  000  000  000  011  008  006  013  020  012  000  000  010 
 000  002  000  000  000  000  000  006  004  004  016  028  020  009  012  014 
 000  004  002  000  000  001  010  008  000  004  016  029  024  008  000  000 
 000  000  002  000  003  004  004  000  000  004  014  020  020  005  000  000 
 000  000  000  002  000  000  000  000  000  004  011  010  012  003  000  009 
 000  000  000  006  000  000  000  002  000  004  012  009  007  000  000  017 
 000  000  000  004  000  000  000  008  002  003  012  012  006  000  000  020 
 000  000  000  000  000  000  001  011  004  001  004  011  012  000  010  028 
 001  000  000  000  000  000  010  017  011  006  002  006  020  024  031  039 
 018  016  012  012  021  018  024  027  018  011  010  007  022  029  024  018 
 002  005  011  017  021  013  018  019  006  002  000  000  012  028  022  009 
 000  000  002  011  013  008  012  010  002  000  000  000  004  024  028  016 
 004  013  018  019  018  014  015  011  008  012  012  009  006  026  033  025 
 004  015  018  015  008  005  008  009  010  012  016  018  018  031  029  020 
 003  008  000  000  000  000  008  008  006  004  007  016  020  023  020  014 
 009  007  000  000  000  002  012  014  006  008  013  021  024  018  016  014 

Celda18

 017  022  021  017  016  011  003  006  005  006  008  008  018  013  002  004 
 008  006  010  010  016  018  006  000  000  000  000  003  025  021  010  000 
 000  004  006  004  012  020  010  000  000  000  000  001  024  011  001  000 
 006  013  010  000  002  012  008  000  000  000  000  010  033  014  000  000 
 019  020  011  000  000  000  000  000  000  000  000  020  038  012  000  006 
 025  018  006  000  000  000  000  000  000  000  000  035  045  012  000  012 
 025  014  004  000  000  000  000  000  000  000  012  050  051  015  008  019 
 027  018  016  012  011  007  004  000  000  000  022  057  052  014  001  014 
 035  029  025  015  018  018  011  002  000  000  020  060  054  022  013  027 
 015  015  014  005  010  009  000  000  000  000  020  064  056  025  024  037 
 010  018  021  009  007  000  000  000  000  000  025  071  062  027  023  031 
 017  030  031  009  000  000  000  000  000  000  029  071  061  029  026  029 
 020  020  018  000  000  000  000  000  000  005  041  080  064  031  027  031 
 014  011  006  000  000  000  000  000  007  028  063  088  060  024  020  026 
 008  001  000  000  000  000  000  000  027  050  074  081  048  016  016  027 
 002  000  000  000  000  000  000  000  038  054  068  070  044  020  019  028 

Celda19

 006  002  010  010  000  008  010  000  000  000  002  031  026  000  000  000 
 012  014  008  001  000  000  006  004  000  000  010  030  020  000  000  000 
 006  016  012  000  000  000  002  008  002  000  012  022  014  000  000  002 
 007  021  026  012  012  008  003  008  006  003  011  018  010  000  000  004 
 022  045  044  022  021  020  017  016  012  005  008  012  008  005  006  000 
 034  044  026  002  008  016  022  019  014  010  006  004  008  012  004  000 
 031  036  024  009  000  010  016  015  013  014  012  006  007  010  000  000 
 026  023  020  020  014  012  010  010  009  012  011  010  004  000  000  000 
 037  029  022  029  027  011  006  006  004  002  000  000  000  000  000  001 
 036  021  015  024  020  004  000  004  004  000  000  000  000  000  001  008 
 022  010  008  017  014  005  006  001  006  001  000  003  011  012  011  010 
 020  010  010  010  006  008  014  008  000  000  000  003  010  016  014  012 
 025  020  018  011  005  009  014  008  000  000  000  010  008  004  004  000 
 023  021  014  007  011  019  013  002  000  000  000  014  015  000  000  000 
 026  018  003  001  010  014  006  002  000  000  000  014  016  003  000  015 
 028  014  000  001  013  013  002  000  000  000  000  010  016  014  025  029 

Celda20

 003  002  000  000  000  000  000  015  028  030  026  015  002  000  000  000 
 000  000  000  000  000  000  001  019  030  033  024  013  000  005  007  006 
 006  002  000  000  000  004  020  033  038  036  018  010  003  000  005  007 
 002  000  000  000  002  023  041  042  041  037  012  000  004  000  000  000 
 000  000  000  004  025  043  046  031  027  029  012  005  000  000  000  002 
 000  000  004  010  027  035  028  011  010  016  003  008  011  013  015  015 
 000  000  000  002  012  022  019  005  003  010  000  000  004  008  011  018 
 000  006  000  000  010  018  018  010  006  007  000  000  000  001  000  005 
 003  009  001  002  022  032  020  006  008  006  000  000  000  000  008  012 
 014  019  016  022  039  035  011  000  004  008  000  000  000  002  017  023 
 016  025  025  026  029  013  000  000  004  009  000  000  000  006  020  021 
 012  013  009  005  008  002  000  000  013  017  003  000  000  010  020  014 
 002  002  000  002  004  000  000  008  027  018  004  000  000  013  018  000 
 002  004  007  011  006  000  002  015  019  002  000  000  000  010  012  000 
 022  023  027  025  017  009  008  014  008  000  000  002  004  000  000  000 
 021  019  024  019  016  014  010  013  006  002  002  004  004  000  000  000 

Celda21

 000  013  000  000  000  000  007  014  008  000  000  002  023  022  022  032 
 002  013  008  008  010  004  002  009  002  000  001  021  014  012  006  000 
 006  016  019  009  009  006  000  000  000  014  032  026  007  000  006  000 
 006  018  019  003  002  000  000  000  007  044  048  013  004  000  000  000 
 008  021  018  001  000  000  000  000  025  055  034  006  011  016  017  015 
 014  029  021  008  000  000  000  000  036  044  026  015  018  026  033  036 
 023  029  010  004  000  000  000  012  034  036  034  022  014  021  030  033 
 016  010  000  000  000  000  000  038  044  031  030  028  018  017  011  008 
 005  002  000  000  000  000  019  061  056  029  010  026  030  015  000  000 
 008  006  000  000  000  004  040  060  045  017  005  016  024  012  002  000 
 001  000  000  005  021  032  049  050  024  002  003  000  006  009  014  006 
 000  000  000  000  028  044  053  051  024  008  008  006  001  006  017  008 
 000  000  000  007  041  049  053  051  033  026  021  020  022  017  010  002 
 000  000  016  062  072  055  046  040  033  029  026  026  030  028  018  006 
 000  000  061  092  071  037  030  025  021  020  018  018  024  028  026  020 
 000  027  076  078  042  008  006  006  006  008  008  006  011  013  021  024 

Celda22

 026  013  004  001  000  002  004  006  006  004  007  005  006  007  010  019 
 008  012  010  007  007  010  014  019  020  018  016  012  005  000  005  018 
 000  006  012  017  025  032  030  025  020  016  018  016  006  000  006  022 
 000  011  025  034  040  034  028  022  016  010  017  015  013  008  008  019 
 020  030  032  036  027  014  009  014  020  020  024  018  023  031  036  030 
 034  037  028  014  006  000  002  012  024  030  029  022  027  041  054  048 
 034  036  018  005  001  006  012  016  018  021  018  013  018  037  041  040 
 013  017  014  012  016  020  020  014  009  005  001  002  024  035  026  019 
 008  008  000  008  020  024  022  019  013  006  004  018  045  045  026  016 
 005  011  005  000  006  012  016  020  019  016  016  034  051  040  020  014 
 000  009  014  013  006  002  006  010  014  018  020  033  038  020  001  000 
 000  008  018  020  012  003  006  008  009  012  017  028  028  013  001  003 
 002  012  020  021  013  004  002  004  005  008  012  023  022  013  008  012 
 006  012  016  016  011  009  010  000  002  010  016  019  015  008  006  012 
 012  003  006  011  012  012  014  007  005  018  020  017  011  006  007  012 
 019  008  000  010  016  011  012  016  020  021  016  014  013  010  008  006 

Celda23

 018  010  004  000  000  000  010  012  012  005  000  001  000  062  106  000 
 016  006  002  000  002  002  008  012  014  006  000  002  008  060  102  000 
 016  001  005  008  014  021  025  028  031  013  004  006  017  065  104  005 
 018  000  000  002  018  033  035  042  043  025  018  018  024  061  098  008 
 011  000  000  002  026  034  026  034  034  026  026  024  021  052  087  004 
 036  022  012  012  027  021  010  018  017  010  013  013  010  045  086  008 
 048  050  044  030  021  016  012  012  008  000  000  000  000  038  083  005 
 026  034  039  039  030  020  012  005  000  000  000  000  000  040  086  000 
 010  010  018  032  042  038  022  006  000  000  000  000  000  041  090  000 
 008  006  010  022  032  040  038  030  024  014  002  000  000  042  092  000 
 002  005  013  026  027  028  037  040  039  034  024  011  001  042  094  000 
 008  014  026  031  027  020  024  028  031  035  036  030  020  041  091  000 
 016  020  021  018  014  007  006  009  012  018  022  024  026  052  105  017 
 014  007  000  004  006  002  000  000  000  000  005  012  021  059  111  030 
 010  002  000  001  004  002  000  000  000  000  000  002  006  041  086  009 
 000  000  000  000  004  002  000  000  000  000  000  000  000  032  078  000 

Celda24

 000  000  000  000  000  000  000  002  008  005  000  003  000  000  000  010 
 000  001  004  005  004  002  000  000  011  014  009  012  018  024  024  025 
 002  004  009  010  007  004  000  000  017  028  019  016  022  026  024  018 
 001  003  008  010  008  003  000  002  024  036  021  011  010  004  002  007 
 001  002  006  008  007  005  007  014  031  032  015  001  000  000  000  020 
 001  001  000  000  005  012  018  022  024  018  014  000  000  006  016  037 
 000  000  000  000  008  019  023  022  017  014  017  009  009  015  029  032 
 001  002  003  004  013  016  022  022  022  022  031  025  019  018  028  014 
 001  003  004  000  010  006  011  016  019  021  029  025  018  015  018  004 
 000  000  000  000  012  014  000  007  011  007  010  010  008  010  004  000 
 000  000  000  000  016  022  011  014  010  004  001  009  000  002  000  000 
 000  000  001  004  028  038  028  019  010  006  005  012  004  000  000  000 
 000  000  002  004  023  032  023  007  002  001  006  015  002  000  000  002 
 000  000  000  001  014  028  021  000  000  000  008  007  000  000  002  002 
 000  000  000  001  009  022  021  000  000  005  011  002  000  002  005  002 
 000  000  000  001  011  018  014  000  001  013  007  000  000  000  000  000 

Celda25

 027  017  008  000  000  004  012  023  018  016  021  023  016  014  007  002 
 025  014  020  023  019  011  013  029  028  017  015  008  000  004  008  004 
 017  010  017  026  026  020  020  030  024  013  007  002  000  002  007  010 
 018  014  010  010  014  020  023  023  017  015  000  000  000  006  007  000 
 030  020  011  004  008  019  022  016  013  010  000  000  000  004  006  000 
 034  018  015  011  021  026  018  016  014  006  000  002  006  008  005  000 
 018  006  014  016  026  025  018  020  022  017  013  014  016  014  011  004 
 000  004  010  014  019  018  010  015  016  014  012  016  016  014  005  000 
 000  011  004  009  007  008  000  003  000  000  000  008  006  004  000  000 
 000  012  002  002  001  000  001  004  000  000  000  014  009  000  000  002 
 000  008  002  000  000  000  000  002  000  000  000  017  015  000  010  021 
 004  004  000  000  000  000  000  000  000  000  000  012  016  000  004  013 
 004  000  000  000  000  000  000  000  002  006  005  001  012  007  000  000 
 000  000  000  000  000  000  002  007  008  006  004  003  011  006  000  000 
 000  000  000  000  000  004  000  006  004  000  000  003  018  006  000  000 
 000  000  000  000  002  010  010  002  000  000  000  009  011  000  000  000 

Celda26

 000  000  000  000  000  000  000  010  041  048  061  067  048  028  025  033 
 000  000  000  000  000  000  000  014  041  050  067  071  046  022  022  031 
 006  000  000  000  000  000  000  018  046  061  078  069  032  005  011  027 
 002  003  006  008  002  000  000  038  060  071  076  049  016  006  015  029 
 000  001  006  010  009  009  020  062  069  070  061  025  010  016  032  032 
 002  007  011  011  011  018  043  071  065  061  050  018  011  034  039  022 
 000  005  008  004  000  008  045  062  050  047  042  014  007  032  028  006 
 000  002  000  000  000  000  046  054  036  033  033  005  000  027  026  001 
 000  006  000  000  000  008  053  051  028  029  033  006  004  018  021  000 
 008  012  000  000  000  022  055  040  023  035  038  014  014  022  016  000 
 026  015  000  000  000  046  061  040  033  043  034  013  014  019  010  000 
 011  000  000  000  030  076  074  054  048  045  024  005  007  015  010  006 
 000  000  000  000  051  074  066  051  042  033  012  000  004  016  010  013 
 000  000  000  010  046  056  052  041  024  011  000  000  007  018  002  004 
 000  000  000  014  046  062  063  043  014  010  006  008  013  010  000  000 
 000  000  014  053  077  084  071  038  007  010  014  013  006  000  000  000 

Celda27

 025  009  002  013  018  006  003  000  000  003  006  003  016  024  027  012 
 027  022  031  036  021  008  000  000  000  005  008  004  010  028  025  005 
 031  036  042  028  010  002  002  004  006  008  009  003  000  028  028  006 
 029  028  025  007  001  002  011  010  012  016  016  010  000  024  032  010 
 020  011  008  000  010  019  023  016  014  016  018  021  020  024  034  022 
 004  002  008  009  018  024  018  011  008  005  007  018  024  014  031  033 
 000  002  012  020  019  010  006  000  000  000  000  000  008  006  022  034 
 000  008  018  022  014  000  000  000  000  000  000  000  000  000  012  030 
 000  012  024  022  010  000  000  000  000  000  000  000  000  000  007  028 
 000  010  026  022  004  000  000  000  000  000  000  000  000  000  008  028 
 000  009  022  016  001  000  000  000  000  004  000  000  012  017  015  020 
 002  011  012  006  001  000  000  000  002  008  006  012  017  014  002  006 
 011  005  000  000  000  000  000  000  023  028  019  009  000  000  000  004 
 003  000  000  000  001  004  011  030  035  016  000  000  000  000  000  014 
 000  000  006  016  032  040  034  022  008  000  000  000  000  008  010  031 
 000  011  024  034  038  026  008  000  000  000  000  015  025  024  022  035 

Celda28

 000  002  010  006  003  008  008  006  004  000  003  002  000  000  000  000 
 000  002  012  011  000  000  000  000  004  000  000  000  000  000  000  004 
 000  001  012  012  000  000  000  000  007  002  000  000  000  000  000  040 
 000  006  007  004  000  000  000  002  012  000  000  000  000  000  028  065 
 019  021  014  004  000  000  000  007  009  000  000  000  000  002  063  064 
 024  016  012  008  002  000  000  004  000  000  000  000  000  032  065  031 
 010  000  000  000  000  000  000  000  000  000  000  000  015  051  040  011 
 006  000  006  000  000  000  000  000  000  000  000  000  049  054  016  000 
 005  000  012  000  000  000  000  000  000  000  004  041  070  042  002  000 
 008  001  008  000  000  000  000  000  000  000  023  059  056  021  006  002 
 006  000  000  000  000  000  000  000  000  004  036  048  031  008  006  004 
 002  000  000  000  000  000  000  000  000  024  049  040  020  004  008  010 
 004  004  009  009  005  000  000  000  000  051  061  038  020  007  010  013 
 028  018  010  000  000  000  000  000  039  071  055  029  018  009  008  010 
 039  014  000  000  000  000  000  011  060  057  033  020  015  003  000  000 
 035  006  000  000  000  000  000  032  048  030  018  021  016  000  000  000 

Celda29

 002  039  060  052  025  001  000  000  000  002  006  004  004  000  006  016 
 031  040  049  046  019  000  000  000  000  000  008  010  001  000  000  002 
 042  034  045  037  014  000  000  000  000  000  007  008  001  000  006  000 
 037  020  030  026  012  000  000  000  004  000  000  000  000  000  006  000 
 013  004  014  019  010  000  000  000  003  000  000  000  000  000  006  000 
 000  000  010  014  006  000  000  001  000  000  000  000  000  000  008  005 
 000  000  012  013  004  000  000  001  000  000  000  000  000  009  021  011 
 000  005  014  020  007  000  000  000  002  000  000  000  000  010  014  000 
 004  006  017  024  009  000  000  000  003  000  000  000  000  007  014  005 
 002  004  016  020  008  000  000  000  005  000  000  000  000  002  017  016 
 003  008  011  010  005  000  000  002  006  001  000  000  000  000  018  020 
 013  015  012  010  004  000  001  006  007  003  000  003  007  009  015  012 
 018  010  000  006  005  006  008  018  017  008  005  007  009  008  007  002 
 008  000  000  011  017  017  023  028  016  006  004  006  008  006  005  002 
 000  000  000  018  040  032  023  016  004  000  000  000  003  006  008  008 
 000  000  005  033  044  017  000  000  000  000  000  001  004  006  007  010 

Celda30

 018  014  008  009  018  009  008  020  026  014  003  004  008  010  005  000 
 007  010  010  002  013  008  008  023  028  012  000  000  002  000  000  000 
 000  000  004  000  004  004  010  024  026  009  000  000  002  000  000  000 
 000  000  008  011  005  000  008  021  020  006  000  000  000  002  000  000 
 001  011  016  016  012  005  000  010  010  008  000  000  000  006  003  000 
 014  015  006  002  000  000  004  001  000  006  001  000  001  008  002  000 
 006  004  000  000  000  000  002  003  002  000  000  000  008  014  021  030 
 000  000  000  000  000  002  000  000  000  000  000  000  014  026  036  042 
 000  000  000  000  004  002  000  000  000  003  011  016  025  029  026  021 
 001  000  000  000  004  005  010  016  018  022  023  024  023  017  014  013 
 002  000  000  000  005  019  029  030  024  014  016  014  012  006  002  002 
 001  000  002  000  004  024  023  009  002  000  006  006  004  008  007  004 
 000  004  008  000  004  017  008  000  000  000  007  012  005  008  012  016 
 000  007  011  000  002  014  008  000  000  002  006  012  012  010  010  017 
 008  016  015  004  004  014  007  002  010  013  013  016  014  008  003  008 
 016  018  012  008  012  016  007  004  010  015  017  022  016  004  002  008 

Celda31

 000  000  000  004  012  009  004  000  000  000  000  000  000  033  082  000 
 000  000  000  006  011  004  000  000  000  000  000  000  012  060  105  021 
 000  000  000  009  010  000  000  000  005  020  031  040  046  083  105  025 
 000  000  000  010  008  000  000  017  044  057  057  052  044  057  073  009 
 000  000  005  027  027  023  037  065  064  046  026  017  011  024  053  003 
 002  014  039  061  050  040  050  053  029  006  000  000  000  018  052  005 
 040  047  057  056  028  014  012  010  000  000  000  000  000  023  054  003 
 037  025  023  024  006  000  000  006  002  000  000  002  002  029  058  003 
 004  000  006  018  008  000  002  008  006  000  004  006  008  032  056  002 
 000  000  005  019  012  004  006  011  010  004  004  008  004  022  050  000 
 000  000  004  018  013  004  006  015  020  014  003  006  004  018  053  002 
 004  006  004  008  008  002  004  016  026  026  014  002  010  034  067  013 
 024  028  025  015  008  002  000  010  024  030  024  009  012  044  068  018 
 028  022  019  017  018  016  010  000  012  027  034  024  014  038  057  013 
 013  002  002  006  018  020  018  010  001  022  038  030  018  032  045  000 
 012  002  004  008  028  024  028  028  024  030  031  024  018  036  050  000 

Celda32

 000  000  000  002  012  013  006  000  006  016  000  000  000  000  000  000 
 000  000  000  000  009  008  000  000  004  014  002  000  000  000  000  000 
 000  000  000  000  010  004  000  000  000  009  005  000  000  000  004  000 
 000  000  000  000  011  000  000  000  000  005  008  000  000  000  010  005 
 001  002  004  000  008  000  000  003  006  005  011  003  002  002  011  007 
 002  004  004  000  002  000  005  005  008  012  020  008  006  004  008  008 
 000  000  000  000  000  008  015  004  002  011  012  002  002  002  001  010 
 000  000  000  000  008  020  016  000  000  006  002  000  000  000  000  011 
 000  000  000  000  014  022  007  000  002  005  000  000  000  000  000  008 
 000  000  000  000  011  014  002  000  004  005  002  000  000  000  000  002 
 000  000  000  000  006  004  000  000  006  006  002  002  000  000  002  000 
 000  000  000  000  009  003  002  002  004  004  000  002  008  004  000  000 
 000  000  000  000  020  016  013  016  015  006  000  000  010  004  000  000 
 000  000  000  000  032  024  016  018  018  013  004  000  008  002  000  000 
 000  000  001  004  040  026  016  017  012  011  006  002  011  013  012  010 
 000  000  000  004  043  027  017  014  006  008  014  018  031  032  022  020 

Celda33

 000  000  000  000  000  012  016  003  000  000  000  011  006  000  000  000 
 000  000  000  003  004  006  014  006  000  000  003  012  005  002  000  000 
 001  000  002  004  010  008  004  002  000  000  007  008  000  000  000  000 
 006  006  009  012  009  009  004  000  000  006  007  000  000  000  000  000 
 004  009  014  012  003  002  002  000  000  006  001  000  000  000  000  000 
 004  008  009  004  001  000  002  004  004  004  000  000  000  000  000  000 
 005  002  000  000  000  006  006  000  000  001  000  000  000  000  000  000 
 010  000  000  000  004  004  003  000  000  003  000  000  000  000  000  007 
 012  000  000  001  008  003  000  000  000  004  000  000  000  000  004  025 
 008  008  000  002  000  000  000  000  000  002  000  000  000  000  018  034 
 000  014  008  000  000  000  000  000  000  000  000  000  000  010  018  039 
 000  010  008  000  000  000  000  000  000  000  000  000  000  018  020  045 
 000  002  004  000  000  002  002  000  000  000  000  000  018  027  023  040 
 000  000  002  001  003  009  008  002  000  000  000  002  042  039  026  035 
 009  018  021  015  008  002  004  000  000  000  000  021  059  047  028  035 
 018  022  017  011  006  000  000  000  000  000  000  038  072  053  028  031 

Celda34

 000  000  032  068  072  065  045  025  001  000  000  000  000  002  010  020 
 000  000  036  051  038  024  027  020  002  000  000  006  007  025  036  033 
 000  000  037  052  028  012  018  016  000  000  005  024  031  030  012  000 
 000  004  032  050  026  008  016  014  000  000  011  032  030  010  000  000 
 000  003  026  043  023  009  016  016  008  008  010  028  024  000  000  000 
 016  018  032  038  026  025  029  031  031  018  012  028  016  000  000  004 
 022  035  057  054  043  043  040  041  040  021  018  039  023  005  000  012 
 046  068  071  050  037  038  037  040  035  018  018  036  020  017  018  020 
 061  073  061  040  030  030  031  032  023  012  014  021  015  018  030  027 
 065  067  044  028  022  021  026  027  016  004  008  006  011  006  018  021 
 068  057  025  016  018  019  024  026  019  004  004  000  008  006  000  002 
 062  044  021  016  022  032  040  035  022  008  000  000  002  010  002  000 
 046  037  031  031  038  046  042  026  011  002  000  000  000  010  004  000 
 043  042  036  031  034  034  022  010  002  000  000  000  000  006  007  000 
 047  043  027  016  017  018  014  005  000  002  000  004  004  000  008  000 
 042  035  017  010  012  016  014  002  000  002  007  000  000  000  008  000 

Celda35

 027  027  020  010  000  000  000  000  002  012  020  028  028  022  024  028 
 022  006  000  000  000  000  000  003  012  021  025  023  021  014  015  007 
 000  000  000  000  000  002  006  006  005  014  019  013  013  003  000  000 
 000  000  000  000  010  007  001  000  005  018  020  010  008  000  000  000 
 000  004  007  004  015  011  000  004  024  034  028  015  008  000  000  000 
 008  005  007  013  033  025  014  021  042  041  029  012  001  000  000  000 
 011  005  009  024  044  031  024  030  044  033  013  002  000  000  000  000 
 014  012  022  027  031  019  018  024  032  016  000  000  000  000  000  000 
 020  017  021  014  012  007  004  008  010  004  000  000  000  000  000  000 
 014  006  010  010  010  008  000  000  002  000  000  000  000  000  000  010 
 002  000  004  008  008  007  000  000  000  000  000  000  000  000  000  038 
 000  000  000  006  009  004  000  000  000  000  000  000  000  000  027  062 
 000  000  000  005  010  000  000  000  000  000  000  000  000  032  064  060 
 000  000  000  004  008  000  000  000  000  000  000  000  012  063  073  044 
 000  000  000  002  002  000  000  006  008  000  000  000  029  075  061  019 
 000  000  000  003  002  004  013  011  005  000  000  000  050  071  031  000 

Celda36

 023  000  000  000  000  000  020  041  035  021  020  026  017  002  000  000 
 003  000  000  000  000  021  039  033  023  020  025  024  009  000  002  000 
 000  000  000  000  000  030  025  014  014  020  024  014  001  000  000  000 
 000  000  000  000  018  027  012  014  021  023  020  010  000  000  000  000 
 000  000  000  009  037  026  017  026  024  015  009  006  000  000  000  006 
 000  000  000  034  038  020  019  026  014  004  000  002  002  007  017  025 
 000  000  039  053  034  015  016  018  005  001  004  009  019  031  031  027 
 000  045  071  045  022  014  013  007  002  002  014  019  023  026  017  009 
 027  093  063  019  010  013  009  002  002  007  020  018  010  008  006  000 
 077  094  034  008  010  016  010  010  014  018  025  021  010  002  002  004 
 080  062  016  011  014  014  015  026  030  027  028  026  018  015  006  004 
 059  040  022  020  016  010  019  037  037  032  024  023  016  017  012  008 
 038  032  028  018  015  013  026  038  029  020  016  012  010  016  022  020 
 020  025  021  004  008  019  034  030  009  000  000  011  018  020  026  024 
 007  026  020  002  006  026  025  007  000  000  002  023  027  020  018  016 
 008  035  021  004  005  013  002  000  000  000  021  034  024  012  009  009 

Celda37

 004  000  010  030  026  005  000  000  000  000  002  017  016  013  008  016 
 006  008  005  015  019  001  000  000  000  000  012  025  018  013  012  025 
 004  016  009  012  026  016  012  008  006  002  012  022  008  004  010  028 
 017  039  023  017  031  016  006  004  004  004  012  022  006  000  015  020 
 039  051  022  013  018  008  000  000  001  009  019  027  010  006  016  008 
 044  040  011  006  008  008  000  001  008  013  021  025  012  005  005  002 
 033  026  004  006  012  014  008  007  006  012  017  017  004  000  000  000 
 017  023  010  014  017  021  014  010  000  012  015  011  004  001  000  000 
 012  024  016  019  018  019  010  008  006  016  022  012  006  008  010  013 
 016  024  012  007  008  002  000  000  008  026  029  012  002  002  007  017 
 017  022  012  000  000  000  000  000  003  023  023  006  002  004  016  021 
 014  016  012  000  000  000  000  002  002  018  015  004  012  022  032  023 
 012  009  014  000  001  001  008  009  006  014  020  018  023  030  026  013 
 016  008  017  007  006  005  011  006  008  023  033  031  024  014  006  002 
 016  012  017  009  004  002  005  000  008  032  037  027  007  000  000  000 
 011  010  009  005  000  000  002  003  015  029  025  011  000  000  000  008 

Celda38

 021  020  016  018  020  017  012  014  015  016  018  024  018  012  004  012 
 025  020  026  026  020  016  023  029  025  022  018  019  012  013  012  016 
 020  014  021  016  012  012  026  027  021  021  018  014  009  010  012  008 
 005  004  010  005  008  010  022  017  010  012  016  017  016  017  017  010 
 000  004  014  007  008  009  018  014  009  009  013  018  018  018  017  013 
 000  008  018  009  004  006  012  013  007  003  009  012  008  002  000  000 
 006  016  015  006  000  002  007  016  005  000  006  006  000  000  000  000 
 014  021  010  003  004  002  011  023  005  000  005  010  000  000  000  000 
 027  023  005  000  004  012  020  022  004  002  000  006  000  000  000  006 
 023  017  006  002  002  018  020  012  000  006  007  000  000  000  000  006 
 014  002  000  000  000  015  018  011  002  002  004  000  000  000  000  001 
 010  000  000  000  000  008  014  013  013  005  000  000  000  000  000  001 
 009  006  002  000  000  002  006  012  019  010  000  000  000  000  000  000 
 005  010  013  012  015  013  007  006  016  008  000  000  000  000  000  007 
 002  003  004  008  014  012  012  006  007  000  000  000  000  000  000  008 
 000  000  000  000  006  001  000  000  000  000  000  000  000  000  000  000 

Celda39

 018  006  012  023  041  031  030  036  040  042  039  022  011  034  052  000 
 012  004  006  020  028  017  014  024  034  038  039  035  029  039  051  000 
 000  006  005  006  013  010  008  012  016  018  025  034  030  032  050  007 
 000  002  005  006  014  014  014  013  002  000  013  023  010  009  038  004 
 007  002  001  009  024  021  012  013  002  000  013  016  000  002  036  000 
 006  009  009  021  032  013  002  010  004  000  008  010  000  006  042  000 
 000  006  008  019  015  000  000  010  006  000  000  004  000  014  048  000 
 002  000  000  008  003  000  000  010  009  000  000  002  000  020  051  000 
 008  000  000  006  000  000  000  006  008  000  000  004  001  023  052  000 
 010  000  000  004  000  000  000  000  004  000  002  008  002  022  053  000 
 008  005  001  000  000  000  000  000  000  002  004  006  000  023  060  000 
 005  008  001  000  000  000  000  000  000  002  004  001  000  032  072  000 
 009  007  000  000  000  000  000  000  000  000  002  002  002  044  083  001 
 012  000  000  000  000  000  000  000  000  000  007  014  024  069  102  016 
 016  000  000  000  000  000  000  000  017  033  039  038  039  073  098  014 
 008  000  000  000  000  000  005  022  037  043  039  032  032  066  090  011 

Celda40

 000  000  003  007  047  029  016  006  000  007  022  032  041  033  019  016 
 003  006  012  012  044  025  010  004  001  005  015  022  024  013  006  004 
 003  008  014  013  033  018  006  007  012  010  008  004  000  000  000  000 
 000  002  008  012  027  014  012  016  018  014  004  000  000  000  000  000 
 000  000  000  006  020  015  025  024  011  010  006  000  000  000  002  009 
 000  000  000  000  014  019  030  016  000  000  000  000  000  000  006  007 
 000  000  000  000  018  022  019  002  000  000  000  000  000  000  004  007 
 000  000  000  000  023  022  014  000  000  000  000  000  000  000  006  012 
 000  000  000  000  026  018  006  000  000  000  000  000  000  000  006  016 
 002  004  005  000  026  013  000  000  000  000  000  000  000  000  005  015 
 003  008  014  016  036  016  001  000  000  000  000  000  000  000  002  009 
 002  004  009  013  038  014  006  000  000  000  002  004  005  003  000  002 
 001  001  000  000  022  000  000  000  000  001  002  004  005  004  000  000 
 000  000  000  000  016  000  000  000  000  001  000  001  000  002  004  000 
 001  002  001  000  011  000  000  000  000  000  000  000  004  000  000  000 
 002  004  006  002  008  003  000  002  002  000  000  002  006  000  000  000 

Celda41

 014  006  000  000  000  000  000  000  000  000  000  058  078  054  026  026 
 004  000  000  000  000  000  000  000  000  000  030  076  076  044  014  017 
 000  000  000  000  000  000  000  000  000  011  056  083  069  034  010  016 
 003  004  002  000  000  000  000  000  000  007  053  074  058  032  015  020 
 009  010  010  008  002  000  000  000  000  013  050  068  046  023  007  009 
 000  000  000  001  000  000  000  000  000  029  075  078  041  013  000  003 
 000  000  000  000  000  000  000  000  000  055  108  082  035  012  005  002 
 000  000  000  000  000  000  002  018  034  099  120  067  019  005  004  002 
 000  000  000  000  000  000  020  041  069  111  099  042  006  000  000  000 
 002  000  000  000  000  007  035  045  069  087  062  022  008  009  010  006 
 008  000  000  001  016  043  049  048  059  062  038  015  016  016  011  010 
 006  000  000  010  031  051  051  049  052  049  026  010  014  006  000  000 
 000  000  000  010  033  032  034  036  036  032  016  010  010  000  000  000 
 000  000  000  022  024  012  019  022  015  014  012  012  008  001  000  000 
 000  000  017  038  020  008  014  018  012  012  016  008  000  000  000  000 
 000  009  047  049  020  014  015  014  008  008  008  002  000  000  000  000 

Celda42

 038  034  016  008  014  017  013  001  000  000  002  000  000  000  006  002 
 037  036  018  014  015  011  011  001  000  000  000  000  000  000  002  008 
 036  027  008  002  002  002  005  000  000  000  000  004  004  012  014  016 
 032  013  000  000  000  000  004  000  000  000  004  017  027  027  032  028 
 024  005  000  000  000  002  009  006  012  020  021  026  038  046  045  040 
 018  002  000  000  010  014  024  029  030  029  024  027  041  050  040  029 
 012  008  010  022  025  022  028  031  035  036  029  026  036  039  023  007 
 008  021  026  026  024  024  025  027  039  040  025  020  026  027  011  000 
 011  036  034  021  021  023  019  025  040  031  008  008  018  019  002  000 
 024  046  032  015  018  017  016  023  031  016  000  000  012  009  000  000 
 031  048  027  012  017  014  014  021  020  008  000  001  007  006  000  000 
 027  039  018  008  013  010  007  010  008  004  002  000  002  004  000  003 
 021  032  018  006  006  005  001  002  004  004  000  000  002  006  005  000 
 014  030  022  005  002  005  004  002  004  004  000  000  003  011  010  000 
 008  026  021  002  000  007  010  004  003  003  000  000  002  014  014  000 
 008  023  018  000  001  014  016  008  004  000  000  000  004  014  013  000 

Celda43

 000  006  005  005  012  015  005  000  000  000  000  016  063  049  010  000 
 011  016  016  009  011  006  000  000  000  000  000  031  059  027  000  004 
 014  012  014  010  000  001  000  000  000  000  000  045  059  025  012  025 
 018  024  017  013  000  000  000  000  000  000  024  078  074  033  025  039 
 028  026  010  008  004  000  000  000  000  008  068  109  073  026  028  037 
 024  010  000  000  006  001  000  000  000  021  092  097  030  008  021  023 
 008  004  000  004  011  006  000  000  000  031  079  048  000  000  019  013 
 003  006  003  004  008  010  002  000  002  039  060  032  000  000  020  014 
 005  008  000  000  000  003  000  000  008  042  045  023  000  002  018  017 
 000  000  000  000  000  000  000  000  016  042  030  020  015  011  019  022 
 000  000  000  000  000  000  000  000  037  060  033  025  030  026  028  028 
 002  000  000  000  000  000  000  000  051  065  042  040  043  038  036  030 
 000  000  000  000  000  000  000  002  052  059  042  036  036  036  033  027 
 000  000  000  000  000  000  000  010  055  057  037  020  017  025  028  024 
 000  000  000  000  000  000  000  025  065  057  034  016  014  027  031  019 
 000  001  002  000  000  000  000  049  080  057  033  024  026  031  024  006 

Celda44

 020  033  009  000  002  002  000  000  000  015  036  033  016  005  001  000 
 024  028  005  000  002  000  000  000  010  025  030  016  004  000  000  000 
 026  012  002  000  001  000  000  008  014  021  021  010  004  000  000  000 
 025  010  000  000  000  004  012  012  009  014  013  004  007  002  000  000 
 020  016  010  003  002  005  014  012  005  010  008  000  008  008  000  000 
 006  008  010  014  019  016  006  006  004  008  006  000  004  007  000  000 
 000  000  005  010  009  005  002  001  004  008  005  003  006  001  000  000 
 000  000  000  002  000  000  001  007  010  005  002  010  014  004  000  000 
 007  000  000  000  005  010  012  013  011  006  006  017  010  000  000  000 
 013  002  000  004  014  020  018  013  009  010  013  014  000  000  000  003 
 016  006  004  008  016  011  010  006  004  010  013  006  000  000  000  004 
 019  011  005  001  010  002  000  000  006  015  008  002  000  000  004  004 
 018  011  001  000  007  002  000  000  010  012  000  000  000  000  002  000 
 012  005  000  000  000  000  000  007  012  004  000  000  000  000  004  000 
 002  000  000  002  000  000  004  010  011  000  000  000  000  000  005  000 
 000  000  000  006  008  011  014  016  011  002  002  003  002  002  006  000 

Celda45

 002  004  002  002  000  000  007  013  015  018  014  003  000  000  000  013 
 000  002  000  000  000  000  012  009  004  014  013  002  000  002  000  006 
 000  000  000  000  003  012  009  000  001  014  014  004  000  008  007  000 
 000  000  000  000  010  014  004  000  006  018  014  008  008  006  004  000 
 000  000  000  004  023  012  000  002  021  027  015  014  014  001  000  000 
 005  009  010  033  036  020  020  031  039  028  013  016  006  000  000  000 
 004  008  017  038  030  016  022  031  027  008  000  007  000  000  000  000 
 000  000  018  030  017  006  008  012  004  000  000  000  000  000  000  000 
 000  008  025  019  008  004  002  006  001  000  000  000  000  000  000  000 
 003  018  024  007  004  006  000  000  000  000  000  000  000  000  000  000 
 007  017  018  004  000  004  000  000  000  000  000  000  000  000  000  000 
 006  018  015  000  000  000  000  000  000  002  000  000  000  000  000  000 
 002  016  017  000  000  000  000  000  000  008  000  000  000  000  002  012 
 000  010  021  002  000  000  000  000  000  008  000  000  000  006  018  026 
 000  004  025  007  000  000  000  000  000  007  003  000  012  025  019  018 
 000  000  021  008  000  000  000  000  000  010  015  013  019  019  012  014 

Celda46

 000  000  000  000  006  000  000  000  000  000  000  000  000  000  000  000 
 000  000  000  000  003  000  000  000  000  000  000  000  000  000  000  000 
 000  000  000  000  000  000  000  000  000  000  000  000  000  000  007  018 
 000  000  000  000  000  000  000  000  000  000  000  007  015  021  033  041 
 000  000  000  000  002  000  000  000  000  000  002  034  037  027  033  040 
 000  000  000  000  004  000  000  000  000  004  022  049  034  013  020  036 
 000  006  006  001  000  000  000  000  006  017  028  042  022  007  022  048 
 000  002  000  000  000  000  000  007  014  020  022  029  017  016  036  059 
 002  000  000  000  000  000  004  020  014  014  019  024  022  030  044  050 
 002  000  000  000  004  013  018  023  017  017  024  027  032  042  044  036 
 003  002  000  011  025  029  031  034  031  031  032  032  042  052  046  034 
 009  012  013  024  035  036  032  033  034  035  031  028  040  050  043  032 
 024  025  022  024  032  029  020  019  023  022  013  010  025  036  029  019 
 032  029  025  028  032  022  009  006  006  003  000  002  024  031  018  006 
 022  023  028  033  030  014  000  000  001  000  000  000  025  034  021  007 
 018  020  025  023  012  004  000  000  000  000  000  000  022  032  024  012 

Celda47

 000  002  000  000  006  020  027  037  044  041  033  027  031  067  091  018 
 000  014  019  024  030  038  037  043  046  040  033  028  033  070  093  024 
 032  045  041  035  040  039  036  041  043  039  032  025  032  070  087  021 
 047  049  039  037  044  038  032  037  043  039  027  022  036  070  077  017 
 041  036  025  030  042  034  032  037  046  035  023  028  044  064  062  011 
 041  031  020  029  041  030  030  029  034  024  022  033  038  041  038  000 
 056  040  029  033  039  028  022  016  017  018  020  024  012  020  034  000 
 059  034  022  023  030  024  014  014  016  021  018  013  000  009  033  000 
 038  012  004  015  026  020  008  010  014  019  013  004  000  003  033  000 
 022  008  006  018  018  003  000  000  002  008  004  000  000  006  036  002 
 023  013  017  020  005  000  000  000  000  005  002  000  000  014  044  000 
 023  016  017  013  000  000  000  000  000  000  004  000  000  019  051  000 
 012  005  000  005  004  000  006  002  000  000  004  004  000  016  054  000 
 000  000  000  002  010  007  000  000  000  000  000  004  000  016  058  000 
 000  000  000  000  011  016  000  000  000  001  000  000  000  026  068  007 
 000  000  002  006  012  014  000  000  000  000  000  000  000  036  070  000 

Celda48

 001  003  008  010  009  002  000  005  011  012  010  015  014  007  000  001 
 000  001  005  010  007  000  004  015  014  018  017  017  008  001  000  002 
 001  002  006  007  002  000  008  022  009  010  010  007  000  000  000  000 
 000  000  002  000  000  000  013  018  003  000  000  000  000  000  000  012 
 000  000  000  000  000  000  012  008  002  000  000  000  000  000  000  041 
 000  000  000  000  003  013  008  000  006  003  000  000  000  000  019  057 
 000  000  000  004  021  020  012  006  016  006  000  000  000  000  044  046 
 000  000  000  005  027  016  014  011  013  000  000  000  000  022  048  021 
 000  000  000  000  019  002  010  010  005  000  000  000  004  035  028  004 
 000  000  000  000  020  011  000  003  002  000  000  002  025  033  004  000 
 000  000  003  005  012  010  000  000  000  000  000  013  037  019  000  000 
 000  000  000  000  000  000  000  000  000  000  000  011  028  006  000  000 
 000  000  000  000  000  000  000  000  000  000  000  011  012  000  000  000 
 000  000  000  000  000  000  000  000  003  002  002  012  006  000  000  000 
 000  000  000  000  000  008  011  013  014  011  011  004  000  000  000  004 
 000  001  004  009  023  038  036  028  020  016  011  000  000  006  006  006 

Celda49

 012  041  060  043  019  018  024  024  010  000  000  000  000  004  006  002 
 026  053  051  028  012  011  027  023  014  002  000  000  000  015  018  011 
 034  047  035  016  008  003  017  008  006  002  000  003  008  018  020  019 
 044  034  013  000  000  000  014  008  000  006  014  016  012  009  016  018 
 048  014  006  000  000  000  008  010  000  004  018  028  028  020  017  027 
 033  002  000  000  000  000  006  014  006  000  010  019  026  032  029  036 
 004  000  000  000  000  000  010  020  012  000  006  018  014  019  025  023 
 000  000  000  000  000  000  014  026  014  000  001  025  023  008  001  000 
 000  000  000  000  004  002  008  021  016  000  000  024  026  011  000  000 
 002  002  000  000  006  006  000  010  021  007  005  019  020  006  000  000 
 004  000  000  000  000  003  004  011  031  024  012  014  010  001  000  000 
 006  000  000  000  000  005  006  010  033  027  010  009  008  000  000  004 
 002  000  000  004  011  004  000  004  030  024  006  006  003  000  000  004 
 000  000  000  011  011  000  000  000  028  028  008  000  000  000  000  005 
 002  000  006  014  006  000  000  000  020  027  013  002  000  000  000  007 
 008  008  011  008  002  000  000  000  014  024  014  005  002  000  001  008 

Celda50

 007  020  014  001  008  024  023  006  000  000  000  000  010  010  004  000 
 011  010  008  004  018  032  017  000  000  001  000  006  012  000  000  000 
 021  015  004  006  026  033  012  000  000  006  005  008  006  001  000  000 
 021  016  012  011  029  028  009  000  006  013  005  002  002  005  010  004 
 026  010  013  017  028  017  010  004  008  007  000  001  005  002  000  000 
 024  000  002  012  018  012  010  006  005  002  000  002  007  002  000  000 
 011  000  000  004  010  008  008  006  002  000  000  001  005  000  000  000 
 000  000  000  000  006  006  007  008  006  000  000  000  002  000  000  000 
 000  000  000  000  000  000  007  012  012  008  000  000  001  000  000  000 
 000  000  000  000  000  000  006  012  010  016  010  004  004  000  000  000 
 002  003  000  000  001  004  011  016  005  012  016  011  005  000  000  000 
 002  008  009  004  001  006  022  025  012  011  017  012  000  000  000  000 
 008  009  012  011  009  012  025  020  010  012  020  006  000  000  000  000 
 014  011  004  009  012  013  020  014  010  015  018  004  000  000  000  000 
 015  012  000  000  002  008  017  013  009  012  010  004  000  000  000  000 
 016  012  000  000  000  006  013  010  006  002  000  000  000  000  000  000 

Celda51

 000  000  000  000  000  000  000  080  094  056  036  034  032  024  010  000 
 002  000  000  000  000  000  021  101  087  037  026  033  032  016  000  000 
 000  000  000  000  000  000  041  104  059  010  008  023  023  002  000  000 
 000  000  000  000  000  008  072  105  040  006  015  022  013  000  000  000 
 000  000  000  000  000  009  087  091  022  000  017  022  007  000  000  000 
 000  000  000  000  000  034  073  051  010  000  015  022  004  000  000  000 
 000  000  000  000  006  057  062  035  014  006  014  022  005  000  000  000 
 000  000  000  000  008  060  054  030  023  019  015  016  006  000  000  011 
 000  000  000  006  037  069  036  024  030  027  014  008  006  000  002  015 
 000  000  000  016  074  080  032  011  028  028  012  004  006  007  012  017 
 000  000  000  017  058  037  006  001  022  024  013  005  004  006  012  017 
 000  000  000  032  052  025  000  002  019  020  016  008  000  000  006  012 
 001  000  000  028  049  035  018  018  021  020  014  006  000  000  002  006 
 009  018  020  034  052  050  040  023  014  013  010  002  000  000  000  000 
 000  000  018  047  062  056  042  020  007  006  005  000  000  000  000  000 
 000  000  008  053  058  050  040  018  006  000  000  000  000  000  000  000 

Celda52

 000  000  000  002  006  006  002  004  006  000  005  008  008  008  007  003 
 000  000  000  004  003  000  000  003  006  004  000  006  008  010  009  008 
 000  000  009  008  002  000  003  008  001  004  004  000  000  000  000  000 
 000  008  017  002  000  002  014  012  002  000  000  000  000  000  000  000 
 004  018  018  000  000  002  006  002  000  000  000  000  000  000  000  000 
 014  034  025  006  002  000  000  000  000  000  000  000  000  000  000  000 
 027  039  014  000  000  000  000  000  000  000  000  000  000  000  000  004 
 028  023  004  000  000  000  000  000  000  000  000  000  006  002  014  033 
 017  007  000  000  000  000  000  000  000  000  000  006  028  039  040  044 
 008  000  000  000  000  000  000  002  006  012  024  043  057  052  039  026 
 002  000  000  000  004  009  000  000  008  016  038  057  052  037  024  016 
 000  000  000  000  014  024  010  002  007  017  035  042  027  018  012  011 
 000  000  000  000  025  036  022  016  020  020  026  024  006  002  000  000 
 000  000  000  000  032  040  033  034  031  022  020  014  004  000  000  000 
 000  000  000  023  059  057  045  037  023  011  007  002  002  000  000  000 
 000  000  003  057  074  059  043  031  016  004  002  000  000  000  000  000 

Celda53

 002  000  007  002  000  000  000  000  005  027  031  018  013  015  017  019 
 008  006  000  000  000  004  006  010  020  035  032  014  012  021  025  018 
 000  000  000  000  000  020  024  023  024  031  026  010  008  015  015  003 
 000  000  000  000  006  039  043  026  016  016  015  002  002  006  010  000 
 001  016  001  018  028  049  040  021  006  003  014  006  001  002  006  000 
 017  046  036  027  022  028  023  016  002  000  011  013  000  009  007  000 
 049  071  041  019  010  013  021  018  004  004  004  011  008  010  004  003 
 062  058  025  008  008  012  023  015  005  009  004  000  010  020  006  008 
 043  032  012  000  001  002  018  014  009  006  002  000  006  025  020  011 
 018  013  006  000  000  000  015  020  010  000  000  004  004  020  030  025 
 014  009  000  000  000  003  012  016  010  000  002  014  015  012  031  035 
 012  010  004  000  000  010  008  001  006  011  008  012  010  004  028  039 
 000  002  006  004  002  007  000  000  003  021  017  001  002  000  020  036 
 002  000  006  010  006  002  000  000  005  020  018  002  000  004  007  024 
 004  008  002  006  002  000  000  000  008  016  015  007  008  014  012  008 
 000  010  000  000  000  000  000  005  012  016  022  025  019  020  019  014 

Celda54

 017  013  011  008  000  001  001  000  004  002  002  007  025  020  023  018 
 010  002  004  003  000  001  007  006  002  000  005  023  033  020  014  016 
 000  000  002  003  000  000  008  010  005  000  000  019  024  017  013  003 
 000  000  003  010  008  014  014  007  003  000  001  012  019  014  000  000 
 000  000  000  016  021  025  026  014  000  002  000  000  012  020  008  004 
 000  000  000  016  030  026  018  014  002  002  004  000  000  009  012  018 
 000  004  008  014  034  026  008  012  012  002  009  002  004  000  006  022 
 014  018  016  015  034  034  017  017  020  010  003  004  000  002  007  025 
 021  025  020  016  029  041  025  014  014  004  000  010  000  002  015  031 
 026  023  022  018  017  032  017  000  000  000  000  010  006  000  008  021 
 022  008  009  010  002  017  015  000  000  000  006  002  009  000  006  022 
 017  000  000  000  000  000  010  002  000  001  013  010  000  000  004  020 
 017  000  000  000  000  000  002  004  000  000  001  006  002  000  000  012 
 016  003  000  000  000  000  000  003  000  000  000  000  000  000  001  002 
 009  005  003  000  000  000  000  004  000  000  000  000  002  004  004  003 
 004  002  002  000  000  000  000  008  002  004  002  002  004  006  004  003 

Celda55

 000  000  002  014  014  000  000  000  000  000  000  000  002  042  072  000 
 002  000  012  021  009  000  000  000  000  000  000  000  008  044  072  000 
 000  008  018  018  000  000  000  000  000  000  000  000  006  046  078  000 
 000  009  014  014  000  000  000  000  000  000  000  000  000  044  086  000 
 004  000  002  006  000  000  000  000  003  000  001  003  002  039  089  000 
 013  000  000  000  000  000  000  000  009  006  006  004  012  055  098  010 
 020  004  000  000  000  000  000  000  013  004  008  004  008  053  088  009 
 022  008  000  000  000  000  000  000  016  009  006  007  005  041  072  000 
 027  012  002  000  000  000  000  000  015  016  000  006  002  038  074  000 
 017  006  006  014  018  014  008  002  009  016  005  000  000  035  080  000 
 018  008  013  023  030  026  018  011  003  010  006  000  000  035  083  000 
 022  016  018  021  014  016  014  010  006  006  001  000  000  040  085  001 
 021  024  024  019  000  000  000  000  004  016  013  008  006  055  097  012 
 013  020  021  020  004  000  000  000  004  022  015  016  014  061  096  011 
 002  010  020  023  006  000  000  000  008  018  012  014  014  052  087  003 
 002  005  026  032  010  004  001  000  008  021  014  006  007  039  082  000 

Celda56

 000  002  008  018  038  041  029  016  010  008  006  000  000  012  012  002 
 001  002  005  008  018  010  002  000  000  000  000  000  000  009  012  000 
 001  002  001  000  006  000  000  000  000  003  000  000  000  000  008  004 
 000  000  000  000  001  000  000  000  002  009  000  000  000  000  003  013 
 000  000  000  000  002  000  000  000  007  013  000  000  000  000  000  014 
 000  000  000  000  006  000  000  003  014  013  000  002  005  006  002  008 
 000  000  000  000  009  005  007  015  015  003  000  000  000  000  002  014 
 000  002  004  004  010  009  011  010  000  000  000  000  000  000  000  025 
 001  001  000  000  008  008  006  002  000  000  000  000  000  000  011  027 
 001  000  000  000  008  007  006  004  000  000  000  000  000  007  020  019 
 000  000  000  000  004  006  012  010  002  000  000  002  010  013  013  005 
 000  000  000  000  000  006  017  016  000  006  006  004  018  015  006  004 
 000  000  000  000  004  008  016  016  000  000  004  005  018  014  008  013 
 007  018  037  048  057  058  056  049  037  040  046  047  059  061  058  059 
 014  034  073  097  106  103  097  092  088  088  094  096  107  109  102  096 
 000  000  000  000  004  004  001  001  002  000  000  000  010  015  009  003 

Celda57

 002  004  010  008  001  000  000  000  010  024  013  004  002  000  000  010 
 000  000  006  004  002  000  000  000  010  025  017  004  000  000  000  014 
 000  000  004  004  000  000  002  004  014  034  030  015  014  010  003  012 
 010  000  000  000  000  000  000  004  020  038  029  013  013  016  012  007 
 022  002  000  000  002  000  000  001  014  026  018  006  000  000  000  000 
 026  010  004  004  000  000  000  000  007  020  018  005  000  000  000  000 
 033  021  006  002  000  000  000  000  000  014  019  007  000  000  000  000 
 036  016  002  000  000  000  000  000  000  012  020  010  000  000  000  004 
 020  000  000  000  000  001  002  002  004  018  025  014  002  004  008  013 
 009  000  000  000  000  006  006  004  003  014  018  008  000  000  002  006 
 001  000  000  000  007  010  006  003  002  011  016  006  000  000  000  004 
 004  004  001  000  010  007  003  002  004  009  008  000  000  000  000  008 
 014  013  011  005  010  008  002  004  005  000  000  000  000  000  000  010 
 052  049  055  059  059  055  048  050  048  043  040  044  051  056  062  067 
 086  086  092  100  100  097  093  094  096  096  099  106  110  110  112  111 
 000  000  000  000  000  000  000  000  000  000  000  005  003  000  002  004 

Celda58

 018  014  002  000  000  010  012  004  000  000  000  000  000  000  000  000 
 020  020  008  000  000  008  010  002  000  000  000  000  000  000  000  000 
 022  026  010  000  000  004  002  000  000  000  000  000  000  000  000  000 
 019  026  008  000  000  000  000  000  000  000  000  000  000  000  000  000 
 012  020  008  000  000  000  000  000  000  000  000  000  000  000  000  000 
 006  013  012  007  000  000  000  000  000  000  002  004  000  000  000  008 
 007  012  016  010  000  000  000  002  004  002  000  000  000  000  000  014 
 012  013  016  010  001  000  000  001  004  003  000  000  000  000  000  016 
 012  012  021  016  004  000  000  000  000  000  000  000  000  000  000  023 
 008  015  023  007  000  000  000  000  000  000  000  000  000  000  017  041 
 008  012  011  000  000  000  003  000  000  000  000  000  000  002  029  031 
 014  009  002  000  000  002  004  000  000  000  000  000  000  005  018  008 
 012  005  000  000  001  002  000  000  000  000  000  000  000  012  020  016 
 061  049  047  049  050  046  044  044  048  052  054  054  060  079  086  087 
 104  100  102  101  098  096  096  097  100  106  116  128  128  142  145  146 
 001  000  000  000  000  000  000  000  000  000  000  000  000  014  014  014 

Celda59

 000  000  040  053  044  032  023  006  000  000  000  000  000  000  000  000 
 000  003  059  062  030  012  010  003  000  000  000  000  000  000  000  008 
 000  022  060  048  026  018  014  002  000  000  000  000  000  002  013  034 
 000  055  062  018  013  026  024  003  000  000  000  000  006  027  044  056 
 024  074  040  000  001  025  028  008  000  000  000  000  027  054  056  050 
 059  060  016  000  000  012  022  016  011  004  000  004  043  054  035  026 
 052  031  006  004  001  000  012  020  024  013  006  010  040  036  009  000 
 036  026  020  015  004  000  005  013  030  026  008  010  026  028  014  005 
 037  028  012  000  000  008  016  011  024  034  008  002  008  018  018  011 
 037  018  000  000  000  026  030  014  023  028  011  000  000  012  018  016 
 017  004  000  000  013  049  036  012  017  020  007  000  000  013  018  019 
 004  000  000  002  034  052  030  008  012  017  008  003  002  020  028  027 
 010  004  010  028  043  039  022  004  008  018  016  013  011  026  032  027 
 081  067  077  101  096  079  066  057  057  065  064  060  060  066  069  061 
 139  124  137  150  133  120  114  113  109  110  107  099  102  101  106  100 
 009  000  012  023  005  000  000  008  007  009  010  000  000  000  012  014 

Celda60

 000  005  054  081  064  040  033  031  022  010  006  006  006  000  000  000 
 025  058  082  076  048  034  038  033  015  006  002  004  009  003  000  000 
 059  073  074  061  044  038  036  017  000  000  000  008  004  004  000  002 
 064  069  065  048  029  017  010  004  000  000  000  016  008  002  000  000 
 054  065  058  028  004  000  001  004  000  000  000  018  014  000  002  000 
 036  053  042  008  000  000  004  012  000  000  002  012  011  000  000  002 
 015  036  024  000  000  000  008  016  000  000  000  006  002  000  000  005 
 016  034  020  000  000  000  006  012  000  000  004  002  000  000  000  003 
 020  034  018  000  000  000  008  006  000  000  006  002  000  000  000  000 
 024  031  015  000  000  000  015  012  006  003  004  000  000  000  004  004 
 027  029  014  000  004  006  020  012  003  002  000  000  000  005  016  015 
 032  032  019  006  012  013  017  006  000  000  000  000  000  009  015  011 
 029  024  013  004  000  004  000  000  000  000  000  000  003  012  016  011 
 058  049  033  027  031  031  029  026  026  029  031  031  039  045  044  039 
 094  086  074  071  076  072  070  074  076  078  080  083  091  091  086  081 
 011  007  000  000  009  005  000  000  000  000  000  000  007  008  006  006 

Celda61

 000  001  000  000  000  000  010  021  021  026  035  033  020  015  012  006 
 000  000  000  000  004  004  016  025  024  031  036  027  013  008  003  000 
 006  002  006  009  010  012  012  021  017  021  023  016  006  000  000  000 
 011  006  013  020  018  015  008  014  020  018  014  010  005  000  000  000 
 007  017  021  021  011  008  011  009  010  022  020  010  006  000  000  002 
 000  019  034  014  000  000  017  016  000  016  026  012  008  000  000  000 
 008  010  032  015  000  006  023  007  000  004  026  014  006  000  000  000 
 009  004  019  015  000  012  022  000  003  000  019  014  002  000  000  000 
 002  006  009  012  006  014  021  002  012  012  007  008  000  000  000  000 
 006  010  009  008  009  014  020  006  010  013  004  000  000  000  000  000 
 012  011  010  006  006  015  020  010  001  004  000  000  000  000  000  000 
 007  008  008  003  000  014  020  011  000  000  000  000  000  000  000  000 
 004  001  000  000  000  014  018  010  000  000  000  000  000  000  000  004 
 036  032  032  033  032  041  040  028  020  024  032  036  031  028  036  048 
 077  073  072  078  078  084  082  071  066  067  072  078  081  082  088  098 
 007  006  000  000  000  007  008  001  000  000  000  000  000  000  005  009 

Celda62

 001  000  000  000  000  000  000  010  006  000  000  000  000  004  008  012 
 000  000  000  000  000  000  000  006  014  006  000  000  003  006  012  016 
 000  000  000  006  000  000  000  000  020  015  000  004  019  017  013  008 
 000  000  000  014  008  005  002  000  021  020  006  023  030  016  008  000 
 006  015  016  021  011  000  003  010  025  016  014  028  022  008  004  000 
 000  006  012  009  006  000  000  011  020  009  014  028  013  000  000  000 
 000  000  000  000  006  002  000  008  014  002  009  025  015  000  000  000 
 000  000  000  000  014  000  000  002  020  012  008  012  014  005  000  000 
 000  000  000  000  016  003  002  004  020  020  003  000  006  012  000  000 
 002  000  000  000  010  011  000  000  018  020  000  000  000  014  000  000 
 006  006  000  000  000  010  006  005  016  014  000  000  000  009  000  000 
 004  006  000  000  000  002  010  012  012  007  000  000  000  002  000  000 
 008  006  000  000  006  010  012  008  002  002  002  000  000  000  000  000 
 061  060  057  052  053  056  053  043  033  028  035  031  032  034  038  044 
 103  098  098  096  096  096  096  093  091  092  099  092  092  095  096  101 
 010  002  000  000  001  001  000  000  000  000  007  001  000  002  000  000 

Celda63

 012  008  022  026  004  000  000  000  005  020  019  000  000  034  082  000 
 014  004  008  022  010  000  000  000  000  015  019  000  000  036  084  000 
 001  000  000  020  022  004  005  004  000  006  014  000  000  042  091  000 
 000  000  000  021  030  012  000  000  000  000  006  000  000  050  100  001 
 000  000  000  020  030  012  000  000  000  002  000  000  000  056  106  000 
 002  004  000  014  026  010  000  000  000  002  004  000  000  058  105  000 
 005  005  000  002  020  010  001  002  004  014  013  008  000  061  105  000 
 000  000  000  000  015  014  010  016  030  035  026  018  004  060  107  000 
 000  000  001  006  012  024  029  038  044  038  023  019  008  052  107  000 
 000  002  000  006  011  030  038  040  033  019  004  006  005  042  104  000 
 000  012  004  000  002  028  037  028  011  006  000  000  000  036  102  000 
 000  018  006  000  000  030  042  026  004  000  000  000  000  043  105  005 
 005  027  012  008  010  038  047  027  000  000  000  000  000  045  100  004 
 060  076  054  050  058  086  089  067  045  044  040  038  038  077  118  025 
 114  118  095  092  101  116  111  091  076  079  081  081  082  110  134  052 
 010  017  003  000  007  019  020  011  001  000  000  000  000  027  061  000 

