Celda0

 000  000  000  000  003  004  003  001  000  000  000  000  000  000  000  000 
 000  000  000  000  007  010  006  002  000  000  000  000  000  000  000  000 
 000  000  000  000  014  019  012  002  000  000  003  002  000  000  000  000 
 000  000  000  000  015  022  016  004  000  000  005  010  000  000  000  000 
 000  000  000  000  012  018  016  008  000  000  004  013  007  008  008  002 
 000  000  000  000  010  012  013  012  006  004  011  018  006  000  000  000 
 000  000  000  000  012  007  007  010  010  013  016  012  000  000  000  004 
 000  000  000  000  014  005  000  003  011  021  022  010  002  006  008  012 
 000  000  000  000  016  006  000  000  012  024  025  016  011  011  013  013 
 000  000  000  000  014  008  000  000  008  024  029  024  016  010  013  009 
 000  000  000  000  010  008  005  002  008  022  030  029  020  004  003  000 
 000  000  000  000  018  011  003  005  017  032  035  028  018  002  000  000 
 003  005  006  006  028  013  008  008  020  025  024  020  008  000  000  000 
 002  005  009  008  028  011  012  012  014  018  024  019  000  000  000  000 
 000  000  000  003  029  020  018  015  002  010  026  020  000  000  000  010 
 000  000  000  000  038  028  014  006  000  008  023  014  000  000  000  007 

Celda1

 000  000  000  004  003  001  002  002  001  000  000  000  002  004  002  000 
 000  000  000  008  009  006  006  002  000  000  000  000  004  009  004  000 
 000  000  000  016  026  022  011  000  000  000  000  000  008  016  009  000 
 000  000  000  018  048  038  012  000  000  000  000  000  007  012  007  000 
 000  000  000  017  054  040  010  000  000  000  002  006  013  009  000  000 
 000  000  007  024  038  030  012  002  000  012  014  014  018  015  014  014 
 006  014  026  028  011  018  020  018  026  020  015  014  016  011  009  010 
 020  028  031  023  002  007  032  036  031  010  008  012  010  003  000  000 
 015  018  018  013  006  000  040  048  020  000  005  007  000  000  000  005 
 003  001  000  002  010  012  039  048  014  000  013  002  000  000  004  009 
 000  000  000  000  002  008  024  042  011  000  012  000  000  000  002  004 
 000  002  002  002  006  004  009  034  011  002  011  002  000  001  000  000 
 002  010  014  020  022  014  000  020  010  010  021  009  004  000  000  001 
 001  006  010  016  016  012  007  002  005  020  034  016  002  000  001  007 
 009  000  000  002  000  004  018  019  008  025  037  016  000  000  000  000 
 012  006  004  001  002  010  020  021  014  025  037  018  002  000  000  000 

Celda2

 000  000  000  000  000  000  000  000  002  000  000  000  003  004  001  002 
 000  000  000  000  000  000  000  000  005  000  000  000  006  006  000  002 
 000  000  000  000  000  000  000  000  010  000  000  000  010  004  000  000 
 002  000  000  000  006  000  000  000  008  000  000  002  007  000  000  000 
 006  000  000  008  012  000  000  001  006  005  016  024  017  014  025  033 
 004  000  000  012  009  000  000  000  014  015  020  014  004  002  014  030 
 008  005  012  017  000  000  000  015  028  024  022  021  018  016  016  005 
 004  008  011  007  000  008  020  030  029  020  012  018  026  029  020  004 
 009  006  000  002  002  012  022  019  011  004  000  000  008  018  018  015 
 000  000  000  002  016  027  017  012  006  000  000  002  004  006  013  016 
 000  000  000  007  028  029  011  012  013  009  006  014  024  025  021  020 
 000  000  001  015  023  022  006  000  006  008  013  036  047  043  030  028 
 003  009  012  004  014  018  007  006  000  002  020  041  042  031  022  023 
 010  013  006  000  012  017  004  008  004  007  026  033  021  004  000  005 
 000  002  000  000  014  014  000  008  012  006  016  020  011  000  000  000 
 000  004  000  002  014  010  000  006  012  010  014  017  008  000  000  000 

Celda3

 003  000  000  000  000  000  000  001  000  000  004  004  000  000  005  005 
 008  002  000  000  000  000  000  002  000  000  010  008  000  000  012  011 
 016  004  000  000  000  000  000  002  000  000  018  008  000  000  026  022 
 011  000  000  000  006  004  000  002  000  002  013  000  000  008  036  026 
 018  000  000  000  020  016  005  013  027  026  008  000  000  022  035  024 
 028  012  004  018  032  016  006  017  025  007  000  000  012  040  029  022 
 005  010  016  031  025  004  007  016  016  000  002  015  035  035  019  030 
 000  000  004  007  007  000  002  015  018  006  010  020  028  015  011  027 
 014  016  014  006  006  002  002  006  022  023  021  018  016  013  013  015 
 023  034  043  040  028  022  016  008  020  042  035  018  013  013  009  005 
 024  034  042  043  038  032  028  019  024  049  033  009  005  000  000  009 
 030  032  031  031  033  032  029  028  030  036  021  000  000  000  006  020 
 024  025  024  026  030  028  026  032  032  013  003  002  000  000  012  020 
 008  007  008  011  016  016  018  025  023  010  002  005  002  000  012  013 
 000  000  001  004  004  006  012  016  016  015  014  017  022  031  026  006 
 003  010  014  012  008  010  014  014  020  032  032  019  028  044  038  028 

Celda4

 003  001  000  000  000  000  000  001  003  001  000  000  000  000  001  000 
 007  004  000  000  000  000  000  004  009  002  000  000  000  002  004  000 
 014  010  002  000  000  000  000  016  022  004  000  000  000  006  008  000 
 020  016  007  000  000  000  000  031  030  003  000  000  000  007  006  000 
 026  026  012  000  000  000  026  061  040  004  000  010  024  022  010  011 
 035  028  000  000  000  000  041  041  010  000  000  004  014  014  010  015 
 039  014  000  000  000  019  039  019  001  000  000  008  007  008  016  020 
 022  000  000  000  005  039  034  015  000  000  000  011  003  008  023  022 
 008  000  000  000  033  041  030  015  002  000  008  011  003  014  021  010 
 000  000  000  019  041  034  025  006  000  000  025  025  019  020  008  000 
 012  011  010  028  035  027  017  000  000  009  042  035  025  014  002  000 
 012  014  020  031  028  022  002  000  000  018  033  017  002  000  000  004 
 004  002  018  024  020  013  000  000  000  022  025  012  000  000  000  000 
 006  008  012  006  007  002  000  000  000  020  018  009  002  000  000  000 
 006  016  009  000  002  000  000  000  000  015  014  009  000  000  000  000 
 006  012  012  002  000  000  000  000  000  012  019  011  000  000  000  014 

Celda5

 000  000  000  001  004  003  000  000  000  000  002  005  001  000  002  004 
 000  000  000  002  010  006  000  000  000  000  005  009  001  000  006  010 
 000  000  000  004  019  012  000  000  000  002  010  012  000  000  016  019 
 000  000  000  006  022  011  002  000  000  002  010  007  000  003  024  022 
 016  016  018  037  045  023  014  014  013  010  000  000  000  014  026  018 
 004  000  006  039  036  022  022  023  020  016  002  000  000  026  028  016 
 010  005  014  033  019  013  019  018  016  014  006  000  004  036  030  015 
 018  018  025  024  010  012  010  005  004  005  004  008  026  056  036  017 
 008  009  020  019  019  026  010  002  000  000  000  016  055  062  030  018 
 000  000  023  034  047  049  028  017  007  000  002  024  064  048  027  030 
 000  014  044  054  063  048  034  027  021  015  020  050  051  024  024  032 
 012  037  046  043  040  011  009  014  020  024  036  066  042  020  022  014 
 005  024  014  018  024  002  000  000  008  014  038  059  034  033  024  012 
 008  018  008  011  018  006  000  005  007  010  039  050  024  025  025  026 
 020  034  032  035  034  027  022  015  012  017  059  062  026  017  013  021 
 035  042  044  043  037  031  020  012  012  033  076  063  026  011  002  010 

Celda6

 003  000  000  001  001  000  000  000  001  000  000  000  000  000  003  002 
 006  000  000  004  004  000  000  000  002  000  000  000  000  000  006  004 
 008  000  001  009  011  008  000  000  000  000  000  000  002  000  010  005 
 007  000  004  012  022  024  000  000  000  000  000  000  008  004  011  004 
 006  000  004  012  030  036  004  000  004  003  004  008  033  044  055  042 
 006  000  000  010  030  030  003  000  000  000  000  010  046  060  053  030 
 006  000  000  005  016  010  000  007  014  004  000  008  045  056  033  015 
 013  010  014  009  000  000  000  020  026  016  000  004  036  042  017  002 
 020  022  026  034  030  024  018  033  037  021  002  000  026  038  024  002 
 029  026  028  026  032  036  035  051  058  041  027  024  019  024  024  007 
 020  014  020  011  014  020  026  049  061  049  042  042  037  026  019  002 
 003  000  016  010  006  012  018  040  045  031  024  025  032  036  030  018 
 010  010  007  010  003  002  023  041  040  025  012  007  010  017  017  014 
 033  034  018  000  007  014  023  035  039  032  018  010  004  000  000  000 
 030  028  022  012  010  019  022  027  027  019  008  008  004  001  002  006 
 011  005  010  018  024  023  017  029  028  012  000  000  000  003  006  013 

Celda7

 000  000  002  003  003  001  000  002  006  003  000  000  000  003  008  000 
 000  000  006  006  006  004  000  003  014  008  000  000  000  008  020  000 
 000  000  014  012  010  011  000  002  024  021  000  000  000  019  040  000 
 000  000  021  014  008  016  002  000  023  030  003  000  000  022  049  000 
 037  034  058  047  026  029  022  015  013  029  010  000  008  028  047  000 
 028  028  053  043  027  019  023  014  007  018  014  000  006  026  043  003 
 016  018  041  038  024  023  031  020  018  015  022  019  024  034  041  008 
 006  007  034  037  020  026  035  025  024  016  035  044  030  020  025  003 
 000  000  029  028  004  012  018  012  012  004  028  043  014  010  014  002 
 000  000  030  028  007  000  000  000  000  000  028  042  000  000  013  005 
 000  004  027  025  010  000  000  000  000  000  022  037  006  000  012  000 
 012  023  041  033  016  004  000  000  000  000  013  023  008  004  019  000 
 018  041  056  042  024  017  015  011  005  002  006  012  006  010  026  000 
 008  042  048  026  013  010  010  012  012  006  001  010  006  018  036  007 
 020  040  025  000  000  000  000  002  011  010  000  010  014  025  041  011 
 039  045  015  000  000  000  000  000  004  010  004  004  022  029  034  002 

Celda8

 000  000  000  012  039  015  000  000  000  014  020  006  000  000  000  001 
 001  002  004  009  026  006  000  000  000  016  016  000  000  000  002  018 
 003  006  004  000  017  005  000  000  000  012  007  000  000  017  036  035 
 003  006  008  003  009  004  000  000  000  006  006  011  032  046  038  020 
 001  004  010  014  009  000  000  000  012  029  041  049  044  027  010  008 
 000  000  000  000  000  000  007  022  040  046  039  027  011  000  002  014 
 000  000  000  000  000  008  029  039  038  028  012  005  007  010  010  024 
 000  000  000  000  000  019  033  022  009  007  008  019  035  031  026  026 
 000  000  000  000  000  020  022  002  000  010  015  028  038  027  025  024 
 001  000  000  000  002  019  017  000  000  014  024  024  019  008  001  011 
 000  000  000  000  006  020  018  007  008  016  022  022  014  009  008  006 
 000  000  000  000  013  032  041  033  028  027  021  013  010  008  009  008 
 000  000  000  000  026  041  042  029  020  018  012  012  015  010  004  005 
 000  000  000  000  028  029  028  018  006  000  000  006  009  000  000  002 
 002  003  000  000  025  023  018  011  005  002  006  011  006  000  000  003 
 001  000  000  000  024  024  011  001  000  002  010  012  004  000  000  006 

Celda9

 015  017  014  008  014  016  008  000  000  018  034  016  000  004  006  001 
 032  033  020  012  014  011  000  000  000  020  032  012  000  000  005  012 
 031  024  013  007  005  002  000  000  000  018  034  008  000  008  008  000 
 010  006  006  002  000  000  000  000  000  010  042  008  000  007  016  000 
 006  006  007  000  000  000  000  000  000  000  046  011  000  000  021  012 
 021  019  014  003  000  000  000  004  007  002  040  014  000  000  028  024 
 032  025  016  008  006  013  016  017  022  017  020  018  000  002  036  034 
 034  017  006  009  017  019  014  015  022  019  000  019  000  006  037  023 
 028  004  000  002  012  009  005  009  017  018  003  012  012  006  023  010 
 010  000  000  000  000  006  009  008  009  013  008  000  020  018  020  001 
 000  000  000  000  000  004  007  000  000  000  008  004  018  030  029  018 
 000  000  000  000  000  000  000  000  000  000  010  014  009  033  032  014 
 000  000  004  000  000  000  000  000  000  006  016  016  004  028  037  016 
 002  000  000  000  000  000  000  000  000  002  012  016  008  019  040  022 
 006  006  000  000  000  000  000  000  003  002  000  014  018  011  038  029 
 010  011  000  000  001  014  018  012  000  000  001  000  012  008  028  032 

Celda10

 000  004  004  006  012  009  002  004  008  010  012  014  010  000  000  010 
 009  004  005  007  013  013  006  005  011  010  006  009  014  010  012  020 
 000  008  018  021  026  022  009  008  017  014  009  014  018  018  017  013 
 000  010  019  023  024  011  000  003  014  009  002  004  010  016  016  009 
 010  014  017  017  016  005  000  001  017  006  000  002  012  020  018  014 
 009  009  020  024  012  000  002  000  012  004  000  003  018  024  015  016 
 004  002  016  020  014  003  000  002  016  015  012  016  025  019  005  010 
 000  000  010  012  011  009  007  010  025  026  018  010  008  008  000  002 
 000  000  007  011  012  011  014  020  023  012  000  000  000  000  000  000 
 000  006  022  032  034  028  019  013  022  018  000  000  002  002  007  018 
 022  031  044  048  046  038  026  018  020  018  007  012  016  016  026  037 
 008  017  028  036  040  034  028  029  030  028  015  006  005  007  024  033 
 002  008  021  035  036  025  016  018  017  015  004  000  000  008  025  027 
 005  018  042  047  032  012  000  000  000  003  000  000  000  018  028  017 
 017  037  052  040  016  000  000  000  004  010  000  000  007  028  022  008 
 028  041  037  016  004  000  000  000  008  013  002  004  018  024  014  006 

Celda11

 019  018  016  012  012  016  018  018  024  034  039  030  019  029  022  032 
 017  007  006  006  008  010  014  018  022  022  024  025  016  020  022  017 
 005  000  004  009  010  009  016  020  016  012  008  011  016  021  025  017 
 008  008  011  016  021  020  020  015  006  002  000  003  016  020  017  019 
 014  009  011  019  018  008  000  000  000  000  000  006  025  021  012  020 
 014  000  001  005  000  000  000  000  000  000  004  033  028  016  012  017 
 014  000  000  000  000  000  000  000  007  018  033  036  011  005  006  007 
 012  006  000  000  000  009  028  033  043  047  037  014  000  000  009  012 
 014  016  013  017  030  045  042  036  045  047  027  012  006  016  034  034 
 028  029  025  023  027  026  017  015  025  027  013  010  014  038  045  035 
 035  024  011  011  010  006  006  011  014  010  000  000  004  027  020  009 
 026  016  002  002  010  006  006  014  016  008  000  000  010  018  010  004 
 015  008  005  000  008  012  008  012  012  002  000  003  016  012  004  001 
 004  000  000  000  009  015  010  010  004  000  000  020  021  005  000  000 
 000  000  000  000  017  012  006  010  000  000  004  032  020  000  000  000 
 000  000  000  010  012  000  000  012  003  002  012  029  016  000  000  005 

Celda12

 028  007  012  005  000  000  000  000  000  008  020  010  000  000  019  032 
 036  034  016  004  000  000  002  012  019  012  006  004  000  013  028  018 
 024  034  024  012  010  018  028  030  020  008  002  000  004  018  021  014 
 006  012  013  013  015  024  037  032  008  000  000  010  023  025  005  004 
 004  002  016  030  030  026  035  029  024  017  008  014  016  012  010  014 
 004  010  028  042  038  024  024  020  038  052  050  034  012  000  006  013 
 005  016  034  022  015  012  021  021  036  048  055  055  040  014  002  022 
 017  029  024  006  002  012  038  040  032  034  040  047  052  053  042  040 
 033  038  023  014  014  026  056  044  031  032  037  041  048  060  068  070 
 032  029  017  018  024  038  047  020  014  018  026  028  032  038  048  059 
 012  008  000  000  010  021  012  000  000  000  010  005  004  006  016  038 
 000  000  000  000  002  004  000  000  000  007  011  000  000  000  007  022 
 000  000  000  000  008  004  002  014  022  022  013  000  000  000  016  024 
 000  000  006  014  024  022  033  041  030  020  004  000  008  019  038  044 
 008  018  027  022  020  016  024  022  002  000  000  000  011  032  043  041 
 014  010  004  000  000  009  017  012  000  000  000  009  018  025  023  017 

Celda13

 025  032  035  019  009  010  006  003  010  051  069  025  000  000  000  012 
 016  028  031  018  012  009  000  000  017  049  027  000  000  000  006  020 
 020  028  020  013  020  015  000  000  024  030  000  000  000  000  017  033 
 022  028  016  013  025  018  000  000  026  016  000  000  000  021  022  032 
 021  018  012  014  024  018  000  005  020  005  000  000  017  007  004  028 
 025  023  017  010  012  012  008  009  012  006  000  006  011  003  006  027 
 018  008  017  022  015  002  006  006  006  015  012  002  000  006  016  024 
 033  015  012  011  006  009  002  000  006  022  016  000  000  011  021  020 
 072  048  029  015  002  006  010  010  009  016  011  004  010  024  024  012 
 064  052  044  032  024  025  032  040  040  036  018  006  015  021  012  006 
 032  023  022  025  028  039  050  058  064  058  048  037  016  005  005  009 
 006  006  012  018  020  031  045  052  049  046  040  038  035  022  000  006 
 011  020  028  028  023  029  039  040  021  020  018  020  028  035  030  016 
 037  034  036  032  027  032  040  034  008  006  008  008  010  016  026  034 
 033  023  024  026  024  029  031  017  000  002  004  002  000  004  014  027 
 014  008  008  014  018  024  018  004  000  004  010  009  004  002  006  013 

Celda14

 010  006  016  027  028  018  018  038  031  010  000  001  005  004  000  014 
 025  017  026  031  024  014  018  039  032  016  010  006  004  000  000  023 
 034  020  018  020  014  006  008  027  024  012  007  004  000  000  000  037 
 032  014  008  008  009  007  008  029  027  019  007  002  000  000  011  037 
 031  010  000  000  006  017  025  048  042  025  005  000  000  000  022  029 
 030  012  002  000  001  012  031  053  035  007  000  000  006  014  036  032 
 022  015  010  006  002  006  024  031  005  000  000  001  016  033  044  038 
 014  016  018  012  000  004  010  014  003  000  004  013  028  031  029  023 
 008  013  018  016  008  000  000  006  012  006  010  020  022  011  003  004 
 006  008  014  017  015  004  000  002  020  018  006  007  006  000  000  000 
 010  006  008  014  019  010  000  000  019  021  012  010  005  000  000  000 
 012  006  004  011  019  015  002  002  014  022  019  012  005  002  001  002 
 010  006  003  006  012  010  006  006  014  026  023  011  006  003  006  009 
 034  035  037  040  030  017  007  002  010  025  022  009  005  002  010  014 
 039  045  049  052  050  055  051  039  025  024  014  004  000  000  008  011 
 032  036  032  030  032  036  043  045  044  041  040  031  027  018  005  002 

Celda15

 045  040  020  015  011  003  000  006  008  004  009  011  034  038  032  000 
 046  024  011  018  023  024  025  030  016  008  012  019  036  032  023  000 
 043  010  000  000  007  019  029  038  032  028  027  022  016  016  020  000 
 027  003  000  000  000  011  017  023  024  034  037  031  021  023  029  008 
 014  001  000  010  017  010  008  014  013  016  018  021  026  038  043  024 
 009  007  021  023  013  004  006  017  013  002  000  000  002  023  028  016 
 024  022  019  004  000  000  008  015  005  000  000  000  008  019  014  000 
 011  006  000  000  000  003  020  015  000  000  000  000  008  015  015  000 
 000  000  000  000  000  011  028  016  000  000  002  005  000  005  014  000 
 000  000  000  002  011  030  032  009  000  000  007  005  000  000  018  000 
 002  001  000  000  016  029  019  000  000  000  000  000  000  000  026  000 
 000  000  000  008  010  009  004  000  000  000  000  000  000  000  031  000 
 000  000  000  010  010  012  004  000  000  000  000  000  000  000  040  008 
 000  000  001  008  006  010  001  000  000  000  000  000  000  012  041  006 
 000  000  005  006  004  004  000  000  000  000  000  008  005  012  031  000 
 000  000  004  000  000  001  000  000  000  000  001  015  008  014  034  000 

Celda16

 000  000  000  000  023  028  010  000  000  006  008  008  006  006  004  006 
 000  000  000  000  024  030  014  000  006  020  020  021  022  015  000  000 
 000  000  002  014  046  049  034  015  014  023  025  029  025  018  016  017 
 000  001  005  011  042  037  013  000  000  018  023  015  001  000  004  014 
 002  004  008  010  036  021  000  000  000  020  030  019  000  000  002  006 
 002  006  012  014  037  025  015  022  034  048  051  035  016  008  000  007 
 000  000  000  000  028  028  028  032  042  047  045  029  016  018  020  026 
 000  000  000  000  032  028  028  025  025  025  021  011  006  014  027  039 
 000  000  000  000  036  034  028  016  012  009  006  004  000  006  024  024 
 001  004  010  013  038  030  031  022  010  004  001  004  000  002  013  004 
 000  002  012  025  053  037  030  024  012  000  000  003  000  003  008  000 
 003  006  012  021  050  034  033  025  003  000  000  002  000  006  006  000 
 008  016  024  021  045  028  032  029  014  005  001  000  000  006  007  000 
 009  018  026  019  042  029  032  033  031  038  038  030  022  011  002  000 
 005  010  017  012  031  028  027  029  026  038  041  038  040  044  040  028 
 002  006  014  013  022  030  021  020  022  020  023  025  032  040  040  035 

Celda17

 016  016  000  000  005  008  011  014  009  000  002  000  000  002  014  025 
 020  018  002  003  002  000  000  000  004  005  002  000  000  000  008  011 
 026  010  006  010  000  000  000  000  000  007  008  000  000  000  007  002 
 024  014  017  023  012  011  008  006  008  008  001  000  000  000  005  002 
 008  002  006  010  000  005  014  017  015  010  000  000  000  000  000  001 
 008  004  005  003  000  006  009  000  006  007  005  005  007  004  000  000 
 014  002  002  000  000  005  016  010  000  000  006  014  020  015  000  000 
 030  020  013  012  014  011  008  011  000  000  000  008  018  020  012  000 
 016  014  010  006  006  010  011  005  000  000  000  000  000  004  012  015 
 000  000  000  000  000  000  004  003  002  000  000  000  000  000  004  022 
 000  000  000  000  000  002  012  000  000  000  005  014  014  008  009  017 
 000  000  005  013  010  001  010  000  000  000  006  020  024  028  022  014 
 001  007  012  006  006  000  005  000  000  000  020  025  016  024  024  019 
 002  012  018  000  000  000  002  000  000  004  028  019  002  007  012  019 
 012  007  012  000  000  000  000  006  000  005  016  012  000  000  004  014 
 028  025  024  016  016  015  012  016  009  000  002  010  005  000  000  006 

Celda18

 042  046  020  002  002  000  000  002  004  012  012  016  018  015  008  004 
 044  058  016  000  006  000  002  004  002  010  024  029  021  016  008  001 
 034  054  022  010  015  000  000  000  002  013  027  028  015  010  008  006 
 022  038  026  030  026  000  000  004  009  010  020  023  010  000  000  000 
 016  025  024  039  034  002  000  005  012  012  018  018  009  003  001  003 
 010  021  026  036  034  012  000  004  014  014  018  017  005  000  000  002 
 000  023  036  032  028  018  004  005  015  014  017  018  003  000  000  002 
 000  028  056  048  018  014  014  016  022  016  014  016  004  000  000  001 
 010  034  083  069  021  005  024  036  033  029  030  028  028  028  032  026 
 024  036  081  060  010  009  028  039  025  019  020  023  038  040  035  034 
 020  014  058  056  007  000  022  036  022  012  016  027  042  034  022  030 
 010  002  027  047  034  011  016  028  027  019  022  025  024  016  007  021 
 018  019  010  030  046  032  020  021  028  028  018  008  014  020  018  013 
 028  039  041  025  030  040  034  022  024  032  016  000  008  023  024  016 
 023  030  032  020  004  040  048  028  020  030  020  003  013  022  018  012 
 009  009  007  006  005  030  047  038  024  024  020  008  006  012  010  006 

Celda19

 000  008  010  006  016  000  000  010  010  000  013  012  006  000  000  010 
 007  009  014  008  019  006  006  001  009  010  006  000  000  003  005  008 
 014  004  003  003  016  005  000  000  002  012  010  000  002  015  013  004 
 008  000  002  006  009  000  000  000  002  010  012  006  007  015  012  005 
 008  004  001  010  006  000  000  000  006  010  012  010  012  014  008  000 
 010  014  004  000  000  000  004  000  005  012  010  006  008  014  011  000 
 013  014  004  000  001  000  000  000  002  013  008  000  000  004  014  011 
 012  010  000  000  005  000  000  000  006  014  004  000  000  000  014  020 
 029  027  018  010  000  000  000  000  010  010  002  000  000  000  010  020 
 043  043  032  026  017  013  018  022  021  018  016  013  016  024  033  028 
 042  031  021  022  028  036  040  036  030  047  049  042  039  042  046  038 
 028  016  013  024  038  044  036  024  022  050  043  033  030  026  029  027 
 006  002  006  018  031  026  020  019  028  050  034  024  026  025  028  022 
 002  000  000  008  008  001  006  018  035  044  026  018  026  031  030  023 
 004  000  000  008  007  000  002  010  016  012  002  000  000  005  006  006 
 006  006  004  003  002  000  000  000  000  002  002  000  001  002  000  000 

Celda20

 014  010  000  000  000  010  014  007  000  000  016  019  007  014  014  009 
 008  004  000  000  000  012  008  000  002  010  013  001  000  006  016  012 
 000  000  000  000  003  008  000  000  001  015  018  007  000  004  010  008 
 000  000  002  009  004  000  000  000  000  014  027  020  010  010  004  000 
 000  000  003  006  000  000  000  000  000  015  032  024  016  017  004  000 
 000  000  000  000  000  000  000  000  000  014  027  018  014  018  010  002 
 000  000  000  000  000  000  001  000  008  010  012  012  012  012  018  016 
 012  008  004  000  000  000  012  007  008  005  000  006  012  006  019  028 
 014  016  012  000  000  004  016  010  006  002  000  002  012  003  016  032 
 006  009  014  000  000  002  016  018  012  000  000  000  009  004  014  025 
 029  022  025  015  018  011  009  020  008  000  000  001  008  010  010  009 
 028  030  041  036  034  031  027  030  004  000  000  002  008  013  006  000 
 020  021  034  028  027  031  036  038  030  032  030  019  008  011  004  000 
 020  020  026  017  016  018  024  027  028  030  027  018  010  020  017  015 
 009  013  014  004  002  006  013  012  006  003  004  010  016  030  030  028 
 003  006  002  000  000  008  021  016  014  016  022  030  033  040  041  038 

Celda21

 008  006  000  002  008  018  012  009  006  008  012  011  003  000  000  006 
 009  010  002  000  004  006  000  003  004  000  000  000  000  000  000  010 
 011  014  008  002  000  000  000  000  000  000  000  000  000  000  000  016 
 010  017  012  007  000  000  000  000  000  000  000  005  009  004  000  016 
 006  016  014  006  000  000  000  000  000  002  002  009  009  005  003  019 
 004  013  015  004  000  000  000  000  000  006  006  000  000  006  012  029 
 006  008  018  008  000  004  015  016  013  004  000  000  000  012  030  032 
 010  006  018  014  004  013  023  016  008  001  000  000  002  019  027  010 
 016  007  016  016  012  012  009  000  000  000  000  000  006  016  004  000 
 016  013  021  018  010  008  003  000  000  000  010  008  009  000  000  000 
 010  020  028  016  001  001  000  000  000  010  024  016  000  000  000  000 
 006  020  024  008  000  000  002  000  000  018  028  014  000  000  000  000 
 011  012  007  000  000  000  000  003  010  022  022  003  000  000  000  006 
 020  007  000  000  000  000  000  006  018  020  010  000  000  003  012  011 
 022  013  010  010  007  002  000  012  025  014  000  000  000  006  004  008 
 032  028  027  030  028  022  021  037  043  023  012  014  021  019  011  003 

Celda22

 020  021  011  005  010  008  002  013  021  026  037  040  045  051  052  046 
 022  018  002  000  000  007  002  000  000  005  015  017  016  026  044  055 
 021  015  004  000  002  000  000  002  008  012  012  008  005  010  017  021 
 014  009  009  006  012  012  003  000  012  020  015  000  002  017  018  005 
 011  004  013  016  008  015  020  023  033  031  008  000  004  020  015  003 
 019  011  015  014  006  008  024  036  040  025  006  000  008  022  012  000 
 010  001  004  008  012  015  021  015  009  008  007  000  004  018  010  000 
 000  000  000  008  020  021  010  000  000  000  000  000  000  009  008  002 
 000  000  002  018  028  012  002  000  005  000  000  000  000  008  005  004 
 000  006  018  030  014  000  000  004  004  000  000  000  009  021  015  006 
 008  020  025  014  000  000  000  004  000  000  000  008  020  024  010  006 
 016  028  022  004  000  000  001  002  000  004  020  022  024  021  004  002 
 016  022  010  001  003  006  007  002  000  012  017  013  018  010  000  000 
 016  013  000  004  016  014  006  002  004  010  010  013  017  004  000  000 
 018  014  005  010  016  009  001  000  006  014  016  018  017  002  000  000 
 015  020  020  024  013  000  000  000  003  023  027  018  009  000  000  000 

Celda23

 038  034  033  024  011  000  000  000  000  000  000  006  002  020  044  000 
 058  057  054  052  052  052  047  044  046  044  034  020  014  038  059  010 
 030  029  021  016  024  038  050  063  070  075  072  062  052  063  073  027 
 000  000  000  000  000  010  021  033  036  042  050  051  046  046  055  020 
 000  000  000  000  004  010  011  012  010  000  000  001  008  009  025  000 
 000  000  000  000  002  005  006  004  004  000  000  000  000  001  024  000 
 000  000  000  000  000  006  006  000  000  000  000  000  000  001  034  000 
 000  008  006  000  000  008  004  000  000  000  000  000  000  001  036  000 
 010  003  010  015  013  002  000  000  002  000  000  007  006  012  042  008 
 004  012  003  022  028  019  006  000  000  000  008  014  000  005  041  012 
 000  012  014  010  018  023  016  005  000  005  022  016  000  019  052  017 
 008  011  008  012  006  002  011  012  014  029  036  021  012  032  050  010 
 012  016  002  000  010  000  000  012  020  029  030  019  016  025  036  000 
 009  000  000  000  000  006  000  000  008  018  015  002  000  012  031  000 
 006  000  000  000  000  000  002  008  010  007  000  000  000  018  034  000 
 000  000  000  000  000  000  000  011  015  003  000  000  002  026  040  000 

Celda24

 001  005  014  018  015  029  020  012  018  010  005  012  014  013  010  014 
 000  000  004  008  002  019  016  006  018  023  004  007  010  004  000  006 
 000  000  000  000  000  004  012  002  017  036  022  001  005  005  004  006 
 000  000  000  000  000  000  008  002  017  042  033  010  000  000  000  000 
 001  002  002  000  000  000  009  000  013  038  036  018  002  000  000  000 
 001  002  002  006  014  020  024  010  003  030  042  029  007  001  000  003 
 000  000  002  014  031  033  023  018  016  027  053  055  023  022  020  018 
 000  000  001  006  014  019  018  023  028  033  066  065  026  025  027  022 
 001  002  000  000  002  007  012  017  015  011  046  048  011  004  010  009 
 000  000  000  000  010  006  004  000  000  000  038  048  018  000  000  000 
 000  000  000  004  017  007  006  000  000  000  032  050  026  008  007  006 
 000  000  006  011  020  012  016  023  028  031  044  045  031  015  012  020 
 001  002  006  008  017  013  020  032  042  046  037  021  026  030  019  020 
 002  003  003  002  016  015  016  023  023  026  024  012  012  042  029  008 
 001  000  000  000  020  012  001  009  008  002  010  016  012  034  036  004 
 000  000  000  000  030  010  000  008  010  000  000  008  010  011  026  015 

Celda25

 022  027  025  023  024  028  031  030  018  004  000  004  012  005  000  000 
 018  021  015  010  008  009  008  006  006  006  004  000  007  008  002  000 
 014  013  009  006  003  000  000  000  004  012  019  016  000  000  002  000 
 004  000  000  002  002  003  006  019  025  028  028  022  009  000  002  008 
 002  000  000  000  000  006  018  036  035  024  019  015  012  008  009  022 
 006  006  005  000  002  016  038  043  022  006  000  008  014  014  012  022 
 015  014  010  006  011  035  042  031  016  003  000  005  012  014  011  015 
 016  009  006  008  017  029  019  006  006  009  007  007  012  014  010  003 
 004  000  003  010  009  009  006  002  000  001  004  004  011  018  015  006 
 000  000  000  002  000  000  004  002  000  000  000  000  002  016  018  010 
 000  000  000  000  000  000  002  002  000  000  000  000  014  004  009  006 
 022  012  000  000  000  000  000  003  000  000  000  000  022  003  000  000 
 026  022  010  001  002  004  000  000  002  000  000  000  016  014  000  000 
 016  022  020  012  008  008  004  000  001  000  000  000  006  022  000  014 
 004  014  016  008  000  000  000  000  006  006  006  004  000  023  016  010 
 000  000  006  004  000  000  000  008  010  008  012  011  003  011  022  009 

Celda26

 000  000  002  008  013  018  031  042  036  020  012  009  006  008  008  003 
 000  001  000  002  006  005  012  034  042  021  004  006  007  004  006  005 
 000  006  000  000  000  000  000  017  038  026  005  008  010  000  000  009 
 013  016  007  001  000  000  000  001  028  032  012  012  017  000  000  008 
 027  027  017  006  000  000  000  000  020  030  019  018  024  006  000  000 
 023  015  004  000  000  004  002  002  011  020  020  021  028  015  000  000 
 014  004  000  000  008  006  004  005  012  009  010  015  028  024  006  011 
 004  000  000  000  013  004  006  010  020  018  010  005  026  032  027  033 
 000  000  000  004  023  002  011  023  035  034  032  032  043  047  039  031 
 006  002  000  013  034  014  015  029  041  042  038  041  039  036  023  016 
 007  012  018  040  056  028  018  025  034  034  031  029  024  009  007  010 
 000  006  016  049  059  024  017  018  023  018  012  001  002  000  000  006 
 000  000  004  041  041  009  006  008  011  010  008  001  000  000  000  002 
 015  006  000  033  025  000  000  004  005  001  002  004  000  000  000  000 
 020  016  010  034  018  000  000  004  002  000  004  010  000  000  000  002 
 000  006  010  040  017  000  000  002  002  004  011  004  000  000  000  005 

Celda27

 008  016  010  000  000  002  002  000  000  000  012  019  024  022  020  022 
 009  020  016  000  000  008  014  010  019  025  053  063  045  031  026  022 
 014  018  018  006  010  043  054  042  041  052  066  054  022  010  000  000 
 022  022  021  021  031  047  038  018  020  034  034  016  000  000  000  000 
 026  032  024  018  024  028  015  003  012  018  008  000  000  000  000  005 
 022  037  022  013  025  030  017  006  010  018  006  000  000  000  000  015 
 036  037  011  004  026  035  021  008  006  010  006  002  000  000  000  014 
 041  033  009  004  020  032  016  003  002  002  004  009  002  000  000  008 
 024  018  018  025  034  027  005  000  001  000  000  008  008  000  000  004 
 014  017  019  019  013  006  000  003  018  020  016  008  010  012  014  009 
 011  020  029  018  000  000  002  014  032  023  017  014  032  043  033  028 
 011  017  028  022  000  000  006  032  028  000  000  001  026  029  011  014 
 010  010  018  020  007  000  012  030  024  000  000  010  024  018  002  000 
 006  001  004  008  014  029  032  019  008  000  000  014  020  012  004  000 
 005  000  000  000  010  046  048  006  000  005  010  014  014  009  004  006 
 006  000  004  005  000  030  052  018  000  005  020  017  010  011  010  011 

Celda28

 021  016  008  006  021  038  039  034  040  050  054  050  046  046  049  042 
 021  020  018  024  051  046  028  028  037  040  041  038  036  039  040  026 
 000  009  014  033  053  023  006  010  019  009  012  018  023  024  022  012 
 011  000  000  021  035  009  006  006  018  004  004  014  016  010  008  005 
 019  000  000  023  032  000  009  012  014  009  014  012  007  000  000  000 
 016  000  000  021  032  013  002  013  015  019  020  004  000  000  000  000 
 010  000  000  017  026  019  009  004  008  012  007  000  000  000  000  002 
 010  000  004  018  017  016  012  008  004  000  000  000  000  000  000  000 
 010  009  010  011  010  012  010  007  002  000  000  000  000  000  000  000 
 003  013  017  010  005  007  010  006  000  000  000  000  000  000  003  002 
 018  024  030  015  003  005  010  004  000  000  000  000  000  014  024  016 
 019  036  039  021  017  022  023  012  008  003  000  001  023  045  037  015 
 002  032  029  014  014  016  009  002  000  000  000  008  038  042  020  005 
 013  026  013  002  004  000  000  000  000  000  000  020  026  015  004  000 
 018  022  010  002  000  000  000  000  000  000  016  020  008  004  004  000 
 013  012  008  006  000  000  000  000  000  000  020  018  004  000  003  002 

Celda29

 034  030  024  023  024  022  024  046  046  027  026  028  028  019  014  012 
 017  016  014  010  014  024  032  050  034  018  020  020  010  000  000  007 
 000  000  009  012  018  034  045  037  010  000  002  000  000  002  014  032 
 000  000  001  003  006  017  020  008  000  000  008  002  006  026  042  038 
 006  008  001  000  000  002  000  000  000  000  016  024  024  030  029  014 
 006  014  012  007  002  000  000  000  000  020  046  041  020  014  015  006 
 002  000  000  000  000  000  000  000  025  049  050  028  010  015  019  008 
 000  000  000  000  000  000  014  031  046  049  034  022  018  024  013  001 
 000  000  000  000  011  018  024  036  046  042  023  020  020  012  000  000 
 004  006  010  015  029  024  014  027  041  033  015  008  000  000  000  000 
 018  018  021  020  010  008  013  026  029  009  000  000  000  000  000  000 
 010  010  011  004  000  001  026  030  016  000  000  000  000  002  010  000 
 001  000  000  000  000  002  033  029  005  000  000  000  000  003  004  006 
 000  000  000  000  002  007  026  020  000  000  000  004  008  000  000  012 
 000  000  006  014  015  010  015  008  002  004  003  000  000  000  000  017 
 000  000  012  017  014  011  010  003  015  018  001  000  000  000  006  013 

Celda30

 018  028  038  037  026  020  008  000  000  030  033  010  000  000  000  000 
 022  029  033  031  021  016  014  017  028  053  042  005  000  002  004  008 
 030  020  020  026  011  000  000  026  059  068  048  024  020  031  039  046 
 020  010  016  012  000  000  014  041  053  046  031  024  022  041  052  040 
 008  008  014  000  000  009  045  047  026  015  008  008  013  034  024  000 
 008  008  004  000  008  056  073  044  019  016  007  004  010  023  000  000 
 008  006  000  003  043  085  074  043  031  029  013  008  008  010  003  008 
 000  000  000  024  071  083  058  034  028  018  010  002  000  010  009  020 
 000  000  009  052  073  060  033  013  010  006  000  000  000  018  012  000 
 000  000  035  059  053  030  013  004  000  000  000  000  006  022  002  000 
 004  018  045  045  030  015  004  006  000  000  000  000  024  018  000  000 
 009  025  034  030  020  008  000  000  000  000  000  004  030  008  000  000 
 010  012  017  020  012  005  000  000  000  000  000  024  019  000  000  000 
 016  008  014  014  002  000  000  000  000  004  043  040  008  000  000  000 
 008  003  014  008  000  000  000  000  004  030  031  009  000  000  000  000 
 000  000  006  000  000  000  009  006  003  008  012  002  000  000  000  001 

Celda31

 000  001  000  000  000  000  002  013  007  000  000  006  010  029  043  001 
 006  000  000  000  000  004  015  018  001  000  000  015  020  034  046  000 
 042  025  014  012  006  000  018  019  000  000  004  018  020  033  046  000 
 038  034  040  046  041  032  034  026  004  000  008  022  015  023  042  000 
 000  016  029  032  039  050  058  049  040  037  034  036  016  020  044  003 
 000  002  008  014  030  052  058  052  048  048  048  049  034  041  063  021 
 008  000  000  004  029  035  026  026  028  031  034  043  044  059  075  037 
 016  002  000  015  021  004  001  000  016  027  027  032  041  053  060  033 
 000  004  011  019  005  000  006  024  031  027  022  013  015  018  025  007 
 000  000  002  006  000  009  034  038  022  006  004  000  000  019  029  000 
 000  001  012  012  014  022  025  012  002  000  000  000  000  012  034  000 
 003  008  020  022  006  003  009  008  002  000  000  000  000  000  030  000 
 010  009  013  015  004  000  002  009  008  000  000  000  000  000  025  000 
 007  002  004  012  007  000  000  008  010  002  000  000  000  006  034  009 
 000  000  007  017  009  000  000  005  011  011  004  000  000  016  042  010 
 000  002  014  017  004  000  000  004  014  018  010  000  000  018  037  000 

Celda32

 000  000  000  000  036  008  000  010  011  000  006  000  000  000  005  018 
 000  000  000  000  030  002  000  018  015  000  006  000  000  000  000  009 
 000  000  000  000  020  002  000  025  025  007  006  000  000  002  018  016 
 000  000  000  000  012  010  012  028  034  021  009  006  002  021  029  020 
 000  000  000  000  008  018  022  030  036  030  000  000  000  018  017  010 
 000  000  000  000  006  018  022  027  034  032  002  000  000  021  026  000 
 000  000  000  000  019  024  011  016  030  033  002  000  000  022  042  016 
 000  000  000  000  022  015  001  006  025  035  008  000  000  014  054  031 
 000  000  000  000  016  008  002  012  029  037  015  003  000  000  051  038 
 002  004  005  000  011  009  011  019  020  025  012  000  000  000  042  041 
 002  004  006  006  009  012  018  013  007  014  006  000  000  000  042  046 
 000  000  002  004  011  015  014  006  000  006  000  000  000  005  036  039 
 000  000  000  000  008  012  006  000  000  008  001  000  004  011  026  028 
 000  000  000  000  011  018  002  000  000  017  008  000  000  000  012  016 
 000  000  000  000  015  021  002  000  004  022  010  000  000  000  004  009 
 000  000  000  000  022  023  005  000  010  020  004  000  000  000  006  007 

Celda33

 024  003  004  012  008  000  000  014  010  002  004  008  002  000  020  024 
 032  026  000  018  030  033  024  005  006  010  000  003  003  000  016  035 
 013  028  016  000  028  048  048  030  008  010  006  006  011  008  008  037 
 008  011  022  014  000  025  040  036  020  009  010  006  016  020  008  026 
 016  015  013  012  009  001  003  022  024  013  006  000  006  012  004  012 
 013  018  011  000  000  008  000  000  013  016  006  000  000  000  000  006 
 000  001  000  000  000  000  000  000  000  000  002  000  000  000  000  008 
 006  000  000  000  009  012  000  000  000  004  000  000  000  000  000  008 
 018  006  002  010  014  014  008  002  000  010  005  000  000  000  000  000 
 026  012  000  000  000  000  000  000  000  000  004  000  000  001  008  000 
 024  004  000  000  000  000  000  000  000  000  000  000  000  000  002  000 
 016  000  000  000  000  000  000  000  000  004  004  000  000  000  000  000 
 014  000  000  000  000  000  002  002  004  006  006  002  001  002  002  004 
 015  006  000  000  000  000  000  001  002  000  000  000  005  006  009  016 
 014  010  002  000  000  000  000  000  000  000  000  000  012  012  012  020 
 012  016  010  000  000  000  000  000  000  000  000  016  016  012  010  014 

Celda34

 000  000  006  031  002  000  000  000  003  006  008  000  000  000  000  010 
 000  000  011  024  000  000  000  002  003  002  000  000  000  000  000  012 
 006  004  021  025  002  005  009  006  000  000  000  003  008  006  002  008 
 016  003  035  033  016  016  016  008  000  000  008  008  012  016  014  005 
 026  022  034  016  006  006  008  006  002  001  010  004  000  006  010  008 
 032  033  022  000  000  000  000  004  004  004  007  001  000  000  003  006 
 032  029  016  000  000  003  000  000  000  000  002  000  000  004  000  003 
 025  024  016  004  000  004  000  000  000  000  002  000  000  008  004  000 
 008  017  026  018  002  002  004  000  007  013  013  014  016  016  008  004 
 000  012  038  030  003  004  014  004  010  017  021  023  024  020  016  012 
 000  006  039  032  005  010  023  012  002  006  011  012  014  014  012  008 
 000  002  026  029  014  016  024  010  001  011  014  004  000  000  000  000 
 010  011  010  026  026  020  017  002  000  013  020  008  000  000  000  000 
 020  020  010  016  030  022  012  000  000  013  020  010  001  000  000  000 
 028  028  020  010  022  019  012  004  003  019  019  008  004  000  000  000 
 022  025  022  015  016  014  014  008  010  021  013  000  002  000  000  000 

Celda35

 011  000  000  001  002  006  031  027  008  008  022  022  010  014  018  010 
 016  002  000  000  002  003  004  018  021  014  018  022  014  016  020  009 
 014  004  000  002  000  002  004  000  008  010  014  022  022  022  020  008 
 005  004  002  005  002  000  000  000  000  000  012  021  028  033  028  016 
 002  000  000  006  004  000  000  000  000  000  004  017  030  042  044  032 
 006  004  000  005  006  000  000  000  000  004  000  010  026  045  054  044 
 007  011  011  004  004  000  000  002  008  016  022  021  023  036  052  046 
 006  013  018  016  008  007  011  010  008  016  029  034  024  020  036  038 
 009  011  012  020  022  022  024  023  018  020  037  030  025  013  012  020 
 008  011  014  020  024  023  022  020  019  025  034  016  016  016  012  000 
 006  019  027  018  016  012  008  006  010  016  014  000  002  008  010  009 
 002  028  031  013  008  005  002  000  000  001  000  000  000  004  006  008 
 012  031  022  004  001  000  000  000  000  000  000  000  004  006  009  012 
 016  024  012  000  000  000  000  000  000  000  000  000  008  010  000  004 
 012  018  008  000  000  000  000  000  000  000  000  000  004  010  006  000 
 007  012  006  000  000  000  000  001  002  000  000  000  000  006  007  001 

Celda36

 004  004  005  006  002  000  000  000  000  004  007  009  005  002  001  003 
 001  004  005  008  008  000  000  000  000  000  000  000  003  002  000  002 
 007  012  008  010  014  000  000  000  002  005  000  004  008  006  001  000 
 016  017  009  011  016  000  000  001  009  018  019  024  028  027  024  012 
 022  013  006  008  013  000  000  008  023  022  014  018  022  016  015  008 
 022  010  006  006  009  001  000  010  017  007  000  012  014  000  000  000 
 024  014  013  008  008  006  009  015  011  005  002  007  010  000  000  000 
 028  026  024  016  010  009  017  022  015  008  002  000  000  000  000  000 
 030  042  037  026  016  010  017  021  010  007  001  000  000  000  000  001 
 023  048  050  034  017  006  012  018  002  002  001  000  000  002  006  015 
 011  036  050  040  022  008  010  019  009  000  000  000  000  006  012  006 
 011  018  034  034  020  012  016  022  012  000  000  000  004  005  000  000 
 014  018  019  018  008  008  024  031  015  000  000  000  006  002  000  000 
 004  009  014  005  000  000  017  036  026  000  000  006  002  000  000  000 
 000  007  010  002  000  000  000  028  032  009  002  010  006  000  000  000 
 000  004  007  002  000  000  000  012  024  008  001  017  026  008  000  000 

Celda37

 008  014  008  005  012  011  001  000  016  006  000  000  000  003  009  004 
 012  019  014  000  000  003  000  000  014  001  000  000  000  004  003  000 
 006  013  011  006  002  000  000  000  002  000  000  000  000  000  000  000 
 000  000  000  004  008  000  000  000  000  000  001  008  009  014  011  005 
 000  000  000  000  010  010  000  000  000  000  010  019  020  015  017  014 
 000  000  000  002  020  026  013  012  008  011  015  015  015  004  000  000 
 000  000  001  010  032  031  009  011  014  014  010  004  006  000  000  000 
 008  018  020  016  016  020  011  000  010  010  004  002  000  000  000  002 
 017  025  022  014  005  009  015  012  004  004  000  000  000  000  003  010 
 008  010  012  014  014  010  007  011  010  000  000  000  000  005  016  005 
 000  000  000  000  008  006  000  000  006  001  000  000  000  010  024  009 
 000  000  000  002  002  000  000  000  000  002  000  000  000  004  016  010 
 000  000  000  004  004  000  000  000  000  002  000  000  000  000  008  006 
 000  000  000  003  000  000  000  000  000  002  000  000  000  001  008  005 
 000  000  000  000  000  000  000  000  001  004  000  000  000  006  008  004 
 000  000  000  000  000  000  000  002  000  000  000  000  003  008  006  003 

Celda38

 000  000  000  000  000  010  022  010  000  000  004  003  000  000  000  004 
 000  000  000  000  000  014  020  008  000  000  000  004  000  000  000  004 
 002  005  000  000  002  010  012  008  000  002  004  000  000  000  002  002 
 010  011  000  000  004  014  019  002  000  000  000  000  000  000  000  000 
 016  006  000  000  008  019  012  000  000  000  003  006  006  004  000  000 
 007  004  004  004  013  012  002  000  000  004  000  008  014  012  000  000 
 004  000  002  008  007  000  000  000  000  003  007  003  008  009  001  000 
 004  004  000  000  000  000  000  000  003  000  000  006  011  001  000  006 
 003  000  000  000  000  000  000  000  000  000  002  014  006  006  006  000 
 000  000  000  000  000  000  000  000  006  008  005  010  007  000  002  004 
 000  000  000  000  000  000  001  004  002  004  002  000  001  000  000  000 
 000  000  000  000  000  000  002  006  000  000  000  000  000  000  000  000 
 004  006  006  001  000  003  002  001  000  000  000  000  000  000  000  018 
 000  002  007  008  004  000  000  000  000  002  006  005  000  000  014  031 
 000  000  002  007  006  003  000  000  005  006  008  010  008  006  019  024 
 000  000  000  000  002  004  003  010  014  009  005  008  015  017  022  021 

Celda39

 002  004  010  007  000  000  000  008  017  018  006  000  004  022  040  000 
 000  000  000  000  000  000  006  012  017  014  000  000  004  032  052  000 
 000  000  000  000  000  004  006  008  013  010  000  000  001  041  068  000 
 000  000  000  000  005  006  000  000  010  010  000  000  000  042  076  000 
 000  000  000  000  002  000  000  004  014  014  009  004  002  038  076  000 
 004  002  000  000  000  000  002  023  037  028  013  004  001  037  078  002 
 006  005  006  004  003  010  034  053  041  016  004  002  004  047  087  010 
 015  008  002  014  026  038  049  043  015  000  000  000  008  054  086  009 
 011  013  008  013  032  034  030  015  000  000  000  001  004  040  070  000 
 000  008  020  026  020  006  002  000  000  006  006  000  000  036  070  000 
 000  006  020  025  019  007  000  003  008  004  000  000  000  038  076  005 
 005  023  019  012  011  006  000  004  014  012  000  004  018  067  098  023 
 032  023  006  000  006  008  002  000  006  016  016  014  034  075  094  023 
 026  008  007  008  011  013  008  006  005  009  022  025  025  050  069  006 
 013  003  008  014  014  010  006  003  007  004  014  022  022  052  072  000 
 011  005  008  010  008  006  006  000  000  000  012  016  006  043  079  000 

Celda40

 000  000  000  000  024  020  008  006  016  020  002  000  000  000  008  008 
 000  000  000  000  010  008  011  016  023  027  008  005  007  005  006  010 
 005  011  020  018  008  000  014  024  031  035  018  006  002  000  009  020 
 006  012  018  014  015  026  041  040  030  025  014  000  000  000  012  015 
 000  000  000  000  005  026  025  021  015  012  008  000  000  000  018  014 
 000  000  000  000  014  018  007  006  012  012  002  000  000  000  020  014 
 000  000  000  007  025  026  013  008  012  010  002  002  000  000  020  020 
 001  004  012  020  031  027  013  002  003  012  002  000  002  000  018  032 
 002  004  010  014  016  014  005  000  000  010  010  000  010  018  030  048 
 001  002  006  010  013  016  011  006  002  010  014  005  015  024  026  036 
 002  004  009  013  021  023  016  014  012  019  025  016  014  016  012  013 
 003  006  009  006  011  013  008  006  009  023  029  021  012  011  012  012 
 001  002  001  000  008  011  000  000  008  029  031  018  008  007  016  022 
 000  000  000  000  010  012  000  000  017  034  029  011  003  008  025  020 
 000  000  000  000  018  004  000  004  029  035  026  012  010  024  036  022 
 000  000  000  000  018  000  000  019  038  038  025  016  019  045  048  030 

Celda41

 012  020  014  000  000  000  001  004  000  008  025  030  010  006  004  006 
 019  023  016  004  007  007  004  012  014  021  028  022  008  008  009  006 
 028  021  010  000  000  002  002  015  016  008  007  011  010  016  016  012 
 018  011  004  000  000  009  018  029  014  000  004  017  016  014  015  014 
 016  012  004  004  007  021  035  029  013  006  018  028  015  006  008  008 
 010  011  008  012  020  028  026  018  016  020  036  029  008  002  002  002 
 010  007  010  015  020  018  008  000  012  028  035  018  009  004  002  000 
 027  021  018  014  014  012  006  008  012  022  017  007  002  000  000  000 
 040  023  016  011  006  002  002  015  024  019  007  001  000  000  000  000 
 030  012  004  004  007  008  006  010  020  021  018  000  009  011  011  014 
 027  015  003  012  024  022  021  014  008  014  023  014  002  020  033  036 
 023  023  024  035  037  025  022  020  015  013  018  016  006  012  030  028 
 023  034  046  046  027  015  010  014  019  025  034  021  010  020  019  007 
 016  035  051  032  007  000  001  011  022  034  036  024  021  030  015  000 
 022  030  038  016  000  000  003  024  034  035  023  016  019  025  011  008 
 030  022  020  011  000  006  020  031  035  026  014  011  018  016  010  011 

Celda42

 008  012  016  014  016  027  027  016  012  016  008  000  001  000  000  000 
 003  006  013  014  014  028  022  010  009  008  004  000  005  004  002  000 
 005  000  006  012  008  017  012  008  008  004  002  002  006  003  000  008 
 006  000  000  006  006  012  019  020  012  008  007  005  000  002  004  010 
 006  000  000  000  007  012  025  020  005  004  001  004  006  007  007  017 
 005  007  000  000  000  000  018  020  002  000  001  008  012  012  013  023 
 002  003  000  000  000  000  013  024  009  000  006  012  011  006  009  017 
 000  000  000  000  000  000  018  031  016  011  016  015  010  005  005  006 
 000  000  001  000  000  000  022  036  030  027  022  011  004  004  004  003 
 017  016  016  020  021  014  016  036  035  029  013  004  000  003  008  006 
 031  024  023  026  030  025  004  028  046  032  000  000  000  003  012  010 
 026  024  024  022  026  032  021  008  050  040  000  000  000  012  023  008 
 016  028  030  020  016  024  030  015  036  044  004  000  000  031  034  010 
 009  023  030  026  012  005  014  016  008  040  018  002  022  043  025  003 
 011  007  010  015  008  000  000  010  004  034  039  033  040  040  018  004 
 008  000  000  000  000  000  000  004  014  052  076  054  044  040  026  020 

Celda43

 004  008  007  004  000  000  000  000  000  000  000  000  000  001  004  000 
 001  005  009  008  000  000  000  000  000  000  002  005  000  000  000  000 
 008  003  006  008  000  000  000  000  000  000  003  005  004  000  000  000 
 016  018  008  000  000  000  000  000  000  004  004  001  000  000  000  002 
 020  018  015  005  000  000  008  004  003  003  002  000  000  000  000  000 
 017  004  006  006  004  005  004  000  000  000  000  000  000  002  000  000 
 006  000  000  002  004  000  000  000  000  000  000  000  002  004  006  006 
 000  000  000  000  002  000  000  000  000  000  000  000  002  004  012  019 
 000  000  000  000  000  000  000  000  000  000  002  000  000  004  018  021 
 002  000  000  000  000  000  000  000  000  000  003  004  000  006  012  003 
 000  000  000  000  000  006  003  002  002  004  007  006  003  005  008  000 
 000  000  000  000  000  016  007  006  004  004  008  004  000  006  013  008 
 006  006  008  008  009  022  005  004  004  004  003  002  002  004  016  015 
 007  012  012  012  014  015  000  000  004  006  004  004  006  004  013  018 
 006  006  006  008  006  000  000  000  000  000  006  009  007  006  011  016 
 014  007  002  000  000  000  000  000  002  006  005  003  002  002  009  014 

Celda44

 000  002  004  006  004  000  000  003  015  002  000  016  038  026  000  000 
 000  002  004  008  010  000  000  001  010  000  000  000  026  032  013  000 
 001  004  002  002  010  009  002  005  002  000  000  000  002  022  026  013 
 005  011  008  004  007  016  006  000  000  000  000  001  000  004  022  020 
 003  017  012  012  009  015  006  000  000  000  000  002  006  006  009  012 
 006  011  001  004  005  006  002  000  000  001  003  004  007  012  015  007 
 007  007  002  000  001  000  000  002  002  004  006  009  014  018  018  015 
 018  010  003  002  001  000  000  008  008  004  006  013  019  017  009  008 
 019  016  012  006  002  000  003  016  014  010  011  022  021  015  006  010 
 000  000  003  004  002  002  006  018  017  012  012  020  019  018  020  026 
 000  000  001  000  004  008  012  016  012  001  000  010  016  014  022  019 
 011  007  009  005  008  019  016  009  006  000  000  010  020  003  002  000 
 018  022  016  010  011  019  010  004  000  000  002  011  014  001  000  000 
 004  012  010  004  003  008  000  000  000  004  004  006  004  000  000  006 
 005  000  003  005  002  002  000  000  000  004  002  005  002  000  000  012 
 003  000  000  004  006  000  000  000  000  002  000  006  008  000  003  007 

Celda45

 000  000  000  000  000  000  001  000  000  000  000  000  002  006  006  004 
 000  000  000  000  000  000  000  000  000  000  000  000  000  000  002  003 
 002  003  000  000  000  000  000  000  000  002  001  000  000  000  000  002 
 012  014  008  000  000  008  008  008  006  006  005  002  000  000  006  020 
 014  020  015  003  006  012  008  007  003  002  004  010  014  018  035  047 
 007  020  014  003  012  024  009  006  005  006  011  013  019  031  046  045 
 016  028  018  002  008  030  019  005  012  015  016  015  022  033  033  021 
 021  034  031  024  017  017  026  007  008  011  011  013  021  022  010  000 
 030  034  030  020  019  003  019  020  008  010  011  007  010  010  000  000 
 035  022  005  000  000  000  006  018  021  018  008  004  004  010  000  000 
 016  002  000  000  000  003  012  002  020  026  008  000  000  002  000  000 
 000  000  000  000  010  028  016  006  004  018  014  008  000  000  000  004 
 000  001  003  008  018  020  000  000  000  001  014  026  014  007  008  000 
 012  008  004  000  002  010  000  000  000  000  010  031  032  019  034  034 
 010  000  000  000  000  004  002  000  008  014  014  022  035  028  019  030 
 006  000  000  000  000  005  013  016  018  019  015  012  024  034  020  000 

Celda46

 000  000  006  002  005  002  005  014  018  005  002  011  024  028  022  018 
 000  001  016  016  016  020  017  014  012  006  004  025  033  028  026  014 
 006  010  026  029  018  012  014  011  008  007  012  023  022  015  020  016 
 033  037  035  025  008  003  000  006  013  020  019  014  019  012  003  012 
 050  039  024  011  002  004  006  010  015  014  006  004  014  016  003  000 
 035  019  010  004  006  017  023  020  008  000  000  002  014  016  006  000 
 010  004  003  002  012  025  026  014  004  000  000  005  015  014  008  000 
 002  000  000  001  017  020  010  000  000  000  000  006  012  010  008  000 
 000  000  000  010  023  013  001  000  000  000  000  004  006  006  008  001 
 000  000  006  019  018  002  000  000  000  000  000  002  004  008  008  000 
 000  001  011  020  012  000  000  000  000  000  000  000  006  013  004  000 
 010  014  019  015  008  000  000  000  000  000  004  004  010  016  000  000 
 021  026  024  015  002  000  000  000  000  000  010  010  011  010  000  000 
 017  031  026  009  008  000  000  000  000  000  019  013  005  004  003  010 
 023  018  030  011  002  012  008  003  008  031  026  008  000  002  015  021 
 017  020  016  016  012  015  028  036  040  042  019  010  010  019  024  013 

Celda47

 010  007  007  005  004  006  006  002  000  001  018  017  005  042  079  000 
 003  008  006  004  003  002  000  000  008  021  026  017  009  046  082  009 
 008  009  007  002  000  000  000  002  016  020  014  007  002  037  072  000 
 016  016  011  000  000  000  002  018  017  002  000  000  000  036  076  000 
 006  010  014  010  002  000  013  024  003  000  000  000  000  040  080  000 
 000  002  006  000  002  009  029  019  000  000  000  000  000  042  080  000 
 000  000  006  000  000  011  022  002  000  000  000  000  000  038  076  000 
 000  000  002  000  000  008  009  000  000  000  000  000  000  032  072  000 
 000  000  002  004  000  000  001  000  000  000  000  004  004  032  073  003 
 000  000  006  006  000  000  000  000  002  006  002  001  000  037  085  015 
 000  006  008  002  002  000  000  003  017  012  000  000  004  045  090  013 
 005  019  004  000  001  000  000  011  019  004  000  000  009  046  082  000 
 020  013  000  000  003  003  010  016  004  000  000  013  018  046  080  000 
 019  000  000  000  019  025  023  013  002  000  002  022  019  046  084  006 
 009  000  002  019  032  023  013  006  000  000  009  022  011  036  076  001 
 000  000  007  025  019  003  000  000  000  000  012  020  006  033  073  000 

Celda48

 000  000  000  006  016  000  000  027  039  039  018  012  015  051  043  028 
 001  002  006  006  007  002  004  021  034  034  005  004  009  033  015  008 
 004  007  006  000  004  000  006  012  028  037  006  000  002  023  014  010 
 003  005  002  000  006  008  002  002  020  032  012  000  000  010  016  017 
 000  000  000  000  004  016  006  002  013  020  014  006  000  002  018  020 
 000  000  000  001  000  010  012  010  010  005  012  024  017  014  022  020 
 000  000  000  000  002  000  016  022  008  000  010  039  024  005  006  016 
 000  000  002  003  005  004  016  031  013  006  009  040  028  000  000  012 
 003  006  010  009  012  015  022  039  019  012  015  030  026  000  000  005 
 002  003  002  000  005  016  024  039  018  008  011  015  020  008  000  000 
 000  000  000  000  010  015  025  029  010  001  007  005  009  010  000  000 
 000  000  000  000  018  025  021  009  000  004  011  007  004  006  002  004 
 000  000  001  004  021  025  013  002  000  008  012  004  005  010  009  012 
 000  000  001  004  016  020  012  000  000  004  012  006  001  007  007  006 
 000  000  000  000  010  010  010  002  000  000  004  014  013  012  008  004 
 000  000  000  000  008  000  002  010  000  000  000  020  022  014  010  008 

Celda49

 028  026  010  007  012  022  022  023  023  010  004  008  016  006  003  002 
 011  016  010  001  018  016  007  008  012  007  000  006  006  000  000  000 
 009  001  007  002  017  018  005  001  007  011  013  013  005  000  000  005 
 014  000  002  008  016  020  006  000  010  029  029  015  010  010  010  016 
 009  002  000  011  025  023  002  000  025  039  023  008  008  010  004  002 
 001  001  008  019  026  013  006  014  035  030  008  000  000  000  000  000 
 000  002  018  027  017  006  001  015  022  008  000  000  000  000  000  002 
 002  006  024  022  004  000  000  013  010  000  000  001  000  000  000  020 
 008  014  022  016  002  000  000  007  000  000  000  013  000  003  023  034 
 018  020  014  008  000  000  000  004  000  001  014  034  026  019  022  006 
 022  024  008  002  000  000  004  015  009  020  024  026  019  005  000  000 
 012  022  010  000  000  000  017  038  032  010  000  005  010  000  000  000 
 006  014  012  000  000  001  038  048  017  000  000  006  011  000  000  000 
 008  000  007  004  000  016  031  028  005  000  000  004  004  000  000  000 
 010  004  000  014  012  011  014  016  002  000  000  000  000  000  000  000 
 008  010  006  014  016  006  008  010  002  000  000  000  000  000  000  000 

Celda50

 000  000  000  000  000  000  000  000  008  070  089  053  038  037  030  026 
 000  000  006  011  008  000  000  000  014  074  085  047  022  009  000  001 
 006  010  014  014  010  001  000  000  027  070  070  037  012  000  000  000 
 011  010  006  003  006  006  004  004  020  062  077  040  000  000  000  003 
 000  000  000  000  004  014  014  010  011  040  073  061  000  002  000  007 
 004  000  000  000  004  016  014  008  007  020  056  070  014  000  000  003 
 013  003  006  001  002  008  007  000  001  010  032  054  022  000  000  000 
 030  009  002  000  000  000  000  000  000  006  016  025  017  000  000  000 
 010  000  000  000  000  000  000  000  000  000  010  007  010  017  006  000 
 000  000  000  000  000  000  000  000  000  000  008  004  004  025  027  007 
 000  000  000  000  000  000  000  000  000  000  008  010  000  016  038  024 
 000  000  000  000  000  000  003  000  000  000  006  017  000  004  036  039 
 000  000  000  000  000  000  005  006  000  000  001  024  010  010  032  045 
 000  000  000  000  000  000  000  012  000  002  004  030  029  023  033  044 
 000  000  000  000  006  016  012  008  002  014  018  041  043  030  030  034 
 000  000  000  000  006  015  018  013  021  024  030  044  041  018  021  027 

Celda51

 021  013  005  001  000  000  002  004  000  006  008  006  000  000  008  008 
 004  004  004  004  003  002  005  006  003  000  006  007  006  008  011  002 
 000  000  000  000  002  003  003  005  010  013  008  000  009  017  011  002 
 000  000  000  000  000  000  000  003  014  020  016  006  006  019  012  000 
 000  000  000  000  000  000  000  000  008  005  002  000  000  014  010  000 
 000  000  000  000  000  000  000  000  000  000  000  000  002  008  005  000 
 000  000  000  000  000  000  000  000  000  000  000  000  007  006  002  000 
 004  007  009  000  000  000  000  000  000  000  002  003  010  008  001  000 
 003  011  012  000  000  000  000  000  000  008  009  008  010  008  000  000 
 000  010  011  000  000  000  010  018  013  007  004  007  010  003  000  000 
 003  008  011  002  005  008  016  021  016  009  007  008  006  000  002  005 
 015  010  010  002  006  010  012  008  008  008  004  002  004  001  000  007 
 034  017  010  000  000  004  003  000  000  000  000  000  003  002  004  010 
 037  014  008  000  000  002  000  000  000  002  004  007  013  009  012  018 
 030  013  000  000  000  002  000  000  004  012  018  023  024  018  017  020 
 016  012  000  000  000  001  003  007  012  016  019  021  016  012  014  015 

Celda52

 000  000  000  000  000  000  000  000  000  000  001  006  010  009  003  002 
 000  000  000  000  000  000  000  000  000  002  010  006  006  011  008  004 
 000  000  000  000  000  000  000  000  000  006  023  020  011  008  006  006 
 000  000  004  003  012  016  015  014  014  023  037  022  006  000  000  010 
 000  000  006  017  011  014  013  012  012  023  030  011  002  002  003  022 
 000  000  010  018  006  006  005  001  000  007  017  008  008  013  014  026 
 000  004  004  010  012  000  000  000  000  001  016  018  005  006  005  007 
 000  004  000  004  014  000  000  000  000  004  010  019  011  000  000  000 
 000  000  000  002  010  000  000  000  002  002  007  012  014  002  000  000 
 004  005  006  002  002  000  000  000  004  006  015  018  012  002  000  000 
 012  010  010  011  010  012  014  014  014  024  023  008  000  000  000  004 
 010  008  008  012  014  016  016  020  020  026  014  000  000  003  010  012 
 010  008  009  009  010  009  007  007  008  006  000  000  000  009  020  011 
 012  006  004  001  004  006  002  000  000  000  000  002  009  010  019  014 
 010  004  001  002  009  009  008  002  000  000  004  011  014  012  014  025 
 005  002  001  004  017  012  010  005  002  002  007  013  011  013  008  035 

Celda53

 003  000  001  004  006  015  023  025  018  017  012  006  012  028  022  009 
 002  002  008  015  012  012  016  018  010  012  009  008  014  022  018  017 
 006  005  011  013  020  014  011  014  008  004  010  014  020  023  018  015 
 014  010  009  012  012  015  006  010  012  000  008  017  020  023  028  031 
 029  011  000  008  008  000  000  006  013  006  012  017  017  024  032  031 
 021  000  000  000  009  006  000  007  014  017  022  014  012  019  017  006 
 008  000  000  000  003  016  014  013  015  019  020  008  007  010  002  000 
 000  000  000  000  002  012  026  027  017  013  018  003  005  002  000  000 
 000  001  004  009  012  004  024  034  012  005  015  010  000  000  000  003 
 002  014  024  017  010  006  013  033  022  006  013  008  000  000  000  002 
 013  027  030  019  016  016  011  018  025  020  013  007  002  001  000  000 
 016  024  025  021  022  024  018  007  016  027  022  017  023  020  009  000 
 009  014  013  013  010  012  009  008  011  021  028  029  034  027  026  017 
 015  014  005  012  002  000  000  000  008  018  021  032  032  008  027  034 
 029  021  007  002  002  000  000  001  012  021  012  014  030  031  007  028 
 032  012  004  000  000  000  000  010  028  023  005  000  014  040  032  005 

Celda54

 016  030  026  013  020  016  022  042  042  024  011  014  020  018  006  000 
 024  018  020  018  015  018  011  015  020  012  010  019  017  006  000  000 
 022  016  000  004  010  017  012  007  000  014  024  020  007  000  000  000 
 021  004  003  006  018  022  001  000  008  008  020  013  000  000  000  005 
 014  002  000  018  030  007  000  000  013  024  004  000  000  000  000  012 
 000  000  000  014  030  010  000  002  004  019  009  000  000  000  009  016 
 000  000  005  011  016  012  000  014  023  011  000  000  000  016  021  017 
 000  008  004  004  011  012  012  017  018  018  008  000  009  021  024  019 
 006  007  004  004  010  010  010  014  006  004  008  006  014  018  019  022 
 006  007  005  007  010  008  008  011  006  000  000  011  017  015  014  009 
 005  012  016  013  004  002  008  008  001  000  000  008  019  015  006  006 
 014  022  018  010  003  000  009  004  000  000  005  014  018  012  006  000 
 023  027  013  002  000  004  015  007  006  009  007  014  019  006  008  006 
 025  025  004  000  000  010  016  011  013  012  008  012  019  007  000  004 
 030  018  001  000  002  018  027  019  010  003  002  021  026  008  000  000 
 011  013  003  004  016  034  035  018  001  000  005  026  021  006  000  000 

Celda55

 000  004  016  015  002  000  000  000  000  008  017  021  015  047  083  011 
 000  016  021  008  001  000  000  003  010  014  015  022  024  055  086  017 
 004  022  019  006  000  000  003  012  014  008  003  018  024  053  081  011 
 001  018  019  010  002  000  009  019  012  009  007  020  025  055  080  007 
 015  010  016  014  006  006  018  020  011  014  015  017  021  051  072  000 
 021  022  027  025  015  017  025  016  005  006  010  006  014  050  070  000 
 012  021  031  029  018  022  025  006  000  002  003  008  009  042  068  000 
 016  018  021  014  007  010  010  000  000  004  009  008  006  029  066  000 
 022  017  010  002  000  002  006  000  000  008  012  004  002  024  067  001 
 010  013  008  000  000  000  004  000  002  010  008  002  000  027  071  005 
 006  003  004  003  000  002  008  004  003  008  006  000  000  028  067  000 
 004  013  004  000  008  009  009  003  002  004  006  001  000  028  068  000 
 000  010  014  004  012  023  017  008  004  006  011  009  006  026  068  000 
 006  004  011  015  018  022  020  015  009  013  016  008  004  030  076  010 
 000  008  015  011  020  020  000  010  015  015  004  000  000  032  079  012 
 000  009  015  017  017  014  010  008  016  012  000  000  000  042  078  000 

Celda56

 000  000  000  000  010  000  000  010  011  000  006  022  019  010  010  012 
 000  000  000  000  013  000  000  000  020  012  003  010  012  004  007  014 
 002  002  000  000  017  008  000  000  021  025  005  002  007  000  004  012 
 001  000  000  000  018  015  000  000  018  026  006  000  006  000  002  007 
 000  000  000  000  014  018  002  000  013  022  005  000  004  002  000  001 
 000  000  000  000  010  022  014  002  010  018  007  000  002  003  002  000 
 000  000  000  000  010  022  018  005  008  015  010  003  000  003  006  000 
 000  000  000  000  013  020  014  006  006  010  010  005  000  002  006  000 
 000  000  000  000  013  016  010  006  005  006  006  002  000  002  002  000 
 000  000  000  000  006  008  006  005  007  008  004  000  000  008  002  000 
 000  000  000  000  000  000  000  004  010  014  005  000  000  012  006  000 
 000  000  001  000  000  000  000  000  006  015  010  000  000  012  010  000 
 002  004  004  000  000  000  004  002  000  010  014  008  008  008  002  004 
 008  020  040  052  052  053  060  060  058  055  063  066  071  060  050  046 
 014  036  079  109  117  116  123  120  127  128  136  138  134  117  116  117 
 000  000  000  000  000  000  009  000  000  000  010  016  015  002  000  000 

Celda57

 000  000  006  002  011  008  008  010  003  000  000  000  000  000  000  000 
 005  000  000  000  004  012  010  010  000  000  000  000  000  000  000  000 
 002  000  000  000  005  014  006  001  000  000  000  000  000  000  002  004 
 000  000  010  006  010  003  000  000  000  000  000  000  000  000  007  011 
 000  000  014  018  004  000  000  000  000  006  000  000  004  005  005  007 
 000  000  010  016  003  000  000  000  000  006  008  008  006  000  000  000 
 000  000  004  006  000  000  000  000  000  004  013  013  002  000  002  004 
 000  004  004  000  000  000  000  000  001  006  010  008  002  004  008  013 
 002  012  004  000  000  000  000  000  002  006  002  002  010  015  013  019 
 004  014  005  004  006  000  000  000  000  004  000  002  021  026  016  020 
 000  008  008  007  006  000  000  000  002  006  000  003  024  032  022  020 
 000  004  008  004  000  000  000  000  008  012  008  014  035  046  036  028 
 006  006  004  000  000  000  000  004  011  014  010  015  038  054  047  035 
 057  058  050  048  046  049  062  070  065  060  059  068  086  096  082  064 
 123  117  106  106  110  115  129  125  113  111  115  122  130  128  105  085 
 007  009  002  000  000  002  011  006  000  001  009  018  028  032  018  006 

Celda58

 000  004  008  006  006  016  028  026  028  027  029  038  028  000  016  026 
 000  004  014  020  018  025  032  036  024  021  016  028  016  002  017  046 
 001  006  018  026  026  024  025  028  026  011  010  020  014  016  028  060 
 008  006  015  010  018  016  016  014  022  015  002  018  007  018  025  043 
 007  002  013  012  010  017  009  005  010  014  003  018  016  014  016  027 
 004  011  018  021  018  012  008  000  000  004  008  019  033  019  017  021 
 010  023  027  024  015  004  008  004  000  000  008  022  039  023  014  014 
 026  030  022  015  007  004  008  012  006  002  006  011  026  023  013  015 
 032  028  010  008  008  008  004  004  007  010  010  004  020  034  026  025 
 030  021  000  001  010  011  003  000  002  010  012  011  023  050  041  025 
 028  020  000  004  022  013  007  004  010  012  010  016  043  062  041  013 
 026  015  004  018  026  010  009  016  029  024  021  031  059  066  033  002 
 031  024  016  019  016  004  012  020  031  028  031  032  054  060  028  009 
 063  062  051  045  043  036  050  054  056  050  054  048  065  079  046  047 
 086  085  076  073  074  075  076  079  074  070  070  070  081  100  061  069 
 011  010  000  000  004  010  004  000  000  000  000  000  013  042  008  000 

Celda59

 020  018  016  016  016  012  018  024  020  014  007  003  000  002  011  007 
 033  022  027  023  026  021  026  028  018  014  004  000  000  002  010  002 
 033  013  022  023  022  020  022  018  009  011  010  004  004  009  007  000 
 028  007  014  017  012  015  013  009  004  006  009  012  013  009  001  000 
 028  012  006  008  000  004  008  008  003  000  002  008  010  005  002  009 
 030  014  002  004  001  000  003  003  000  000  000  000  000  000  004  017 
 032  026  012  003  000  006  004  000  000  000  000  000  001  003  012  017 
 034  036  018  012  005  004  003  000  000  002  004  001  007  021  024  017 
 033  032  006  009  010  007  007  008  012  016  022  022  023  033  026  012 
 027  027  006  010  016  018  017  019  018  023  026  026  020  023  010  000 
 016  027  019  018  018  021  020  017  013  014  016  021  021  011  000  000 
 005  025  023  023  016  016  018  016  010  005  004  010  016  012  002  000 
 002  030  018  016  016  011  010  012  008  004  004  004  005  007  008  008 
 034  044  042  028  040  036  031  032  035  039  044  042  036  039  046  052 
 072  073  077  066  060  062  058  059  064  070  075  073  070  072  078  085 
 000  003  024  021  000  000  000  001  000  003  002  000  000  000  000  000 

Celda60

 002  000  000  004  017  009  006  006  008  008  003  011  012  010  013  036 
 000  000  002  008  014  006  000  013  020  015  005  008  018  008  012  020 
 000  000  009  017  006  002  008  020  020  016  008  006  018  009  000  003 
 006  010  019  020  005  000  015  018  002  004  007  006  010  008  000  000 
 012  014  014  014  006  008  011  014  000  000  005  006  000  003  004  000 
 011  010  004  007  003  009  009  003  000  000  003  004  002  000  002  004 
 006  007  006  005  004  005  006  006  004  003  000  000  001  006  003  005 
 007  009  012  007  002  006  000  002  007  006  000  000  003  006  010  010 
 008  008  008  003  000  007  000  000  006  003  004  005  004  002  001  014 
 000  000  000  000  000  010  003  000  004  000  007  015  008  000  006  020 
 000  003  000  000  004  010  003  000  000  003  007  012  010  004  013  026 
 000  004  000  000  008  005  000  000  000  003  010  001  008  010  020  032 
 006  000  000  005  005  000  000  005  001  000  009  006  000  010  029  038 
 054  052  051  056  046  040  040  051  043  041  040  039  036  047  067  069 
 089  091  092  093  087  087  088  095  086  086  084  085  088  091  094  093 
 000  000  000  001  000  000  000  006  000  000  000  003  009  007  008  013 

Celda61

 024  000  000  000  000  004  011  036  040  018  003  000  002  026  030  024 
 020  000  000  002  009  017  034  046  033  013  008  006  006  010  013  028 
 011  000  001  010  017  025  035  033  018  010  010  014  015  018  014  019 
 002  002  002  019  024  024  023  016  006  005  006  013  019  026  021  008 
 000  005  014  021  017  010  006  010  004  001  002  006  017  021  012  000 
 004  007  016  016  006  000  000  007  012  006  006  007  009  005  000  000 
 010  015  015  006  004  000  000  001  013  020  020  016  002  000  000  000 
 022  026  014  002  000  008  016  020  017  026  031  014  010  000  000  009 
 032  036  020  016  010  019  037  040  036  032  031  009  014  016  008  012 
 034  041  027  024  021  027  044  045  029  030  018  008  008  024  022  009 
 032  039  029  028  031  034  041  035  016  012  008  000  006  004  016  010 
 030  035  033  026  036  032  026  017  010  000  000  000  006  012  000  004 
 028  030  032  018  016  013  005  001  002  000  000  000  001  012  005  000 
 058  058  055  034  022  022  022  024  023  022  024  030  040  042  035  033 
 087  084  078  061  052  056  060  063  066  068  071  076  085  080  074  074 
 010  007  009  004  000  000  000  001  000  000  000  001  007  000  000  003 

Celda62

 014  006  008  004  020  030  021  000  000  000  011  014  009  000  000  000 
 039  006  010  008  021  017  000  000  000  000  008  002  006  008  000  000 
 038  020  000  012  022  006  000  000  002  009  003  000  004  016  000  008 
 012  021  011  006  013  002  000  005  014  015  008  006  011  018  004  012 
 000  012  028  028  012  006  004  009  013  008  005  004  005  005  004  017 
 000  004  028  038  028  000  002  004  007  000  000  000  001  000  008  028 
 000  006  022  026  034  014  000  000  004  000  000  000  000  000  008  031 
 020  026  028  005  024  029  002  002  002  000  004  008  006  003  005  023 
 023  027  025  012  019  028  012  005  016  023  024  017  008  006  005  012 
 008  021  023  020  031  041  014  012  024  028  024  016  006  004  005  004 
 002  024  021  018  028  045  024  015  025  022  011  008  005  004  002  000 
 004  026  016  010  017  044  024  025  026  019  000  000  000  000  000  000 
 006  023  014  007  012  043  028  023  022  010  000  000  000  000  000  000 
 038  048  045  036  040  067  060  040  042  034  026  028  034  038  036  034 
 075  076  076  067  070  088  086  060  056  058  061  064  067  072  077  079 
 008  006  008  003  000  018  026  005  000  000  000  000  000  000  000  000 

Celda63

 000  018  020  020  025  027  024  020  007  004  000  000  000  041  078  000 
 008  036  029  019  028  036  031  016  000  000  000  000  006  043  076  001 
 024  047  025  009  020  024  013  011  000  000  000  000  002  045  083  013 
 035  039  008  000  010  018  011  000  000  000  000  000  010  048  080  008 
 034  017  000  000  000  006  014  000  000  000  000  000  008  054  082  000 
 023  000  000  000  000  000  009  000  000  000  002  008  000  048  087  000 
 019  000  000  000  000  000  004  000  000  002  006  008  010  033  084  000 
 016  000  000  000  000  000  002  000  000  006  016  000  006  024  076  000 
 012  000  000  000  000  000  005  000  000  006  016  005  000  018  073  002 
 005  000  000  000  000  000  004  000  000  006  014  008  000  024  083  010 
 000  000  000  000  000  000  000  000  000  004  014  012  000  034  086  004 
 000  000  000  000  000  000  000  000  000  002  016  012  000  042  090  000 
 000  000  000  000  000  000  002  000  000  002  013  008  000  046  095  000 
 038  042  046  048  048  047  048  050  052  053  050  039  036  085  123  026 
 080  080  084  091  098  103  105  105  101  097  094  092  092  126  143  056 
 001  000  000  000  000  000  001  002  001  000  000  000  001  035  064  000 

