Celda0

 000  000  000  000  003  003  002  000  000  000  000  002  002  000  000  000 
 000  000  000  000  006  008  006  000  000  000  000  004  004  000  000  000 
 000  000  000  000  008  015  014  002  000  000  000  006  005  000  000  000 
 001  002  005  004  000  014  018  005  000  000  000  004  004  000  000  000 
 003  008  020  032  038  038  034  021  016  019  018  013  007  012  018  024 
 000  000  004  016  032  034  024  015  011  014  013  007  000  008  008  018 
 000  000  002  010  031  024  022  014  008  006  006  006  004  008  012  012 
 000  000  000  002  020  003  004  006  003  000  000  006  012  010  020  016 
 000  000  000  010  020  000  000  000  000  000  000  010  014  016  030  017 
 000  000  000  020  028  000  000  000  000  002  006  010  004  013  031  014 
 002  002  000  020  038  000  000  004  000  004  005  002  000  012  024  011 
 005  008  004  004  044  008  000  004  001  002  005  004  000  014  018  005 
 002  004  003  000  039  024  005  004  000  002  010  009  006  009  016  008 
 000  002  004  000  026  033  020  004  000  006  019  004  004  000  012  012 
 000  001  002  000  010  036  034  008  002  002  023  005  000  000  011  016 
 000  000  000  000  002  033  042  017  000  000  018  014  002  010  014  020 

Celda1

 002  003  004  004  000  000  000  004  005  002  000  000  000  000  001  003 
 002  005  008  009  000  000  000  009  010  004  000  000  000  000  002  006 
 000  004  016  020  005  000  002  018  018  006  002  000  000  000  000  010 
 000  000  018  026  011  000  010  025  018  002  001  000  000  000  000  006 
 024  020  033  039  020  011  027  039  021  004  000  000  000  000  000  000 
 030  038  048  045  020  013  036  044  016  004  000  000  000  000  000  000 
 028  038  043  032  014  007  040  042  010  000  000  000  000  000  000  000 
 010  013  023  020  018  012  038  027  000  000  000  000  000  000  000  005 
 001  001  014  012  018  017  028  017  000  000  000  000  000  000  007  011 
 008  005  020  015  012  013  014  004  000  000  000  000  000  000  012  017 
 014  011  022  018  008  010  006  000  006  016  016  012  018  016  000  012 
 008  010  014  013  004  008  004  001  008  018  020  014  012  012  008  000 
 000  001  002  012  003  004  001  000  007  003  006  006  004  004  011  014 
 000  000  003  014  010  004  002  000  012  004  000  000  007  014  021  024 
 000  000  013  021  013  004  004  000  012  007  002  006  008  012  017  022 
 007  012  021  016  007  000  000  000  011  010  004  008  004  000  000  004 

Celda2

 003  000  000  000  000  001  000  000  000  000  000  000  000  000  000  000 
 006  000  000  000  000  001  000  000  000  000  000  000  000  000  000  000 
 012  000  000  000  000  000  000  000  000  000  000  000  000  000  000  000 
 011  000  000  000  000  000  000  000  000  000  000  000  000  000  000  000 
 004  007  006  004  009  008  006  006  004  000  000  006  012  014  016  018 
 000  012  014  001  000  000  002  007  012  016  016  018  018  016  014  018 
 012  027  016  000  000  000  000  000  005  013  020  022  022  019  018  017 
 019  020  010  006  002  000  000  000  000  000  009  018  024  024  023  020 
 008  006  004  000  006  014  012  004  000  011  019  022  021  020  015  014 
 006  002  007  000  009  030  028  022  016  025  024  015  004  000  000  000 
 016  014  013  005  022  034  022  028  027  025  012  000  000  000  000  000 
 021  030  012  000  020  028  008  012  022  019  008  000  000  000  000  008 
 009  022  010  004  022  028  015  004  000  000  000  000  003  008  010  004 
 019  000  000  008  028  026  014  011  008  000  000  000  000  000  000  000 
 024  014  000  000  026  020  008  008  010  006  000  000  000  000  000  000 
 012  014  012  002  010  008  001  001  007  012  008  002  004  000  000  000 

Celda3

 000  000  002  002  000  000  000  000  000  000  009  009  004  001  001  003 
 000  000  004  004  000  000  000  000  000  000  023  024  008  002  004  006 
 000  000  004  008  004  000  000  000  000  002  052  050  014  002  012  014 
 000  000  000  008  012  006  000  000  000  010  070  058  013  004  018  020 
 018  012  000  004  024  022  005  000  002  034  075  042  010  012  022  023 
 020  016  009  009  041  024  000  000  004  036  051  026  018  033  043  035 
 014  014  016  028  055  020  000  000  000  025  042  032  040  045  039  028 
 015  014  022  045  059  018  002  000  000  025  049  053  049  036  026  021 
 018  022  028  045  034  003  000  004  016  044  064  059  046  031  022  016 
 004  010  014  016  000  000  000  020  036  056  061  050  035  016  004  006 
 002  004  000  000  000  000  012  018  026  046  051  045  023  007  000  005 
 013  012  000  000  012  014  018  010  010  041  053  052  016  000  000  014 
 000  000  001  008  044  027  016  014  024  053  055  045  022  014  009  031 
 000  000  008  031  067  023  010  014  037  051  035  020  012  032  042  051 
 000  000  010  047  053  014  000  000  018  021  009  014  016  030  044  041 
 000  000  006  038  017  000  000  000  022  018  008  022  034  028  019  020 

Celda4

 002  000  000  003  003  001  000  001  002  004  003  000  000  002  003  001 
 002  000  002  008  008  002  000  002  005  009  008  000  000  004  007  004 
 004  000  009  018  015  004  000  004  010  018  016  002  000  008  014  008 
 012  010  013  017  016  006  002  006  014  024  022  006  000  010  018  010 
 022  026  019  006  010  008  006  010  016  022  021  010  004  010  013  008 
 024  020  010  003  010  011  012  018  018  014  014  009  006  008  007  004 
 017  011  014  016  020  016  017  021  012  005  006  004  006  008  007  002 
 012  009  017  021  015  007  011  015  004  000  000  000  002  008  010  005 
 008  004  013  020  014  004  011  014  003  000  000  000  000  004  008  006 
 008  008  012  017  018  012  013  012  002  000  000  000  000  003  004  006 
 016  016  011  014  018  018  012  007  001  000  000  000  004  006  012  016 
 028  020  010  014  016  014  012  008  001  000  000  000  008  012  015  006 
 041  022  009  016  013  010  013  010  000  000  004  006  009  014  010  000 
 048  028  022  026  018  017  020  011  002  006  012  010  002  005  006  000 
 040  034  035  031  024  028  022  008  008  012  010  004  000  000  002  000 
 023  030  032  024  023  029  020  014  017  016  006  000  000  000  003  002 

Celda5

 000  000  000  000  002  002  000  000  002  002  002  002  001  000  000  000 
 001  000  000  000  004  004  000  000  006  006  004  003  002  000  000  000 
 002  000  000  000  005  004  000  002  016  018  010  003  000  000  000  000 
 001  000  000  000  003  000  000  005  024  026  012  000  000  000  000  000 
 000  000  000  008  002  000  000  008  026  028  013  000  000  000  000  000 
 000  000  006  016  006  000  000  004  020  026  016  000  000  000  000  000 
 000  000  006  020  016  000  000  000  015  027  021  000  000  000  000  000 
 000  000  006  022  019  000  000  000  014  026  021  000  000  000  000  011 
 002  000  005  018  016  000  000  000  013  018  012  000  000  000  012  034 
 009  003  000  010  016  000  000  000  008  012  006  006  008  013  023  014 
 011  000  000  002  014  001  000  000  006  016  014  018  031  026  002  000 
 000  000  000  002  007  000  000  000  011  032  039  043  036  009  000  000 
 000  000  000  004  002  000  000  000  018  048  045  029  012  000  000  000 
 000  000  003  001  002  000  006  010  023  046  040  019  003  000  000  008 
 000  008  000  000  004  000  004  012  016  029  035  020  001  000  004  016 
 003  006  000  000  004  000  000  004  005  010  024  020  007  009  013  009 

Celda6

 000  000  001  000  000  000  000  002  001  000  000  001  001  002  004  002 
 000  000  001  000  000  000  000  004  000  000  000  004  002  005  008  004 
 000  000  000  000  000  000  004  004  000  000  002  010  006  010  014  010 
 000  000  000  000  006  012  014  002  000  000  007  014  008  010  016  014 
 000  000  000  004  036  043  026  012  010  015  028  027  014  012  023  028 
 000  000  004  031  041  026  000  000  002  015  026  017  004  004  020  024 
 000  003  016  020  024  014  000  000  000  015  015  003  000  002  021  028 
 022  019  000  008  024  024  003  004  002  012  006  000  000  002  021  026 
 024  006  000  000  024  037  020  012  012  010  006  000  003  000  016  022 
 000  000  000  000  021  045  031  012  020  018  017  014  016  010  000  018 
 000  000  002  006  017  043  034  012  004  010  016  014  014  012  004  013 
 000  012  004  006  024  035  026  014  000  000  010  004  002  008  012  020 
 021  021  006  011  034  029  010  003  000  000  016  016  001  000  004  011 
 025  012  010  027  031  012  000  000  000  000  012  024  016  000  000  000 
 012  004  006  012  006  000  000  000  000  002  000  018  024  012  000  000 
 004  002  006  010  002  000  000  003  004  010  014  008  019  018  002  000 

Celda7

 002  003  000  000  000  000  002  000  000  000  000  000  003  004  004  000 
 005  006  000  000  000  000  004  000  000  000  000  000  006  010  011  000 
 011  013  002  000  000  002  006  000  000  000  000  000  009  021  026  000 
 014  016  004  000  000  002  005  000  000  000  000  000  002  024  039  000 
 026  023  007  005  009  009  009  010  010  010  016  024  020  021  040  000 
 026  022  009  006  004  004  012  011  004  002  010  022  029  022  040  002 
 024  013  004  003  000  005  017  008  005  004  015  024  024  025  042  017 
 024  017  000  000  000  013  020  010  012  010  017  013  004  010  038  020 
 023  020  004  000  003  019  022  016  016  014  009  000  000  010  034  011 
 030  026  009  002  010  014  015  012  010  013  004  000  000  022  031  001 
 038  032  012  000  004  006  012  010  000  002  004  000  000  026  032  000 
 043  031  009  000  002  006  009  010  003  000  006  010  003  024  035  000 
 028  022  006  000  003  009  008  012  008  000  002  008  006  014  036  000 
 016  015  006  000  007  009  006  016  012  000  000  002  004  000  032  000 
 004  009  009  007  011  006  005  019  014  002  000  000  000  000  032  002 
 000  000  008  016  016  004  004  017  013  006  002  000  000  008  055  021 

Celda8

 000  000  000  002  011  023  036  024  000  000  011  022  010  010  004  016 
 000  000  000  010  025  019  020  027  006  000  010  030  013  000  000  017 
 000  000  000  004  024  012  011  026  008  000  012  033  008  000  000  021 
 000  000  000  000  018  000  000  022  006  000  010  034  008  000  000  022 
 002  003  002  000  017  000  000  018  011  000  006  032  010  000  002  018 
 001  002  004  005  018  002  000  012  016  000  004  027  014  000  000  014 
 000  000  002  012  036  022  020  015  008  000  002  024  019  000  000  019 
 000  001  006  014  037  020  022  022  010  000  000  022  024  004  001  020 
 003  007  013  012  018  002  009  016  016  010  004  019  026  010  000  015 
 004  008  011  004  006  000  000  008  014  014  008  021  031  019  005  002 
 001  001  000  000  004  000  004  005  006  010  006  015  030  023  010  006 
 000  000  000  000  010  002  006  010  002  006  004  008  029  020  000  000 
 000  000  000  000  018  008  008  014  004  006  004  000  022  018  000  000 
 000  000  000  001  023  008  010  014  000  004  007  003  014  017  000  004 
 000  002  007  012  026  006  008  014  004  004  009  008  015  032  029  026 
 000  002  006  011  019  003  004  013  008  002  006  006  014  036  029  016 

Celda9

 011  010  009  008  006  000  000  000  012  012  003  004  003  000  000  000 
 019  009  005  014  010  000  000  000  021  026  016  012  011  012  011  011 
 023  008  009  019  005  000  000  005  044  045  025  020  019  020  020  021 
 019  010  011  012  000  000  000  018  058  042  014  013  018  022  018  013 
 012  010  016  016  000  000  000  027  050  024  000  000  000  000  000  000 
 010  005  012  018  000  000  000  024  037  014  000  002  003  000  000  000 
 019  003  000  013  000  000  000  020  024  004  000  003  006  000  002  013 
 018  005  004  007  002  000  006  030  032  008  002  016  033  026  026  020 
 026  002  012  022  014  008  010  040  033  010  004  028  037  017  012  008 
 032  018  013  020  010  004  012  037  015  001  002  021  020  001  000  000 
 026  028  010  005  000  000  010  026  006  000  008  018  008  001  000  000 
 016  026  014  010  000  000  006  022  008  000  007  009  000  000  000  002 
 008  022  019  020  002  004  010  021  007  000  008  007  000  000  000  002 
 000  013  025  028  014  004  012  015  001  000  008  014  008  008  008  007 
 022  008  025  034  020  004  001  002  000  000  012  021  016  012  020  022 
 018  015  032  044  024  000  000  004  005  010  021  019  013  008  008  009 

Celda10

 000  006  017  018  007  000  000  000  002  013  016  012  008  000  000  000 
 010  014  020  022  016  010  012  012  010  017  021  013  004  000  000  000 
 020  020  022  024  026  030  037  041  037  035  036  022  007  000  000  000 
 010  010  015  024  034  043  053  052  051  042  034  023  022  020  014  004 
 000  000  005  013  024  042  046  041  044  042  032  024  023  025  026  022 
 000  002  004  006  013  032  029  022  027  030  030  024  017  014  020  028 
 009  010  010  009  013  021  010  002  004  011  017  014  003  000  005  020 
 010  004  001  000  005  012  004  000  000  000  000  000  000  000  002  006 
 004  000  000  000  004  008  002  000  000  000  000  000  000  000  010  002 
 005  013  017  019  018  007  000  000  000  000  000  000  000  000  010  002 
 007  015  026  030  024  010  000  000  000  000  000  000  000  000  007  003 
 010  007  011  016  012  005  000  000  000  000  000  000  000  000  006  006 
 012  013  004  000  000  000  006  006  000  000  000  000  000  004  009  005 
 013  008  003  000  000  000  006  008  005  000  000  000  004  010  015  006 
 012  000  000  000  000  000  002  002  004  007  008  006  002  004  007  004 
 005  001  000  000  000  000  000  000  000  006  012  010  003  001  009  000 

Celda11

 000  000  010  034  004  000  000  000  025  018  014  036  041  017  000  002 
 000  000  016  030  000  000  000  000  026  018  026  055  043  014  004  014 
 000  002  023  025  000  000  000  000  027  028  050  067  045  019  018  031 
 000  007  028  016  000  000  000  000  040  055  067  071  048  019  012  019 
 017  033  056  023  004  000  000  022  074  083  074  065  042  014  006  006 
 028  047  071  034  019  008  017  070  117  111  076  049  028  006  008  004 
 027  043  066  023  016  010  033  115  146  121  065  036  021  010  012  011 
 015  021  040  000  000  004  069  143  139  092  046  032  018  010  010  011 
 000  000  030  000  000  000  095  142  101  044  017  014  006  000  000  006 
 000  000  022  000  000  007  109  122  060  005  000  000  000  000  000  008 
 002  005  011  000  003  048  112  093  034  000  000  000  000  000  010  024 
 005  009  002  000  016  068  087  058  024  000  000  000  000  000  026  045 
 000  000  000  014  046  057  047  040  018  000  000  000  000  000  030  037 
 000  000  008  058  069  032  022  036  016  000  000  000  000  000  020  032 
 000  000  039  098  064  022  016  051  023  000  000  000  000  007  006  018 
 002  006  060  095  030  010  020  060  021  008  004  004  010  019  021  020 

Celda12

 014  025  026  019  020  024  017  014  016  013  006  001  000  005  005  005 
 023  020  014  012  014  016  010  006  007  007  006  008  006  008  008  007 
 029  014  008  014  014  010  004  002  002  002  004  012  017  013  013  007 
 015  012  018  023  012  006  002  000  000  001  002  012  020  018  010  004 
 010  007  017  014  002  000  006  000  000  004  006  010  014  016  012  006 
 007  012  016  001  001  000  004  001  002  011  012  005  007  011  012  010 
 009  017  023  008  006  006  001  000  006  017  013  001  000  000  006  007 
 013  030  036  015  009  006  008  008  005  012  012  004  002  002  002  002 
 021  034  032  013  010  010  014  020  018  009  011  014  018  014  006  002 
 017  019  015  003  011  018  025  022  022  020  027  038  034  018  008  008 
 016  008  009  004  006  019  021  012  010  013  023  033  017  004  003  010 
 027  015  007  004  008  015  012  008  008  010  010  013  001  000  000  010 
 013  011  010  008  010  010  004  012  013  006  000  003  000  000  010  015 
 020  002  000  000  004  012  007  006  004  000  000  002  008  011  016  010 
 029  014  000  000  004  014  010  000  000  000  000  007  023  023  008  000 
 036  023  000  000  003  014  009  000  000  000  000  008  030  025  008  000 

Celda13

 002  000  000  002  002  000  003  006  007  002  008  012  014  020  018  007 
 004  000  002  007  002  004  013  012  010  008  002  000  012  022  018  009 
 005  002  005  009  006  009  012  008  006  007  009  008  009  016  009  004 
 004  005  006  012  012  010  006  002  000  004  006  004  008  018  002  000 
 006  008  008  015  011  002  000  000  001  000  002  002  011  021  009  007 
 006  006  008  015  005  000  000  000  004  000  000  004  021  020  005  008 
 002  000  008  012  004  000  000  000  006  004  000  010  026  014  005  005 
 000  000  006  004  000  002  002  000  008  004  000  014  022  008  009  012 
 006  008  005  000  000  002  010  016  013  000  000  016  021  009  010  018 
 016  023  023  016  006  002  009  016  012  003  000  015  024  019  011  012 
 017  025  026  024  014  002  006  004  007  008  010  033  039  022  007  005 
 012  012  008  008  006  000  006  009  003  006  020  041  028  007  004  002 
 012  006  001  000  000  000  006  014  001  002  019  027  002  000  006  000 
 010  013  010  004  002  002  009  015  000  001  018  021  000  000  006  002 
 002  005  012  011  008  007  014  016  003  006  024  024  002  000  004  006 
 004  011  000  004  006  007  015  015  008  012  026  014  000  000  001  007 

Celda14

 001  000  002  005  001  000  000  011  018  006  014  019  023  017  001  000 
 005  002  002  004  000  000  000  012  020  013  004  012  021  017  004  000 
 008  008  006  007  002  000  000  006  014  018  015  009  006  001  000  000 
 004  014  012  007  001  000  004  004  011  020  018  010  006  000  000  000 
 001  013  015  008  000  000  002  008  016  022  016  006  000  000  000  000 
 010  014  018  011  000  000  000  009  018  019  008  000  000  000  000  000 
 009  014  018  007  000  004  008  006  010  009  000  000  000  000  000  007 
 012  011  008  002  000  004  002  000  000  001  000  000  000  000  000  006 
 018  016  010  001  000  000  000  000  000  000  000  000  000  000  001  006 
 016  017  012  004  000  000  000  000  000  000  000  000  000  000  006  008 
 005  002  002  005  002  000  000  000  009  008  000  000  000  000  004  006 
 000  000  000  000  000  000  000  011  011  008  000  000  000  000  000  002 
 000  000  000  000  000  000  006  013  002  000  000  000  000  000  000  005 
 000  005  006  006  004  000  001  002  000  000  000  000  000  007  014  037 
 000  006  011  010  005  000  000  000  000  000  000  000  032  040  040  045 
 005  004  000  000  000  000  000  000  000  000  000  041  071  053  038  024 

Celda15

 000  000  008  026  021  002  002  008  006  008  002  000  000  034  057  014 
 000  000  010  032  024  002  000  000  000  004  004  003  014  033  038  000 
 000  000  014  033  023  000  000  000  000  000  005  020  023  024  032  000 
 000  000  021  033  014  000  000  000  000  000  007  028  020  018  035  000 
 000  000  022  026  000  000  000  000  000  000  008  027  023  030  048  007 
 001  004  016  017  000  000  000  000  000  000  013  028  034  050  070  015 
 010  008  011  009  000  000  000  000  000  012  033  050  050  059  060  000 
 010  013  014  006  000  000  000  000  019  062  078  064  041  042  056  000 
 002  010  014  002  000  000  000  052  090  088  060  031  014  030  053  000 
 000  002  009  000  000  000  057  108  097  045  007  010  011  031  056  004 
 000  001  008  010  028  063  096  096  049  001  000  011  017  034  053  000 
 009  028  052  073  085  083  071  046  010  000  000  016  016  030  052  000 
 045  072  077  081  068  042  027  014  002  000  006  016  010  026  052  000 
 077  080  057  046  026  009  010  007  001  000  002  004  006  028  054  001 
 054  040  026  022  010  001  008  009  005  000  000  003  010  033  054  001 
 019  029  034  026  009  006  014  010  010  006  002  006  013  031  051  000 

Celda16

 001  002  006  010  015  004  000  012  010  000  001  002  004  030  022  000 
 002  004  007  008  010  004  000  009  009  000  000  000  000  025  025  001 
 003  006  010  008  005  004  007  003  003  004  000  003  000  016  026  008 
 003  008  014  012  007  009  012  006  000  008  003  004  000  005  026  014 
 003  006  013  016  012  008  004  000  000  013  009  002  000  000  028  018 
 002  004  008  010  008  000  000  000  000  016  011  006  010  004  027  016 
 000  000  000  000  000  000  000  000  004  018  012  003  011  010  021  012 
 000  000  000  000  000  000  000  000  011  022  011  000  000  000  013  014 
 000  000  000  000  000  000  000  000  014  023  007  000  000  000  006  018 
 000  000  000  000  002  000  000  000  011  019  004  000  000  000  000  021 
 000  000  002  010  011  007  009  016  017  009  005  006  012  009  002  031 
 001  002  004  003  000  000  002  014  018  012  018  035  026  024  020  054 
 001  002  000  000  000  000  000  004  004  009  025  034  012  016  021  046 
 000  000  000  000  000  000  000  012  004  002  019  014  000  001  010  023 
 000  000  000  000  000  000  006  014  008  004  012  009  000  002  004  008 
 000  000  000  000  000  009  017  012  002  006  015  014  010  008  002  002 

Celda17

 002  006  031  040  013  000  002  017  019  018  016  012  012  008  001  000 
 000  002  032  031  004  000  007  018  014  006  004  009  014  008  000  000 
 000  003  028  022  000  000  010  024  016  004  004  003  008  006  000  001 
 000  004  028  021  000  000  010  026  024  013  006  000  005  008  005  000 
 000  000  026  026  000  000  009  028  030  014  000  000  002  012  008  000 
 000  000  026  030  004  000  005  024  028  017  000  000  003  014  008  002 
 000  000  028  031  008  000  000  014  024  020  000  000  004  014  010  003 
 000  002  026  028  006  000  000  010  024  023  008  000  002  012  012  004 
 000  000  018  024  004  000  000  012  026  026  016  000  000  006  012  006 
 010  001  010  020  002  000  000  014  025  028  022  005  000  000  008  007 
 039  024  021  022  002  001  002  010  020  030  024  006  000  000  002  001 
 064  035  029  020  012  013  016  008  009  029  022  004  002  008  001  000 
 049  011  007  004  006  010  008  000  000  024  016  000  004  014  006  000 
 033  004  000  000  002  000  000  000  000  020  013  000  003  012  006  000 
 027  007  000  000  002  000  000  000  002  027  024  016  028  038  027  018 
 027  012  004  005  000  000  000  000  008  022  019  011  022  032  022  020 

Celda18

 002  007  008  004  000  000  000  000  000  001  008  009  011  014  014  000 
 002  006  007  008  007  002  000  000  000  000  000  002  010  018  015  004 
 000  000  002  008  011  010  004  000  000  000  000  000  000  010  004  000 
 000  000  000  000  000  000  000  000  000  000  000  000  000  009  000  000 
 000  000  000  000  000  000  000  000  000  000  000  000  004  002  000  000 
 000  000  000  000  000  000  000  000  000  000  000  000  002  000  000  004 
 000  000  000  000  000  000  000  000  000  000  000  000  000  000  000  036 
 000  000  000  000  002  002  000  000  000  000  000  000  000  000  000  060 
 000  000  000  002  000  000  000  000  000  000  000  002  000  000  004  070 
 000  000  000  000  000  000  000  000  000  000  002  014  005  004  032  085 
 000  002  000  000  000  000  000  000  000  004  013  017  006  002  049  078 
 000  002  000  000  000  000  000  004  009  006  011  007  000  000  058  064 
 000  000  000  000  000  000  000  005  000  000  006  000  000  000  065  059 
 000  000  000  000  000  004  002  000  000  000  004  000  000  000  064  050 
 010  008  012  018  017  012  008  003  000  000  002  000  000  014  069  046 
 015  012  016  012  010  008  008  008  006  004  000  000  005  051  087  045 

Celda19

 000  002  054  073  016  003  022  051  014  010  015  016  015  022  018  016 
 000  004  059  065  018  001  013  034  010  000  000  000  001  012  006  009 
 000  031  076  072  026  006  006  025  006  000  000  000  006  012  003  004 
 000  048  073  060  020  010  004  014  000  000  000  002  016  014  003  002 
 016  047  046  042  004  000  000  004  000  000  000  010  026  023  007  006 
 046  026  029  043  010  000  000  000  000  005  018  035  045  037  020  018 
 052  000  017  048  018  000  005  006  012  027  043  047  047  034  018  018 
 038  000  019  056  027  006  007  008  019  038  039  034  034  024  012  012 
 026  000  030  060  020  000  005  003  014  024  015  012  018  014  007  006 
 014  000  040  050  009  005  015  010  012  017  011  008  010  008  000  004 
 010  004  045  034  000  010  022  015  012  016  014  008  006  010  005  000 
 008  010  045  032  006  011  018  018  012  016  018  004  002  010  008  004 
 012  015  043  039  015  010  015  016  010  014  018  002  000  008  009  011 
 004  008  034  036  009  008  017  013  006  011  011  003  003  006  007  016 
 000  000  022  028  005  003  014  006  000  006  005  006  010  005  004  020 
 000  000  016  020  009  010  012  002  000  001  002  008  010  001  004  026 

Celda20

 027  021  006  008  000  006  009  006  000  000  000  005  028  024  000  000 
 015  020  006  014  010  000  004  008  002  000  000  006  014  019  002  000 
 012  019  008  009  018  014  000  002  006  006  005  001  000  011  014  000 
 008  014  009  005  014  019  016  008  004  012  011  000  000  011  025  017 
 016  019  017  011  016  021  028  030  024  016  015  010  012  024  027  015 
 029  028  023  023  026  032  035  037  036  027  025  025  016  010  011  013 
 030  026  016  023  028  030  030  025  024  026  027  030  017  010  011  026 
 026  019  008  019  024  012  012  006  008  017  023  023  019  025  022  026 
 017  008  002  017  025  004  002  001  006  021  020  016  019  024  026  007 
 008  004  000  018  024  001  000  002  012  020  009  006  007  013  012  008 
 003  006  008  019  016  000  000  002  012  010  000  000  000  010  000  000 
 004  009  013  009  004  000  000  004  013  014  006  000  000  003  000  000 
 012  008  010  003  000  000  000  003  018  023  013  006  000  000  000  000 
 020  008  007  001  000  000  005  008  024  022  012  015  014  012  010  008 
 027  019  013  004  004  013  022  026  031  020  013  022  024  018  014  008 
 041  032  012  008  012  027  033  034  029  018  018  024  025  019  012  002 

Celda21

 000  009  004  000  000  007  009  006  004  013  019  001  000  000  000  007 
 000  000  006  000  000  006  002  000  004  010  006  000  000  000  000  006 
 009  014  020  015  011  010  005  000  002  013  008  000  000  000  000  004 
 018  033  047  034  020  010  006  002  000  009  007  000  000  000  000  004 
 015  035  036  024  012  003  002  006  008  006  000  000  000  000  000  002 
 019  025  005  000  000  000  000  003  010  010  008  006  004  000  000  000 
 033  022  000  000  000  000  000  000  000  004  010  010  002  000  000  004 
 021  003  000  002  014  014  002  000  007  006  004  000  000  000  010  059 
 010  002  000  000  010  018  015  008  011  006  000  000  000  000  053  102 
 000  005  002  003  000  004  012  014  006  000  000  000  000  017  078  090 
 000  010  025  015  004  000  000  004  000  000  000  004  026  062  078  063 
 000  016  032  008  006  000  000  000  000  005  020  043  068  069  048  034 
 000  012  039  008  000  000  000  000  004  024  044  063  059  036  013  008 
 008  000  030  012  000  000  000  002  013  030  040  039  019  006  002  000 
 001  000  016  005  000  000  000  012  032  032  018  002  000  000  000  000 
 000  000  006  000  000  000  008  043  049  030  005  000  000  000  000  002 

Celda22

 010  006  000  000  000  000  000  000  000  010  043  073  062  023  012  014 
 010  003  000  000  000  000  000  007  041  054  064  058  028  002  000  003 
 004  000  000  000  000  000  020  060  067  053  044  028  010  005  000  000 
 000  000  000  000  004  049  070  067  046  026  015  003  000  002  001  000 
 000  000  000  000  054  078  055  024  007  004  000  000  000  000  000  003 
 000  000  019  062  080  056  013  001  000  002  006  004  006  008  008  004 
 014  046  080  085  059  022  000  000  000  000  013  013  014  014  014  009 
 079  085  075  043  016  002  000  000  009  009  008  018  018  008  012  012 
 096  072  039  010  000  000  000  002  015  018  006  018  026  008  006  008 
 063  036  026  014  004  000  000  004  010  010  010  023  037  011  004  003 
 037  014  014  014  012  005  000  004  011  000  002  028  039  009  004  002 
 036  014  000  004  010  008  004  000  006  000  000  027  032  005  006  010 
 029  023  000  000  000  004  006  004  000  000  008  034  035  012  016  018 
 016  024  006  000  000  000  000  000  000  000  011  038  039  017  018  020 
 009  021  000  000  000  000  000  000  000  000  012  036  038  016  002  013 
 016  032  014  012  004  003  008  008  000  000  008  030  038  025  015  007 

Celda23

 013  030  041  031  013  013  020  011  013  012  010  008  006  030  053  000 
 015  044  053  037  022  020  019  008  008  009  008  004  000  028  058  000 
 017  045  046  033  026  019  009  000  000  000  000  000  000  028  060  000 
 032  055  047  033  022  008  000  000  000  000  000  000  000  034  065  004 
 042  059  047  029  010  000  000  000  000  000  000  000  005  039  066  007 
 032  047  035  012  000  000  000  000  000  000  000  000  008  040  062  001 
 022  038  034  014  000  000  000  000  000  000  000  000  008  042  066  000 
 019  022  023  013  000  000  002  000  000  000  000  000  004  040  067  000 
 012  010  011  009  000  000  006  006  000  000  000  004  010  042  066  000 
 003  006  005  006  000  000  002  008  002  002  004  005  011  041  065  002 
 002  006  002  006  002  004  000  004  005  008  010  010  008  032  058  000 
 007  002  002  014  016  017  018  014  015  017  015  010  002  026  058  000 
 014  004  006  016  017  014  022  024  027  023  007  002  000  026  062  002 
 018  014  012  017  017  013  011  013  018  014  008  000  000  040  082  016 
 022  026  026  034  029  013  003  003  008  003  006  012  029  070  087  015 
 017  028  038  049  037  022  011  010  009  002  002  015  045  071  074  012 

Celda24

 000  000  000  000  010  021  025  013  008  012  027  025  009  002  000  000 
 000  000  000  000  017  021  020  013  020  036  042  026  006  005  009  004 
 000  000  000  000  023  016  005  009  027  035  030  017  013  014  014  005 
 000  000  000  002  029  005  000  012  026  017  008  006  008  008  004  000 
 001  004  010  013  029  002  002  025  029  006  002  004  000  000  000  000 
 002  004  010  013  021  004  010  038  026  002  000  000  000  000  000  000 
 000  000  001  004  013  006  021  035  009  000  000  000  000  000  000  008 
 000  001  002  000  007  003  024  018  000  000  000  000  000  000  016  025 
 004  009  013  003  007  010  020  000  000  000  000  000  004  005  029  032 
 005  010  012  002  010  027  013  000  000  000  013  016  014  014  034  033 
 001  001  000  001  018  033  004  002  005  011  024  016  010  010  024  023 
 000  000  002  006  018  024  000  004  012  015  015  007  004  002  012  020 
 001  004  008  008  004  016  006  000  010  011  011  012  010  006  008  020 
 001  002  004  004  000  008  011  011  012  012  016  018  014  015  017  033 
 000  000  000  002  008  012  015  019  016  008  011  016  015  020  022  038 
 000  000  000  000  009  011  015  021  013  000  002  011  004  008  010  029 

Celda25

 024  017  000  000  000  000  000  000  005  016  018  008  012  018  004  000 
 012  019  000  000  000  000  000  002  004  014  016  004  006  014  006  000 
 000  019  008  000  003  000  000  002  008  017  017  006  007  011  005  003 
 000  018  021  003  010  010  006  005  026  041  037  027  027  030  032  037 
 000  015  032  010  004  008  011  014  040  051  038  024  019  018  023  028 
 000  008  038  020  004  010  015  017  039  045  025  011  012  012  013  011 
 020  016  036  024  004  014  020  020  030  033  014  002  008  010  006  004 
 026  017  020  028  012  012  016  018  016  022  013  004  008  002  000  000 
 014  008  010  038  023  008  011  012  011  011  012  008  008  000  000  000 
 010  013  017  055  033  012  008  010  014  009  006  010  007  000  000  000 
 005  018  023  058  035  012  004  014  012  012  000  008  008  000  000  001 
 000  013  018  039  024  004  004  019  018  016  010  000  010  000  000  006 
 011  009  010  016  024  004  012  019  023  016  023  016  014  007  014  015 
 022  009  006  008  028  022  020  008  020  006  014  018  011  014  018  016 
 021  008  006  008  033  033  014  006  008  018  000  010  013  012  010  002 
 015  011  010  008  027  028  002  004  000  021  012  010  017  008  000  000 

Celda26

 000  000  004  000  000  000  002  007  010  012  006  000  008  072  078  025 
 000  000  003  000  000  000  001  004  010  012  002  000  022  071  049  002 
 007  005  000  002  001  004  001  001  004  006  000  000  035  059  028  000 
 033  028  014  003  001  004  002  000  002  000  000  000  043  053  025  004 
 019  018  013  007  003  004  006  005  000  000  000  005  058  058  032  015 
 000  000  005  008  004  002  008  014  006  000  004  032  076  069  043  021 
 000  000  006  008  002  000  000  005  004  005  020  062  082  061  029  008 
 002  000  002  004  000  000  000  000  000  005  043  066  060  033  007  000 
 006  006  000  000  000  000  000  000  000  022  060  048  031  022  013  014 
 008  008  000  000  000  000  000  000  000  056  064  025  018  033  024  020 
 010  004  000  000  000  000  000  000  025  079  060  018  014  036  012  004 
 003  000  000  000  000  000  000  000  046  091  053  020  010  024  002  000 
 004  000  000  000  000  004  004  002  058  088  040  014  007  014  002  000 
 008  000  000  000  002  000  000  001  058  074  030  000  000  007  005  000 
 002  004  005  002  000  000  000  010  048  058  030  000  000  003  002  000 
 000  004  002  000  000  000  003  028  033  036  028  000  000  000  000  000 

Celda27

 003  003  013  012  011  015  014  004  001  001  005  010  006  000  004  034 
 000  003  015  015  015  018  015  005  000  001  009  011  002  000  005  034 
 002  003  010  010  010  012  013  006  000  006  013  009  002  003  020  038 
 004  000  006  012  012  012  012  006  002  006  009  001  000  000  020  024 
 005  000  000  014  018  018  012  002  000  006  008  000  000  004  022  016 
 011  010  012  029  033  024  008  000  000  004  005  000  000  005  022  014 
 006  009  022  039  034  018  006  008  013  012  004  000  000  000  016  017 
 000  003  025  037  021  006  006  014  019  019  014  007  002  000  010  018 
 011  008  019  019  002  000  004  010  004  002  008  012  012  013  021  020 
 016  012  003  012  003  000  004  011  007  002  000  006  012  014  022  015 
 000  000  000  009  007  000  001  008  006  003  002  000  004  010  017  011 
 000  000  000  025  023  010  005  005  001  000  001  001  000  000  006  000 
 000  000  018  045  027  014  006  000  000  000  000  002  002  000  000  000 
 002  007  032  042  013  006  002  000  000  000  000  000  000  000  000  000 
 000  001  024  021  000  000  000  001  000  000  000  000  000  000  000  002 
 000  010  020  013  000  000  000  000  000  000  000  000  000  000  004  011 

Celda28

 046  022  000  002  019  026  024  021  015  013  017  016  015  012  006  001 
 044  019  000  007  014  008  006  010  010  006  002  000  000  000  000  000 
 028  013  004  010  013  006  002  010  018  012  000  000  000  000  000  000 
 010  004  006  010  010  002  000  012  028  016  000  000  000  000  000  000 
 000  000  007  014  010  000  000  008  030  015  000  000  000  000  000  000 
 000  000  011  020  007  000  000  002  024  010  000  000  000  000  000  016 
 004  002  016  020  000  000  000  000  017  005  000  000  000  000  012  046 
 011  008  019  016  000  000  000  000  012  000  000  000  000  014  043  034 
 006  007  016  009  000  000  000  000  008  000  000  000  014  041  036  010 
 004  000  008  000  000  000  000  000  000  000  000  019  048  029  002  000 
 008  000  000  000  000  000  000  000  000  000  024  060  041  002  000  000 
 000  000  000  000  000  000  000  000  000  012  071  070  004  000  000  000 
 000  000  000  000  000  000  000  000  002  061  095  038  000  000  000  005 
 001  000  000  000  000  000  000  002  029  080  063  000  000  000  004  020 
 008  000  000  000  000  000  000  021  046  051  021  000  000  000  012  024 
 009  002  000  000  000  000  012  035  024  012  007  000  000  000  025  031 

Celda29

 000  000  002  000  000  018  051  062  045  015  003  000  000  004  008  011 
 000  000  004  004  017  046  054  043  020  005  004  010  020  026  023  018 
 000  000  016  026  039  037  023  012  004  001  007  013  020  028  024  016 
 000  000  042  056  041  016  002  004  004  000  002  006  012  010  006  004 
 005  046  058  046  019  000  000  008  008  000  000  000  002  001  000  000 
 057  047  025  018  009  000  000  015  010  000  000  000  001  005  001  002 
 038  012  003  007  004  000  004  018  014  000  000  000  000  010  007  000 
 011  005  004  006  003  000  004  016  016  007  001  010  010  010  007  000 
 000  000  010  010  002  000  002  015  018  016  012  006  008  008  013  008 
 000  000  018  018  000  000  002  016  016  020  024  008  009  017  026  016 
 000  002  028  025  000  000  008  025  014  018  030  016  010  022  027  014 
 000  016  039  023  002  008  030  042  027  026  028  020  009  012  012  004 
 019  037  037  013  000  010  033  038  024  017  015  017  012  010  006  000 
 028  039  027  005  000  006  020  025  017  006  005  011  015  012  001  000 
 030  038  022  010  008  005  010  022  016  002  003  011  017  011  000  000 
 032  031  012  008  010  006  006  024  016  000  002  010  012  005  000  000 

Celda30

 022  035  016  018  018  016  022  026  020  010  001  026  035  028  022  016 
 020  027  010  010  016  020  028  036  038  032  029  042  037  018  018  022 
 008  013  008  005  014  022  024  030  037  040  044  053  040  016  004  021 
 000  008  012  008  012  017  017  016  026  038  049  052  043  040  036  024 
 000  004  017  015  011  008  009  009  016  026  039  039  038  041  044  038 
 005  001  019  020  005  000  004  006  003  009  019  020  016  016  016  024 
 000  002  023  019  002  000  004  008  004  004  009  010  000  000  000  002 
 000  003  023  014  000  000  004  008  004  004  010  010  002  000  000  004 
 007  004  018  012  004  004  000  006  002  004  014  012  002  000  000  002 
 008  000  018  016  002  000  000  005  002  004  016  012  000  000  000  002 
 008  000  016  018  000  000  000  006  004  008  020  010  000  000  000  008 
 008  006  004  013  000  000  000  005  004  013  020  004  000  000  009  016 
 000  004  000  004  004  000  000  002  004  015  015  000  000  000  018  024 
 000  000  000  002  008  000  000  002  005  010  008  000  000  000  017  023 
 000  000  000  006  010  000  002  005  005  004  004  002  011  017  019  010 
 000  000  000  004  015  006  006  011  008  005  007  013  013  011  008  000 

Celda31

 007  016  035  044  031  022  012  010  012  011  006  009  028  049  057  010 
 020  017  031  030  014  008  004  007  019  022  020  008  024  044  050  001 
 030  026  026  017  004  010  016  019  028  018  024  026  026  037  053  000 
 022  030  028  016  000  015  030  031  025  011  015  023  020  027  050  000 
 018  014  023  023  015  009  020  024  014  006  005  010  013  022  049  003 
 032  024  006  020  027  019  004  000  000  000  002  007  008  024  053  014 
 016  026  024  017  020  017  003  000  000  001  012  008  001  017  043  006 
 005  009  021  023  011  001  000  000  000  008  019  010  000  016  040  000 
 008  006  008  014  011  004  000  000  000  008  020  012  000  017  044  000 
 008  010  006  004  006  008  008  002  000  003  014  010  006  026  048  000 
 008  010  011  001  003  002  002  000  000  000  000  006  018  040  054  000 
 009  006  012  000  000  000  000  000  000  000  000  001  024  046  057  000 
 010  002  008  000  000  000  000  000  000  004  012  025  034  038  056  000 
 012  002  005  000  000  000  000  004  012  016  026  043  038  049  070  016 
 002  000  004  000  000  000  013  015  018  018  021  025  019  044  073  024 
 000  000  001  000  000  004  020  019  008  013  010  013  013  038  059  010 

Celda32

 000  000  000  000  008  002  004  012  006  000  002  013  000  000  002  023 
 000  000  000  000  009  000  002  007  002  000  002  007  000  000  006  024 
 001  003  008  009  007  000  000  000  001  008  008  002  000  002  017  028 
 004  008  014  010  002  000  002  002  000  012  014  004  008  008  022  034 
 003  006  006  002  000  004  012  012  011  015  021  019  015  014  023  038 
 001  002  002  001  005  017  017  012  014  023  035  034  020  017  023  044 
 001  003  008  012  024  026  014  011  015  029  039  035  018  016  022  046 
 001  004  014  024  034  020  012  014  024  027  033  030  016  012  013  032 
 002  006  016  026  027  016  010  020  022  015  025  024  010  007  000  021 
 002  005  012  016  014  010  008  014  009  004  016  016  001  005  001  010 
 002  003  002  000  000  003  006  009  006  002  008  014  003  002  004  005 
 000  000  000  000  000  004  012  017  011  001  000  013  010  000  000  004 
 000  000  000  000  008  008  013  015  010  000  000  012  012  000  000  010 
 000  000  000  000  016  011  006  002  000  002  004  010  008  000  000  018 
 000  000  000  000  019  012  002  000  000  005  016  024  012  002  000  023 
 000  000  000  000  016  013  008  002  002  006  020  024  015  007  004  018 

Celda33

 012  010  014  012  021  024  000  000  000  018  028  016  010  001  000  000 
 013  001  008  012  013  011  000  000  000  014  032  012  000  000  000  000 
 017  006  011  013  006  000  000  000  000  006  026  014  000  000  000  000 
 031  025  022  018  010  004  002  000  000  000  016  018  001  002  007  000 
 036  028  020  018  018  022  018  008  002  000  008  019  010  000  000  006 
 038  019  009  010  017  024  024  020  018  017  015  017  004  000  000  007 
 034  007  001  002  008  013  015  018  020  019  014  009  000  000  000  000 
 019  000  000  000  000  000  000  002  004  005  003  000  000  000  000  002 
 020  000  000  000  000  000  000  000  000  000  002  000  000  000  000  000 
 022  004  000  000  000  000  000  000  000  005  016  015  006  000  000  000 
 022  007  000  000  000  000  000  000  008  026  024  028  018  004  000  000 
 021  004  000  001  003  002  001  006  024  031  019  010  002  000  000  012 
 020  004  002  000  000  000  004  008  020  019  005  000  000  000  000  010 
 025  009  002  000  000  000  000  001  015  016  000  000  000  000  001  025 
 026  006  000  000  000  000  000  000  008  012  000  000  000  012  028  039 
 020  000  000  000  000  002  004  000  000  004  000  000  000  027  037  026 

Celda34

 000  000  000  000  000  005  018  032  018  015  024  008  000  002  002  000 
 000  000  000  000  000  010  025  025  009  004  019  016  007  014  010  010 
 000  000  002  001  006  022  030  025  015  010  025  029  016  010  002  004 
 000  006  000  008  024  037  031  023  018  012  023  026  006  001  000  002 
 004  005  000  006  032  030  010  006  008  006  010  020  004  004  006  008 
 014  006  000  010  026  007  000  004  000  000  001  020  010  012  010  009 
 004  004  002  015  023  000  000  010  007  004  000  026  025  017  006  002 
 000  000  001  022  020  000  000  024  025  013  004  030  026  007  000  000 
 000  000  014  029  019  003  000  024  019  005  000  029  027  000  000  000 
 006  020  036  030  016  010  004  014  020  000  000  027  030  000  000  001 
 014  042  035  009  002  004  011  004  004  000  000  030  034  002  000  000 
 036  060  029  000  000  002  008  016  008  000  000  026  038  004  006  000 
 048  064  027  007  000  008  004  010  016  022  019  004  032  021  000  000 
 043  044  008  002  000  006  011  000  004  013  018  014  018  025  000  007 
 038  024  000  000  000  002  014  002  000  000  008  020  022  021  016  019 
 021  017  000  000  000  002  016  007  000  000  000  008  008  004  022  017 

Celda35

 000  010  014  008  000  000  008  000  000  000  000  000  000  003  012  008 
 006  002  010  009  000  000  007  002  000  000  000  000  000  002  013  011 
 005  002  004  012  005  008  009  002  000  000  000  006  012  010  004  004 
 004  005  004  011  012  007  004  000  000  000  006  015  018  012  000  000 
 008  006  004  007  014  006  000  000  000  002  012  014  007  002  000  001 
 009  006  004  003  010  007  000  002  003  002  004  001  000  000  000  000 
 005  007  006  004  002  009  006  007  005  000  000  000  000  000  000  004 
 002  006  008  010  004  007  010  000  000  000  000  000  000  000  008  038 
 000  000  003  005  000  000  010  000  000  000  000  000  002  000  021  067 
 000  000  000  000  000  000  008  004  000  000  000  004  017  014  033  053 
 000  000  001  000  000  000  008  004  000  000  000  024  046  037  042  035 
 000  000  004  006  000  001  009  000  000  000  000  038  050  037  037  028 
 005  008  006  009  002  002  004  000  000  000  020  049  048  028  018  012 
 021  024  014  000  000  002  000  000  000  010  044  051  041  022  008  002 
 022  018  013  003  000  000  000  000  000  034  045  032  016  015  009  007 
 012  008  009  008  000  000  000  006  038  046  032  013  004  011  014  015 

Celda36

 004  004  002  000  000  000  022  024  006  004  006  000  000  014  032  024 
 004  000  000  000  000  009  029  016  004  005  006  000  002  022  024  010 
 000  000  000  000  012  042  042  024  011  007  002  000  004  025  024  014 
 000  000  000  030  058  060  036  015  003  000  004  004  011  023  025  027 
 006  019  049  068  064  039  016  002  000  000  008  014  019  021  023  027 
 010  040  062  055  031  010  003  000  004  010  019  025  025  018  016  022 
 027  050  047  022  000  000  000  002  006  014  020  022  013  000  000  015 
 066  058  028  000  000  000  000  000  002  004  006  008  003  000  000  014 
 073  038  008  000  000  000  000  000  006  004  002  005  000  000  000  012 
 036  003  000  002  006  010  012  013  018  016  009  006  006  010  012  012 
 016  002  004  012  018  023  026  024  022  017  016  019  025  024  019  014 
 011  010  014  015  017  018  022  019  015  016  019  031  032  019  008  002 
 011  012  017  008  007  010  008  008  008  010  012  019  008  000  000  000 
 000  001  013  005  002  008  006  010  008  006  003  004  002  005  012  019 
 002  003  015  013  011  020  020  023  020  014  012  014  031  036  048  050 
 018  028  036  028  024  032  030  026  024  022  024  027  048  047  040  040 

Celda37

 018  014  002  004  008  006  000  022  014  000  004  014  008  000  000  000 
 014  016  010  012  008  004  000  016  016  000  004  012  006  000  000  000 
 015  021  023  015  002  002  000  004  018  007  004  006  002  002  000  000 
 033  037  029  005  000  000  000  000  015  015  007  002  000  000  002  000 
 024  017  005  000  000  000  000  000  014  023  012  000  000  000  006  010 
 014  000  000  000  000  000  000  000  014  027  014  000  000  000  012  026 
 016  000  000  000  000  000  000  009  021  026  014  000  000  000  015  025 
 018  002  000  000  000  000  010  018  018  018  014  000  000  000  016  024 
 015  000  000  000  005  004  007  008  004  000  012  004  000  001  018  023 
 010  000  000  000  008  002  000  000  000  000  009  015  009  019  029  029 
 017  011  009  000  004  003  000  000  000  004  011  032  043  038  029  023 
 004  002  000  000  002  006  000  013  027  032  027  043  057  039  024  012 
 002  004  000  010  026  029  024  043  048  035  028  031  047  022  007  008 
 024  027  027  037  049  040  037  050  039  024  025  017  029  020  000  012 
 049  044  042  041  039  032  036  039  024  016  019  014  019  031  024  026 
 039  036  028  022  022  027  031  024  016  012  012  014  026  056  054  041 

Celda38

 000  000  000  000  016  022  018  016  012  010  007  004  004  002  000  000 
 000  000  000  000  014  034  029  013  008  004  000  000  000  007  000  000 
 000  000  000  007  015  033  030  006  000  000  000  000  000  011  010  008 
 000  004  012  020  020  021  022  005  000  000  000  003  008  012  014  006 
 010  011  016  017  016  006  007  006  000  002  005  009  008  008  012  008 
 015  006  007  008  006  010  012  015  011  009  009  007  005  007  013  011 
 009  004  006  011  009  016  025  027  020  014  015  016  014  012  012  007 
 008  004  014  021  020  020  019  017  017  018  021  026  022  016  011  008 
 013  012  022  024  022  017  010  014  019  022  025  033  029  025  021  020 
 023  023  023  017  015  011  008  019  028  024  030  039  032  028  026  024 
 022  027  024  013  010  009  006  015  023  021  026  034  026  020  018  017 
 017  030  024  012  008  010  004  004  018  018  015  023  020  014  010  008 
 026  036  018  004  006  010  004  001  016  023  014  018  017  010  008  004 
 035  034  014  005  006  011  008  010  021  022  012  018  018  000  006  002 
 038  031  016  014  012  012  011  012  015  013  009  013  018  003  000  002 
 041  032  018  017  015  009  006  004  003  006  008  008  012  008  000  005 

Celda39

 000  001  002  000  000  006  020  022  008  008  013  016  023  043  054  007 
 004  006  008  004  000  005  015  020  020  009  010  011  022  039  048  007 
 008  000  001  006  007  004  010  016  026  021  004  005  015  030  040  001 
 006  006  012  013  015  011  013  020  032  032  013  010  018  033  043  002 
 006  014  024  019  018  018  019  024  033  032  015  013  023  039  048  008 
 005  009  020  018  018  022  020  015  016  023  012  008  018  031  040  005 
 002  008  019  017  014  018  016  008  002  018  019  015  014  023  034  000 
 010  019  021  011  004  006  008  008  001  014  024  016  008  024  040  000 
 022  022  014  004  000  000  000  002  004  008  026  015  000  022  044  000 
 020  011  000  000  000  000  000  000  004  005  022  016  000  020  044  000 
 014  006  000  000  004  002  006  011  015  011  012  016  004  024  048  004 
 010  009  005  002  012  015  016  019  020  016  003  014  011  027  048  004 
 004  008  012  013  020  018  015  016  012  011  004  009  016  031  049  004 
 000  001  008  013  020  017  016  014  006  008  007  002  018  036  049  001 
 001  004  012  018  021  017  017  012  006  010  014  011  020  038  046  000 
 009  014  020  022  018  014  013  006  004  006  014  013  010  036  048  003 

Celda40

 001  002  006  007  008  009  014  002  000  004  020  010  006  001  000  010 
 003  006  012  013  006  000  014  010  000  002  010  000  000  000  000  004 
 002  006  010  008  001  000  014  018  002  000  004  000  000  000  000  004 
 000  000  000  000  000  000  016  018  000  000  000  000  000  000  001  002 
 000  000  000  000  000  000  016  015  000  000  001  000  000  000  000  000 
 000  000  000  000  000  000  010  012  000  000  002  000  000  000  000  000 
 000  000  000  000  003  000  001  008  005  004  000  000  000  000  000  000 
 000  000  000  000  014  000  000  003  011  012  000  000  000  000  000  000 
 000  000  000  000  018  002  000  000  012  014  000  000  000  000  000  000 
 000  000  000  000  014  004  000  000  009  012  004  000  000  000  000  002 
 000  000  000  000  007  004  000  000  001  008  010  000  000  000  000  021 
 000  000  000  000  002  004  000  000  000  000  012  004  000  000  022  035 
 001  002  001  000  000  002  000  000  000  000  014  011  000  021  043  025 
 000  000  000  000  000  000  000  000  000  000  016  020  012  024  027  002 
 000  000  000  000  000  000  000  000  000  000  014  025  015  014  019  000 
 000  000  000  000  000  000  000  000  000  004  015  022  010  006  014  000 

Celda41

 014  000  000  000  000  005  002  000  000  000  000  001  018  035  014  000 
 011  000  000  006  002  000  000  000  000  000  008  016  035  021  000  000 
 006  004  003  002  000  000  000  000  000  013  041  041  030  002  000  000 
 000  002  004  000  000  000  000  000  007  048  059  030  004  000  000  010 
 000  000  000  000  000  000  000  002  025  053  040  006  000  000  000  029 
 000  000  000  000  000  000  006  009  030  045  022  000  004  004  000  026 
 000  000  000  000  000  014  017  018  038  044  019  000  005  006  000  022 
 000  000  000  005  025  033  024  023  041  037  011  000  001  004  002  015 
 000  000  002  029  048  039  025  016  029  019  002  001  000  001  003  012 
 001  010  029  049  053  031  018  013  021  013  000  000  003  000  006  014 
 022  024  038  041  033  013  006  012  020  011  000  000  009  000  003  002 
 018  014  019  012  013  012  000  004  009  000  000  000  010  002  000  000 
 002  002  012  010  008  012  009  002  000  000  000  004  005  000  000  000 
 000  000  014  013  010  013  012  005  000  000  001  008  008  000  000  003 
 000  000  019  019  013  011  006  004  001  003  004  004  008  009  006  000 
 000  000  022  022  014  006  000  001  004  009  009  004  001  003  008  006 

Celda42

 011  017  000  000  000  019  037  028  016  008  002  000  000  000  026  024 
 017  022  000  006  016  035  044  028  018  013  006  000  000  000  020  035 
 025  026  006  012  014  025  028  009  004  008  006  003  004  003  004  034 
 052  038  010  002  000  017  017  001  000  000  001  000  002  004  000  028 
 053  026  004  000  003  025  016  000  000  000  000  000  000  001  004  020 
 039  006  000  000  017  034  013  003  000  000  000  000  004  005  004  006 
 046  010  006  014  030  032  008  004  004  002  000  001  009  001  000  000 
 050  022  012  019  022  019  001  002  008  010  006  000  004  000  000  000 
 052  035  008  008  003  009  000  000  000  002  000  000  000  000  000  000 
 055  034  000  000  000  004  000  000  000  000  000  000  000  000  000  000 
 048  030  000  000  000  000  000  000  000  000  000  000  000  000  000  000 
 044  028  000  000  004  000  000  000  000  000  000  000  000  000  000  006 
 042  022  000  000  008  000  000  000  000  000  000  000  000  000  000  044 
 041  017  000  000  012  000  000  000  000  000  000  000  000  000  030  083 
 040  018  002  000  010  004  000  002  000  000  000  000  000  000  056  082 
 043  026  004  000  008  008  000  002  002  000  000  000  000  015  068  063 

Celda43

 005  006  002  002  000  000  000  042  067  044  025  019  022  034  038  032 
 000  000  000  000  000  000  021  076  070  036  029  036  041  042  035  025 
 013  000  000  000  000  008  064  087  055  026  029  036  036  031  022  017 
 027  000  000  000  006  041  089  073  031  012  017  021  021  021  019  020 
 032  000  000  000  016  067  078  038  002  007  022  022  016  015  018  022 
 026  000  000  006  045  062  041  002  000  002  031  032  014  008  014  018 
 016  002  000  048  064  032  007  000  000  002  034  036  018  012  017  016 
 006  020  043  079  042  013  000  000  000  007  025  026  024  027  030  018 
 001  048  080  062  006  004  007  008  013  022  026  016  026  043  040  014 
 008  074  087  030  000  004  016  018  019  025  027  025  033  041  033  004 
 032  103  073  014  000  000  000  005  011  013  014  013  016  022  021  010 
 079  108  046  004  000  000  002  008  006  007  008  005  006  006  004  011 
 107  085  014  000  000  000  008  016  018  022  020  012  006  000  000  010 
 093  042  000  000  004  011  020  023  026  029  015  007  000  000  000  024 
 052  006  000  000  010  016  014  011  018  019  000  000  000  002  015  032 
 020  000  000  000  006  018  010  006  014  014  000  000  000  013  017  020 

Celda44

 031  040  041  031  028  028  016  007  006  008  014  018  031  019  002  007 
 024  033  037  033  028  014  000  000  000  000  002  006  008  007  000  010 
 022  035  043  035  018  008  000  000  002  000  006  004  000  000  006  017 
 027  038  042  024  003  000  004  008  008  002  004  006  000  000  011  022 
 025  029  030  011  000  000  001  002  003  002  000  006  000  000  013  022 
 018  024  031  015  007  006  000  000  000  010  014  014  006  003  009  016 
 012  025  035  016  010  010  008  002  004  013  016  011  003  000  003  011 
 009  022  024  002  002  009  012  007  007  004  000  000  000  000  000  006 
 001  016  024  008  000  006  012  007  000  000  000  000  000  000  000  000 
 000  003  018  016  006  000  006  004  000  000  000  000  003  011  006  000 
 000  000  012  018  015  008  000  000  000  000  008  018  024  023  013  010 
 008  000  008  018  018  014  000  000  009  020  032  040  028  008  004  010 
 015  008  015  016  012  015  009  007  024  039  037  026  008  000  000  000 
 036  033  036  030  012  005  016  014  019  016  000  000  000  000  004  000 
 030  021  023  016  012  002  008  022  016  000  000  000  000  000  003  010 
 015  010  014  006  000  000  000  011  019  006  000  000  000  000  004  025 

Celda45

 013  014  012  010  019  027  023  016  012  008  010  019  034  053  050  032 
 008  005  008  013  022  020  011  010  009  008  014  023  028  027  034  016 
 015  006  012  018  013  002  003  000  008  014  019  025  017  006  023  023 
 017  004  004  000  000  000  008  006  007  011  014  015  009  006  010  026 
 014  000  000  000  000  004  016  014  002  000  004  007  004  006  004  024 
 006  000  000  000  001  014  021  007  000  000  007  008  000  002  002  018 
 003  000  000  005  010  013  013  004  000  000  008  008  000  000  000  008 
 002  000  008  012  009  004  006  005  000  001  006  004  000  000  000  000 
 000  003  016  020  008  000  000  004  000  000  002  002  000  002  000  000 
 000  007  025  029  017  010  014  013  004  000  000  001  000  004  000  000 
 010  024  042  033  015  011  019  018  012  004  000  000  006  008  002  000 
 011  023  028  015  007  010  011  000  000  000  002  000  009  007  000  000 
 000  013  011  009  011  012  010  000  000  000  000  000  008  006  000  000 
 004  010  000  008  016  008  005  000  000  000  000  000  005  006  002  000 
 012  012  003  017  015  000  000  000  000  000  000  000  002  008  010  014 
 028  023  026  033  021  013  010  008  009  012  013  008  000  002  010  021 

Celda46

 028  020  014  010  006  003  000  000  000  007  014  011  006  006  002  006 
 000  002  004  005  002  002  000  000  000  009  016  008  000  000  009  010 
 000  000  000  002  005  008  008  004  000  006  018  011  000  000  010  018 
 008  000  000  000  006  016  018  016  012  006  010  008  000  000  012  022 
 016  001  000  002  012  016  018  019  016  010  000  000  000  006  023  032 
 019  000  003  000  010  009  000  000  000  000  000  000  004  016  026  022 
 020  006  000  000  000  005  000  000  000  000  000  000  008  018  023  017 
 018  014  000  000  000  000  000  000  000  000  000  000  010  014  012  008 
 014  020  001  000  000  000  000  000  000  000  000  011  027  023  008  001 
 008  022  008  000  000  000  000  000  000  002  007  025  035  024  014  008 
 004  022  014  004  004  006  013  018  016  008  004  018  024  010  004  000 
 002  022  020  004  012  016  029  025  023  016  008  012  014  000  000  000 
 002  020  022  005  010  019  028  016  012  006  000  000  000  000  000  000 
 011  021  020  017  015  016  011  000  000  000  000  000  000  000  000  000 
 013  009  014  021  011  000  000  000  000  000  000  000  000  000  006  007 
 018  007  010  018  011  000  000  000  000  000  000  000  000  023  043  027 

Celda47

 010  012  015  016  014  010  007  002  000  000  006  008  002  038  058  008 
 005  006  007  004  004  004  002  000  000  000  001  005  007  044  059  002 
 012  002  000  000  000  000  000  000  000  000  000  006  011  042  053  000 
 015  002  000  000  000  000  000  000  000  000  003  009  016  040  049  001 
 014  000  000  004  006  006  002  000  001  004  003  003  002  018  036  000 
 002  000  000  011  008  000  000  000  000  000  000  000  000  013  038  000 
 000  000  000  015  010  000  000  000  000  000  000  000  000  014  052  000 
 002  000  006  014  006  000  000  000  000  000  000  000  000  026  072  000 
 009  021  021  011  000  000  000  000  000  000  000  000  000  043  088  007 
 012  014  002  000  000  000  000  000  000  000  000  018  035  067  092  012 
 000  000  000  000  000  000  000  006  008  005  023  038  037  057  084  016 
 000  000  000  000  000  000  005  023  024  022  020  020  017  041  071  011 
 000  000  000  006  004  007  029  031  017  012  012  012  008  030  058  000 
 000  012  028  022  009  010  020  014  005  008  012  010  006  030  060  000 
 005  011  016  022  020  016  017  010  005  009  012  006  000  029  063  000 
 009  003  008  000  008  010  006  002  007  015  014  004  000  026  066  000 

Celda48

 000  000  000  000  000  000  009  010  004  003  012  017  008  000  004  000 
 000  000  000  000  004  018  016  006  001  002  010  017  012  002  000  000 
 000  000  000  000  008  011  000  000  000  004  012  022  012  000  000  000 
 000  000  000  000  002  001  000  000  000  006  014  020  006  000  000  002 
 001  000  000  000  000  000  000  004  007  004  010  020  008  000  000  007 
 000  000  000  000  000  000  010  014  009  001  006  018  010  000  000  010 
 000  000  000  000  000  001  018  020  005  000  007  016  008  000  000  009 
 001  002  003  002  001  011  025  019  003  000  004  014  010  002  004  007 
 000  001  002  000  001  019  024  010  000  000  000  015  019  013  016  014 
 000  000  000  000  002  020  014  000  000  000  002  018  026  015  014  020 
 000  000  000  000  004  014  009  000  000  000  005  016  024  020  011  006 
 000  000  002  003  002  008  006  000  000  008  012  014  020  021  016  000 
 003  006  006  001  000  004  000  000  006  021  022  025  031  022  008  000 
 002  004  004  000  000  000  000  000  018  021  013  016  022  009  000  000 
 000  000  000  000  000  000  000  008  019  018  012  016  018  006  006  013 
 000  000  000  000  000  002  014  020  013  006  016  026  024  009  010  022 

Celda49

 000  001  020  020  015  003  000  000  007  009  010  010  009  000  000  004 
 000  007  019  016  014  004  000  000  007  004  006  015  012  000  000  006 
 008  028  039  035  035  029  025  024  022  014  016  022  004  000  000  014 
 021  038  039  034  036  031  024  025  019  012  018  017  001  000  000  014 
 026  033  025  016  016  011  002  006  004  000  006  001  000  000  000  016 
 030  034  022  008  003  008  009  002  000  000  000  000  000  000  001  010 
 030  034  025  017  008  000  010  012  000  001  002  000  000  004  000  003 
 028  038  029  015  022  016  000  010  010  000  004  006  006  006  004  000 
 028  038  030  008  012  021  016  000  010  009  002  000  004  002  000  000 
 020  027  028  014  000  008  020  016  000  002  013  016  004  000  000  000 
 001  010  024  020  012  000  008  016  012  000  010  028  014  000  000  000 
 000  000  020  024  020  005  000  012  023  018  000  022  024  010  000  001 
 000  000  016  024  020  008  006  004  018  024  020  006  022  023  000  003 
 000  006  023  030  014  004  012  010  002  020  032  023  005  022  012  000 
 014  016  033  037  015  004  007  012  000  010  024  026  012  006  014  000 
 021  021  034  032  011  009  006  008  004  000  002  010  012  000  000  000 

Celda50

 047  027  002  000  006  008  000  000  000  000  000  000  000  043  085  053 
 039  016  000  000  000  006  000  000  000  000  000  000  016  086  088  042 
 034  012  000  000  000  000  000  000  000  000  000  000  052  088  053  016 
 026  005  000  000  000  000  000  000  000  000  000  008  060  058  014  005 
 018  000  000  000  000  000  000  000  000  000  000  035  070  043  004  003 
 018  000  003  004  004  002  000  000  000  000  012  071  080  039  008  003 
 020  011  006  006  003  002  000  000  000  000  036  079  063  024  010  009 
 021  022  000  000  000  000  000  000  000  003  060  068  040  016  000  000 
 018  026  000  000  000  000  000  000  000  034  085  055  022  016  006  000 
 013  028  000  000  000  000  000  000  000  069  089  031  000  008  009  004 
 004  030  001  000  000  000  000  000  005  075  060  000  000  002  014  017 
 000  030  012  000  000  000  000  000  020  070  038  000  000  001  015  026 
 000  026  016  000  000  000  000  000  034  064  025  000  000  000  008  026 
 000  018  014  000  000  000  000  016  066  067  024  010  012  008  004  018 
 000  011  012  000  000  000  002  027  081  060  024  010  001  000  002  026 
 000  010  010  000  000  000  000  047  076  036  008  000  000  000  013  035 

Celda51

 014  000  000  002  000  013  014  010  014  013  004  006  004  001  005  016 
 012  004  006  012  015  010  016  021  020  013  000  000  000  000  001  017 
 011  014  017  018  020  016  019  022  007  000  000  000  000  000  008  023 
 015  014  009  004  004  007  003  009  000  000  000  004  007  025  033  029 
 014  014  006  001  000  000  000  000  000  000  000  016  026  025  010  004 
 008  007  002  000  006  000  000  000  000  007  016  016  028  024  002  002 
 004  001  000  000  006  006  000  007  027  041  028  014  017  028  017  023 
 000  000  000  000  005  011  006  017  040  040  024  018  012  028  028  027 
 000  006  007  010  020  024  012  015  030  030  019  018  006  022  030  020 
 005  015  018  012  015  015  007  012  027  029  013  014  006  011  030  020 
 014  012  012  006  004  007  013  024  033  027  006  012  016  006  026  020 
 016  004  010  016  008  010  024  032  032  021  009  013  022  016  021  023 
 017  000  013  026  018  015  020  024  022  016  011  008  010  010  005  024 
 020  013  035  044  027  013  010  021  023  010  000  000  000  000  000  021 
 036  040  050  042  021  009  003  010  019  012  000  000  000  000  000  014 
 044  044  039  020  002  000  000  000  006  008  000  000  000  000  000  005 

Celda52

 016  006  008  009  002  000  004  000  013  020  000  011  013  012  021  050 
 020  010  008  011  010  006  006  006  000  020  010  000  000  008  017  032 
 021  015  017  016  006  004  000  000  000  008  013  000  000  008  002  017 
 020  014  014  007  000  000  000  000  000  000  008  006  000  006  004  004 
 010  010  009  004  000  000  000  000  000  000  000  011  012  000  000  000 
 011  007  002  000  000  000  004  002  000  000  000  008  018  002  000  000 
 023  006  000  000  003  009  005  006  002  000  000  006  020  008  000  000 
 019  011  003  000  004  014  006  002  006  006  002  006  024  014  004  000 
 006  000  004  006  002  008  008  000  000  011  014  008  024  014  000  000 
 007  000  000  000  000  000  005  004  000  000  008  008  016  014  003  009 
 003  000  000  000  000  000  002  002  006  000  000  003  019  033  027  017 
 000  000  000  000  000  001  002  000  008  005  000  004  037  055  023  002 
 001  000  000  000  000  008  006  004  014  013  004  005  039  034  000  000 
 006  000  000  000  000  015  018  020  029  021  008  000  030  014  000  000 
 012  000  000  000  000  020  028  026  029  015  002  000  012  000  000  000 
 014  000  000  000  000  023  032  026  019  000  000  000  000  000  000  000 

Celda53

 039  021  020  017  004  006  010  012  014  014  013  012  006  000  000  020 
 013  000  006  011  002  000  000  000  000  000  004  008  014  018  018  022 
 012  000  004  007  000  000  005  005  001  000  006  014  023  032  033  020 
 015  007  002  000  000  002  008  007  006  005  012  018  017  012  002  000 
 018  013  000  000  000  009  011  009  007  010  006  004  000  000  000  000 
 019  012  000  000  004  018  014  006  001  003  002  000  000  000  000  000 
 012  006  000  000  008  016  012  004  000  000  000  000  000  000  000  004 
 000  002  002  010  000  000  004  004  000  000  000  000  000  000  011  040 
 000  004  010  002  000  000  000  000  000  000  000  000  001  016  030  027 
 007  000  004  000  000  000  000  000  000  000  001  025  034  029  021  004 
 002  000  000  000  000  000  000  000  000  000  041  054  033  017  010  003 
 000  000  003  000  000  000  000  000  010  041  055  045  021  014  009  006 
 000  000  000  000  000  000  000  024  048  042  035  026  012  006  004  002 
 000  000  000  000  000  008  021  035  039  027  018  010  005  000  000  007 
 000  000  000  012  034  042  027  017  024  017  003  000  000  003  011  019 
 006  009  018  031  047  035  022  010  014  016  002  000  000  016  029  023 

Celda54

 020  013  014  008  000  000  000  000  000  000  000  008  028  047  043  020 
 016  016  016  000  000  000  000  000  000  000  011  025  030  030  019  000 
 000  002  008  000  000  000  000  000  007  024  028  024  014  008  010  000 
 000  000  000  002  000  000  024  034  030  026  019  013  008  011  018  015 
 000  000  000  014  018  032  042  029  015  008  002  004  014  024  025  017 
 000  019  028  031  038  037  022  010  007  005  004  008  024  029  022  018 
 036  042  036  021  025  024  013  010  013  014  008  013  034  038  029  028 
 041  019  012  006  008  018  014  016  020  009  000  016  045  048  033  022 
 014  000  000  000  000  012  018  025  023  004  000  022  047  045  026  012 
 000  001  000  002  004  006  018  030  026  005  002  022  040  034  016  007 
 000  006  007  005  007  003  016  028  024  008  004  020  036  036  017  000 
 009  016  009  002  002  000  014  027  017  006  008  020  031  030  018  008 
 003  007  002  002  004  004  015  028  007  000  014  024  026  020  013  017 
 008  002  004  011  015  015  016  024  000  000  024  039  023  008  009  018 
 018  013  020  027  020  019  014  019  000  000  028  050  017  000  010  018 
 019  026  036  033  018  013  013  018  011  016  033  050  022  012  011  013 

Celda55

 011  000  006  007  000  000  000  000  010  024  021  000  000  023  070  000 
 005  007  002  006  004  000  002  016  031  035  015  000  000  024  074  000 
 009  016  014  005  002  002  020  034  036  025  002  000  000  035  085  010 
 016  020  018  010  001  006  018  025  024  010  003  001  004  040  083  007 
 012  014  016  014  009  003  016  024  022  003  000  000  002  038  080  005 
 017  015  012  013  017  018  022  018  019  006  000  000  000  038  082  007 
 026  022  016  016  021  029  035  025  010  004  000  000  004  045  083  004 
 018  015  016  019  021  030  033  030  024  012  004  008  013  050  083  005 
 004  002  007  012  017  027  025  019  020  019  014  010  007  043  079  007 
 006  006  008  010  020  025  017  009  008  010  010  004  002  048  083  011 
 008  018  022  024  028  017  006  001  000  000  002  004  011  062  088  014 
 003  015  026  027  018  005  000  000  002  002  006  013  016  058  079  005 
 022  012  012  010  002  000  000  006  009  013  025  024  016  047  076  000 
 032  021  000  000  000  002  008  008  010  020  035  022  012  032  077  000 
 028  022  002  000  000  010  012  005  005  024  017  002  000  021  076  000 
 019  018  003  000  001  005  002  000  003  015  000  000  000  020  077  000 

Celda56

 000  000  000  000  000  010  023  015  006  001  018  030  018  004  004  015 
 000  002  006  012  015  021  019  004  000  000  018  028  015  004  008  014 
 000  002  008  016  020  016  009  000  000  004  020  021  014  010  013  008 
 001  003  008  014  014  008  005  004  004  012  018  008  012  018  014  000 
 002  004  007  006  000  000  002  005  006  009  004  000  010  022  014  000 
 000  000  000  000  000  000  003  000  000  000  000  000  010  016  008  000 
 000  000  000  000  000  000  000  000  002  000  000  002  007  004  004  008 
 000  000  000  000  002  000  000  000  007  002  000  000  000  000  002  015 
 000  000  000  000  009  001  000  008  016  006  004  004  000  000  002  016 
 000  000  000  000  009  008  003  011  011  006  010  012  010  001  000  013 
 000  000  000  002  006  012  011  009  005  002  008  008  003  000  000  014 
 000  000  000  004  015  021  016  003  001  006  006  000  000  000  006  024 
 000  000  000  001  021  023  011  000  000  010  010  000  006  014  021  029 
 007  016  034  046  071  063  050  046  046  056  056  049  060  067  064  066 
 014  034  072  093  114  098  091  094  100  106  103  100  097  100  098  098 
 000  000  000  000  017  004  000  000  000  004  006  008  002  000  000  001 

Celda57

 016  014  026  024  010  012  010  003  000  000  000  000  004  006  000  000 
 010  004  012  010  000  000  000  000  000  000  000  000  002  011  011  000 
 002  006  016  010  000  000  000  000  002  000  000  000  000  003  008  004 
 000  006  018  013  002  000  000  000  007  002  000  000  000  000  000  009 
 000  010  022  021  011  003  000  000  009  002  000  000  000  000  000  002 
 005  026  036  026  005  000  000  000  006  000  000  000  000  000  000  000 
 020  037  030  005  000  000  000  004  000  000  000  000  000  000  000  000 
 030  034  018  000  000  000  000  005  004  000  000  000  000  000  006  012 
 031  034  020  000  000  000  006  006  010  007  000  000  000  000  014  026 
 026  034  028  006  009  011  010  002  002  002  000  000  000  003  014  027 
 022  030  030  014  000  006  002  000  000  000  000  000  000  004  000  020 
 029  027  018  011  008  000  000  000  000  002  006  012  010  005  000  012 
 028  016  001  004  014  006  000  010  014  012  015  020  016  008  006  002 
 065  052  042  040  049  044  049  057  048  050  053  056  054  052  058  057 
 103  094  090  090  095  093  096  093  079  084  089  092  092  096  103  106 
 011  005  000  000  006  009  013  011  000  000  001  000  000  000  000  000 

Celda58

 001  008  008  000  000  000  006  060  059  009  000  000  000  005  027  045 
 000  005  007  000  000  000  034  074  045  004  000  000  000  022  047  054 
 000  006  004  000  000  007  068  079  033  007  008  013  015  035  051  050 
 010  013  004  000  002  035  076  058  011  004  014  024  028  034  044  041 
 006  017  010  007  010  049  061  026  000  000  008  025  032  028  037  039 
 000  013  006  006  015  055  048  008  000  002  016  027  025  023  024  034 
 002  012  000  000  012  050  038  006  000  002  029  028  011  012  008  024 
 016  006  000  000  015  051  032  004  004  000  026  034  014  000  007  026 
 014  013  004  007  031  047  034  000  006  006  010  026  025  010  010  029 
 007  008  009  024  049  038  022  008  000  006  009  016  023  022  018  019 
 018  000  000  033  050  019  002  012  000  004  023  035  030  016  020  022 
 026  000  000  039  045  009  000  010  002  002  025  039  032  020  004  020 
 024  000  004  046  039  002  000  000  006  010  031  035  028  026  018  008 
 065  055  058  090  075  046  048  039  029  044  063  074  069  053  061  054 
 111  109  107  123  107  088  094  096  094  109  114  119  109  079  082  087 
 005  010  009  024  016  000  000  000  000  017  025  039  036  007  000  000 

Celda59

 045  035  020  004  000  000  002  000  000  000  000  000  000  000  000  000 
 043  025  012  004  004  006  015  014  015  006  000  000  000  000  000  000 
 031  016  019  024  026  028  031  025  020  014  005  000  000  000  000  001 
 024  020  033  034  025  022  019  012  007  004  000  000  000  006  014  017 
 030  028  031  015  000  000  000  000  000  000  000  000  000  005  004  004 
 029  018  012  002  000  000  004  001  000  000  000  000  000  002  000  000 
 026  012  004  000  000  000  010  008  000  000  000  000  000  002  000  000 
 027  009  000  000  000  000  010  014  000  000  000  000  000  018  018  022 
 030  014  006  004  006  004  003  016  001  000  004  011  024  047  033  026 
 019  013  010  014  013  008  000  014  009  002  012  024  040  046  022  014 
 021  018  013  012  012  010  004  007  020  013  020  026  027  014  000  000 
 030  028  016  004  002  004  001  000  033  029  018  019  013  000  000  000 
 037  038  013  000  000  000  000  000  042  041  008  006  000  000  000  000 
 060  057  032  022  028  032  032  031  068  077  032  023  012  010  020  039 
 081  080  062  051  058  064  074  082  109  112  061  054  052  064  088  119 
 000  014  016  007  000  000  000  000  025  042  003  000  000  000  000  017 

Celda60

 014  000  000  000  019  031  025  026  015  000  000  000  000  000  000  010 
 014  000  000  018  036  023  009  019  006  000  000  000  000  014  020  019 
 014  011  008  022  022  000  000  004  000  000  000  000  008  030  025  002 
 021  012  000  008  008  000  000  000  000  000  000  007  011  024  018  000 
 000  000  000  002  000  000  000  000  000  006  004  004  000  014  018  000 
 000  002  010  016  008  000  000  000  013  026  015  001  000  008  026  017 
 000  034  058  040  022  000  000  011  044  040  021  014  010  005  038  039 
 022  058  055  009  000  000  002  042  061  045  030  030  030  020  041  036 
 014  029  016  000  000  000  030  067  062  036  021  020  020  016  026  032 
 000  003  000  000  000  021  062  057  029  002  000  000  010  015  010  026 
 000  000  004  002  027  047  047  019  000  000  000  012  027  028  012  020 
 000  003  027  045  036  029  023  008  007  016  032  040  034  036  029  023 
 000  020  027  028  021  023  025  024  033  040  037  030  021  036  044  028 
 081  062  052  054  069  073  064  059  068  065  052  044  051  054  064  058 
 130  094  091  099  118  109  085  078  085  080  074  072  083  069  074  082 
 022  000  000  007  028  023  003  000  009  006  000  000  012  000  000  000 

Celda61

 019  013  012  024  030  010  002  000  006  016  008  004  012  024  028  023 
 011  008  006  012  012  000  000  000  004  018  016  015  019  023  024  024 
 002  009  006  004  009  000  000  004  000  019  020  021  024  022  017  020 
 000  012  008  000  006  009  000  001  001  018  029  029  026  015  004  012 
 000  014  012  000  002  008  004  000  004  024  042  037  018  000  000  001 
 018  023  016  003  004  006  006  001  004  021  039  028  002  000  000  000 
 019  008  006  012  021  020  012  002  000  014  032  024  001  000  010  016 
 002  000  004  023  029  018  010  000  004  016  024  024  011  022  042  042 
 002  000  007  031  026  005  004  002  013  028  027  026  025  034  046  027 
 010  006  020  043  035  011  010  009  013  022  013  015  022  028  027  000 
 025  014  022  045  040  017  011  004  000  016  013  013  024  034  030  002 
 042  016  004  030  026  000  000  000  000  003  018  022  030  041  036  011 
 026  002  000  022  030  000  000  005  001  000  027  036  034  042  032  008 
 036  021  024  043  056  041  046  058  057  044  061  075  058  054  046  026 
 084  083  090  107  116  104  093  090  097  099  112  126  099  095  093  072 
 000  000  003  010  022  018  006  000  000  000  015  040  018  021  028  010 

Celda62

 019  026  039  029  017  010  008  016  017  018  021  040  036  019  021  013 
 022  025  031  022  018  014  008  013  010  004  000  028  048  031  028  028 
 023  023  020  011  014  013  006  008  003  000  000  020  056  039  014  020 
 024  016  007  000  006  004  000  010  009  006  004  014  052  048  012  002 
 020  021  013  007  000  000  000  018  026  018  015  002  036  048  026  009 
 006  023  026  016  000  000  000  024  028  007  003  000  022  047  038  021 
 009  018  035  020  000  000  000  019  027  000  000  000  017  050  045  030 
 034  012  030  017  000  000  000  010  024  004  000  010  028  064  056  029 
 020  002  018  016  000  000  000  006  022  014  005  015  025  062  051  012 
 001  000  009  026  006  009  001  004  022  019  004  000  004  050  042  003 
 009  012  000  038  021  018  014  005  020  018  006  000  000  044  041  004 
 009  014  005  039  029  013  020  012  012  012  006  000  000  034  038  009 
 000  006  006  023  042  000  010  010  001  006  006  000  000  024  035  012 
 021  032  039  029  057  031  034  044  044  044  054  046  043  051  052  026 
 062  064  073  077  099  081  068  080  085  086  097  085  086  089  088  069 
 000  000  000  000  024  021  000  000  000  001  013  000  000  002  010  003 

Celda63

 010  012  004  000  004  007  000  000  008  015  000  000  000  037  096  018 
 020  013  002  000  001  008  000  004  025  022  002  000  000  054  095  012 
 021  019  014  006  002  009  008  011  024  003  000  000  000  058  083  000 
 008  010  009  005  000  008  007  007  012  000  000  000  000  056  077  000 
 000  000  000  000  000  009  008  006  008  000  000  000  007  058  076  001 
 012  012  008  000  000  012  011  005  003  000  000  000  014  062  076  002 
 025  012  008  000  000  014  012  004  001  000  000  000  014  065  078  000 
 019  000  000  000  000  014  011  006  002  000  000  000  006  060  081  000 
 008  000  000  000  000  011  012  013  004  000  000  000  008  050  076  000 
 000  000  000  000  000  004  011  020  006  000  000  000  029  056  071  000 
 000  000  000  000  016  012  004  016  001  000  000  012  032  037  058  000 
 002  000  000  002  037  025  019  000  000  000  000  032  029  025  059  006 
 004  000  000  014  031  006  006  000  000  000  006  042  026  032  075  014 
 020  018  024  050  049  016  016  021  022  027  057  074  050  070  108  033 
 067  063  069  089  074  053  052  062  076  090  115  108  089  109  122  047 
 005  001  004  017  006  000  000  000  000  000  020  018  014  039  057  000 

