Celda0

 000  000  000  000  003  000  000  002  003  000  000  000  000  000  000  002 
 000  000  000  000  005  000  000  004  007  000  000  000  000  000  000  004 
 000  000  000  000  006  000  000  006  013  000  000  000  000  000  000  008 
 000  000  000  000  002  000  000  003  012  000  000  000  000  000  000  007 
 000  000  000  000  005  002  004  000  004  000  000  000  003  006  010  010 
 000  000  000  000  013  012  000  000  000  000  000  008  008  002  002  006 
 000  000  000  000  016  008  000  000  000  003  018  015  007  000  000  000 
 000  000  000  005  015  000  000  006  005  009  015  003  000  000  000  000 
 000  000  000  004  006  000  000  016  011  002  002  000  000  000  000  000 
 000  000  001  003  004  000  000  012  017  008  000  000  000  000  001  004 
 001  002  005  005  007  006  007  000  014  011  000  000  000  000  004  006 
 000  000  002  004  005  005  010  008  002  006  000  000  000  000  000  000 
 000  000  000  000  000  000  000  006  004  000  000  000  000  000  000  002 
 000  000  000  000  000  000  004  000  002  000  000  002  000  000  000  012 
 000  000  000  000  000  000  008  008  000  000  000  001  000  000  004  022 
 002  004  010  012  007  000  001  012  002  003  008  002  000  000  015  035 

Celda1

 002  000  000  000  000  000  000  000  000  000  000  000  000  002  001  000 
 004  000  000  000  000  000  000  000  000  000  000  000  000  004  002  000 
 008  000  000  000  000  000  000  000  000  000  000  000  000  008  002  000 
 009  000  000  000  000  004  000  000  000  003  000  000  000  010  000  000 
 010  006  004  002  000  008  013  013  014  014  010  011  010  019  010  013 
 006  002  000  000  000  014  023  011  008  005  006  013  018  026  015  013 
 000  002  000  001  008  025  025  009  009  011  012  018  028  030  014  002 
 006  010  006  011  012  024  020  015  017  017  012  013  020  021  006  000 
 018  026  015  011  008  019  021  021  016  008  002  000  000  000  000  000 
 023  024  009  005  008  024  026  016  001  000  000  000  000  000  000  011 
 016  024  014  008  013  025  018  000  000  000  000  000  000  000  000  016 
 017  031  027  015  011  011  006  000  000  002  002  000  000  000  026  018 
 022  030  021  008  002  001  008  008  010  010  010  006  000  010  045  016 
 022  020  014  009  000  003  015  016  012  012  012  007  000  018  042  004 
 023  014  013  015  008  007  013  013  005  006  000  000  000  018  046  000 
 026  009  014  022  020  009  003  009  000  000  000  000  000  016  051  006 

Celda2

 000  004  009  001  000  007  003  000  000  001  003  003  000  000  002  001 
 000  008  021  006  000  014  006  000  000  004  006  004  000  000  004  002 
 000  008  041  020  005  026  013  000  000  012  012  004  000  000  005  002 
 000  000  044  038  018  027  018  000  000  016  013  000  000  000  002  000 
 014  008  030  041  026  026  024  005  011  020  014  006  010  011  004  000 
 011  011  029  027  018  027  039  021  007  007  011  007  007  005  001  000 
 007  018  036  018  000  024  056  036  007  011  019  014  003  000  000  002 
 004  028  045  022  002  015  064  048  012  014  022  011  000  000  000  003 
 006  048  045  028  010  002  064  054  018  018  016  001  000  000  005  021 
 019  052  034  022  012  000  059  059  020  022  022  000  001  010  026  025 
 018  036  023  012  014  004  046  063  024  018  027  007  004  014  013  002 
 012  022  024  003  014  014  023  056  028  012  026  024  010  000  000  000 
 011  029  027  002  010  020  007  034  028  011  024  038  024  000  000  002 
 012  040  020  003  012  029  028  003  013  012  030  048  032  003  000  017 
 007  028  000  000  014  035  040  026  000  004  037  056  036  012  016  041 
 008  004  000  000  026  026  032  029  016  000  032  064  048  020  019  027 

Celda3

 001  003  002  000  000  000  000  000  002  003  001  000  000  000  000  000 
 002  006  004  000  000  000  000  000  004  008  004  000  000  000  000  001 
 004  014  008  000  000  000  000  000  008  016  008  000  000  000  000  003 
 004  020  010  000  000  000  000  000  010  016  006  000  000  000  000  003 
 004  023  010  000  000  002  010  019  035  026  008  002  003  011  017  014 
 004  022  014  001  008  010  012  016  021  010  008  005  003  007  007  006 
 012  023  016  002  006  010  010  003  005  002  000  004  000  004  000  000 
 019  022  016  001  000  001  000  000  000  004  002  000  000  004  004  004 
 017  010  007  000  000  000  000  000  000  000  000  000  000  010  010  009 
 010  004  002  000  000  000  000  000  000  000  000  000  001  016  014  012 
 002  003  000  000  000  004  007  002  000  000  000  002  008  021  019  017 
 004  000  000  004  008  010  008  004  004  003  002  005  012  019  021  019 
 014  009  008  013  010  003  000  002  010  012  008  006  008  012  020  016 
 040  036  018  009  000  000  000  000  002  005  007  007  007  013  018  012 
 054  036  014  000  000  000  000  000  001  000  004  009  014  018  015  010 
 029  009  000  000  000  000  000  001  005  002  003  013  019  015  011  010 

Celda4

 000  000  000  001  001  000  000  002  001  000  000  000  001  001  000  000 
 000  000  000  002  002  000  000  004  002  000  000  000  002  002  000  000 
 000  000  002  007  002  000  000  008  004  000  000  000  008  007  000  000 
 000  000  004  012  000  000  000  007  006  000  000  000  015  012  000  000 
 008  003  003  012  000  000  000  000  006  004  000  000  024  018  006  016 
 006  006  000  003  004  000  000  000  004  004  004  014  020  012  006  022 
 009  016  009  000  002  000  000  000  006  006  012  012  010  014  023  021 
 013  016  023  022  008  000  000  001  010  012  008  006  010  024  031  007 
 013  008  018  029  030  020  008  001  012  012  002  000  015  034  028  000 
 013  002  000  006  020  024  017  014  023  014  001  000  016  032  024  000 
 011  000  000  000  000  004  012  018  027  021  020  017  012  022  020  012 
 005  000  000  000  000  000  010  016  017  020  021  023  017  019  018  022 
 004  010  016  013  007  010  012  008  009  021  011  014  021  033  032  028 
 008  013  013  012  012  012  011  010  021  023  005  006  026  038  029  017 
 010  006  000  004  010  008  006  013  028  012  004  011  031  029  014  008 
 002  000  000  000  004  009  009  017  015  004  008  024  034  024  008  004 

Celda5

 000  002  000  000  001  002  000  000  000  000  000  000  003  004  000  000 
 000  006  001  000  003  004  000  000  000  000  000  000  008  008  000  000 
 000  014  004  000  008  009  000  000  000  000  000  000  016  014  000  000 
 000  021  008  000  010  008  000  000  000  000  000  002  017  012  000  000 
 024  041  023  011  003  000  000  000  000  000  000  017  020  005  000  006 
 028  028  008  000  000  000  000  000  000  000  006  020  010  000  004  017 
 015  002  000  000  000  008  013  006  000  000  018  027  014  003  005  028 
 000  000  000  000  004  013  001  000  000  008  042  048  025  011  016  035 
 000  000  001  004  004  005  000  001  020  039  069  057  023  016  030  036 
 000  007  004  000  000  002  000  008  027  061  072  043  020  014  031  029 
 011  010  000  000  000  004  000  000  030  059  048  022  012  010  027  025 
 019  004  006  012  018  009  000  002  040  051  012  000  002  016  035  028 
 013  002  017  027  022  012  006  016  053  034  000  000  000  028  033  013 
 010  015  024  020  016  018  028  039  039  012  000  000  020  024  008  000 
 012  027  017  006  010  021  038  038  015  000  000  010  029  016  000  000 
 018  022  000  000  005  022  037  027  019  014  020  040  033  013  002  002 

Celda6

 000  001  004  001  000  002  001  000  000  004  003  000  000  002  000  000 
 000  004  009  000  000  004  002  000  000  010  007  000  000  004  000  000 
 000  011  015  000  000  009  004  000  000  019  012  000  000  010  000  002 
 000  016  009  000  000  012  008  000  000  018  011  000  000  012  000  012 
 026  032  006  000  005  020  014  010  016  023  006  000  004  018  011  045 
 045  022  009  010  022  021  017  012  018  016  005  001  015  028  031  054 
 036  011  006  013  022  021  027  019  017  008  000  004  030  032  034  040 
 016  000  000  013  027  033  028  011  003  000  000  013  039  022  022  020 
 010  004  006  027  048  041  015  000  000  000  004  024  026  006  011  012 
 017  020  024  050  065  033  011  000  000  006  012  014  012  006  010  000 
 016  021  026  051  046  006  000  007  020  028  022  010  017  025  018  009 
 009  005  008  024  009  000  000  004  026  030  019  010  022  027  015  014 
 000  000  004  005  000  000  000  000  024  013  008  002  008  015  010  000 
 000  000  003  000  000  000  000  010  026  002  000  000  000  010  018  003 
 000  016  010  004  010  012  015  035  033  002  000  000  000  014  030  023 
 009  019  005  010  026  016  020  051  024  008  001  001  017  047  047  019 

Celda7

 003  000  000  001  001  002  004  001  000  000  000  001  000  004  010  000 
 008  000  000  002  001  004  010  002  000  000  000  002  000  011  024  000 
 017  000  000  003  000  009  021  001  000  000  000  003  000  026  055  000 
 023  000  000  002  000  012  024  000  000  000  000  000  000  040  078  000 
 040  011  005  003  002  017  017  000  000  000  000  000  000  044  086  000 
 022  004  000  000  000  014  010  000  000  000  008  012  016  062  092  007 
 005  000  000  000  000  011  008  000  003  013  011  014  027  071  086  012 
 000  000  002  006  004  006  010  004  010  013  005  006  031  055  058  001 
 000  000  010  016  014  016  027  014  009  006  004  005  021  032  042  000 
 000  000  019  012  011  019  028  011  011  018  016  008  014  029  044  000 
 000  000  017  000  000  010  010  000  012  026  018  016  026  035  047  001 
 012  008  013  000  000  006  005  000  017  009  004  014  036  039  052  012 
 007  008  008  000  000  004  005  009  017  000  000  011  018  020  044  012 
 006  010  004  000  000  015  024  020  014  000  000  011  013  021  044  001 
 012  010  003  000  004  035  032  014  004  000  000  006  004  028  058  000 
 002  000  000  000  017  042  021  006  002  000  000  004  000  032  069  005 

Celda8

 003  008  018  019  008  002  002  010  010  008  018  016  007  007  029  037 
 001  004  008  008  003  006  016  021  020  022  019  017  008  013  029  020 
 000  000  000  000  005  014  023  014  014  028  016  015  011  020  025  005 
 001  000  000  000  007  016  013  005  009  031  011  011  012  020  013  000 
 001  002  002  002  004  009  006  003  017  028  000  000  001  004  002  000 
 000  001  003  004  004  005  005  008  024  013  000  000  000  001  008  021 
 000  000  000  000  002  002  004  013  017  000  000  000  004  004  020  035 
 000  000  000  000  000  000  000  006  000  000  000  004  018  019  018  029 
 001  001  000  000  000  000  000  001  000  000  000  011  012  012  004  024 
 001  002  000  000  000  000  002  000  000  002  013  013  002  006  008  016 
 000  000  000  000  000  002  008  000  010  029  023  014  008  008  008  005 
 001  002  000  000  002  012  025  021  030  037  021  012  002  000  000  000 
 001  002  004  010  024  047  044  027  021  015  002  000  000  000  000  002 
 000  000  005  016  036  044  022  005  000  000  000  000  000  000  001  018 
 000  001  006  013  021  007  000  000  000  000  000  000  008  016  025  034 
 001  003  006  005  000  000  000  000  002  009  016  021  018  018  022  032 

Celda9

 016  006  019  034  028  008  000  006  007  000  000  000  000  011  062  032 
 001  010  033  039  022  002  000  004  014  004  007  002  000  006  070  054 
 000  018  036  023  009  000  002  009  018  002  003  001  000  006  076  058 
 002  024  028  015  007  000  007  011  005  000  000  000  000  006  076  054 
 019  030  017  010  012  016  015  010  000  000  000  003  004  005  077  050 
 039  033  017  022  031  030  018  010  008  005  004  012  017  007  062  049 
 040  024  015  029  033  023  008  006  008  010  010  015  017  000  034  052 
 027  013  012  022  017  006  000  000  000  002  004  006  006  000  011  060 
 028  017  014  008  004  000  000  000  000  000  000  000  000  000  008  081 
 028  024  008  000  000  000  000  000  000  000  000  000  000  000  034  112 
 022  024  010  000  000  000  000  002  003  000  000  000  000  000  056  112 
 015  022  012  000  000  000  000  002  003  000  000  000  000  000  053  092 
 017  022  016  007  003  000  000  000  002  000  000  000  000  000  050  095 
 028  030  026  012  005  003  000  000  004  004  010  010  004  000  050  104 
 032  030  021  003  002  008  010  010  018  013  018  020  016  007  046  102 
 028  022  010  002  006  010  013  014  015  006  010  016  012  001  040  093 

Celda10

 012  001  000  012  042  014  018  022  022  012  012  064  065  028  012  024 
 005  000  004  046  047  010  011  020  027  026  008  046  070  042  013  020 
 000  000  014  056  024  000  007  023  036  042  030  017  060  054  024  016 
 000  000  038  034  000  000  006  024  038  048  046  025  038  053  028  008 
 000  012  039  001  000  006  023  021  031  040  044  036  023  040  020  000 
 010  023  018  000  002  028  039  030  023  023  028  032  024  032  007  000 
 042  028  010  013  024  043  043  023  010  008  015  024  023  018  001  006 
 064  038  018  022  033  037  026  002  000  006  018  026  026  014  008  014 
 086  046  023  019  016  013  002  000  004  014  023  032  036  030  020  012 
 098  048  026  014  002  002  002  006  014  018  019  023  030  032  025  006 
 081  037  022  010  003  005  015  018  010  009  008  006  009  018  022  012 
 063  025  008  004  006  017  019  007  000  000  000  000  000  009  020  028 
 067  018  000  000  005  009  000  000  000  000  000  000  004  009  017  027 
 068  010  000  006  012  002  000  000  000  000  000  008  012  014  014  016 
 067  010  000  010  012  000  000  000  000  006  010  012  018  016  008  006 
 062  020  008  021  014  004  010  018  016  007  011  015  015  009  000  000 

Celda11

 030  006  000  000  000  000  000  007  010  008  010  013  008  003  004  003 
 026  000  000  000  000  000  003  033  035  024  015  003  002  000  000  002 
 014  000  000  000  000  004  036  049  038  025  016  002  000  000  000  009 
 002  000  000  000  007  026  039  032  020  007  004  001  000  000  007  026 
 000  015  016  012  015  027  027  015  008  000  000  002  001  005  025  024 
 000  034  031  012  015  030  024  011  007  003  005  006  008  023  029  012 
 019  042  028  014  020  027  013  010  020  015  010  009  015  029  024  020 
 020  016  019  024  024  014  010  020  030  010  006  011  017  023  027  037 
 000  000  015  036  030  010  014  032  029  004  004  006  010  017  032  028 
 000  000  012  041  036  018  021  033  026  000  000  000  011  025  028  000 
 000  000  004  035  044  033  026  031  029  002  000  002  029  035  011  000 
 023  007  000  026  044  040  030  030  032  012  000  015  035  018  000  000 
 034  032  026  027  029  032  030  030  034  024  012  019  020  003  000  000 
 025  039  046  036  019  014  026  032  038  032  021  017  012  000  000  002 
 016  036  049  050  035  012  015  030  040  034  020  016  012  004  004  007 
 010  030  044  046  038  027  012  016  035  038  022  016  015  014  010  004 

Celda12

 000  000  000  008  009  005  015  022  008  004  015  032  039  026  014  010 
 001  010  010  002  013  012  016  016  008  002  020  033  034  010  004  008 
 014  014  019  017  004  016  021  000  000  001  026  029  010  000  000  012 
 017  006  012  022  026  029  007  000  000  016  031  013  000  000  002  032 
 006  006  013  012  022  024  008  000  010  028  018  000  000  000  034  029 
 007  014  006  000  003  000  000  008  027  018  010  000  000  025  029  002 
 027  017  000  000  000  000  000  012  023  004  000  006  018  023  004  000 
 029  012  003  000  000  000  010  028  012  000  000  010  031  016  000  000 
 003  000  000  006  008  011  021  024  014  000  000  019  036  010  000  009 
 000  000  000  010  022  031  037  034  018  003  004  020  020  004  000  008 
 000  002  015  014  022  027  038  040  031  024  018  008  006  002  006  006 
 002  026  030  019  022  024  032  018  010  006  008  007  002  000  003  008 
 012  025  018  007  008  014  012  000  000  000  000  000  012  012  006  014 
 013  007  006  000  000  004  000  000  000  000  004  011  000  001  018  040 
 004  004  004  000  000  006  000  000  000  001  014  005  000  004  033  043 
 004  006  002  000  000  006  000  000  000  014  019  004  000  019  043  027 

Celda13

 024  011  000  001  012  026  020  008  018  024  033  037  019  014  010  010 
 030  013  003  000  029  023  000  000  004  016  018  007  000  005  000  004 
 029  008  007  026  055  011  000  005  008  006  000  000  000  010  000  005 
 011  000  005  053  045  008  006  024  023  009  000  000  006  012  005  013 
 000  000  030  047  002  000  004  030  024  012  006  008  016  008  010  012 
 000  014  040  013  000  000  006  018  011  002  006  018  019  008  019  009 
 007  028  016  000  000  000  004  020  012  000  000  014  012  004  016  001 
 025  020  000  000  000  000  006  022  006  000  000  009  008  008  014  003 
 021  010  000  000  000  000  015  015  000  000  012  000  000  008  012  020 
 011  008  002  002  008  013  029  000  000  008  018  000  000  000  004  024 
 004  010  014  002  011  020  020  004  006  021  008  000  000  004  009  020 
 008  013  014  008  000  002  001  008  018  010  000  000  004  019  026  020 
 017  014  006  000  001  008  010  005  008  000  000  004  028  031  027  014 
 028  008  000  000  000  013  015  008  000  000  000  028  043  024  013  008 
 024  014  000  000  016  025  004  000  000  000  006  033  024  006  006  011 
 008  012  014  012  030  032  021  010  000  000  018  033  019  011  016  010 

Celda14

 019  014  004  011  015  002  016  038  008  008  018  022  044  064  029  000 
 021  011  012  015  006  000  020  019  000  000  011  014  032  043  004  000 
 011  000  010  012  008  013  029  000  000  000  004  003  021  031  000  008 
 002  002  016  000  002  017  018  000  000  002  002  005  031  034  006  012 
 000  005  028  000  000  013  002  000  000  008  000  008  031  022  000  000 
 002  025  050  011  001  012  004  000  000  006  000  000  018  012  000  000 
 006  050  047  007  000  015  019  020  024  010  000  000  014  008  000  000 
 023  052  012  000  000  029  040  030  035  026  010  008  020  001  000  000 
 043  032  000  000  000  049  040  010  007  009  012  018  018  002  003  006 
 027  000  000  000  026  052  018  000  000  003  014  017  006  000  000  001 
 008  000  000  005  033  031  006  000  000  012  016  014  006  000  000  013 
 000  000  012  029  028  020  000  000  000  004  007  008  006  000  010  046 
 012  021  034  028  025  019  002  000  000  000  004  009  010  012  027  058 
 012  017  012  008  013  005  000  001  000  000  012  015  020  027  030  050 
 006  000  000  006  008  000  000  000  000  002  018  012  010  014  011  037 
 000  000  000  010  008  003  000  000  000  017  022  004  000  000  000  028 

Celda15

 000  000  002  010  024  030  002  000  002  000  000  006  000  034  072  000 
 000  000  019  022  021  016  000  000  000  000  002  014  004  031  072  000 
 010  006  028  013  010  017  008  004  005  016  031  046  032  047  082  010 
 012  000  022  000  000  030  020  016  014  020  041  041  029  044  079  016 
 000  000  018  000  010  028  005  009  010  007  014  004  000  019  050  000 
 000  000  010  000  014  030  000  000  000  000  008  000  000  026  042  000 
 000  004  000  000  013  032  006  000  000  000  010  005  010  037  042  005 
 000  000  000  000  021  046  011  000  000  012  025  018  020  031  034  006 
 004  000  000  000  036  059  013  011  008  030  034  022  014  017  027  002 
 008  012  013  017  055  060  010  014  017  028  018  004  000  007  029  000 
 022  028  026  030  062  053  009  012  022  032  014  000  000  002  033  000 
 037  036  032  034  056  033  004  006  020  028  020  014  008  001  034  000 
 032  020  020  035  044  016  004  003  011  010  004  006  005  009  050  017 
 018  004  004  033  028  009  000  000  004  010  000  000  006  019  054  017 
 012  000  002  035  015  004  000  000  000  014  010  000  010  022  039  003 
 008  000  000  028  006  000  000  000  000  017  020  014  011  008  022  000 

Celda16

 001  002  004  004  004  008  016  023  026  023  018  019  012  008  008  024 
 000  000  000  002  010  017  016  018  020  020  016  016  008  004  003  021 
 000  000  000  000  005  000  000  000  011  020  018  010  007  015  022  031 
 000  000  000  000  002  000  000  008  014  008  004  002  012  026  029  022 
 000  002  006  006  001  000  000  012  015  000  000  002  012  010  002  000 
 000  001  004  002  000  000  007  011  009  000  000  005  001  000  000  000 
 000  000  000  000  000  000  000  000  002  000  000  010  000  000  000  000 
 000  000  000  000  000  000  000  000  000  000  000  014  000  000  002  010 
 002  002  002  002  004  000  000  000  000  000  004  016  005  004  015  014 
 000  000  000  000  000  000  000  000  000  000  008  021  017  011  010  002 
 000  000  000  000  000  000  000  000  004  020  036  041  024  002  000  000 
 000  000  000  000  009  000  000  005  017  032  029  019  000  000  000  000 
 000  000  000  000  014  000  004  014  018  014  004  003  000  000  000  001 
 003  008  016  017  031  025  021  014  005  000  000  000  000  000  004  013 
 006  014  030  036  045  030  014  003  000  002  011  012  011  009  010  018 
 003  008  020  023  017  002  000  000  000  007  014  002  001  000  001  002 

Celda17

 021  010  004  009  012  005  005  005  000  000  003  008  000  000  040  084 
 017  006  010  015  003  000  000  001  000  000  000  000  000  000  049  072 
 018  007  012  006  000  000  000  000  000  000  000  000  000  003  043  056 
 005  002  006  000  000  000  000  000  000  000  000  000  000  000  038  064 
 000  000  002  000  000  000  000  000  004  003  000  000  000  000  046  093 
 000  000  000  000  004  003  001  006  006  005  002  000  000  000  054  102 
 000  000  000  000  006  004  007  013  000  000  002  012  018  009  052  106 
 012  012  008  010  015  008  007  012  000  000  002  015  015  002  046  111 
 012  006  000  004  006  000  005  008  000  000  004  004  000  000  044  106 
 000  000  000  002  006  003  008  007  000  005  002  000  000  006  048  090 
 000  000  000  000  008  007  008  009  002  002  000  000  000  016  037  062 
 005  003  008  008  016  014  014  014  000  000  000  000  007  016  000  032 
 015  009  004  004  009  008  009  002  000  000  000  000  012  013  000  010 
 017  002  000  000  002  008  008  000  000  000  000  000  004  002  000  004 
 005  000  000  002  000  008  008  000  000  000  000  000  000  000  000  008 
 000  000  001  006  000  008  006  000  000  000  001  000  000  000  000  012 

Celda18

 056  030  024  021  013  012  018  020  014  006  011  013  000  000  000  000 
 046  036  036  022  009  008  005  004  004  006  010  006  000  000  000  014 
 046  049  043  019  008  002  000  000  000  004  000  000  000  000  014  012 
 073  073  043  010  000  000  000  002  000  000  000  000  004  024  010  000 
 084  057  020  000  000  000  000  006  004  000  000  000  024  018  000  000 
 069  024  008  000  000  000  000  003  000  000  000  016  018  007  003  020 
 052  004  005  000  000  000  004  000  000  002  030  025  010  012  029  028 
 046  000  006  007  000  000  005  000  000  023  039  018  017  031  034  009 
 042  000  006  009  000  000  004  004  010  025  023  009  014  029  014  000 
 040  000  006  009  000  000  005  016  024  019  014  014  012  011  000  000 
 036  008  014  014  006  006  016  029  025  010  009  016  014  006  000  000 
 038  026  024  016  007  006  018  022  008  002  012  016  007  002  000  000 
 050  044  020  010  015  019  018  010  000  002  018  018  002  000  000  000 
 066  052  006  000  020  034  026  006  000  001  018  018  003  000  000  000 
 076  052  000  000  019  040  031  008  000  000  010  014  008  002  000  000 
 076  050  000  000  018  036  028  012  004  002  004  008  014  011  002  004 

Celda19

 014  027  031  028  026  026  020  007  016  033  029  020  018  018  010  009 
 027  021  014  012  016  022  024  022  006  008  029  033  024  014  012  022 
 008  003  004  010  022  032  032  030  023  000  013  044  030  008  016  035 
 003  007  006  016  030  038  036  035  038  032  008  038  030  002  014  040 
 013  018  012  020  026  026  028  034  040  042  034  021  020  005  015  040 
 025  018  018  022  012  006  010  014  016  028  040  024  000  013  025  038 
 020  012  015  004  000  000  000  000  000  010  030  036  028  021  028  031 
 004  005  004  000  000  000  000  000  000  002  014  034  056  054  029  013 
 000  003  002  000  000  000  000  003  004  000  002  020  046  058  048  023 
 000  010  000  000  000  004  013  018  015  007  005  029  039  040  058  064 
 000  007  000  000  006  012  012  013  012  012  019  038  035  028  040  061 
 000  000  005  006  012  008  002  000  003  010  030  034  022  020  016  016 
 000  000  007  014  000  000  000  002  004  008  028  016  000  014  010  000 
 000  000  004  010  000  000  010  012  010  010  025  004  000  006  006  000 
 000  006  010  009  010  018  020  015  014  020  030  011  002  000  004  000 
 010  019  015  012  019  021  007  004  012  027  027  014  008  003  010  014 

Celda20

 012  007  000  000  000  004  000  000  009  028  009  002  008  038  034  014 
 022  004  000  000  007  000  000  000  034  026  004  002  017  038  016  002 
 027  004  000  012  008  000  000  026  043  018  006  006  029  038  012  005 
 030  010  016  014  000  000  019  044  035  013  013  018  046  039  016  016 
 036  020  029  010  000  000  043  037  018  006  012  029  053  025  009  008 
 041  034  030  002  000  020  050  020  000  000  003  033  028  002  000  000 
 037  038  020  000  000  038  040  000  000  002  017  020  000  000  000  000 
 022  034  023  007  019  036  014  000  000  006  024  016  000  000  000  000 
 000  016  023  024  040  036  007  000  000  007  020  011  000  000  000  000 
 046  008  006  025  046  043  019  004  000  007  016  010  000  000  001  010 
 071  058  022  001  034  048  040  028  011  007  014  009  000  000  006  016 
 030  048  052  036  010  035  048  046  028  008  006  004  000  003  011  010 
 000  002  044  070  060  024  026  047  043  020  004  000  000  012  022  010 
 000  000  025  058  077  072  039  019  042  032  012  000  000  016  028  008 
 007  029  030  015  034  060  066  041  018  028  025  012  002  013  021  004 
 026  042  025  006  005  014  033  044  028  006  026  023  012  012  012  000 

Celda21

 002  000  020  026  025  021  006  010  012  020  033  014  012  020  023  008 
 006  008  013  022  020  013  000  000  012  037  031  012  004  024  018  000 
 008  014  008  000  008  010  002  000  013  023  002  000  006  025  010  000 
 010  006  007  006  002  000  000  006  016  000  000  000  016  024  002  000 
 006  000  004  010  002  000  000  000  002  000  000  000  019  021  000  000 
 000  000  000  010  004  000  000  000  000  000  000  010  023  011  000  000 
 000  000  000  016  010  000  000  000  000  000  013  014  020  009  001  003 
 000  000  003  026  010  000  000  000  010  023  020  004  014  006  011  012 
 002  011  024  039  007  000  000  000  013  025  011  000  014  005  000  023 
 018  020  027  027  000  000  000  008  029  017  010  003  002  009  018  019 
 016  013  011  002  000  000  000  018  033  011  008  010  004  010  024  018 
 005  006  004  000  000  000  006  033  032  006  000  004  014  025  022  007 
 000  000  000  000  000  005  021  039  028  000  000  000  014  025  014  003 
 000  000  002  000  000  012  033  028  012  001  000  004  023  016  008  004 
 000  002  006  000  000  020  025  008  000  000  002  018  024  004  000  000 
 000  004  001  000  006  009  006  000  000  000  004  018  012  000  000  000 

Celda22

 000  000  002  019  013  007  000  000  000  019  008  000  000  002  003  020 
 000  000  016  022  009  005  003  002  000  010  002  000  000  010  008  006 
 000  016  025  008  000  004  000  000  000  000  002  011  018  014  010  000 
 004  031  020  000  000  006  004  000  000  000  009  031  046  020  016  008 
 014  024  006  000  000  009  000  000  000  000  018  040  032  000  000  004 
 015  010  002  000  006  015  002  004  000  001  024  024  014  000  000  000 
 009  000  004  004  001  015  012  000  000  004  018  001  000  002  000  000 
 004  000  012  008  000  000  014  002  000  004  014  000  000  012  013  003 
 022  012  010  010  008  014  003  000  000  008  012  000  002  029  013  000 
 012  014  005  010  000  008  010  006  001  003  008  008  016  022  002  000 
 000  000  000  004  002  000  000  004  022  026  018  015  014  009  000  000 
 000  000  000  000  000  000  002  002  007  015  028  029  014  000  000  000 
 000  000  000  000  000  000  011  004  004  014  030  028  024  010  000  000 
 000  000  000  002  007  024  027  008  001  023  019  000  000  002  005  000 
 000  000  006  019  019  024  016  010  008  014  006  000  000  000  000  014 
 000  005  022  023  010  003  001  000  000  000  000  000  000  000  000  002 

Celda23

 008  000  000  018  004  000  000  000  004  018  023  031  012  006  015  000 
 012  000  007  002  000  000  000  000  004  009  017  032  010  000  017  005 
 015  000  000  002  006  012  017  018  010  000  009  030  016  001  018  005 
 008  000  000  005  016  014  015  016  012  007  013  031  015  008  024  005 
 000  000  006  016  004  000  000  000  000  000  015  018  008  014  028  003 
 000  000  012  016  001  000  000  000  000  004  014  004  002  023  035  000 
 000  000  010  000  000  000  000  000  000  012  020  000  000  028  042  000 
 002  001  000  000  000  006  000  000  000  014  026  005  004  038  057  013 
 000  000  000  000  000  004  004  000  005  018  029  010  006  035  046  000 
 000  000  000  000  007  015  020  016  022  036  038  021  018  030  036  000 
 000  000  000  000  000  010  014  010  016  027  022  012  009  016  031  000 
 000  000  000  010  015  014  007  000  006  017  007  000  003  016  034  000 
 006  007  011  027  030  016  004  000  009  015  002  000  001  020  041  003 
 006  018  018  020  018  000  000  000  014  021  001  000  002  023  040  001 
 016  012  010  016  018  004  000  000  018  021  002  000  003  022  038  000 
 018  020  010  002  010  006  000  000  022  016  000  002  006  024  042  000 

Celda24

 000  000  000  000  000  000  000  000  000  008  020  004  000  000  000  000 
 000  000  000  000  000  000  000  000  000  006  028  010  000  000  000  000 
 001  002  002  004  004  000  000  000  000  002  039  020  000  000  000  000 
 004  007  010  006  000  000  000  000  000  000  046  034  000  000  000  000 
 001  002  000  000  000  000  000  000  002  000  039  046  000  000  000  000 
 000  000  000  000  000  000  000  000  010  010  012  044  004  000  000  000 
 000  000  000  000  008  008  006  005  010  013  000  030  024  000  000  004 
 000  000  000  004  012  015  015  009  004  006  000  010  034  000  000  027 
 001  002  002  001  004  010  012  004  000  000  006  000  025  000  000  046 
 003  006  010  010  012  014  011  003  000  000  007  000  005  002  000  056 
 001  004  010  015  016  016  015  016  015  012  013  014  006  009  016  061 
 000  000  000  002  002  002  008  018  022  016  014  021  020  019  033  069 
 000  000  000  000  000  000  000  010  016  014  014  013  006  005  036  062 
 000  000  000  000  000  001  006  010  014  019  018  010  000  006  040  052 
 000  000  000  000  000  002  005  006  012  017  015  008  003  006  041  048 
 000  000  000  000  001  005  003  002  006  008  008  010  012  003  038  050 

Celda25

 000  000  011  004  000  005  000  000  000  000  000  000  000  000  000  008 
 000  004  024  002  000  000  000  000  006  001  000  000  000  000  003  000 
 000  020  028  000  000  000  000  004  016  000  000  000  000  002  010  006 
 000  030  021  000  000  004  009  016  009  000  000  000  012  017  023  026 
 008  040  004  000  004  014  008  003  000  000  000  019  027  022  024  028 
 032  039  000  000  015  007  000  001  005  008  014  035  016  008  008  010 
 058  035  000  000  013  000  000  012  023  014  021  038  012  000  000  000 
 081  020  000  000  006  000  000  028  026  003  007  013  000  000  000  000 
 072  000  000  002  002  000  013  035  010  000  003  000  000  000  000  003 
 060  000  000  003  000  000  022  022  000  000  000  000  000  000  000  003 
 050  000  000  000  002  014  027  008  000  006  000  000  000  006  011  012 
 056  012  012  006  011  034  028  000  000  010  000  000  006  017  022  022 
 048  014  023  028  036  045  020  002  004  013  000  000  013  020  016  020 
 039  008  018  026  034  029  006  002  008  010  002  004  014  010  002  008 
 036  003  006  012  015  007  002  000  006  005  002  005  007  003  000  000 
 036  005  002  004  002  001  004  007  013  014  010  012  009  006  004  003 

Celda26

 068  048  000  000  022  027  016  014  012  008  006  011  022  013  000  002 
 057  048  004  003  024  016  006  017  020  015  016  018  020  005  000  009 
 040  045  016  014  020  004  003  020  023  018  020  023  017  004  002  008 
 023  032  030  028  020  004  009  020  020  018  020  022  018  010  006  002 
 012  006  036  048  028  014  018  021  018  021  023  016  016  016  010  000 
 000  000  046  071  042  016  011  012  017  030  031  012  008  020  017  004 
 000  000  063  097  042  008  006  006  021  036  024  000  002  020  020  003 
 000  006  088  104  026  002  010  012  031  034  006  000  003  015  014  006 
 006  008  076  086  018  004  016  020  037  028  002  002  012  008  004  004 
 006  006  056  082  034  012  015  020  039  029  013  020  023  015  014  016 
 014  014  036  077  050  022  013  023  044  035  019  018  018  024  031  028 
 021  024  039  078  065  038  022  028  043  030  008  004  015  027  020  010 
 022  024  030  067  067  045  024  022  030  018  006  010  027  022  000  000 
 013  014  013  050  064  044  015  010  018  010  009  027  029  004  000  000 
 000  008  012  045  062  044  010  003  016  014  018  029  017  000  000  000 
 009  017  018  034  051  043  011  001  020  024  017  014  009  000  000  004 

Celda27

 017  014  001  005  013  003  000  000  012  020  006  002  008  014  024  025 
 013  000  000  010  012  000  000  007  019  005  000  000  010  018  014  017 
 005  000  000  013  008  000  000  018  019  000  000  009  016  010  000  012 
 000  000  008  016  000  000  012  026  013  001  013  028  019  011  008  021 
 000  005  021  013  002  006  022  019  007  010  027  028  018  021  026  037 
 008  019  024  004  000  017  019  009  005  015  024  015  008  015  020  023 
 002  022  017  002  011  024  014  003  002  010  016  008  000  000  000  000 
 010  018  010  008  022  026  013  007  000  011  015  004  000  000  000  000 
 014  024  016  009  017  016  008  006  004  008  014  000  000  005  000  000 
 015  019  023  016  010  008  006  000  000  007  006  000  002  012  002  000 
 020  016  020  018  009  004  002  000  000  001  000  000  008  015  002  000 
 003  003  014  014  008  004  001  000  004  000  000  000  014  015  000  000 
 000  003  010  007  007  008  008  007  010  005  006  005  017  010  000  000 
 000  004  008  004  008  012  012  010  007  000  000  003  013  004  000  000 
 004  016  025  030  039  032  016  009  008  000  000  000  014  003  000  009 
 022  042  046  046  041  024  018  020  024  014  011  010  020  006  000  007 

Celda28

 030  029  018  017  014  005  003  012  014  002  012  026  024  021  013  004 
 019  007  002  010  016  018  015  018  025  024  010  018  030  029  018  002 
 012  000  000  010  008  010  024  042  058  066  059  032  014  025  022  006 
 014  000  000  009  003  000  011  035  050  069  076  060  027  005  014  010 
 018  006  000  004  001  006  019  026  022  028  042  050  046  026  000  007 
 010  004  002  000  002  011  018  019  012  000  000  022  046  054  039  012 
 000  001  010  015  009  002  010  018  015  002  000  004  028  052  062  050 
 000  003  014  015  008  000  004  020  017  004  000  004  008  022  046  064 
 000  007  018  016  020  020  016  024  012  006  004  004  006  009  020  045 
 000  009  019  013  018  020  014  013  004  004  003  004  012  016  011  014 
 000  013  017  003  000  000  004  007  004  000  000  007  020  018  011  007 
 000  016  016  000  000  000  010  014  010  005  000  009  020  014  012  014 
 002  018  012  000  000  002  004  004  000  000  002  011  008  006  014  014 
 019  016  000  000  003  000  000  000  000  000  000  005  000  000  012  010 
 023  004  000  000  010  000  000  000  000  000  003  003  000  000  004  004 
 019  000  000  000  010  000  000  000  000  000  009  001  000  000  002  006 

Celda29

 002  000  000  006  009  000  002  000  000  000  014  012  000  000  000  000 
 000  000  000  012  008  000  002  005  006  013  020  006  000  000  000  000 
 000  000  013  024  019  015  012  012  011  012  007  000  000  000  000  015 
 010  010  010  014  014  008  009  002  002  002  000  000  002  008  010  027 
 019  020  014  014  015  005  002  002  000  002  006  005  013  020  021  027 
 014  023  018  016  016  010  000  005  006  005  016  013  007  010  010  007 
 022  013  016  016  018  014  008  000  007  010  018  003  000  000  000  000 
 055  024  000  012  018  020  019  006  000  000  005  000  000  000  000  000 
 061  052  024  000  017  024  023  008  000  000  002  000  000  000  000  000 
 038  058  056  034  018  022  021  004  000  000  004  000  000  000  000  000 
 011  036  060  061  030  004  018  004  000  002  010  005  009  009  008  010 
 008  003  026  048  045  011  000  010  003  009  018  013  010  012  016  015 
 008  008  000  016  039  043  022  000  010  020  026  016  006  003  004  008 
 006  016  015  000  027  060  075  058  019  012  026  020  012  010  000  002 
 010  021  020  010  010  038  067  078  063  026  005  018  019  018  011  004 
 020  026  016  010  009  004  015  040  060  064  044  014  012  019  018  010 

Celda30

 009  017  020  007  000  000  000  000  000  000  000  000  000  000  008  009 
 016  018  011  000  000  000  003  007  004  000  000  000  006  011  013  008 
 018  010  011  012  006  000  015  010  013  008  000  001  008  014  013  008 
 020  005  005  014  022  018  018  000  000  001  006  010  010  007  005  006 
 017  002  004  000  008  014  010  000  000  000  002  003  000  000  000  000 
 004  000  000  000  000  000  000  000  004  011  010  000  000  000  002  000 
 002  000  000  000  000  000  002  000  000  014  016  010  000  000  006  000 
 002  000  000  000  000  000  008  004  003  008  000  006  014  020  027  016 
 002  000  000  000  000  003  016  007  000  001  002  000  020  040  054  046 
 000  001  000  004  010  020  019  006  004  000  002  005  011  025  035  032 
 010  013  016  017  018  018  009  002  002  006  006  007  005  006  014  002 
 014  017  017  012  010  007  000  000  000  000  000  002  002  003  010  009 
 010  013  008  004  004  006  006  004  002  001  004  005  000  000  006  008 
 012  013  010  006  008  010  012  015  016  011  007  004  000  000  002  004 
 006  001  000  000  004  006  004  006  008  006  001  000  000  000  002  000 
 009  005  000  000  005  006  000  000  005  006  004  000  000  000  002  000 

Celda31

 008  012  022  024  012  000  000  008  019  009  000  000  008  029  048  000 
 010  012  008  018  026  021  010  002  010  004  000  000  007  034  056  000 
 002  012  015  007  006  019  022  013  000  000  000  000  004  032  060  000 
 008  006  007  012  008  000  010  020  016  004  000  012  016  038  066  006 
 000  000  000  010  011  002  002  000  014  018  021  032  025  049  079  023 
 000  000  000  011  008  000  010  008  000  002  015  017  008  037  064  008 
 000  000  002  014  008  000  012  010  000  000  010  004  000  035  060  000 
 006  000  004  014  010  004  012  004  000  000  008  003  002  036  060  000 
 036  021  008  006  009  009  011  000  000  000  006  001  006  038  060  000 
 040  042  032  013  002  010  010  000  000  003  009  006  004  035  063  000 
 016  033  038  032  026  019  010  004  004  006  013  009  002  029  067  000 
 000  000  009  025  038  039  032  024  015  007  009  000  000  027  070  000 
 001  000  000  001  018  028  036  034  024  013  003  000  000  042  081  011 
 000  000  000  013  015  008  013  020  024  020  012  009  016  056  082  015 
 000  000  000  014  014  012  012  000  000  010  022  027  026  048  066  004 
 000  000  011  020  008  004  008  000  000  000  014  025  022  037  058  002 

Celda32

 000  000  000  000  000  009  010  004  004  004  007  015  019  007  028  053 
 003  006  011  011  004  006  018  009  000  002  008  017  020  008  011  054 
 002  006  012  014  011  004  016  010  000  000  008  018  023  014  000  052 
 000  000  000  000  000  000  011  010  000  002  010  019  024  022  012  042 
 000  000  000  000  000  000  010  012  002  004  010  014  017  023  022  039 
 000  000  000  000  000  003  013  014  002  000  004  008  012  020  022  037 
 000  000  000  004  015  016  016  011  000  000  004  010  014  016  014  024 
 000  001  005  012  019  018  008  002  000  004  008  005  010  014  014  002 
 003  007  014  016  016  014  006  000  002  007  003  000  004  016  021  004 
 002  004  006  003  002  002  001  001  007  004  000  000  000  011  018  006 
 000  000  000  000  000  000  004  007  007  005  004  002  000  004  010  005 
 000  000  003  005  004  006  012  011  006  006  001  000  000  002  008  012 
 002  005  012  015  013  010  008  004  000  000  000  000  000  000  005  018 
 002  006  012  013  010  006  004  002  000  000  000  000  000  000  000  008 
 001  002  004  003  003  005  006  006  004  000  000  000  000  000  000  000 
 000  000  000  000  000  002  004  004  006  008  008  007  003  000  000  000 

Celda33

 040  012  002  002  000  002  006  010  019  018  012  014  016  020  025  030 
 050  022  002  001  000  006  006  010  018  011  006  006  010  019  022  032 
 056  030  000  000  002  012  011  020  017  010  008  007  008  018  019  018 
 050  032  006  000  015  020  022  025  014  010  010  014  022  034  027  015 
 043  031  019  022  029  025  026  021  013  011  010  013  025  032  019  012 
 063  062  052  044  032  019  018  013  012  016  012  008  013  012  003  006 
 056  058  050  037  020  012  005  004  006  010  011  006  010  010  009  010 
 043  056  036  012  007  010  006  000  006  000  000  002  011  015  014  007 
 028  066  044  016  008  007  006  002  004  000  000  000  008  008  006  000 
 013  070  050  025  020  002  000  008  020  014  008  003  002  003  002  000 
 002  071  063  055  032  008  007  029  029  020  016  010  002  000  000  000 
 011  080  095  070  026  018  018  031  013  008  008  008  010  012  008  000 
 027  091  100  056  013  014  016  016  000  000  001  004  009  016  018  016 
 016  063  078  045  013  010  012  008  006  007  006  005  006  006  008  015 
 000  042  077  056  022  010  010  007  009  014  014  012  007  001  000  002 
 000  036  080  068  029  006  006  002  005  006  011  015  013  007  002  000 

Celda34

 032  030  022  013  032  044  021  001  020  032  016  003  000  000  004  017 
 034  030  022  008  012  048  038  006  014  032  017  000  000  002  016  036 
 020  020  020  018  010  043  046  009  013  035  017  000  002  019  034  043 
 012  014  020  030  028  025  037  019  026  040  019  008  017  026  031  039 
 011  016  024  034  034  014  017  032  044  046  022  012  019  023  029  035 
 015  024  029  032  034  030  015  038  056  040  010  003  010  024  033  028 
 016  020  020  020  026  034  031  030  048  037  012  008  014  024  029  019 
 002  000  006  008  015  025  030  016  024  040  029  022  019  023  023  012 
 000  000  009  007  010  018  024  018  000  042  052  029  015  023  018  010 
 000  000  015  010  006  014  018  017  010  032  056  032  013  020  009  003 
 000  006  020  015  010  010  012  015  016  007  039  044  032  018  004  002 
 000  020  036  017  008  004  006  018  028  022  015  040  042  026  009  008 
 014  039  035  001  003  004  004  018  034  040  030  011  028  039  026  011 
 023  043  019  000  007  011  008  019  026  032  030  012  002  043  046  018 
 015  030  009  005  021  020  014  020  012  012  012  012  005  029  054  033 
 015  018  006  012  027  018  012  014  003  000  000  004  006  010  048  048 

Celda35

 042  050  043  034  019  010  012  022  021  014  016  018  019  007  005  001 
 045  035  020  009  002  002  008  012  002  000  004  012  010  009  016  022 
 041  024  007  002  002  004  010  006  000  000  003  008  004  007  016  022 
 037  020  004  004  006  009  011  004  004  006  014  012  006  008  015  010 
 028  010  000  000  003  007  009  005  004  007  016  013  010  012  013  007 
 016  008  001  000  000  004  007  004  006  006  013  010  008  007  006  006 
 013  013  008  003  000  004  010  003  005  006  011  004  000  000  001  000 
 013  017  006  001  002  011  014  002  001  003  006  000  000  000  004  000 
 016  016  001  002  005  014  010  000  000  001  002  000  000  000  004  000 
 018  022  006  004  007  009  003  000  000  000  000  000  000  002  000  000 
 016  021  010  002  000  000  000  000  000  000  000  005  001  000  000  000 
 014  014  010  004  000  000  000  000  000  000  002  010  002  000  000  004 
 011  010  005  000  000  000  000  000  002  008  011  003  000  000  003  021 
 011  012  000  000  000  000  000  002  008  025  025  005  000  004  024  025 
 016  015  002  002  000  004  000  002  006  020  012  000  003  024  030  013 
 028  016  000  000  000  002  000  000  003  014  008  000  008  026  014  001 

Celda36

 016  002  000  000  000  000  002  000  000  000  010  000  000  000  011  020 
 022  008  004  000  000  000  004  002  000  008  009  000  000  002  014  008 
 022  016  009  002  000  004  004  000  002  012  006  000  000  006  008  000 
 006  003  000  000  000  012  019  018  024  032  025  024  028  026  016  009 
 004  001  000  000  004  018  009  014  035  042  036  037  038  039  040  043 
 008  004  002  014  028  017  006  015  038  038  027  023  018  016  020  026 
 000  000  006  024  032  021  012  020  034  026  013  008  000  000  002  000 
 000  000  007  029  019  020  022  025  025  016  006  000  000  000  001  000 
 000  003  017  020  007  012  020  020  015  010  006  000  000  000  000  003 
 000  016  022  017  004  002  002  004  006  008  000  000  000  001  002  010 
 012  022  012  008  002  000  000  000  000  002  000  006  016  022  019  018 
 023  009  000  000  000  002  004  002  000  002  006  011  018  021  020  014 
 022  000  000  000  002  004  010  012  009  004  008  009  005  000  002  002 
 013  002  005  006  006  002  006  010  015  016  006  000  001  004  000  000 
 002  000  000  004  004  004  006  004  008  008  006  000  000  006  000  000 
 000  000  001  002  000  004  007  004  002  000  000  007  014  010  000  000 

Celda37

 019  016  011  003  004  006  000  000  019  055  074  064  035  006  010  008 
 002  010  008  000  000  000  006  008  005  012  043  063  064  046  017  000 
 000  004  004  000  000  000  008  016  021  018  004  008  036  050  046  028 
 005  000  000  000  000  000  006  012  019  025  021  008  000  014  038  042 
 046  042  034  029  031  034  030  016  011  022  022  014  010  006  019  036 
 029  028  025  026  030  038  044  042  032  036  032  020  015  018  012  026 
 000  000  004  011  010  004  004  010  012  015  017  006  006  015  013  004 
 000  000  004  010  011  006  004  006  007  003  010  002  003  011  012  007 
 002  007  007  006  008  016  031  028  022  008  004  000  004  010  005  000 
 016  009  004  000  000  015  029  018  012  001  000  002  008  017  008  006 
 015  000  000  000  000  016  012  000  000  000  006  020  028  032  019  020 
 002  000  000  000  010  010  004  000  000  000  032  048  044  037  024  020 
 000  000  000  025  018  000  000  000  000  018  050  044  028  018  012  012 
 000  000  033  037  017  010  003  000  002  038  040  021  010  004  000  000 
 000  027  045  020  010  014  017  015  026  045  026  008  004  001  000  000 
 017  045  035  005  001  003  010  021  038  037  009  000  002  000  000  000 

Celda38

 013  015  000  000  001  010  009  009  010  012  010  002  000  000  000  000 
 010  022  008  000  000  014  021  013  002  002  002  000  001  002  000  000 
 004  013  014  000  000  015  025  014  000  000  000  000  000  000  000  000 
 028  005  006  005  002  013  022  016  004  000  000  000  000  000  000  011 
 040  034  016  000  000  010  020  018  011  004  000  006  010  012  016  029 
 045  060  062  044  012  000  014  018  019  018  010  000  005  010  018  030 
 026  048  066  074  068  050  020  003  018  028  020  001  000  000  007  015 
 002  004  008  036  069  090  082  049  008  023  023  006  000  002  008  012 
 000  008  009  000  019  055  081  086  060  014  014  014  009  005  000  006 
 002  004  010  012  018  008  015  050  070  048  002  014  026  012  002  000 
 027  034  029  018  008  004  003  000  030  066  054  009  024  024  004  004 
 019  019  018  022  019  006  000  011  009  050  080  068  022  016  014  013 
 010  008  007  004  006  014  022  036  050  034  058  084  084  056  018  002 
 004  006  000  000  000  002  018  039  048  026  030  062  096  104  086  049 
 000  000  000  000  010  022  018  012  015  007  002  025  052  078  094  094 
 000  000  000  000  031  040  014  000  004  010  010  008  002  018  044  066 

Celda39

 000  009  029  028  014  007  000  000  000  009  020  010  000  025  056  007 
 000  017  032  025  015  016  010  002  000  007  018  010  002  028  052  000 
 005  021  030  021  008  010  008  000  000  008  016  006  000  030  056  000 
 018  025  031  018  004  000  000  000  000  013  018  000  000  026  060  000 
 025  023  022  010  002  000  000  000  006  022  015  000  000  025  064  000 
 021  012  006  003  000  000  000  000  004  012  008  000  007  036  069  005 
 008  004  000  000  000  000  000  000  000  006  009  001  010  037  067  008 
 008  000  000  000  000  000  000  000  002  006  011  006  000  027  060  005 
 015  008  000  000  000  000  008  012  007  009  010  000  000  032  060  001 
 019  019  002  000  000  006  019  014  006  002  006  000  000  038  065  000 
 025  024  003  001  002  009  006  000  000  000  004  000  000  043  068  001 
 024  022  000  001  006  000  000  000  000  003  008  005  007  043  064  000 
 018  024  008  000  000  000  000  000  008  023  025  018  008  034  060  000 
 008  013  016  006  000  000  002  002  008  018  014  007  008  035  059  000 
 073  042  026  006  000  000  006  007  011  021  010  000  000  035  058  004 
 078  079  072  058  040  021  005  008  013  018  010  004  007  031  053  003 

Celda40

 000  000  000  000  000  000  000  000  000  000  000  000  004  008  004  000 
 000  000  000  000  000  000  000  000  000  000  000  000  000  000  000  001 
 000  000  000  000  000  000  000  000  000  000  000  000  000  000  000  000 
 000  000  000  000  000  000  000  000  000  000  000  000  000  000  000  000 
 000  000  000  000  000  000  000  000  000  002  000  007  007  005  000  000 
 000  000  000  000  000  000  000  000  004  010  007  014  016  014  010  004 
 000  000  000  000  000  000  000  000  007  012  002  000  002  008  014  014 
 000  000  000  000  004  006  000  000  006  006  000  000  002  012  016  018 
 000  001  004  008  008  004  000  000  004  005  005  011  012  012  012  014 
 000  000  000  000  000  001  000  000  004  011  010  010  000  000  000  000 
 000  000  000  000  003  000  010  014  012  012  005  004  000  000  000  000 
 000  000  000  000  009  000  004  010  007  009  006  002  000  000  000  000 
 000  000  000  000  008  000  000  000  000  012  016  016  012  002  000  000 
 000  000  000  000  004  000  000  000  000  018  016  000  006  012  007  002 
 000  000  000  000  003  010  000  000  000  011  016  012  001  006  008  006 
 003  006  004  000  007  022  005  006  008  004  012  018  008  000  000  000 

Celda41

 000  034  084  076  032  000  000  000  005  001  004  008  010  007  002  004 
 003  030  086  078  029  000  000  000  010  006  004  002  001  000  000  006 
 000  027  084  078  024  000  000  008  013  006  008  005  000  000  000  018 
 000  022  076  078  024  000  000  016  019  007  006  005  000  000  000  031 
 000  015  066  082  035  000  005  028  026  006  002  000  000  003  018  044 
 000  004  060  090  048  002  010  029  018  000  000  000  000  012  036  043 
 002  000  063  096  048  010  017  020  004  000  000  001  003  010  034  024 
 010  002  074  101  038  014  028  013  000  000  000  000  010  016  025  004 
 009  002  079  090  023  018  040  010  000  000  000  000  000  008  007  000 
 000  000  077  081  014  024  052  011  000  000  000  000  002  003  000  000 
 000  002  064  074  018  034  059  016  004  004  004  002  000  002  000  000 
 004  008  032  066  041  048  056  015  000  001  000  002  001  000  000  000 
 007  013  000  050  069  062  042  013  000  000  000  000  000  000  000  000 
 008  012  000  026  088  076  028  010  008  000  000  000  000  000  002  000 
 006  002  000  008  094  084  022  014  016  000  000  000  000  000  002  000 
 000  000  000  001  086  082  030  024  021  002  000  000  009  020  020  010 

Celda42

 018  013  005  017  022  012  009  007  000  000  002  002  004  004  038  052 
 020  014  015  018  010  001  002  001  000  002  008  012  016  016  038  045 
 023  014  016  012  002  000  000  000  000  002  014  026  032  026  024  028 
 026  010  007  008  006  008  005  004  011  011  018  028  032  025  008  007 
 026  007  004  015  019  016  018  027  032  024  019  016  016  014  003  000 
 016  002  006  026  024  012  014  030  031  022  016  006  000  000  000  000 
 000  000  009  021  009  000  004  021  015  006  002  000  000  000  000  020 
 000  000  012  012  002  000  008  014  004  000  000  000  000  000  012  030 
 000  002  016  010  000  000  014  012  000  000  000  000  000  000  015  009 
 000  006  024  010  000  000  011  012  000  000  000  000  000  004  013  005 
 000  008  028  008  000  000  000  010  009  000  000  000  004  016  013  006 
 000  006  018  001  000  002  000  004  015  002  000  000  016  028  018  018 
 000  001  004  000  007  013  006  006  006  001  000  000  016  012  004  002 
 000  000  000  006  015  014  004  000  000  000  000  001  010  002  000  004 
 000  000  002  014  014  006  004  001  000  000  000  000  000  001  000  006 
 001  002  019  026  012  000  000  000  000  008  003  000  000  006  006  009 

Celda43

 036  008  000  000  000  000  002  005  005  004  006  016  024  015  000  000 
 031  004  000  000  000  000  000  014  012  002  009  034  035  009  000  000 
 021  010  000  002  002  001  002  016  014  006  025  045  031  004  003  001 
 015  024  014  000  000  006  020  030  018  021  038  035  016  000  000  004 
 008  032  024  000  000  012  022  016  015  033  040  020  006  004  001  000 
 000  024  030  017  014  017  011  008  021  037  030  009  002  005  002  000 
 020  000  025  034  030  015  006  016  031  031  014  002  007  011  004  000 
 034  022  016  041  036  015  010  025  030  019  006  003  007  003  000  000 
 012  020  021  043  034  018  020  034  029  014  006  004  002  000  000  000 
 000  010  019  024  024  026  026  033  022  006  000  000  000  000  000  006 
 005  011  012  002  010  032  036  026  014  002  000  000  001  004  014  014 
 015  013  008  004  000  024  034  025  015  004  000  000  010  013  006  000 
 002  002  002  004  002  005  026  028  018  008  000  003  011  010  005  000 
 008  000  000  002  002  000  024  038  023  007  004  002  004  002  004  010 
 013  000  006  009  010  008  027  043  018  000  004  006  001  000  002  014 
 008  002  003  008  010  007  012  034  015  000  006  014  002  000  002  006 

Celda44

 000  002  003  001  002  004  002  000  000  000  000  006  016  018  013  014 
 000  000  000  000  003  005  003  000  000  000  002  015  014  013  016  022 
 000  000  000  000  000  003  002  000  000  006  020  020  009  008  012  017 
 004  004  001  000  000  000  003  000  003  032  033  014  004  003  004  003 
 000  000  000  000  000  000  010  013  032  038  019  000  000  000  001  000 
 000  000  000  000  000  003  022  025  020  014  004  000  000  001  000  000 
 000  000  006  000  006  012  019  012  010  008  004  000  000  000  000  000 
 000  000  014  015  006  003  006  002  001  004  008  005  000  000  000  002 
 008  022  040  030  008  000  004  000  000  000  008  007  000  000  000  016 
 010  012  026  021  014  014  012  006  002  000  002  004  000  000  008  027 
 006  000  017  015  012  022  020  010  006  004  001  001  000  014  028  024 
 001  008  023  017  004  010  010  002  000  001  008  015  021  025  025  009 
 000  013  014  006  007  000  000  000  000  000  009  013  007  005  009  000 
 012  002  000  000  009  000  000  000  000  008  009  000  000  000  008  000 
 012  000  000  001  010  000  000  000  000  009  006  000  000  000  010  000 
 000  000  000  000  008  003  000  000  000  004  000  000  000  008  017  002 

Celda45

 031  032  013  000  000  000  000  004  018  009  000  000  004  000  000  000 
 026  009  000  000  000  000  000  002  011  004  000  004  004  000  000  000 
 012  001  000  000  000  000  000  004  012  004  000  004  000  000  000  019 
 000  000  000  000  000  000  000  016  016  000  000  000  000  000  007  026 
 000  000  000  016  023  024  026  021  006  000  000  000  002  015  028  023 
 000  000  020  020  024  026  021  008  000  000  004  009  025  029  026  018 
 000  022  034  016  011  005  000  000  002  009  009  012  020  008  005  009 
 016  035  025  006  003  000  000  000  012  006  000  007  008  000  000  012 
 031  027  006  000  000  000  000  014  004  000  000  009  003  000  000  010 
 029  022  002  000  000  000  006  016  000  000  002  005  001  000  004  016 
 016  016  000  000  000  000  016  020  005  013  016  008  002  006  014  026 
 000  005  000  000  000  010  041  043  022  017  010  006  014  022  017  006 
 000  000  004  000  000  026  040  029  004  000  000  000  015  007  000  000 
 000  000  002  002  010  020  018  010  000  000  000  006  010  000  000  000 
 001  000  000  002  018  016  010  008  000  000  000  010  000  000  000  017 
 000  000  000  002  018  009  006  014  008  007  012  000  000  000  008  016 

Celda46

 000  000  010  035  050  029  000  000  000  008  010  008  012  010  000  000 
 016  017  026  041  034  011  000  000  000  000  002  002  010  012  000  000 
 032  021  016  018  013  006  010  010  008  002  000  000  001  004  000  000 
 020  008  006  008  010  002  000  000  000  000  000  000  000  000  000  000 
 009  006  006  007  004  000  000  000  000  002  002  000  000  001  016  028 
 011  011  009  002  000  000  000  000  009  000  000  000  008  020  024  017 
 004  003  006  001  000  000  000  000  009  000  000  007  019  014  002  000 
 007  002  012  009  005  010  006  000  004  008  004  010  007  000  000  000 
 008  005  016  016  000  000  000  010  027  038  022  009  000  000  000  000 
 019  010  007  010  000  000  003  023  043  033  012  000  000  000  000  012 
 019  004  000  006  008  000  005  017  014  000  000  000  000  000  000  028 
 000  000  000  011  008  000  002  008  005  000  000  000  000  010  020  034 
 000  000  003  002  000  001  006  002  000  000  000  000  006  036  028  019 
 012  018  008  000  001  018  014  000  000  000  000  000  028  028  003  000 
 016  002  000  000  023  047  008  000  000  000  000  012  032  016  000  000 
 003  000  000  000  025  024  000  000  000  000  012  017  021  008  000  000 

Celda47

 022  046  058  065  074  077  063  037  018  010  010  012  019  041  060  008 
 000  001  016  028  050  073  083  072  042  008  008  020  016  032  051  000 
 006  016  002  000  007  016  042  066  072  058  032  013  012  032  055  000 
 022  018  000  000  004  014  010  020  052  078  084  064  028  022  058  000 
 023  001  000  000  000  012  024  018  010  039  067  084  078  054  076  019 
 000  000  000  000  002  002  020  028  018  006  016  039  060  063  073  037 
 000  000  009  016  018  014  001  017  022  020  020  004  001  019  042  027 
 003  009  017  013  012  010  001  000  017  023  020  006  000  002  023  008 
 016  021  010  000  000  000  000  006  017  013  008  001  000  018  034  000 
 036  026  004  000  000  000  006  012  005  002  006  005  000  012  038  000 
 039  012  000  000  000  000  013  011  000  001  018  010  000  000  037  000 
 027  003  000  000  000  008  019  010  003  000  021  003  000  000  042  001 
 019  001  000  000  000  008  018  000  000  000  008  000  000  014  052  005 
 015  002  000  000  000  000  007  000  000  000  000  000  001  030  058  000 
 014  003  000  000  000  000  000  000  000  000  003  006  005  036  060  000 
 008  000  000  000  000  000  000  000  009  031  031  018  002  034  062  000 

Celda48

 003  004  003  000  013  027  001  003  010  011  019  021  002  000  000  000 
 000  000  000  004  023  017  000  000  000  003  012  010  000  000  000  000 
 000  000  002  010  025  004  000  000  000  007  012  001  000  000  000  000 
 000  000  004  012  021  008  004  000  006  016  007  000  000  000  000  000 
 000  000  000  008  014  010  012  012  017  013  000  000  000  000  008  012 
 000  000  003  008  006  000  002  012  024  010  000  000  000  012  020  016 
 003  008  014  014  006  000  000  009  014  008  002  000  005  024  015  009 
 005  009  012  008  000  000  002  008  008  002  015  018  011  016  000  006 
 002  002  000  000  000  000  003  000  006  008  006  014  008  010  004  008 
 000  000  000  000  000  000  000  000  003  008  000  000  002  016  016  009 
 000  000  000  000  010  000  000  000  006  000  000  002  012  017  009  004 
 000  000  000  000  016  000  000  006  014  012  025  032  024  006  000  003 
 000  000  000  003  017  002  008  017  028  033  039  026  014  004  004  007 
 002  006  012  012  017  012  022  026  039  049  026  001  000  006  018  010 
 005  010  013  006  007  009  005  005  023  025  000  000  000  015  014  004 
 003  005  004  000  002  012  006  003  015  010  000  000  006  015  002  000 

Celda49

 000  000  002  004  068  077  046  038  025  003  002  009  021  021  017  012 
 000  004  014  011  048  072  062  051  022  003  006  015  009  000  000  000 
 000  006  018  015  030  068  070  058  018  002  002  004  000  000  000  000 
 000  007  014  010  015  066  073  060  023  000  000  000  000  000  000  000 
 010  005  001  000  004  069  078  056  024  000  000  001  004  009  011  011 
 006  000  000  000  000  078  095  054  014  000  000  008  004  004  002  000 
 003  000  002  006  008  097  115  049  001  005  010  005  001  003  003  000 
 014  018  017  020  022  098  104  028  000  009  013  002  002  005  010  011 
 020  022  016  014  013  068  090  031  000  009  014  005  005  000  001  010 
 013  014  008  004  000  050  082  046  008  005  014  008  000  000  000  000 
 006  007  004  000  000  035  082  064  023  004  002  010  000  000  000  000 
 000  000  002  002  000  024  086  080  028  002  000  003  002  000  000  000 
 000  000  000  002  000  018  093  090  032  002  000  000  002  005  002  005 
 000  000  001  005  005  020  110  105  022  000  000  008  008  019  024  014 
 000  008  017  020  017  024  110  094  004  000  000  006  015  035  036  017 
 002  012  022  027  024  011  091  094  009  008  008  002  006  031  022  006 

Celda50

 006  006  025  021  004  000  000  000  000  019  006  000  000  009  008  004 
 000  003  017  011  000  000  000  000  001  024  007  000  000  009  008  004 
 000  002  015  012  000  000  000  010  024  034  010  004  006  014  011  000 
 000  000  013  012  004  003  008  018  030  024  007  004  004  002  004  000 
 012  012  014  008  006  005  004  015  026  012  007  002  000  000  002  000 
 005  010  005  000  002  008  010  015  023  003  002  000  000  002  011  010 
 000  000  000  000  000  004  020  026  016  000  000  002  004  015  025  016 
 004  001  000  003  000  000  025  036  010  000  000  006  012  026  019  010 
 012  003  000  000  000  000  024  038  012  000  000  002  004  012  002  000 
 000  000  001  000  000  000  020  033  018  004  002  000  000  001  000  000 
 000  000  001  000  000  004  021  020  017  012  002  000  000  000  000  006 
 000  001  004  000  000  006  010  004  005  012  012  000  000  000  000  012 
 004  011  011  006  004  005  002  000  000  001  021  014  000  000  000  010 
 010  021  016  014  010  011  013  014  010  001  021  026  000  000  002  010 
 010  024  013  014  012  019  023  018  012  010  029  037  005  000  004  014 
 005  015  003  003  011  018  010  000  000  005  039  037  009  014  028  033 

Celda51

 000  002  010  001  000  001  000  016  010  000  010  015  005  004  006  000 
 000  000  017  006  000  000  006  000  000  004  012  010  007  016  016  006 
 000  000  020  006  000  000  000  000  000  002  015  012  013  028  031  021 
 000  002  019  002  000  000  004  000  000  000  014  022  022  022  016  008 
 000  006  017  000  000  001  011  001  010  009  008  026  024  008  002  004 
 012  016  025  012  016  014  024  013  014  014  008  022  022  000  000  004 
 012  013  023  018  022  021  017  002  000  005  005  010  022  000  000  000 
 006  011  018  014  005  004  000  000  000  000  000  000  016  008  000  000 
 002  012  009  003  000  000  000  000  000  000  000  000  001  006  000  000 
 002  004  000  000  000  000  004  004  000  000  000  004  003  000  000  000 
 011  000  000  000  000  000  002  001  000  002  014  012  009  004  006  002 
 019  000  000  000  000  003  000  000  000  004  013  001  000  000  003  000 
 018  002  000  000  000  000  000  000  000  000  005  000  000  000  007  006 
 008  006  002  000  000  000  002  001  000  000  002  000  000  000  016  029 
 001  009  015  005  002  000  002  003  002  001  003  000  002  008  029  035 
 016  016  019  009  010  004  002  003  008  006  000  000  000  008  019  022 

Celda52

 000  000  000  000  000  008  011  000  000  000  000  000  000  012  006  000 
 014  019  012  000  000  013  016  000  000  000  000  000  000  008  000  000 
 013  006  000  000  002  033  022  000  000  000  000  000  001  005  000  000 
 000  000  000  000  022  033  000  000  000  000  004  004  000  006  005  002 
 000  000  000  000  022  014  000  000  000  000  013  009  000  008  013  009 
 000  000  000  006  008  000  000  000  000  001  020  016  005  010  022  015 
 000  000  000  002  000  000  000  000  002  007  024  023  009  012  019  006 
 000  002  002  000  000  000  006  012  008  006  017  022  006  000  004  000 
 000  014  016  013  010  007  010  011  000  000  014  021  003  000  000  000 
 000  016  028  013  006  004  000  004  000  000  012  011  000  000  000  000 
 000  009  028  019  000  000  000  000  004  009  008  000  000  000  004  004 
 000  002  020  020  002  000  000  002  011  012  002  000  000  000  006  002 
 008  005  000  012  010  003  008  016  009  006  000  000  000  000  001  002 
 014  008  000  000  016  028  024  006  000  000  000  000  000  000  000  005 
 004  005  006  002  008  034  024  000  000  000  000  000  001  002  001  006 
 002  004  010  006  000  012  014  000  000  000  000  000  006  004  000  000 

Celda53

 000  000  002  002  003  004  013  025  020  006  000  000  000  004  006  000 
 000  000  000  000  000  001  020  030  020  004  000  000  000  008  000  000 
 000  002  000  000  000  004  016  018  010  005  000  000  007  003  000  000 
 001  000  002  013  020  022  019  003  000  006  011  009  008  000  000  000 
 015  014  016  019  025  024  017  012  010  005  008  009  007  000  000  006 
 012  004  000  008  007  010  005  000  000  000  000  001  004  008  006  000 
 000  000  000  013  013  000  000  000  000  000  000  000  000  007  012  000 
 000  000  000  013  010  000  000  000  000  002  002  000  000  000  002  000 
 000  000  004  008  002  000  000  004  006  005  000  000  000  000  000  000 
 000  000  006  007  003  005  006  007  002  000  000  000  000  000  000  000 
 000  000  006  016  017  010  002  000  000  000  000  000  000  000  000  000 
 000  000  004  019  016  000  000  000  000  000  000  002  001  000  000  000 
 000  000  003  010  003  000  000  000  000  000  000  000  000  000  000  000 
 002  000  000  000  000  000  000  000  000  000  000  000  000  000  002  012 
 001  000  000  000  000  000  000  000  000  000  000  000  000  006  016  018 
 000  000  000  000  006  009  004  002  000  000  000  000  006  013  012  006 

Celda54

 000  000  000  001  024  012  000  000  002  038  030  020  018  005  000  000 
 000  000  000  004  019  005  000  000  038  038  009  002  003  000  000  000 
 000  001  008  015  009  000  000  014  028  009  000  000  000  000  000  000 
 000  012  020  012  000  000  006  008  006  000  000  000  000  000  000  011 
 004  008  013  000  000  000  010  004  000  000  000  000  000  006  024  026 
 000  000  012  000  000  000  005  002  000  000  000  000  005  019  020  006 
 000  000  012  001  000  000  000  002  000  000  000  004  007  010  008  002 
 000  004  011  000  000  000  000  006  013  004  000  000  004  008  008  004 
 000  012  004  000  000  001  004  012  018  008  000  000  004  009  008  006 
 000  004  000  000  005  014  021  015  008  006  003  002  003  008  010  010 
 000  000  000  004  024  034  026  008  000  004  008  005  003  008  012  011 
 000  000  004  013  028  032  015  000  003  005  009  011  013  015  013  007 
 005  014  018  020  021  022  016  004  001  008  021  024  017  011  010  004 
 018  017  014  009  006  008  010  007  010  016  016  008  002  004  007  004 
 013  011  006  000  000  005  006  000  010  024  018  004  003  008  010  006 
 010  013  004  000  000  011  012  003  000  022  020  006  004  004  010  012 

Celda55

 000  000  000  000  009  017  022  028  027  025  006  000  000  027  066  000 
 000  000  000  005  041  040  018  012  003  000  000  000  000  026  070  000 
 000  008  014  038  042  015  000  000  000  000  000  000  004  037  074  004 
 020  024  024  031  013  000  000  004  015  018  017  017  016  040  075  011 
 013  006  006  007  000  000  002  015  012  014  014  009  000  024  064  000 
 000  000  000  002  000  004  010  007  000  000  008  007  000  022  068  000 
 000  001  005  002  001  006  009  001  000  000  004  000  000  023  075  005 
 005  006  002  000  000  006  002  000  000  000  000  000  000  050  092  021 
 010  008  000  000  000  004  004  000  000  000  000  000  027  068  082  016 
 013  004  000  000  000  000  001  000  000  000  003  036  048  053  060  008 
 008  000  000  000  000  000  000  000  000  010  035  044  025  028  048  002 
 000  000  000  002  000  000  000  006  020  030  027  010  002  027  051  000 
 000  000  000  000  000  001  010  028  027  010  000  000  007  032  052  000 
 003  002  000  000  000  011  033  032  004  000  000  001  017  034  048  000 
 000  000  000  000  002  030  040  015  000  000  000  016  026  027  046  000 
 000  000  000  000  021  038  026  000  000  000  008  033  015  018  046  000 

Celda56

 002  004  004  000  000  012  015  010  005  000  000  000  008  007  000  008 
 000  000  003  006  004  013  019  006  000  000  002  000  005  014  007  012 
 000  000  000  000  004  014  010  000  000  007  000  000  010  029  011  002 
 000  000  000  000  006  014  004  000  004  006  000  000  032  036  002  000 
 000  000  000  000  018  011  013  020  015  000  000  011  037  016  000  000 
 000  002  006  010  019  006  013  015  015  012  010  022  028  008  000  000 
 002  006  012  010  002  005  014  004  001  008  022  034  013  000  002  009 
 002  004  006  000  000  010  018  002  000  006  029  028  016  002  006  012 
 002  003  002  000  000  018  017  000  000  021  025  006  002  005  003  007 
 001  002  004  007  010  023  009  000  006  021  006  000  000  000  007  004 
 000  000  002  012  016  011  000  000  012  020  002  000  000  000  004  007 
 000  000  000  000  002  000  000  000  012  014  000  000  000  000  002  010 
 000  000  000  000  000  000  000  002  008  006  000  000  000  000  006  014 
 002  004  007  006  005  009  019  018  019  014  014  020  019  014  018  028 
 006  014  028  036  038  045  050  042  040  040  042  052  044  041  043  051 
 000  000  000  000  000  005  005  000  000  003  003  006  000  000  003  014 

Celda57

 012  010  009  014  018  009  069  102  034  016  012  004  011  029  000  000 
 012  004  000  000  002  006  053  108  050  002  000  000  027  030  000  000 
 000  000  000  000  000  002  044  104  053  000  000  012  029  007  000  000 
 000  004  002  000  000  000  035  092  050  000  000  030  032  000  000  006 
 004  008  003  000  000  000  028  086  050  000  000  040  034  000  002  013 
 005  004  003  005  004  000  022  086  056  000  004  043  037  004  004  004 
 000  000  007  014  016  014  018  078  060  000  015  042  028  000  000  000 
 000  000  010  014  015  020  017  063  062  021  025  030  012  000  000  004 
 000  002  009  010  011  014  010  042  060  041  028  012  000  000  000  008 
 001  001  002  007  012  008  000  024  056  059  034  000  000  000  000  011 
 008  002  000  000  007  005  000  014  051  067  048  000  000  000  008  010 
 009  002  000  000  000  000  006  018  042  063  056  002  000  000  014  006 
 000  000  000  000  000  000  018  035  034  048  055  002  000  000  018  007 
 012  016  023  028  031  038  048  062  044  049  049  000  003  018  046  044 
 036  041  050  057  061  066  070  079  068  070  081  044  048  060  076  071 
 003  000  000  000  000  000  000  007  000  004  026  000  000  009  024  020 

Celda58

 000  008  002  000  008  004  000  000  000  009  034  011  000  008  027  014 
 004  011  006  004  000  000  000  000  008  018  017  000  000  007  009  000 
 028  022  009  002  000  000  000  010  018  017  008  000  005  016  002  000 
 035  008  000  000  000  006  022  019  016  012  002  000  006  006  000  004 
 014  000  000  000  000  019  026  012  006  000  000  000  000  001  004  000 
 006  000  000  000  009  012  006  000  000  000  000  000  000  000  012  002 
 012  008  006  002  008  002  000  000  000  000  002  010  009  006  009  000 
 020  006  006  002  000  000  000  000  004  007  010  002  001  006  004  000 
 016  000  000  000  000  000  000  009  018  014  006  000  000  006  007  000 
 006  000  000  000  000  000  006  028  029  007  000  000  008  006  000  000 
 000  000  000  000  001  010  024  037  019  000  000  004  011  002  000  000 
 000  001  010  012  010  013  026  018  001  000  000  008  008  000  000  000 
 006  020  015  007  007  010  012  000  000  000  000  010  005  002  008  000 
 044  038  021  018  024  025  020  015  014  016  020  032  029  027  029  013 
 058  044  038  040  048  046  043  042  046  053  058  069  070  060  050  042 
 006  000  000  002  005  000  000  000  000  000  000  010  011  000  000  000 

Celda59

 003  005  012  016  012  008  000  002  000  000  000  000  000  000  002  016 
 000  006  011  017  002  002  000  000  000  000  000  000  000  000  000  008 
 000  006  014  017  000  000  000  000  000  000  000  001  000  000  000  000 
 007  004  016  012  000  000  000  000  000  006  000  000  000  000  000  000 
 002  002  015  002  000  000  000  009  006  002  000  000  000  000  000  000 
 000  000  010  000  000  000  010  006  000  000  000  000  000  001  004  002 
 000  000  005  000  000  000  016  000  000  000  000  000  000  001  000  004 
 000  000  000  000  000  000  003  000  000  000  000  000  000  002  009  000 
 000  000  000  000  000  000  000  000  000  000  000  000  000  004  012  000 
 000  000  000  000  000  000  000  000  000  000  000  000  000  000  006  000 
 000  004  008  002  000  000  000  000  000  000  000  000  000  000  002  000 
 004  004  000  000  000  000  000  000  000  000  000  000  000  000  008  006 
 000  000  000  000  000  000  000  000  000  000  000  000  003  004  007  019 
 008  002  002  010  021  030  036  040  042  042  042  054  068  068  055  064 
 042  048  056  065  072  078  081  082  084  086  090  101  104  106  104  109 
 000  000  000  002  003  000  000  000  000  000  001  008  000  000  000  008 

Celda60

 006  000  000  000  000  000  000  012  020  006  000  007  014  014  007  000 
 005  000  000  000  000  000  004  008  026  014  004  011  020  015  004  000 
 000  000  000  004  019  026  022  008  014  018  012  018  022  007  000  000 
 002  004  014  026  030  022  012  006  000  012  019  028  024  002  000  000 
 007  018  025  021  017  008  004  008  010  007  016  031  023  000  000  000 
 006  018  018  004  001  000  000  004  012  017  013  016  018  004  000  001 
 000  014  020  006  000  000  000  000  005  011  004  000  010  013  010  010 
 000  004  016  004  000  000  000  000  002  000  000  000  000  015  022  021 
 000  000  015  007  000  001  010  007  000  000  000  000  000  009  020  024 
 000  001  022  015  010  010  006  004  003  000  000  004  009  012  015  022 
 000  018  036  023  005  000  000  002  012  018  014  011  016  016  016  017 
 011  025  026  011  002  004  000  004  010  016  018  016  021  019  014  007 
 018  010  012  008  007  013  005  000  003  008  017  020  019  015  010  005 
 063  045  041  042  043  047  043  036  040  048  050  051  048  047  045  046 
 113  097  097  097  095  094  090  081  080  086  082  080  082  083  084  084 
 022  007  000  000  004  009  011  004  001  006  003  000  000  001  000  000 

Celda61

 000  000  000  005  010  009  000  006  005  000  000  003  012  006  000  000 
 000  000  000  008  006  006  006  001  006  003  002  005  005  000  000  000 
 000  000  000  009  004  002  009  002  000  000  000  000  004  000  000  000 
 000  000  000  012  006  001  004  002  000  000  000  000  009  004  006  010 
 000  000  004  015  010  001  000  000  000  000  000  002  016  018  017  017 
 012  016  014  019  011  000  000  000  000  000  000  015  027  022  013  008 
 013  013  009  014  008  000  000  000  000  002  015  028  022  013  008  005 
 006  000  000  006  000  000  000  000  000  014  023  017  007  006  008  008 
 012  000  000  000  000  000  000  004  016  014  004  000  000  003  008  013 
 015  006  003  000  001  004  008  019  015  000  000  000  000  000  008  018 
 014  008  002  000  004  016  020  019  008  000  000  000  000  000  009  020 
 009  006  002  003  004  009  010  011  009  008  006  002  000  006  020  024 
 000  005  008  009  008  005  002  002  004  004  002  003  008  020  027  020 
 045  045  054  055  049  042  036  037  036  038  038  043  056  063  058  049 
 086  087  094  091  085  081  078  077  076  078  083  089  098  093  084  082 
 000  000  008  010  007  000  000  002  003  000  000  004  010  004  000  003 

Celda62

 008  016  005  001  004  018  011  004  008  018  018  010  001  000  004  010 
 009  016  009  006  011  015  008  009  019  018  008  007  002  000  000  000 
 012  020  015  008  008  009  013  022  016  008  001  002  004  004  000  000 
 021  027  017  003  002  010  017  016  000  000  002  004  000  002  000  000 
 022  024  006  000  004  012  008  004  000  000  001  000  000  000  004  002 
 014  013  000  000  005  013  004  000  004  004  002  000  000  000  008  006 
 009  004  000  000  002  009  002  003  012  012  001  000  004  004  005  006 
 009  001  003  004  000  006  006  011  017  012  003  004  006  000  000  009 
 010  000  000  004  004  003  010  011  010  010  007  002  000  000  000  011 
 014  001  000  000  003  004  006  008  012  012  006  000  000  000  004  008 
 018  005  004  006  006  005  002  005  012  012  002  000  000  006  012  006 
 017  010  004  003  000  004  013  019  015  008  008  013  018  016  016  012 
 012  008  000  000  000  013  022  014  006  007  023  026  018  012  009  006 
 045  035  028  033  049  058  048  036  035  042  054  046  034  035  034  032 
 082  078  079  088  096  084  070  067  072  078  079  072  064  068  070  069 
 005  000  000  008  010  000  000  000  001  003  007  010  000  000  000  000 

Celda63

 000  000  000  013  031  027  008  000  000  000  023  021  000  013  050  000 
 000  000  012  022  018  006  000  000  000  006  020  003  000  012  057  000 
 002  003  012  022  012  000  000  000  010  018  012  000  000  014  064  000 
 009  010  003  011  006  000  000  008  024  024  004  000  000  021  074  008 
 004  000  000  001  000  000  004  022  031  016  002  000  000  023  072  004 
 001  000  000  000  000  000  020  032  018  008  002  000  000  030  072  000 
 000  000  000  000  000  000  029  030  009  001  002  000  000  032  076  000 
 000  000  000  000  004  017  030  018  002  000  002  000  000  034  082  000 
 000  000  000  004  014  024  014  002  000  000  000  000  000  043  093  009 
 000  000  000  009  016  006  000  000  000  000  000  000  007  054  086  000 
 000  000  004  017  008  000  000  000  000  000  000  000  012  056  086  000 
 010  006  015  020  000  000  000  007  008  010  012  013  010  047  086  000 
 004  002  014  008  000  000  012  021  011  010  012  013  010  035  082  000 
 031  034  047  032  030  044  066  054  040  041  048  048  048  072  108  028 
 072  076  087  074  075  096  102  080  072  073  080  084  085  106  127  062 
 000  000  008  000  000  019  019  000  000  004  006  000  000  020  045  000 

