Celda0

 000  000  000  000  000  000  000  001  000  000  002  004  001  000  000  001 
 000  000  000  000  000  000  000  003  000  000  004  009  004  000  000  002 
 000  000  000  000  000  000  000  006  003  000  006  017  012  000  000  002 
 000  000  000  000  000  000  000  005  006  000  002  018  018  003  000  000 
 001  003  007  008  003  000  000  000  005  004  000  010  016  006  000  000 
 001  002  004  004  003  000  000  000  002  012  002  000  006  006  002  004 
 001  002  001  000  000  000  000  000  012  021  004  000  000  005  002  008 
 001  002  001  000  000  000  000  007  018  018  005  001  000  009  004  010 
 000  000  000  000  000  000  004  021  014  006  000  000  000  017  010  013 
 000  000  000  000  000  006  021  034  018  008  001  002  004  024  013  006 
 000  000  000  000  009  018  032  037  022  018  010  008  013  036  022  014 
 000  000  000  000  003  012  024  023  010  013  012  008  015  041  025  020 
 000  000  000  000  006  008  009  007  000  004  010  011  015  039  017  009 
 000  000  000  000  008  014  008  003  003  004  010  014  013  035  010  000 
 000  000  002  002  016  027  019  012  013  008  009  011  010  029  011  004 
 003  006  012  014  028  038  025  016  018  014  012  012  011  027  016  009 

Celda1

 000  000  000  000  000  000  001  000  000  000  000  000  001  001  003  003 
 000  000  000  000  000  000  000  000  000  000  000  000  001  003  006  007 
 000  000  000  000  000  000  000  000  000  000  000  000  000  006  012  013 
 000  000  006  000  005  004  000  000  000  000  000  000  000  004  010  012 
 000  006  016  016  026  042  044  036  029  024  022  025  026  022  014  012 
 008  014  018  019  012  023  030  030  034  038  038  037  030  020  013  014 
 018  021  021  018  014  006  012  013  021  038  051  052  043  032  025  022 
 026  027  015  011  014  001  006  011  011  026  032  041  048  052  049  038 
 024  022  010  004  011  012  002  016  016  022  013  017  032  050  060  058 
 010  018  013  005  007  016  011  020  023  018  014  012  018  028  043  056 
 002  011  020  014  013  022  031  018  020  010  023  025  023  022  021  028 
 017  011  020  023  019  024  031  012  010  006  025  030  022  018  012  009 
 010  010  011  024  020  014  018  010  006  010  017  026  009  010  008  007 
 000  000  004  018  021  014  016  017  003  014  012  024  012  000  003  002 
 004  006  011  016  015  010  014  022  010  013  024  027  014  003  004  000 
 012  013  013  004  005  008  016  022  020  020  024  020  006  006  006  008 

Celda2

 002  002  000  000  000  000  000  000  000  000  000  000  000  000  003  003 
 006  004  001  000  000  000  000  000  000  000  000  000  000  000  006  008 
 012  009  003  000  000  000  000  000  000  000  000  000  000  000  011  021 
 014  010  002  000  000  000  000  000  000  000  003  001  000  000  014  032 
 012  006  000  000  000  000  000  000  000  000  007  002  000  000  015  039 
 018  010  006  003  000  000  000  000  000  000  005  000  000  000  018  040 
 020  014  014  013  009  006  003  000  000  000  002  000  000  000  018  039 
 025  016  012  012  010  008  004  002  000  000  002  000  003  000  012  038 
 047  032  017  010  006  002  000  000  000  000  002  002  002  005  011  038 
 062  054  036  020  008  000  000  000  000  000  000  004  000  001  013  039 
 042  050  045  033  020  007  000  000  005  000  000  002  000  000  019  037 
 012  020  028  033  032  022  014  014  016  008  000  000  004  014  036  040 
 004  003  010  020  024  026  030  036  036  026  014  008  040  050  048  041 
 000  000  004  004  006  019  036  048  052  052  046  040  075  065  037  026 
 000  002  005  002  002  014  028  045  049  062  065  063  092  063  031  018 
 010  014  019  022  022  023  025  035  028  040  054  066  095  060  047  034 

Celda3

 003  004  002  000  000  000  000  000  000  001  000  000  001  001  000  001 
 008  008  004  000  000  000  000  000  000  002  000  000  002  002  001  002 
 018  014  006  000  000  001  000  000  000  002  000  000  002  004  004  007 
 027  014  002  000  000  002  000  000  000  002  000  000  004  005  007  013 
 031  010  000  000  000  002  000  000  000  001  000  000  008  008  010  017 
 031  008  000  000  000  001  000  000  000  000  000  002  008  010  014  019 
 030  010  000  000  005  002  000  000  000  000  001  001  005  010  018  021 
 032  014  006  012  006  002  000  002  006  004  000  000  003  010  018  020 
 033  016  008  007  000  002  002  002  004  004  003  005  010  011  014  016 
 030  013  006  008  003  000  002  002  003  008  011  014  013  007  007  010 
 023  007  002  008  011  002  006  006  009  014  016  014  008  004  005  008 
 025  010  006  012  018  011  006  010  019  021  018  014  012  008  008  014 
 033  026  024  028  025  007  000  006  022  019  015  014  014  012  011  018 
 031  029  027  033  026  016  006  007  018  013  010  008  006  006  008  016 
 032  031  024  028  026  030  028  017  019  010  004  003  000  000  001  009 
 045  037  024  022  028  029  037  034  022  010  003  002  002  003  003  009 

Celda4

 001  001  001  000  001  001  000  000  000  000  001  000  002  004  003  001 
 004  003  002  000  002  002  000  000  000  000  002  001  005  008  006  002 
 010  008  002  000  003  004  000  000  000  000  002  004  010  014  008  004 
 016  011  004  002  001  002  002  000  000  000  000  006  012  012  008  006 
 018  012  008  004  000  000  005  005  000  000  000  004  009  005  005  008 
 017  010  009  006  000  000  007  006  000  000  000  000  002  000  002  007 
 016  008  007  005  000  002  004  003  002  002  003  006  004  000  000  005 
 015  008  004  004  004  003  000  001  008  010  006  002  004  003  001  004 
 012  008  005  003  004  002  000  003  016  016  006  000  000  000  000  006 
 008  010  008  001  000  002  002  008  020  017  004  000  000  000  004  012 
 007  010  008  000  000  002  011  016  016  011  002  000  000  004  016  026 
 012  008  004  000  000  001  022  022  008  001  000  000  000  013  028  027 
 014  006  002  000  002  002  026  024  001  000  000  000  001  019  030  018 
 012  008  008  010  014  016  029  018  000  000  002  008  012  022  024  010 
 006  003  006  013  016  017  015  006  000  004  011  018  022  023  013  000 
 006  003  010  015  010  008  002  000  002  010  013  014  014  009  000  000 

Celda5

 000  000  000  000  001  001  001  001  000  000  000  000  000  000  001  001 
 001  000  000  000  002  002  002  002  000  000  000  000  000  000  003  003 
 003  002  000  002  005  006  006  006  002  000  000  000  000  000  006  006 
 004  003  002  002  006  008  010  008  003  000  000  000  000  000  006  007 
 004  002  002  001  004  008  012  010  006  000  000  000  000  000  002  004 
 005  003  000  000  002  008  012  009  008  004  000  000  000  000  000  002 
 007  006  000  000  001  009  010  006  008  009  000  000  000  000  000  002 
 008  006  000  000  002  010  007  004  006  010  003  000  000  000  000  000 
 009  006  001  003  008  017  010  002  002  006  003  000  000  000  000  000 
 013  009  006  010  015  016  001  000  000  000  000  001  004  000  000  000 
 023  015  010  009  012  005  000  000  000  000  000  002  005  000  000  002 
 017  012  010  005  000  000  000  000  000  000  000  002  003  000  001  004 
 008  004  000  000  000  000  000  000  000  000  000  002  003  000  003  007 
 004  011  000  000  000  000  000  000  000  000  000  000  004  006  008  009 
 001  011  000  000  000  000  000  001  002  000  000  000  002  012  014  008 
 000  007  000  000  000  004  003  006  007  006  009  009  006  012  016  006 

Celda6

 001  000  000  000  001  003  002  000  000  001  001  000  000  000  000  003 
 002  000  000  000  003  007  004  000  000  002  002  000  002  000  000  005 
 002  000  000  000  006  014  008  000  000  003  002  003  006  004  002  006 
 004  000  000  000  004  014  012  000  000  004  005  008  011  010  005  002 
 004  004  005  001  000  010  013  001  000  008  010  010  011  012  006  000 
 004  004  007  002  000  008  014  006  006  016  021  013  004  008  004  000 
 004  004  006  002  000  008  014  010  013  022  021  006  000  003  000  000 
 004  004  004  000  000  008  013  010  010  018  022  011  003  001  000  000 
 007  010  005  002  002  010  012  005  000  008  020  018  010  002  000  000 
 008  008  002  002  008  009  007  000  000  002  018  021  012  000  000  000 
 006  006  006  008  004  000  001  000  000  005  014  014  005  000  000  001 
 004  005  008  011  008  003  000  002  002  007  008  001  000  000  000  002 
 005  002  005  009  009  006  002  000  000  004  002  000  000  000  002  004 
 005  001  003  004  003  004  002  000  002  008  002  000  000  000  004  009 
 002  002  004  000  000  000  000  000  006  014  006  000  000  005  021  032 
 000  002  008  000  000  000  000  001  009  016  007  000  002  015  034  038 

Celda7

 002  000  000  000  000  002  003  003  002  002  001  000  000  001  004  000 
 004  001  000  000  000  005  008  008  005  004  002  000  000  003  010  000 
 008  004  000  000  000  010  016  016  010  006  004  000  000  008  025  000 
 006  006  000  000  000  012  018  018  014  010  004  000  000  015  038  000 
 000  006  000  000  000  010  012  013  014  010  004  000  000  020  048  000 
 000  004  000  000  004  008  006  010  013  008  003  000  000  023  054  000 
 000  002  000  000  008  008  006  010  012  006  005  004  000  027  060  003 
 000  000  000  000  008  008  008  014  012  007  008  007  000  028  060  000 
 000  000  000  001  008  006  011  016  016  011  008  006  000  026  062  000 
 002  000  000  003  008  006  012  014  016  014  006  002  000  027  066  000 
 006  000  000  004  006  004  008  010  014  014  006  002  000  031  071  000 
 009  008  002  004  002  000  000  005  012  012  010  010  001  035  076  000 
 010  013  010  004  000  000  000  002  008  008  012  016  006  040  081  000 
 010  008  010  002  000  000  000  002  003  005  012  014  005  043  087  000 
 023  010  002  000  000  000  002  002  001  004  008  009  002  045  092  000 
 021  016  006  000  000  000  002  002  003  005  004  005  004  049  096  003 

Celda8

 002  006  013  017  023  028  013  008  014  014  017  018  018  025  013  002 
 000  001  005  009  004  014  010  002  009  009  010  017  018  012  002  000 
 001  002  002  003  000  005  015  010  010  006  002  006  006  001  001  006 
 001  002  002  001  000  000  018  016  010  008  004  000  000  000  014  016 
 000  000  000  002  002  000  017  020  012  010  002  000  004  011  027  020 
 001  002  002  002  004  004  017  021  012  008  001  000  011  024  036  028 
 002  003  002  000  000  004  016  020  011  006  003  010  018  027  032  020 
 001  001  000  000  000  000  008  018  012  006  008  018  022  019  014  000 
 000  000  000  000  000  000  005  021  020  006  004  016  014  006  002  000 
 000  000  000  000  002  004  007  022  020  000  000  015  014  006  002  000 
 000  000  000  001  007  004  002  014  018  006  002  012  012  006  006  004 
 000  000  001  002  001  000  000  006  018  016  010  015  014  007  006  007 
 001  002  002  000  000  000  000  002  022  026  020  021  021  011  003  002 
 000  000  000  000  000  000  000  001  026  034  024  022  017  004  000  000 
 001  001  000  000  000  000  000  000  025  039  032  020  008  000  000  000 
 001  001  000  000  000  000  000  000  020  040  038  022  007  000  000  000 

Celda9

 002  000  000  000  000  008  018  022  024  027  010  000  000  010  006  010 
 000  000  000  000  004  013  026  026  022  025  012  000  000  012  020  010 
 012  014  012  010  014  025  032  028  024  019  010  000  000  006  032  018 
 022  024  022  016  020  023  017  013  016  011  005  000  000  000  032  026 
 022  023  020  014  012  009  000  006  014  008  004  001  000  006  022  024 
 022  018  013  008  002  001  000  000  008  008  006  010  008  012  005  010 
 010  004  000  002  000  000  000  001  003  010  010  017  016  006  001  000 
 000  000  000  000  000  000  000  000  000  010  012  013  010  000  000  000 
 000  000  000  000  000  000  000  000  001  010  012  007  001  000  000  000 
 004  006  004  000  000  000  000  001  004  008  010  004  000  000  000  002 
 006  005  002  002  002  000  000  006  005  002  006  006  000  002  008  012 
 000  000  000  000  004  004  000  005  004  000  000  012  010  012  017  012 
 000  000  000  000  000  001  001  000  002  000  003  020  024  015  009  006 
 000  000  000  000  000  000  000  000  000  004  015  027  020  006  000  000 
 000  000  000  000  000  000  000  000  000  012  023  019  008  000  000  000 
 000  000  000  000  000  000  001  004  009  021  020  010  002  000  000  000 

Celda10

 014  020  032  043  045  038  028  024  006  012  034  062  079  052  050  046 
 013  020  026  038  045  043  034  020  002  000  016  053  048  023  022  028 
 011  014  018  016  025  030  030  022  011  006  018  038  018  006  004  010 
 006  004  010  000  001  009  011  006  009  019  023  026  007  007  012  016 
 006  002  008  000  000  000  000  000  000  000  009  021  014  012  022  026 
 002  002  008  003  000  000  000  000  000  000  008  017  009  004  016  025 
 000  001  009  006  000  000  000  000  000  000  016  025  015  010  011  010 
 000  000  007  006  000  000  000  000  000  002  011  028  028  021  009  000 
 000  009  008  000  000  000  000  000  014  013  014  029  034  026  004  000 
 011  012  006  000  000  000  000  000  024  026  022  027  026  022  004  000 
 007  006  000  000  000  000  000  000  028  029  024  020  018  013  002  000 
 002  000  000  000  000  000  000  006  030  029  026  026  018  004  000  000 
 002  000  000  000  000  000  000  007  030  033  030  029  018  002  000  006 
 000  000  000  000  000  003  018  029  042  047  042  028  010  002  005  012 
 000  000  000  000  000  000  016  035  043  049  041  022  000  000  014  012 
 000  000  000  000  000  000  018  022  027  042  038  016  001  000  013  017 

Celda11

 051  041  030  026  029  016  021  028  028  018  009  009  012  014  012  011 
 040  041  036  036  025  014  008  010  018  022  022  023  023  020  016  012 
 028  030  024  028  028  022  014  009  012  020  027  028  026  023  022  021 
 026  019  010  014  021  025  025  021  016  014  015  018  024  030  034  034 
 022  015  009  010  015  024  032  032  025  016  011  011  018  028  035  036 
 022  014  008  006  013  019  028  032  030  027  024  020  020  018  018  022 
 013  012  008  004  007  013  009  015  018  019  020  018  013  009  007  010 
 000  002  006  005  004  012  004  000  003  002  000  000  002  002  003  009 
 000  000  000  000  003  010  004  000  000  000  000  000  000  000  001  009 
 000  000  000  000  008  009  001  000  000  002  008  007  002  000  000  010 
 000  000  000  005  012  011  000  000  000  000  009  011  010  010  004  003 
 000  000  000  008  014  011  001  000  001  002  002  004  008  018  024  017 
 008  006  004  007  012  008  000  000  003  004  000  000  000  008  021  030 
 019  018  012  004  006  004  002  000  003  006  000  000  000  014  016  017 
 008  010  008  004  001  004  007  009  013  018  010  008  005  013  020  000 
 000  000  000  004  009  017  021  020  021  021  012  012  010  011  014  000 

Celda12

 009  007  014  015  006  000  000  000  004  010  012  014  010  000  000  000 
 012  010  015  012  002  000  000  002  005  003  010  014  012  004  000  000 
 018  015  016  008  000  000  000  006  002  001  004  010  012  006  000  000 
 028  020  016  010  009  009  008  011  006  007  006  002  007  006  002  000 
 033  026  020  015  014  016  018  020  015  014  015  011  001  002  002  002 
 028  030  024  016  010  013  018  019  018  016  015  016  014  010  003  002 
 018  024  026  024  020  015  012  013  012  008  006  012  018  017  009  000 
 008  012  018  025  028  023  016  015  012  008  006  009  010  006  000  000 
 006  001  002  006  012  019  018  012  008  008  008  004  000  000  000  000 
 010  000  000  000  000  010  014  008  001  000  002  000  000  000  000  000 
 010  003  000  000  002  008  010  008  006  004  003  001  000  000  000  003 
 002  006  004  010  013  011  009  008  010  014  016  018  018  016  016  018 
 022  013  019  021  018  012  008  008  012  018  021  021  018  017  019  022 
 020  015  019  014  005  001  004  010  018  020  018  012  006  003  003  004 
 004  007  005  002  002  000  006  016  020  020  017  011  002  000  000  000 
 000  004  002  000  000  004  015  019  014  010  008  004  000  000  000  008 

Celda13

 000  003  000  000  003  011  008  010  012  010  010  010  010  012  008  000 
 002  000  000  000  008  016  005  002  003  000  000  004  008  007  000  000 
 000  000  000  004  018  016  000  000  002  002  000  004  010  009  005  002 
 000  000  008  016  016  002  000  000  000  006  008  008  007  008  010  012 
 002  006  014  011  000  000  000  000  000  006  015  014  006  000  004  005 
 004  010  013  000  000  000  000  000  000  002  015  016  010  002  000  000 
 000  009  013  000  000  000  004  002  000  000  008  010  010  006  000  000 
 000  004  009  000  000  000  008  006  000  000  000  000  006  011  002  000 
 000  000  004  002  000  002  002  002  002  000  000  000  000  012  009  000 
 000  000  004  007  004  000  000  000  005  004  000  001  003  006  009  006 
 008  012  011  009  000  000  000  000  005  008  004  002  006  002  004  010 
 023  022  017  008  000  000  000  000  008  013  012  005  005  006  003  008 
 022  018  016  014  011  010  009  015  028  028  017  007  008  012  012  002 
 004  002  003  007  012  021  029  039  044  031  016  010  014  018  018  012 
 000  000  000  000  005  018  030  038  031  017  014  016  022  023  020  022 
 008  006  000  000  006  011  016  014  008  002  004  014  020  017  013  020 

Celda14

 000  005  014  006  004  004  001  001  008  010  006  000  008  021  022  015 
 000  010  018  012  000  001  002  000  004  005  002  005  014  020  016  010 
 000  010  017  012  000  000  000  000  001  002  000  006  013  012  007  005 
 010  008  012  008  000  000  000  000  000  000  000  004  008  005  002  002 
 004  000  004  002  000  000  004  002  002  000  001  002  004  002  001  000 
 000  000  000  000  000  008  014  008  004  000  000  000  000  003  006  008 
 000  000  000  000  000  014  022  008  000  000  000  000  000  008  014  007 
 000  000  000  000  000  014  020  010  000  000  000  000  003  012  016  008 
 000  000  000  000  001  011  016  008  000  000  000  000  006  014  016  012 
 000  000  000  000  004  008  011  006  000  000  000  000  009  017  020  022 
 001  002  004  003  004  004  006  004  000  000  000  004  014  026  037  029 
 004  003  012  013  008  005  003  000  000  000  000  009  026  040  035  013 
 004  000  003  006  003  000  000  000  000  000  012  028  039  039  019  005 
 000  004  000  000  000  001  001  004  012  018  033  040  042  032  007  000 
 018  004  000  000  000  008  010  012  018  029  040  039  032  017  002  000 
 026  020  006  000  000  011  018  016  020  029  032  022  007  000  000  000 

Celda15

 002  002  003  002  002  000  000  003  008  008  005  007  009  053  095  002 
 005  000  000  000  000  000  000  006  015  011  007  008  005  048  093  000 
 004  000  001  001  000  000  000  010  015  008  004  002  000  046  094  000 
 000  004  011  010  002  002  004  007  011  009  006  004  000  044  094  000 
 000  002  012  018  011  006  006  002  005  007  008  007  002  045  094  000 
 006  003  010  019  016  002  000  000  000  003  007  009  004  048  097  000 
 000  000  016  022  011  000  000  000  000  000  004  009  006  053  100  000 
 000  006  022  020  004  000  000  000  000  000  002  010  008  055  102  000 
 008  015  015  010  000  000  000  000  000  000  003  010  008  054  104  000 
 018  007  004  005  002  000  000  000  000  000  006  012  008  054  104  000 
 010  000  000  002  005  001  000  000  000  000  009  016  015  061  109  005 
 000  000  000  000  006  003  000  000  000  004  009  014  014  059  105  003 
 000  000  000  002  006  002  000  002  003  004  008  012  012  058  102  000 
 000  000  002  009  013  005  000  004  006  004  006  009  009  058  105  000 
 000  001  008  013  008  000  000  002  007  006  005  007  006  056  106  000 
 000  000  006  010  006  000  000  002  006  008  007  006  006  057  107  000 

Celda16

 000  000  000  000  000  000  000  000  012  032  036  020  006  000  000  000 
 000  000  000  000  000  000  000  006  008  021  028  014  006  002  000  000 
 000  000  000  000  000  004  007  009  005  012  018  010  005  006  000  000 
 000  000  000  000  006  013  012  007  002  007  014  008  004  006  000  000 
 000  000  000  000  006  013  014  010  006  010  017  010  000  000  000  000 
 000  000  000  001  007  011  014  014  012  010  011  004  000  000  000  000 
 000  000  000  006  018  016  014  014  011  000  000  000  000  000  002  000 
 000  000  000  004  020  010  007  006  004  000  000  000  000  000  008  008 
 000  000  000  000  012  000  000  000  000  000  000  000  000  000  011  013 
 001  002  002  000  012  000  000  000  000  003  007  004  000  000  012  014 
 001  002  004  004  010  001  004  011  016  022  026  022  015  009  012  009 
 000  000  000  002  003  002  004  011  018  021  022  026  032  032  026  020 
 000  000  000  000  000  002  014  008  000  000  002  014  033  044  046  045 
 000  000  000  000  000  005  016  005  000  000  000  016  026  034  040  040 
 000  000  000  000  000  010  014  000  000  001  012  032  027  016  020  020 
 000  000  000  000  002  009  014  006  012  022  030  032  019  011  019  016 

Celda17

 002  000  000  000  000  000  000  003  012  015  006  003  000  000  000  000 
 006  000  000  000  000  000  000  004  010  004  000  000  000  000  000  000 
 002  000  000  000  000  000  002  008  010  000  000  000  000  000  000  000 
 000  000  000  000  000  000  004  005  005  000  000  000  000  000  000  004 
 000  000  005  006  002  000  002  000  000  000  000  000  000  002  011  019 
 000  000  006  010  004  000  000  000  000  000  000  000  002  013  022  026 
 000  001  012  007  000  000  000  000  000  002  000  006  011  016  027  026 
 000  004  008  000  000  000  000  000  005  012  011  009  006  012  026  016 
 001  003  006  000  000  000  000  007  023  023  017  012  009  009  019  006 
 000  000  000  004  007  008  008  017  026  023  018  014  012  005  010  000 
 000  000  000  008  019  018  014  010  012  012  008  003  002  000  000  000 
 014  011  004  000  017  024  022  012  009  012  011  002  000  000  000  000 
 042  038  032  018  005  022  025  016  008  008  012  008  000  000  000  000 
 035  033  038  038  026  025  027  021  011  004  006  010  006  000  002  003 
 014  009  016  025  024  020  031  024  009  001  003  011  012  002  000  000 
 012  006  004  008  010  008  018  010  002  002  005  011  008  000  000  000 

Celda18

 000  000  000  000  000  000  024  012  016  039  033  005  000  000  012  016 
 000  000  000  000  000  010  024  007  020  044  025  000  000  000  014  014 
 000  000  000  000  000  018  021  001  022  052  026  002  001  000  012  014 
 002  000  000  000  000  024  022  000  024  058  029  001  002  002  008  012 
 010  002  000  000  000  032  026  002  025  058  029  001  004  004  003  008 
 011  004  000  000  000  040  035  012  032  059  029  003  008  010  004  004 
 006  000  000  000  008  055  043  018  033  053  026  000  004  010  009  000 
 000  000  000  000  023  059  041  016  025  038  022  000  000  004  008  005 
 000  000  000  000  033  054  036  013  015  029  020  001  000  000  000  005 
 000  000  000  000  041  051  034  010  006  022  021  005  000  000  000  006 
 000  000  000  007  051  050  030  008  004  016  020  008  000  000  004  011 
 000  000  000  018  056  041  023  011  008  015  019  009  000  000  014  014 
 000  000  000  036  064  036  021  015  008  011  017  007  000  007  021  014 
 000  000  008  063  075  036  022  019  008  013  018  004  000  008  023  016 
 000  000  006  064  055  018  019  027  020  022  019  004  000  012  022  012 
 000  000  000  048  036  014  022  037  030  023  015  006  002  017  022  009 

Celda19

 000  000  000  000  012  017  019  017  010  003  000  002  005  002  008  000 
 000  000  000  007  013  011  011  005  000  000  001  000  000  002  006  006 
 002  000  002  015  015  008  006  000  000  000  002  006  000  003  012  013 
 004  000  002  015  012  004  000  000  000  000  003  011  004  002  010  008 
 001  000  004  018  014  004  000  000  000  000  005  012  007  003  006  004 
 000  000  007  015  012  004  000  000  000  000  006  012  008  002  002  000 
 000  002  009  006  005  006  002  000  000  000  006  014  008  000  000  000 
 000  004  004  000  001  009  007  000  000  000  006  016  006  000  000  000 
 006  000  000  000  004  013  010  000  000  000  004  018  006  000  000  002 
 012  006  000  002  009  016  012  000  000  000  006  018  006  000  000  004 
 010  008  006  007  015  018  013  002  002  000  009  022  013  010  018  024 
 004  004  008  017  024  022  019  012  017  017  020  029  024  024  027  024 
 005  004  011  026  028  024  022  013  019  022  015  028  029  025  018  010 
 012  014  015  025  025  022  014  004  008  016  016  029  032  021  007  002 
 008  014  012  013  018  014  008  004  007  012  013  025  031  021  011  009 
 000  000  001  002  014  008  001  008  012  009  002  012  024  017  010  015 

Celda20

 002  006  006  004  000  012  019  007  001  000  000  000  000  000  010  022 
 004  005  007  010  008  011  018  000  000  000  000  000  000  007  014  013 
 007  006  007  011  012  006  012  000  000  000  000  000  000  008  008  000 
 002  003  006  008  006  000  004  001  000  000  000  000  003  006  002  000 
 000  000  002  000  000  000  000  006  000  000  000  000  007  007  002  002 
 000  000  000  000  000  000  000  009  000  000  000  003  011  004  004  008 
 000  000  000  005  000  000  004  004  000  000  000  011  005  001  008  019 
 000  000  000  009  010  000  008  002  000  000  001  014  001  000  005  018 
 003  000  000  010  020  000  000  000  000  000  010  011  000  000  006  006 
 006  000  000  008  025  002  000  000  000  000  023  011  000  002  008  002 
 020  012  010  013  030  007  000  000  000  013  030  006  002  005  010  000 
 019  018  020  019  031  005  000  000  000  029  025  006  004  003  006  000 
 008  012  017  014  014  000  000  000  004  037  021  010  010  001  000  000 
 001  006  008  006  000  000  000  000  023  041  021  010  006  000  000  009 
 008  015  012  011  002  000  000  008  030  032  005  000  000  006  029  058 
 016  019  012  008  000  000  000  003  015  012  000  000  000  036  075  092 

Celda21

 020  020  014  008  007  008  009  004  000  000  005  016  013  006  000  000 
 005  008  015  017  012  003  004  005  000  000  007  016  007  000  000  000 
 000  000  005  016  018  010  003  004  002  000  006  013  003  000  000  000 
 000  001  013  016  019  018  016  013  008  002  000  006  004  000  000  012 
 010  017  021  017  012  018  020  016  008  002  000  000  006  008  010  012 
 018  017  017  013  005  005  008  008  004  002  004  010  025  026  016  007 
 021  014  011  008  003  000  000  000  000  004  013  028  036  027  014  010 
 016  011  009  004  000  000  000  000  000  009  020  030  025  013  010  010 
 004  000  000  000  000  000  000  009  015  013  017  020  010  004  003  004 
 000  000  000  000  000  000  024  042  033  021  012  014  005  005  007  006 
 000  000  000  000  000  028  059  054  032  027  022  017  009  011  015  014 
 000  000  000  006  029  053  057  033  017  020  024  022  016  018  016  014 
 000  012  026  043  049  045  032  011  007  012  018  020  020  019  014  012 
 021  037  052  056  045  030  019  010  010  012  015  020  022  021  018  020 
 066  065  057  042  026  020  020  019  016  014  019  020  024  022  024  030 
 081  059  036  020  011  012  020  020  016  013  020  019  016  016  023  027 

Celda22

 002  009  016  021  019  013  019  022  018  016  012  001  000  000  000  000 
 000  000  010  025  028  021  027  026  014  010  009  001  000  000  000  000 
 000  003  008  012  016  016  022  023  009  002  006  004  000  003  006  001 
 016  014  008  005  009  014  016  017  011  010  006  000  006  006  008  012 
 012  008  003  002  006  013  016  013  010  008  009  008  011  010  005  010 
 006  006  003  000  002  008  009  006  002  006  006  012  019  019  013  015 
 010  013  012  006  003  006  000  000  000  014  011  012  021  025  021  020 
 011  014  014  012  006  004  000  004  012  025  013  006  014  019  010  008 
 004  004  007  008  008  011  013  016  023  026  010  004  008  012  002  000 
 002  002  005  008  012  017  018  015  013  012  004  006  007  004  004  004 
 010  007  007  010  016  021  018  013  008  004  000  004  006  003  004  014 
 014  011  008  009  018  018  013  012  012  009  006  005  005  006  009  021 
 013  012  012  014  020  013  008  007  008  008  009  008  010  012  015  023 
 021  018  016  016  022  015  011  006  003  006  010  012  015  015  015  017 
 032  026  018  016  021  016  012  008  006  014  016  016  017  016  012  013 
 028  028  025  018  014  010  010  010  011  021  019  017  018  015  012  018 

Celda23

 000  000  000  004  005  001  000  002  004  010  010  006  005  059  110  000 
 000  000  000  000  006  003  000  001  004  011  014  007  003  060  113  000 
 000  000  000  000  007  002  000  002  002  009  016  010  004  060  114  000 
 012  011  010  010  007  000  000  001  002  006  012  011  008  064  116  000 
 020  030  035  032  020  006  000  000  000  003  007  008  012  071  119  000 
 021  027  029  032  030  024  016  012  008  002  002  004  013  074  122  000 
 018  014  009  009  018  026  028  028  030  028  022  014  020  079  123  000 
 007  004  002  000  000  006  013  018  023  028  029  030  045  101  138  019 
 000  000  000  000  001  000  000  003  007  006  010  018  044  094  128  020 
 002  000  001  006  008  004  002  007  004  000  000  008  024  068  107  007 
 012  012  018  028  024  020  017  015  010  009  011  017  020  064  108  005 
 015  012  022  026  018  018  018  016  012  012  017  021  019  067  114  004 
 013  006  012  008  000  005  008  007  006  007  013  014  011  064  111  000 
 012  010  010  003  000  004  006  007  008  011  018  017  012  061  106  000 
 017  016  010  007  007  007  009  012  012  016  021  017  012  057  102  001 
 026  018  012  008  006  003  004  010  013  013  011  007  007  055  103  008 

Celda24

 002  004  006  010  014  019  029  026  022  018  012  008  002  006  010  002 
 003  006  009  011  017  024  035  025  009  000  000  000  000  005  004  000 
 000  001  003  004  014  017  023  013  004  002  002  002  000  001  000  000 
 000  000  000  000  010  008  012  007  000  004  006  005  005  002  000  000 
 000  000  000  000  009  005  009  008  000  000  000  001  000  000  000  000 
 000  000  000  000  006  000  004  010  006  000  000  004  002  000  000  000 
 000  000  000  000  003  000  000  011  011  002  000  004  002  000  000  006 
 000  000  001  000  000  000  000  010  012  004  000  002  002  000  000  012 
 003  006  010  010  005  001  000  006  008  001  000  003  005  000  000  016 
 002  006  012  014  010  008  006  002  002  000  000  007  013  006  003  016 
 000  000  004  009  011  010  010  006  000  000  000  009  022  014  002  010 
 000  000  000  000  000  002  005  004  000  000  000  007  022  019  005  004 
 000  000  000  000  000  000  000  000  000  000  008  016  014  020  010  000 
 000  000  000  000  000  000  000  000  003  006  030  021  012  012  014  001 
 001  000  000  000  000  000  002  007  019  020  030  012  010  006  010  007 
 001  002  002  000  000  000  009  014  022  026  018  007  011  016  006  006 

Celda25

 004  010  010  010  014  014  017  011  003  004  007  008  002  000  000  000 
 000  001  007  010  017  020  017  016  009  008  009  006  000  000  000  000 
 000  000  000  008  012  014  013  013  011  010  010  010  008  007  002  000 
 000  000  003  010  012  012  013  017  018  014  011  014  014  016  008  000 
 003  013  016  011  012  016  022  031  027  022  016  017  015  010  000  000 
 012  019  011  006  008  015  031  036  030  026  022  015  006  000  000  000 
 015  008  000  000  000  014  026  021  012  012  012  010  002  000  000  000 
 019  007  002  001  007  021  020  003  000  000  000  000  000  000  000  000 
 025  013  009  013  018  018  008  000  000  000  000  000  000  000  000  000 
 023  010  004  008  003  000  004  000  000  000  000  000  000  000  000  002 
 020  014  004  000  000  000  006  004  000  000  000  000  000  000  000  006 
 014  018  010  000  000  000  008  004  000  000  000  000  000  000  000  018 
 006  018  012  000  000  002  008  003  000  000  002  000  000  000  002  042 
 004  012  008  000  000  003  005  004  000  000  000  000  000  000  011  065 
 008  010  002  000  005  005  002  004  000  000  000  000  000  000  034  080 
 012  008  003  008  014  011  010  012  006  000  000  000  000  004  054  090 

Celda26

 000  000  000  040  039  030  044  045  026  012  009  006  006  024  023  003 
 000  005  006  032  047  056  062  039  007  000  000  004  009  026  020  004 
 000  014  022  040  057  060  047  012  000  000  000  000  006  016  008  000 
 000  005  020  041  055  044  034  007  000  000  004  000  000  006  003  000 
 000  000  012  039  046  028  018  005  000  004  008  002  000  002  000  000 
 000  006  021  031  032  020  010  002  000  004  006  004  004  002  000  000 
 000  014  032  035  028  022  018  014  009  002  000  006  008  001  000  002 
 000  018  037  040  034  025  014  008  006  004  002  006  008  000  000  010 
 004  036  053  051  037  020  008  000  002  007  008  011  016  010  008  009 
 026  055  059  049  032  017  008  003  006  007  006  006  014  008  008  009 
 044  059  051  040  033  027  019  010  005  000  000  000  010  006  003  007 
 052  050  035  033  038  030  015  008  000  000  000  005  009  009  005  002 
 061  043  027  031  033  015  002  001  000  000  006  016  014  010  004  000 
 068  042  032  036  028  004  000  000  002  002  008  014  005  004  006  008 
 071  045  035  033  022  008  000  000  004  011  006  011  006  001  006  007 
 079  051  034  019  009  006  002  000  002  010  010  000  004  004  010  008 

Celda27

 000  000  000  000  010  012  007  008  006  002  000  009  024  019  006  004 
 000  000  000  000  007  016  015  004  000  000  000  010  024  018  008  002 
 000  000  000  000  006  016  016  000  000  000  000  014  025  021  011  002 
 000  000  000  000  005  015  012  000  000  000  000  014  028  023  012  006 
 000  000  000  001  008  017  010  002  008  012  008  008  026  028  015  000 
 002  006  010  012  013  019  018  016  023  022  012  000  023  029  015  000 
 015  028  032  030  024  022  026  024  021  017  008  000  023  028  008  000 
 019  033  039  034  034  027  030  024  013  011  007  006  031  025  000  000 
 022  031  033  023  026  028  027  022  012  011  012  014  036  012  000  000 
 024  034  028  012  009  014  016  016  012  013  016  017  022  000  000  000 
 021  031  024  008  002  007  010  010  010  012  016  012  000  000  000  005 
 010  025  022  010  010  013  010  008  005  003  003  000  000  000  000  042 
 006  016  018  016  020  014  005  001  000  000  000  000  000  004  025  071 
 009  008  012  021  023  014  004  000  000  000  000  000  005  038  065  074 
 004  003  008  020  022  009  000  000  000  000  000  000  040  067  064  049 
 002  000  002  015  018  004  000  000  000  000  000  030  072  072  048  031 

Celda28

 008  007  002  000  000  000  000  002  002  000  000  006  045  072  079  067 
 000  000  000  000  000  000  006  002  000  000  012  048  070  066  046  021 
 000  000  000  000  000  000  012  004  007  028  062  070  057  040  022  002 
 003  000  000  000  000  000  026  040  050  072  080  055  028  020  015  002 
 000  000  000  000  000  019  072  093  079  062  049  024  011  016  021  012 
 000  000  000  000  010  057  101  092  041  019  015  013  015  022  032  022 
 000  000  000  002  042  075  083  045  004  003  016  023  018  018  027  023 
 000  000  014  054  071  071  056  024  010  018  030  028  016  012  018  025 
 000  013  071  093  079  059  045  032  025  028  026  021  012  014  023  036 
 019  084  108  092  059  038  033  027  020  019  018  015  014  021  035  045 
 078  113  093  055  027  020  021  016  012  012  015  021  028  028  030  035 
 097  094  052  018  011  017  017  012  008  006  013  034  038  024  008  014 
 090  069  026  006  005  013  012  006  000  000  016  038  025  010  000  010 
 069  045  009  000  000  010  010  006  001  002  018  029  004  000  000  004 
 039  027  008  000  000  014  015  010  010  013  017  022  002  000  000  002 
 025  027  019  014  024  042  048  045  046  040  030  024  006  011  023  030 

Celda29

 039  018  006  002  003  012  018  011  009  008  019  017  012  014  019  012 
 000  000  000  000  002  015  015  006  004  003  016  017  014  018  017  008 
 000  000  001  007  012  018  012  005  005  004  014  014  010  013  014  012 
 004  004  009  017  023  020  011  007  008  008  015  016  013  013  012  016 
 012  014  017  024  023  020  018  016  016  017  023  025  021  019  020  024 
 016  021  023  022  018  019  024  028  032  034  034  031  025  024  028  031 
 015  018  016  016  019  023  028  031  038  042  039  032  025  025  027  022 
 018  014  010  012  020  027  036  039  036  036  034  030  024  022  022  015 
 025  015  012  010  020  032  043  039  026  021  018  018  018  016  018  017 
 032  022  020  014  023  036  039  024  010  006  005  008  012  014  014  012 
 030  023  026  022  018  027  024  007  000  000  001  006  010  012  011  006 
 018  010  016  018  012  016  022  010  000  003  004  006  006  006  005  006 
 022  007  000  000  008  011  016  012  000  000  002  000  000  000  000  002 
 020  008  002  001  000  008  009  008  001  000  000  000  000  000  008  008 
 014  008  006  008  011  014  008  004  002  003  003  000  000  000  010  007 
 040  038  028  026  034  029  018  017  018  016  012  012  012  011  013  005 

Celda30

 008  016  024  024  017  012  012  015  015  018  013  012  016  015  014  026 
 003  006  016  028  030  023  017  018  018  017  012  012  016  016  021  031 
 010  010  013  018  024  028  027  024  020  014  010  012  018  020  023  025 
 019  018  014  008  010  021  034  037  030  020  012  009  014  016  016  014 
 032  032  026  017  012  019  022  032  040  040  034  023  016  013  009  007 
 030  032  031  030  026  019  015  014  026  036  040  038  032  018  008  009 
 010  010  018  028  032  025  013  005  002  006  014  025  030  030  026  027 
 008  009  014  021  026  026  018  006  000  000  000  002  010  022  034  040 
 016  017  015  014  012  015  016  014  010  008  004  000  000  007  019  022 
 008  008  006  002  000  000  006  016  022  021  016  010  002  004  013  007 
 000  000  000  000  000  000  000  006  017  024  023  018  012  006  010  006 
 003  000  000  000  000  000  000  007  005  006  009  012  018  026  035  022 
 006  001  000  000  000  000  000  008  004  000  000  000  000  024  029  023 
 000  000  003  003  000  000  005  014  000  000  000  000  010  019  008  000 
 000  000  006  012  008  001  008  010  000  000  002  005  018  014  002  000 
 002  007  016  018  019  017  008  002  000  000  012  022  025  014  004  004 

Celda31

 030  019  014  010  006  003  006  010  011  009  004  005  011  061  107  014 
 027  016  016  014  013  010  010  014  010  013  017  020  021  065  104  011 
 017  011  015  019  019  016  012  017  017  025  037  034  024  058  093  001 
 009  010  015  018  016  016  014  018  025  033  034  024  018  041  084  000 
 008  013  013  012  012  012  012  015  026  026  014  002  002  026  080  000 
 015  018  013  012  012  011  008  011  024  020  003  000  000  028  082  004 
 030  021  011  009  009  008  008  013  022  013  000  000  000  034  086  006 
 035  016  006  000  000  004  010  013  013  004  000  000  000  036  082  000 
 018  012  006  002  002  004  006  006  006  000  000  000  003  038  081  000 
 000  000  007  010  008  002  000  002  009  010  012  014  015  045  087  008 
 000  000  006  010  005  000  000  008  017  014  020  018  014  039  083  008 
 012  006  002  000  000  000  000  016  018  004  000  000  000  032  078  002 
 017  007  000  000  000  000  002  011  008  000  000  000  000  042  085  000 
 000  000  003  000  000  000  000  002  000  000  000  000  000  050  090  000 
 000  001  011  014  009  004  000  000  000  000  002  014  018  058  093  002 
 005  005  006  008  008  004  001  003  006  011  023  028  022  058  096  010 

Celda32

 001  003  004  000  000  007  017  014  010  016  016  008  014  017  015  000 
 000  000  000  000  000  024  023  008  003  004  010  008  010  012  016  017 
 000  000  000  000  009  034  024  011  006  002  002  009  009  014  012  029 
 000  001  005  008  007  026  016  004  008  004  002  007  012  013  019  022 
 002  004  008  007  000  019  021  004  000  004  004  006  005  006  017  020 
 001  002  004  002  000  013  022  008  002  000  000  003  003  004  015  023 
 000  000  000  000  002  011  020  007  002  002  000  003  009  018  025  031 
 000  000  000  000  000  004  016  008  001  002  004  005  017  027  025  023 
 000  000  000  000  000  000  015  012  006  011  015  014  020  023  014  008 
 000  000  000  000  003  003  017  021  014  019  022  018  021  024  016  007 
 000  000  000  000  006  007  015  024  019  022  023  018  021  026  018  004 
 000  000  000  002  012  013  017  032  027  024  022  015  015  018  008  000 
 001  002  002  003  019  014  018  036  029  019  015  009  007  006  000  000 
 002  004  004  002  020  008  010  027  020  008  008  007  004  000  000  000 
 002  004  004  000  021  003  003  016  014  006  009  011  007  006  001  000 
 001  001  001  001  022  006  002  010  014  006  008  014  008  000  000  000 

Celda33

 012  016  010  016  019  016  015  017  012  005  000  000  000  028  074  101 
 008  019  018  015  015  020  021  016  008  001  000  000  000  046  087  098 
 030  026  022  010  011  020  020  010  000  000  000  012  025  067  087  076 
 033  028  029  017  014  026  015  000  000  000  002  032  051  072  074  054 
 020  028  036  033  032  039  016  000  000  000  010  042  051  052  054  035 
 020  024  028  025  024  027  008  000  000  000  012  045  029  026  038  032 
 028  016  013  008  002  000  000  000  000  000  026  046  019  018  033  031 
 017  004  002  005  000  000  000  000  000  000  048  055  025  024  033  030 
 005  002  004  002  003  000  000  000  000  008  055  057  032  029  028  022 
 000  000  004  009  000  000  001  004  007  017  056  061  036  023  015  006 
 000  000  000  008  000  000  007  021  024  030  069  066  027  004  000  001 
 000  000  000  000  000  000  000  012  022  033  063  046  014  004  000  008 
 000  000  000  000  000  000  000  000  012  026  043  026  011  012  017  014 
 000  000  000  000  000  000  012  016  016  024  034  025  017  023  015  002 
 000  000  000  000  000  000  025  039  030  021  030  029  022  018  004  000 
 000  000  000  000  000  000  036  050  029  012  023  028  020  011  000  000 

Celda34

 085  041  024  010  004  005  006  004  009  009  008  001  000  003  012  012 
 066  014  006  003  004  007  010  012  020  014  008  001  000  006  012  012 
 042  000  000  000  003  006  009  012  022  014  009  002  000  009  017  027 
 033  001  000  004  007  005  004  004  008  000  000  000  006  024  037  046 
 024  012  000  010  010  004  000  000  004  000  000  008  033  051  051  042 
 025  021  005  004  001  000  000  000  002  009  020  031  050  046  033  023 
 030  030  012  006  000  002  008  015  031  047  042  040  027  015  010  015 
 033  031  014  008  006  007  010  012  027  039  020  018  006  002  010  016 
 021  010  000  000  005  010  009  000  011  026  005  000  002  004  013  021 
 006  001  000  000  006  014  011  004  004  028  012  004  012  015  022  028 
 001  000  002  005  009  008  007  014  014  038  027  016  020  018  022  023 
 014  014  013  010  004  004  002  012  016  035  034  022  025  022  019  017 
 013  010  009  006  005  009  006  008  006  023  034  028  024  024  020  021 
 001  002  002  002  003  009  004  002  000  016  032  022  002  006  014  023 
 002  000  000  000  000  002  000  000  000  010  029  026  001  000  008  015 
 007  004  000  000  000  000  000  000  000  005  023  026  008  000  007  011 

Celda35

 004  000  001  014  014  000  000  000  000  003  022  069  088  068  042  030 
 011  017  027  047  049  034  026  012  002  007  043  080  076  052  037  026 
 041  054  057  059  049  032  030  018  010  015  055  068  050  029  024  022 
 050  048  035  023  012  000  000  000  008  038  065  062  038  015  013  021 
 023  015  013  004  000  000  000  000  005  054  066  056  034  012  009  020 
 006  004  012  004  000  000  000  000  030  063  057  042  031  020  016  014 
 014  019  021  004  000  000  000  006  052  067  049  034  034  026  026  016 
 020  022  014  004  000  000  000  025  060  061  039  028  031  022  017  014 
 028  017  007  000  000  000  007  032  053  045  025  019  022  009  000  000 
 031  008  002  000  000  000  012  034  046  037  019  017  020  007  000  000 
 021  002  000  000  000  000  019  038  045  036  018  016  020  006  000  000 
 013  000  000  000  000  002  036  054  053  037  017  016  018  004  000  000 
 013  004  000  000  000  008  056  064  048  027  013  015  014  002  000  000 
 018  008  000  000  006  022  064  062  034  009  006  014  012  001  000  005 
 006  000  000  000  002  025  056  050  025  002  002  014  014  005  000  004 
 000  000  000  000  000  021  042  038  020  004  006  012  014  010  000  000 

Celda36

 028  028  030  028  033  044  048  044  041  034  028  023  020  024  032  032 
 025  014  014  018  016  017  022  019  015  010  008  010  011  012  012  010 
 021  016  008  020  012  006  017  024  014  000  000  002  000  000  000  000 
 016  022  016  022  014  011  021  026  014  000  000  006  006  000  001  000 
 010  011  008  005  013  015  017  014  012  000  002  006  014  007  010  009 
 010  000  000  000  013  028  018  006  011  000  008  018  022  007  002  002 
 002  000  000  000  012  034  021  000  008  008  000  006  007  000  000  000 
 008  010  014  012  011  030  024  000  000  012  004  000  002  000  000  004 
 000  008  018  017  007  023  029  008  006  008  005  000  000  010  012  008 
 000  005  010  012  007  017  032  018  004  000  002  000  000  016  022  002 
 000  009  000  008  010  019  034  015  000  000  008  007  012  005  019  005 
 004  004  001  006  014  018  023  006  000  000  021  022  012  006  007  006 
 006  008  002  003  009  006  006  000  000  000  029  026  000  004  001  004 
 012  007  004  002  006  002  000  000  000  004  032  032  005  006  008  000 
 008  000  000  000  000  000  000  000  000  010  034  031  012  000  002  000 
 004  000  000  000  000  000  000  000  000  021  035  024  012  001  000  000 

Celda37

 043  044  029  020  035  027  016  012  007  002  000  000  009  022  026  020 
 023  028  018  016  022  011  002  000  000  000  000  000  000  015  014  006 
 012  020  003  010  006  006  000  000  000  000  000  000  008  014  000  000 
 003  018  012  000  000  001  002  000  002  003  006  006  005  010  000  000 
 000  011  020  003  000  000  005  000  000  000  000  000  000  003  000  000 
 002  012  029  011  002  000  001  000  000  000  000  000  000  002  000  000 
 000  010  024  004  000  000  000  002  000  000  000  000  000  002  001  002 
 004  006  020  002  000  000  002  008  002  000  000  000  000  000  000  000 
 008  000  012  000  000  000  009  011  006  006  003  000  000  000  000  000 
 000  000  006  001  000  005  008  000  000  000  000  000  000  000  000  010 
 000  000  002  004  000  007  010  000  000  000  000  000  000  000  000  024 
 000  000  002  007  001  004  004  000  000  000  000  000  000  000  010  028 
 000  000  003  003  000  000  000  000  000  000  000  000  014  029  047  052 
 000  000  000  000  000  000  000  000  000  000  000  012  033  053  067  065 
 000  000  000  000  000  000  000  004  000  000  010  037  055  064  064  051 
 000  000  000  000  000  000  000  013  013  014  028  048  059  056  043  026 

Celda38

 017  014  011  005  007  010  006  000  000  000  006  014  017  016  016  016 
 000  000  000  000  000  000  000  000  000  002  022  020  019  023  018  011 
 000  000  000  000  000  000  000  000  000  004  035  031  014  011  000  000 
 000  001  000  000  000  000  000  000  005  021  039  018  004  009  000  000 
 006  006  002  000  000  000  000  000  002  006  018  010  000  007  000  000 
 003  000  000  000  000  000  000  001  000  000  012  011  003  005  000  000 
 002  000  000  000  000  000  000  002  003  014  032  031  018  008  002  002 
 002  000  000  000  000  003  007  005  011  031  041  029  014  010  008  010 
 011  001  000  002  002  010  011  015  027  038  033  014  006  005  009  012 
 024  010  000  000  000  013  018  026  025  019  013  001  001  002  005  002 
 030  011  000  000  007  026  034  024  000  001  012  007  000  006  004  000 
 024  012  009  024  042  051  047  022  006  000  014  015  011  016  014  004 
 047  048  056  060  057  051  044  029  027  027  038  033  023  018  012  006 
 058  058  058  050  037  029  028  024  028  026  026  018  009  002  000  000 
 039  037  035  027  016  013  016  014  016  012  003  001  000  000  000  000 
 022  024  027  020  007  004  010  006  002  000  000  000  000  000  000  000 

Celda39

 009  000  000  000  000  000  000  006  012  015  021  014  006  044  090  009 
 000  000  000  000  000  000  002  007  008  010  008  000  000  042  085  002 
 000  000  000  000  002  006  010  009  006  006  002  000  000  045  084  000 
 000  000  000  008  013  014  014  010  005  002  001  000  000  042  080  000 
 000  000  001  000  006  011  014  010  004  001  001  000  000  038  080  000 
 002  002  000  000  000  008  009  006  004  002  000  000  000  037  082  000 
 004  003  000  000  006  012  000  000  000  000  000  000  000  037  081  000 
 011  010  008  004  006  010  000  000  000  000  000  000  000  036  080  000 
 011  012  016  014  002  000  000  000  000  000  000  000  000  032  082  000 
 000  000  008  013  006  000  000  000  000  000  000  000  000  031  084  000 
 000  000  000  004  008  004  000  000  002  001  000  000  000  033  086  002 
 000  000  004  000  002  003  000  000  003  000  000  000  000  034  085  000 
 002  000  002  000  000  000  000  000  002  000  000  000  000  039  089  000 
 000  000  000  000  002  005  004  000  000  000  000  000  000  043  094  000 
 000  000  002  002  001  002  000  000  000  000  000  000  000  044  097  000 
 000  000  006  003  000  000  000  000  000  000  000  000  000  043  098  000 

Celda40

 000  000  000  000  019  007  000  006  013  010  007  009  006  000  000  000 
 000  000  000  000  013  010  002  002  010  011  004  002  004  001  000  002 
 001  002  004  000  004  010  008  000  006  012  006  000  002  004  006  008 
 002  004  004  000  000  006  007  000  008  018  013  007  002  000  006  012 
 000  000  000  000  000  002  005  004  011  022  017  000  000  000  005  010 
 000  000  000  000  000  003  008  010  009  013  008  000  000  000  004  006 
 000  000  000  000  002  017  025  019  010  003  000  000  000  000  000  002 
 000  002  008  018  024  032  029  019  016  021  024  026  024  022  024  027 
 001  004  011  020  026  024  023  018  019  024  018  014  007  007  025  025 
 001  002  006  008  009  008  013  008  005  007  000  000  000  000  019  004 
 001  002  004  004  004  007  010  002  000  006  000  000  002  000  019  004 
 003  006  013  017  020  021  018  015  015  017  011  015  022  022  020  000 
 005  012  024  031  032  026  022  024  029  026  017  014  017  020  019  010 
 005  012  025  032  030  024  018  022  020  016  010  008  004  004  009  010 
 003  008  016  022  022  020  016  015  008  006  008  010  002  000  012  012 
 000  001  004  010  013  014  011  007  004  006  012  013  000  000  024  010 

Celda41

 000  000  004  004  002  003  040  046  024  007  014  020  010  000  000  000 
 008  008  000  000  000  006  039  042  026  006  004  014  006  000  000  000 
 000  000  000  000  000  018  037  036  028  006  001  011  002  000  000  003 
 000  000  000  000  004  029  026  024  026  010  003  010  000  000  000  004 
 000  000  000  000  018  024  011  016  024  014  004  008  002  000  000  002 
 000  000  000  002  026  019  007  012  020  014  002  006  011  000  000  000 
 000  000  000  015  030  020  010  013  013  012  001  005  018  006  000  000 
 020  006  000  024  037  032  029  019  006  006  002  006  020  008  000  000 
 018  008  011  044  051  047  041  022  014  006  003  007  018  009  000  000 
 000  005  017  053  049  046  041  020  020  018  021  025  028  018  010  008 
 000  009  031  043  031  035  032  010  012  018  028  031  031  026  020  018 
 000  013  040  036  024  028  023  004  004  011  020  020  023  024  020  020 
 002  015  047  038  027  027  021  008  008  016  017  013  014  015  012  017 
 006  025  044  027  020  022  022  012  011  015  013  011  010  010  007  010 
 015  030  035  017  014  017  013  006  008  008  004  008  010  012  008  000 
 018  032  038  026  022  012  006  000  010  009  004  008  006  005  001  000 

Celda42

 010  006  000  002  003  002  001  002  004  007  022  022  012  000  000  000 
 010  007  000  000  000  002  007  010  008  009  021  016  009  000  000  000 
 010  008  000  000  000  000  007  010  012  007  012  012  008  000  000  000 
 010  011  002  000  000  003  010  012  014  012  008  012  011  006  011  008 
 010  014  005  000  000  006  010  016  013  018  014  018  019  012  012  010 
 008  010  004  000  004  006  006  014  008  010  015  018  016  002  000  000 
 006  002  000  000  010  010  006  014  017  003  006  006  000  000  000  000 
 005  000  000  000  012  014  010  014  023  015  007  007  002  000  000  000 
 002  000  000  002  012  015  019  028  038  033  017  016  014  008  000  000 
 004  004  012  019  024  029  035  042  044  033  016  014  014  006  000  000 
 018  022  029  031  032  037  043  043  034  023  013  012  012  006  000  000 
 024  030  031  030  030  035  039  033  021  016  014  010  011  008  003  002 
 022  023  017  018  023  024  023  021  015  014  012  002  000  000  000  004 
 010  007  004  010  024  018  010  015  014  010  006  000  000  000  000  002 
 000  002  000  016  031  016  006  011  012  004  002  000  000  000  000  007 
 000  008  008  022  029  009  004  008  011  004  000  000  000  000  000  006 

Celda43

 000  000  000  000  002  028  037  024  011  008  014  012  008  010  004  000 
 000  000  000  000  020  041  034  012  003  010  020  014  004  005  004  000 
 000  000  000  006  036  041  020  000  000  011  022  017  004  000  002  004 
 002  000  004  012  038  040  014  000  000  014  022  017  005  000  000  006 
 005  004  011  026  040  030  014  000  000  016  020  014  005  002  003  009 
 000  000  005  029  034  033  028  016  018  024  022  010  006  012  022  023 
 000  000  004  027  028  034  033  016  017  020  020  013  010  014  021  017 
 000  000  018  032  025  026  019  003  005  010  014  016  011  007  016  012 
 000  000  038  040  023  020  011  003  005  006  014  028  021  014  010  013 
 000  012  057  044  021  018  014  014  017  012  022  040  029  024  014  014 
 000  037  064  039  014  012  016  019  017  012  020  029  016  010  012  008 
 006  049  052  022  006  009  014  012  006  004  008  014  014  000  000  000 
 014  049  037  010  007  011  010  006  004  007  006  003  009  007  000  000 
 019  046  036  015  014  013  008  007  007  011  008  000  000  004  000  000 
 024  047  047  028  022  019  013  010  007  009  005  000  000  000  000  000 
 025  050  057  034  026  023  016  010  000  001  004  000  000  000  003  006 

Celda44

 002  006  000  000  000  000  000  004  008  021  021  013  011  006  000  000 
 002  010  005  000  000  000  006  012  014  021  015  004  010  011  000  000 
 006  011  007  000  000  008  013  009  012  022  021  012  006  008  000  000 
 010  010  007  000  004  012  013  010  012  020  016  010  008  000  000  000 
 011  013  013  011  013  013  010  008  007  006  003  000  000  000  000  000 
 018  018  019  013  007  001  000  000  000  000  000  000  000  000  000  014 
 008  009  014  005  000  000  000  000  000  000  000  000  000  014  033  034 
 000  002  014  006  000  000  000  000  000  000  000  012  029  046  037  020 
 001  001  015  010  000  000  000  000  000  000  006  025  038  033  012  010 
 012  014  018  004  000  000  000  000  000  003  007  026  032  026  002  006 
 016  013  000  000  000  000  000  005  002  000  000  020  031  032  012  006 
 012  008  000  000  000  000  013  008  000  000  000  022  036  032  016  003 
 002  008  000  000  000  011  015  002  000  000  014  039  040  021  016  010 
 000  012  014  000  007  016  012  004  010  020  032  029  020  014  014  018 
 000  018  032  016  011  020  019  015  020  028  021  001  008  016  012  020 
 011  037  044  020  014  024  022  016  019  021  013  002  000  018  009  020 

Celda45

 000  000  000  000  000  010  027  040  032  025  028  040  049  041  023  011 
 000  000  000  000  009  025  038  035  024  019  017  029  038  029  013  004 
 000  000  002  013  026  029  020  012  011  013  014  024  026  024  012  004 
 000  005  025  028  022  009  002  006  013  014  014  017  014  020  019  004 
 009  044  055  033  020  007  003  016  021  012  009  014  013  010  017  008 
 039  060  052  026  024  022  021  027  017  004  006  015  014  007  002  007 
 036  039  030  016  022  023  020  021  008  000  005  012  008  004  000  000 
 016  024  027  019  016  012  011  017  012  002  000  010  016  001  000  000 
 011  030  033  018  008  006  005  011  006  004  000  000  017  013  000  002 
 014  032  028  010  005  006  001  000  000  000  000  000  012  020  002  002 
 010  020  018  005  000  002  000  000  000  000  000  000  008  024  010  000 
 006  010  013  006  000  000  000  000  000  000  000  004  013  024  009  002 
 003  005  009  004  000  000  000  010  004  000  008  010  018  015  002  002 
 006  002  011  006  000  000  002  005  008  002  018  022  012  004  000  002 
 014  002  010  006  000  000  004  000  004  011  020  022  004  008  010  011 
 024  002  004  010  000  000  001  000  001  013  005  018  008  010  019  017 

Celda46

 012  019  023  013  002  000  006  000  000  000  000  002  000  000  000  000 
 004  004  004  000  000  000  006  000  000  000  000  003  000  000  000  000 
 002  000  000  000  000  000  004  000  000  000  000  002  000  000  000  000 
 000  000  000  000  000  000  000  000  000  000  000  002  000  000  000  000 
 000  000  001  000  000  000  000  000  001  000  000  005  000  000  000  000 
 005  000  002  000  000  000  002  002  005  000  000  010  000  000  000  000 
 013  010  000  000  000  000  009  013  004  000  000  009  000  000  000  000 
 010  021  000  000  000  007  020  017  008  010  012  004  000  000  004  010 
 008  022  002  000  000  010  016  007  002  008  012  008  000  000  013  014 
 014  016  000  000  000  012  014  004  000  004  004  000  000  003  015  007 
 012  003  000  000  004  009  008  006  000  001  000  000  000  008  019  004 
 012  000  000  002  011  002  004  010  004  002  000  000  000  005  020  012 
 014  003  000  005  008  000  002  018  005  005  008  018  022  013  018  012 
 012  006  000  002  004  000  000  020  000  000  000  018  023  018  020  000 
 009  003  000  000  002  000  000  010  000  000  000  000  000  006  017  006 
 006  000  000  000  002  001  004  000  000  000  004  010  000  000  012  004 

Celda47

 000  000  006  001  000  000  000  000  000  000  000  000  000  046  102  000 
 000  000  004  000  000  000  000  000  000  000  000  000  000  051  107  000 
 000  000  000  001  000  000  001  000  000  000  000  000  000  059  111  002 
 000  000  000  000  000  000  000  000  000  000  000  000  004  065  113  007 
 000  000  000  000  000  000  000  000  000  000  000  000  010  068  111  006 
 000  000  000  000  000  000  000  000  000  000  000  000  012  076  112  000 
 000  002  001  000  000  000  000  000  004  008  006  002  008  077  117  000 
 008  004  000  000  000  002  004  006  006  008  008  006  007  076  119  000 
 013  004  000  000  000  008  014  013  008  004  000  000  005  076  118  000 
 010  009  006  001  003  008  016  019  013  003  000  000  007  072  114  000 
 004  016  022  015  000  012  015  013  010  003  000  000  009  070  111  000 
 000  010  016  010  000  016  016  000  002  004  006  006  008  066  110  000 
 000  000  000  000  000  016  018  000  000  002  010  016  012  056  108  000 
 000  000  000  000  000  015  012  001  000  000  010  020  019  049  104  000 
 000  000  000  000  000  016  004  000  000  000  002  009  015  045  109  007 
 006  008  006  008  015  033  014  008  004  000  000  008  003  040  112  014 

Celda48

 000  000  000  000  000  000  000  000  000  000  012  008  000  000  035  006 
 000  000  000  000  001  000  000  000  000  004  010  000  000  004  047  008 
 000  000  000  000  007  000  000  000  000  008  012  000  000  028  053  011 
 000  000  000  000  011  000  000  000  004  017  011  000  004  031  039  007 
 000  000  000  000  012  000  000  006  013  022  014  008  003  020  026  000 
 001  000  000  000  016  000  008  011  005  017  011  006  000  014  023  004 
 000  000  000  000  020  012  013  010  000  017  010  000  000  008  023  012 
 000  000  002  003  018  015  008  000  000  015  012  000  000  008  029  028 
 001  003  006  004  014  017  004  000  000  015  010  000  000  017  036  031 
 001  002  004  003  016  019  000  000  000  017  004  000  000  023  035  026 
 001  001  000  000  019  016  000  000  000  016  000  000  007  033  035  023 
 000  000  000  000  018  006  000  000  000  013  000  000  016  040  033  020 
 000  000  002  003  014  000  000  000  007  010  000  002  021  035  022  009 
 000  000  004  008  005  000  000  004  022  016  006  002  014  024  008  000 
 000  000  002  007  002  000  001  019  025  016  010  004  010  024  008  000 
 000  000  002  000  000  000  002  013  010  010  010  010  006  019  006  000 

Celda49

 016  037  042  028  018  005  002  000  012  012  007  004  003  001  000  000 
 013  033  029  015  008  004  004  004  009  014  004  000  000  000  004  003 
 010  019  011  006  005  004  002  002  005  010  002  000  000  000  014  019 
 007  009  007  008  002  000  002  004  007  004  000  000  000  000  021  023 
 000  006  014  014  002  002  009  015  013  007  002  000  000  010  026  016 
 002  009  023  019  011  010  013  016  015  010  007  006  005  016  024  008 
 010  015  027  020  016  017  016  012  009  006  002  000  000  014  019  006 
 018  013  022  014  006  008  008  004  000  000  000  000  000  015  017  008 
 010  000  015  014  000  000  000  000  000  000  000  000  004  019  020  010 
 002  000  008  010  000  000  000  000  000  000  000  000  004  020  022  017 
 006  006  000  002  000  000  002  000  000  000  001  000  002  016  021  020 
 009  010  007  000  000  000  002  002  001  005  006  008  010  023  022  013 
 004  002  003  003  005  008  007  004  000  000  000  006  020  033  027  013 
 002  000  001  004  004  005  002  000  000  000  002  010  029  031  020  012 
 002  002  000  000  000  000  000  000  008  012  016  026  033  023  014  011 
 004  006  000  000  000  003  004  011  028  029  028  030  025  011  006  004 

Celda50

 000  012  014  019  020  002  000  011  013  007  000  000  000  000  000  018 
 008  014  013  018  018  000  000  011  010  002  000  000  000  000  014  026 
 011  008  008  016  018  000  000  015  012  000  000  000  000  000  029  027 
 004  000  006  017  018  000  000  016  016  000  000  000  000  004  041  025 
 000  002  009  019  019  002  000  014  016  000  000  000  016  016  033  017 
 000  004  016  022  017  001  000  010  008  000  000  000  006  009  021  016 
 002  003  018  023  013  000  000  006  000  000  000  000  000  000  027  020 
 004  001  012  024  014  000  000  004  000  000  000  000  000  006  032  012 
 004  004  001  020  016  000  000  002  000  000  000  000  000  010  028  005 
 004  002  000  016  014  000  000  000  000  000  000  000  000  004  026  020 
 008  000  000  015  013  000  000  000  000  000  000  000  000  006  034  054 
 005  000  000  016  014  000  000  000  000  000  000  000  000  031  064  068 
 004  000  000  014  011  000  000  000  000  000  000  006  020  043  051  034 
 012  012  008  004  001  000  000  000  000  000  008  023  018  022  030  018 
 010  008  007  002  000  000  000  000  000  000  018  025  011  014  024  014 
 002  000  000  000  000  000  000  000  000  014  043  034  006  004  024  026 

Celda51

 015  043  053  025  016  012  007  002  000  000  004  000  000  006  020  028 
 012  036  042  012  000  000  000  000  000  000  001  001  000  019  033  031 
 016  034  031  010  000  000  000  000  000  000  000  010  015  023  025  015 
 022  033  016  002  000  000  000  000  000  006  018  020  014  017  019  008 
 022  030  004  000  000  000  001  000  012  024  023  013  010  023  026  012 
 020  022  000  000  000  004  008  016  024  020  016  014  023  040  033  013 
 010  012  000  000  002  021  026  024  016  004  008  016  036  043  027  014 
 000  004  007  010  024  032  026  017  011  011  018  025  031  029  016  016 
 000  011  030  032  026  019  015  021  027  032  031  021  019  020  016  020 
 021  039  043  029  011  007  024  042  039  029  018  011  011  020  022  023 
 054  036  017  007  005  020  045  048  024  009  001  000  002  013  020  020 
 042  005  000  006  013  026  033  021  004  000  000  000  004  012  020  016 
 014  000  000  011  018  014  014  013  006  000  000  002  011  015  022  017 
 007  008  010  019  013  007  004  007  009  000  000  006  021  025  025  015 
 010  022  029  020  003  000  000  002  010  005  000  006  026  025  014  006 
 035  049  043  014  000  000  002  004  007  008  000  001  020  028  018  005 

Celda52

 029  038  037  014  008  017  017  012  013  010  012  018  012  008  003  010 
 024  029  026  003  000  010  011  005  005  006  014  026  030  019  008  000 
 007  016  018  000  000  010  012  006  000  006  022  022  032  030  024  021 
 004  009  014  002  000  003  007  011  008  011  027  021  027  026  020  023 
 008  004  010  007  000  000  003  017  016  016  031  024  018  020  020  020 
 010  010  009  006  002  004  004  018  018  016  029  023  013  022  022  018 
 014  018  018  010  010  012  011  008  018  019  029  026  003  010  012  010 
 023  031  031  024  011  012  005  000  014  025  030  026  004  000  000  002 
 032  038  034  028  013  002  000  000  008  032  030  018  002  000  000  002 
 027  028  016  015  011  002  000  002  005  028  030  016  004  000  000  002 
 017  010  000  000  002  004  002  005  006  013  026  022  010  002  000  000 
 005  000  000  000  000  002  004  006  006  000  019  026  014  002  000  000 
 000  000  000  000  000  000  000  003  004  002  012  027  014  000  002  000 
 000  000  000  000  000  000  000  002  002  004  004  024  016  000  000  000 
 000  000  000  000  000  002  000  004  002  006  005  011  016  002  000  000 
 000  000  000  000  005  009  004  000  009  000  000  000  008  010  006  010 

Celda53

 028  012  000  008  000  000  000  006  000  003  000  012  022  020  017  013 
 018  023  001  001  010  000  000  007  006  000  000  011  037  031  010  007 
 011  023  004  000  012  010  002  005  002  000  000  012  040  028  000  000 
 022  021  012  008  009  020  008  005  000  000  000  002  034  035  000  000 
 019  008  012  007  010  024  006  000  000  002  005  000  014  039  010  000 
 018  009  004  003  000  014  002  000  000  004  008  004  000  035  022  000 
 010  004  000  008  008  012  004  000  004  006  005  008  010  030  023  000 
 000  000  000  002  018  018  009  002  004  001  000  007  018  030  013  000 
 000  004  010  000  020  028  013  001  000  000  000  000  008  006  000  000 
 004  008  012  007  006  031  018  000  000  000  000  004  000  000  000  000 
 005  006  006  008  000  020  026  006  000  000  000  006  000  000  000  000 
 002  002  003  009  010  002  028  020  007  009  008  006  000  000  000  002 
 000  000  000  008  017  016  027  031  011  010  008  006  005  004  000  000 
 000  000  000  014  022  018  009  028  013  000  000  000  000  000  000  000 
 000  006  017  020  020  014  001  016  022  004  000  000  000  000  000  000 
 014  018  018  010  008  008  008  006  024  012  000  000  000  000  000  000 

Celda54

 006  000  000  003  009  025  022  022  005  000  004  014  000  000  008  000 
 007  004  004  010  009  017  009  006  000  000  000  008  000  001  008  000 
 000  005  003  002  000  006  013  000  000  002  000  000  000  008  013  000 
 000  000  000  003  004  005  009  000  006  016  010  000  000  011  016  000 
 000  002  010  020  016  016  008  000  000  000  001  000  000  006  016  008 
 002  022  031  027  016  007  003  000  000  000  000  000  000  000  018  017 
 003  022  021  000  000  000  000  000  000  000  000  000  000  000  025  035 
 000  017  017  000  000  000  000  000  000  000  000  000  000  012  044  045 
 000  010  008  000  000  000  000  000  000  000  000  000  002  037  062  048 
 000  010  012  007  014  007  000  000  000  000  000  008  019  049  058  034 
 000  015  031  025  026  026  015  000  000  000  003  014  021  037  036  015 
 005  016  028  012  000  002  002  000  000  000  000  004  006  018  027  011 
 000  004  013  004  000  000  000  000  000  000  001  000  000  015  021  006 
 000  000  000  000  000  000  000  000  000  005  002  000  000  016  019  006 
 001  000  000  000  000  000  000  000  002  008  007  006  000  016  020  009 
 000  000  000  000  000  000  004  000  004  010  000  000  001  016  021  013 

Celda55

 000  004  010  019  030  037  022  020  014  005  000  008  000  041  116  015 
 000  000  000  009  031  031  020  018  013  008  006  000  000  054  119  010 
 000  000  000  014  033  028  020  012  008  009  010  005  002  065  114  002 
 000  000  000  024  043  030  018  011  006  009  011  008  006  068  109  000 
 000  000  000  028  053  030  010  004  000  001  002  002  002  064  102  000 
 006  006  010  036  053  022  000  000  000  000  000  000  000  059  098  000 
 014  014  024  043  046  016  000  000  000  000  000  000  004  056  097  000 
 016  020  033  042  037  013  004  006  006  001  000  000  006  054  098  000 
 020  022  029  031  027  011  007  009  008  004  001  000  006  056  103  003 
 014  014  017  020  019  004  001  002  002  002  004  005  010  061  107  004 
 000  000  006  011  011  000  000  000  000  000  004  008  016  067  110  008 
 000  002  010  009  009  000  000  000  000  000  004  006  016  065  106  007 
 000  008  014  012  010  001  002  002  001  002  006  009  019  064  101  004 
 002  017  023  020  013  000  000  000  000  002  012  019  024  060  093  000 
 011  025  026  016  002  000  000  000  000  010  024  024  016  042  086  000 
 014  023  017  004  000  000  000  000  002  024  030  018  006  030  086  000 

Celda56

 000  000  000  000  000  000  008  006  008  014  003  009  008  008  000  000 
 000  000  000  000  000  000  008  001  008  018  004  000  000  000  000  000 
 000  000  000  000  000  008  006  000  008  014  005  000  000  000  000  000 
 000  000  000  000  004  010  006  005  008  008  006  000  000  000  000  000 
 000  000  000  000  017  018  017  018  011  007  006  000  000  000  002  004 
 000  000  000  002  026  023  023  017  006  002  004  000  000  000  002  011 
 000  000  002  004  021  017  015  002  000  000  003  000  000  000  007  012 
 001  002  006  005  013  016  014  000  000  000  000  000  000  000  012  013 
 002  004  007  006  002  008  015  004  000  000  000  000  000  006  018  018 
 001  002  004  000  000  002  014  010  002  000  000  000  000  019  030  018 
 000  000  000  000  000  000  010  012  002  000  000  000  008  023  023  006 
 000  000  000  000  002  006  008  008  000  000  000  005  008  014  014  004 
 000  000  000  000  009  014  008  005  000  000  000  008  008  010  010  006 
 003  008  020  028  043  045  032  028  025  029  036  040  033  031  030  030 
 007  019  046  068  083  078  065  061  058  060  068  067  062  063  062  062 
 000  000  000  000  008  007  001  000  000  001  006  003  000  002  004  007 

Celda57

 004  007  000  000  002  010  010  020  031  026  020  019  014  008  002  000 
 003  008  000  004  010  017  012  014  015  008  002  003  006  006  003  000 
 001  010  004  005  006  010  006  007  010  007  006  003  000  000  000  000 
 000  012  009  000  000  006  007  007  010  010  007  004  000  000  000  000 
 007  012  006  000  000  007  013  012  020  025  016  004  000  000  000  009 
 008  000  001  000  002  015  026  022  024  022  006  002  000  000  004  013 
 004  000  000  000  006  014  020  012  014  016  004  000  000  000  000  004 
 006  010  009  004  000  004  014  011  009  014  008  000  000  000  000  000 
 005  005  004  000  000  000  010  010  008  012  008  000  000  000  000  000 
 000  000  000  001  000  000  006  010  010  009  004  000  000  008  004  000 
 000  000  004  010  010  004  001  008  012  008  000  000  000  012  010  000 
 000  000  004  004  007  006  000  005  014  008  000  000  000  008  008  000 
 002  000  000  000  000  000  000  003  012  005  000  000  000  002  000  000 
 032  025  020  016  016  019  024  029  029  018  019  025  022  018  020  022 
 061  051  052  054  054  056  060  062  059  057  063  060  055  054  059  062 
 008  000  000  000  000  000  000  001  000  001  005  000  000  000  005  000 

Celda58

 000  000  000  000  000  000  000  000  004  041  052  036  022  020  043  059 
 000  000  000  000  000  000  000  003  032  046  041  035  028  035  055  067 
 000  002  002  000  000  000  000  003  037  035  035  044  031  027  042  052 
 009  014  006  000  000  000  000  016  035  036  048  053  024  010  021  027 
 019  014  002  000  000  000  000  025  050  054  055  042  013  005  006  017 
 012  002  000  000  000  000  006  044  064  056  037  020  006  006  002  012 
 002  000  000  000  000  000  026  054  054  030  016  014  007  008  010  015 
 000  000  000  000  000  004  041  048  031  010  008  022  020  006  012  012 
 000  000  000  000  004  014  039  030  008  001  006  025  030  012  007  006 
 000  000  000  000  010  007  028  020  004  004  012  030  030  014  000  000 
 000  000  000  000  000  000  017  022  011  011  020  025  020  010  003  000 
 000  000  000  000  000  000  008  030  027  025  023  015  009  007  007  000 
 000  000  000  000  000  000  010  036  042  024  015  006  000  004  010  000 
 026  028  028  022  019  047  065  082  077  049  038  035  032  030  032  020 
 070  078  086  092  094  118  118  114  102  076  069  069  066  066  065  058 
 000  000  000  000  000  025  028  025  021  007  006  006  000  000  000  000 

Celda59

 057  048  027  000  000  000  009  011  003  006  005  000  008  024  024  010 
 049  021  002  000  000  000  007  015  002  003  010  002  000  014  022  016 
 027  001  000  000  002  000  000  010  007  002  008  008  003  010  017  015 
 010  000  006  008  006  004  000  000  010  006  003  007  008  014  014  008 
 011  007  005  000  000  002  002  000  004  010  003  004  008  016  016  006 
 013  008  003  000  000  002  008  006  000  008  006  006  008  010  014  010 
 011  003  000  002  000  006  014  021  016  002  004  009  008  005  011  013 
 006  000  000  005  004  000  006  016  020  011  000  010  008  002  010  012 
 004  003  000  006  004  000  000  000  004  004  000  011  010  002  007  006 
 000  000  002  012  003  000  000  000  000  000  000  012  020  012  004  000 
 000  000  004  009  001  000  000  000  000  001  006  010  025  016  006  004 
 000  000  010  008  000  000  000  002  004  010  016  011  020  020  004  016 
 000  001  009  004  000  000  000  000  000  010  015  010  008  024  014  015 
 021  029  031  025  028  032  032  027  033  036  042  042  037  054  052  042 
 058  070  066  062  068  066  068  066  073  070  070  075  076  087  085  071 
 001  010  002  000  007  004  000  000  008  006  000  000  000  013  019  009 

Celda60

 000  000  000  003  000  005  008  005  006  004  000  000  000  023  022  019 
 000  000  000  004  002  000  004  008  004  000  000  000  000  026  030  016 
 006  000  000  004  004  000  001  010  014  010  008  014  011  015  030  014 
 006  001  000  006  012  006  008  010  010  009  012  016  015  002  028  022 
 002  001  003  012  020  016  009  004  000  000  000  002  010  008  020  034 
 002  000  009  017  018  016  012  000  000  000  000  000  008  015  005  032 
 007  006  016  015  008  006  010  006  000  000  000  002  000  008  004  014 
 006  013  018  010  001  000  002  008  004  000  000  002  004  000  000  000 
 000  012  020  014  006  000  000  004  004  000  000  003  010  000  000  000 
 000  008  016  020  018  010  010  012  004  000  000  011  018  006  004  000 
 000  002  008  020  028  022  014  009  008  007  002  015  014  000  003  004 
 019  014  004  012  026  025  018  017  000  006  002  006  014  000  000  006 
 024  028  024  020  022  018  014  019  012  000  000  000  012  014  000  010 
 044  052  057  058  055  044  034  032  025  012  022  030  042  055  034  034 
 067  068  073  077  077  074  068  069  065  056  062  072  082  086  059  059 
 004  001  000  000  000  000  000  003  004  000  000  000  006  014  000  000 

Celda61

 012  000  000  000  000  000  010  016  026  009  000  000  000  000  007  006 
 010  005  002  000  000  000  008  018  014  002  000  000  000  000  008  012 
 008  011  006  000  000  000  010  012  005  000  000  000  000  000  000  006 
 015  008  000  000  000  000  014  004  000  000  000  000  000  000  000  000 
 016  002  000  000  000  006  014  000  000  000  000  000  000  004  002  000 
 022  000  000  000  004  006  008  000  000  000  000  000  000  004  006  002 
 024  004  000  000  002  000  000  000  000  006  007  000  000  000  000  000 
 020  018  002  000  000  000  000  000  000  002  010  000  000  003  000  000 
 013  028  009  000  000  000  000  000  000  000  002  004  000  004  000  000 
 000  026  014  000  000  000  002  002  001  000  000  010  002  002  002  000 
 000  014  018  000  000  000  000  002  008  003  008  016  012  002  000  000 
 006  000  018  004  000  000  000  008  026  024  020  016  017  008  004  007 
 010  000  008  011  000  000  009  023  035  023  012  006  011  004  010  020 
 035  035  028  029  027  044  059  060  059  043  036  035  038  034  046  061 
 066  076  080  080  086  098  097  085  080  070  068  072  073  076  083  087 
 000  000  000  000  012  022  015  002  003  002  000  000  001  008  011  012 

Celda62

 000  000  000  000  000  000  004  010  010  007  000  000  000  015  018  014 
 003  000  000  000  002  001  000  018  020  006  001  000  002  014  012  012 
 004  000  000  000  004  005  004  023  020  007  000  004  007  014  008  010 
 005  012  014  008  002  002  008  024  010  003  008  008  014  015  003  006 
 009  022  022  010  000  000  004  013  001  000  020  025  018  017  012  003 
 004  010  007  002  000  000  001  011  008  016  036  027  014  017  016  011 
 000  002  004  004  003  002  007  025  026  030  033  013  008  011  007  009 
 004  006  014  015  014  014  024  036  030  027  018  003  008  010  000  000 
 006  004  008  016  020  018  021  026  018  012  002  000  006  006  000  000 
 003  006  000  000  002  000  004  014  008  001  000  000  008  006  002  004 
 000  003  000  000  000  000  008  009  000  000  000  003  013  010  002  010 
 010  003  000  000  000  000  019  004  000  000  000  011  016  015  014  014 
 022  014  004  002  004  021  030  010  010  016  018  029  034  030  023  008 
 053  051  050  052  054  068  066  052  059  066  064  074  077  063  047  038 
 076  080  086  091  094  101  099  089  097  096  093  101  098  080  074  073 
 000  000  000  000  000  007  012  003  004  000  000  008  008  000  000  000 

Celda63

 012  016  011  002  000  000  000  000  011  028  018  006  001  027  088  000 
 012  012  008  000  000  000  000  008  022  024  002  000  000  034  094  005 
 013  011  006  000  000  000  000  004  019  012  000  000  000  038  092  005 
 015  011  002  000  000  000  000  002  010  002  000  000  000  041  090  005 
 014  012  001  000  000  000  000  000  007  000  000  000  000  049  094  009 
 014  018  008  004  000  000  000  000  004  000  000  000  008  057  097  011 
 015  025  017  013  010  001  000  000  006  001  000  002  014  059  095  008 
 008  019  015  010  014  012  004  000  010  006  006  007  012  056  090  001 
 009  015  013  002  010  016  014  009  007  004  000  000  004  055  092  000 
 014  014  010  008  002  006  007  004  000  000  001  000  004  056  094  000 
 017  011  004  008  004  000  000  000  000  000  000  005  010  057  095  000 
 009  000  000  007  004  000  000  000  000  000  000  012  020  066  102  007 
 000  000  000  006  002  000  000  000  000  000  000  019  028  068  102  008 
 034  034  034  033  026  026  032  041  046  052  056  067  066  097  120  025 
 076  082  084  082  080  082  087  098  100  098  102  105  100  123  132  046 
 000  000  000  000  000  000  000  008  008  000  000  002  006  040  065  000 

