Celda0

 000  000  000  000  002  000  000  002  004  000  000  000  001  001  000  003 
 000  000  000  000  004  000  001  005  008  002  000  000  002  002  000  006 
 000  000  000  000  006  000  002  010  016  005  000  000  005  007  000  012 
 000  000  000  000  005  000  002  012  020  008  000  000  010  013  000  014 
 001  000  000  000  003  001  002  008  016  010  000  002  022  023  004  010 
 000  000  000  000  003  003  001  004  014  016  000  012  028  018  000  006 
 000  000  000  000  003  003  000  002  016  024  008  006  017  005  000  000 
 001  004  008  008  000  001  000  002  020  030  008  000  011  002  000  000 
 001  004  010  012  004  000  002  004  022  028  003  000  014  010  000  000 
 000  000  002  006  008  002  000  008  024  022  000  000  016  021  000  000 
 000  000  000  000  006  008  000  008  025  017  000  000  014  030  000  000 
 000  000  000  000  000  007  011  004  016  015  000  000  006  028  000  000 
 000  000  000  000  007  000  006  006  010  014  006  008  008  018  000  000 
 000  000  000  000  012  000  000  003  015  020  013  008  010  014  006  012 
 000  001  004  004  008  000  000  004  014  013  008  004  009  023  028  028 
 001  004  008  006  000  000  000  002  010  009  006  003  004  023  033  025 

Celda1

 005  003  002  000  000  000  003  003  000  000  000  000  002  003  000  000 
 012  008  004  000  000  002  008  006  000  000  000  000  004  006  000  000 
 026  016  008  000  000  007  018  012  000  000  000  000  002  006  002  001 
 034  020  006  000  000  014  026  014  000  000  000  000  000  000  004  004 
 038  029  009  002  000  022  027  010  000  000  009  009  010  006  000  005 
 042  032  005  002  001  025  026  006  000  005  015  009  008  008  002  003 
 042  036  006  000  004  028  026  007  006  017  021  008  005  005  002  000 
 041  035  010  001  010  025  020  004  002  014  009  000  000  002  006  004 
 042  037  012  010  010  017  016  004  006  010  004  000  000  000  004  004 
 042  046  019  012  006  013  014  006  010  011  002  000  000  000  000  000 
 034  054  032  008  000  008  014  010  012  013  004  000  000  000  000  000 
 019  059  046  011  000  002  014  012  014  014  005  000  000  003  000  000 
 005  056  052  018  000  002  010  012  016  014  004  000  000  002  000  000 
 006  040  048  022  003  008  011  010  018  016  006  000  002  002  002  004 
 018  020  041  023  006  012  018  011  016  020  008  000  000  004  007  008 
 020  007  038  022  001  011  024  016  014  020  008  000  000  010  006  004 

Celda2

 000  000  000  000  000  000  000  002  005  002  000  000  000  000  000  000 
 001  000  000  000  000  000  000  003  010  004  000  000  000  000  000  000 
 002  002  000  000  000  000  000  000  012  006  000  000  000  000  000  000 
 003  005  007  003  002  006  007  003  004  002  000  000  000  000  000  000 
 004  010  020  021  016  019  024  028  024  016  008  004  000  000  006  018 
 008  015  018  012  003  006  012  016  016  016  016  016  012  006  002  004 
 012  014  012  011  006  004  004  005  007  009  013  019  023  022  014  006 
 010  011  009  011  011  006  002  000  005  005  003  006  013  018  020  020 
 001  007  009  014  014  006  004  004  004  003  000  000  002  006  012  021 
 000  004  011  017  019  009  009  010  001  000  002  005  006  008  014  020 
 000  005  012  018  024  018  015  009  002  004  008  010  010  014  022  025 
 000  007  012  016  026  026  016  010  012  016  012  006  005  012  022  025 
 000  007  013  016  024  027  023  015  010  010  006  002  006  020  018  016 
 009  013  017  017  018  024  026  020  004  000  000  004  019  025  011  006 
 010  011  014  010  012  020  028  022  006  000  000  007  024  017  006  003 
 005  006  005  004  010  020  030  029  013  005  003  007  016  005  002  005 

Celda3

 000  000  005  008  004  000  002  003  000  000  002  003  002  001  000  000 
 000  000  012  019  009  002  007  008  000  000  004  006  005  004  002  000 
 000  000  022  040  017  004  018  022  004  000  002  010  012  010  006  000 
 000  000  018  051  021  000  022  035  018  000  000  008  016  018  010  000 
 035  039  023  058  037  013  006  031  032  010  000  003  016  018  012  000 
 014  021  014  043  045  025  030  021  026  020  000  004  014  014  012  005 
 004  005  000  032  054  034  028  030  014  006  004  013  018  012  011  012 
 018  017  010  020  056  038  008  006  017  007  000  022  029  017  010  012 
 029  036  032  012  038  034  018  016  002  017  019  021  031  023  011  010 
 027  037  042  027  008  026  024  024  018  000  016  016  016  021  018  012 
 026  030  038  038  024  038  046  025  012  007  000  002  000  010  020  013 
 024  026  035  044  040  043  054  032  019  004  006  004  000  000  012  008 
 017  023  035  044  040  020  029  017  016  023  024  016  004  000  000  001 
 009  016  025  031  032  021  006  020  016  013  027  024  016  007  000  000 
 004  007  008  010  017  016  000  010  033  020  015  016  025  032  032  028 
 006  005  002  002  010  012  006  000  033  036  026  026  033  049  056  049 

Celda4

 001  002  001  000  000  000  000  000  000  000  000  000  000  000  000  000 
 001  004  003  000  000  000  000  000  000  000  000  000  000  000  000  000 
 000  008  008  002  000  000  000  000  000  000  000  000  000  000  000  000 
 000  010  014  003  000  000  000  000  000  000  000  000  000  000  000  000 
 000  014  023  010  007  015  018  018  014  006  000  000  000  009  023  026 
 004  024  028  015  011  015  014  007  002  000  000  000  006  019  031  024 
 016  029  027  017  010  009  003  000  000  000  006  017  024  033  036  024 
 021  023  016  010  002  000  000  000  000  010  026  037  042  042  033  016 
 019  022  015  008  004  000  000  000  008  030  033  028  030  030  020  004 
 013  019  014  006  004  002  000  008  021  026  017  006  003  000  000  000 
 008  018  019  012  006  005  014  022  017  014  009  000  000  000  000  000 
 005  023  034  024  016  020  031  028  014  012  012  004  000  000  000  006 
 007  030  044  034  020  022  030  024  012  010  009  006  006  007  010  020 
 016  037  038  034  026  020  020  014  000  003  004  004  007  009  011  024 
 038  032  022  029  030  022  020  018  008  002  002  002  002  003  005  017 
 031  009  002  022  036  026  018  020  018  008  000  000  000  000  009  014 

Celda5

 002  002  000  001  003  001  000  000  000  001  002  002  000  000  000  000 
 004  004  001  004  006  001  000  000  002  003  004  004  000  000  000  000 
 006  009  004  009  012  000  000  000  006  008  008  007  000  002  000  000 
 004  011  010  012  012  000  000  000  010  010  008  008  004  004  000  000 
 022  023  022  012  004  000  004  013  019  011  008  015  015  009  002  004 
 024  014  006  000  000  000  007  014  010  010  017  024  013  000  000  001 
 024  017  003  000  003  015  010  008  006  016  021  011  000  000  000  014 
 010  008  007  009  025  024  009  004  004  012  005  000  000  000  007  026 
 000  000  014  025  032  015  006  006  006  003  000  000  001  011  019  029 
 000  010  027  030  018  006  003  008  012  006  002  008  017  024  027  026 
 010  028  028  015  008  006  009  011  010  012  019  033  033  033  037  027 
 020  025  008  000  000  012  023  021  014  014  023  023  017  027  038  024 
 029  020  007  000  006  032  031  027  022  020  014  002  004  024  030  011 
 027  014  010  012  029  047  026  021  022  026  024  018  019  041  032  010 
 012  003  009  018  040  042  012  008  011  020  025  030  033  053  035  018 
 005  000  004  015  033  022  002  000  004  012  010  016  024  037  020  012 

Celda6

 000  001  001  000  001  001  000  000  000  001  000  000  000  000  000  000 
 000  002  002  000  000  000  000  000  000  002  001  000  000  000  000  000 
 000  005  006  000  000  000  000  000  000  004  004  001  000  000  000  000 
 000  010  008  000  000  000  000  000  000  003  002  000  000  000  000  000 
 010  029  029  020  020  016  014  017  021  017  004  000  000  007  012  008 
 021  034  030  018  018  014  012  013  014  010  003  000  003  011  003  000 
 035  036  023  010  006  004  005  004  002  000  003  006  005  006  000  000 
 037  023  003  000  000  000  002  004  000  000  000  010  014  004  000  009 
 027  009  000  000  000  005  004  000  000  000  000  018  018  017  012  026 
 013  002  000  000  004  008  007  000  000  000  011  026  012  016  020  031 
 011  010  011  006  003  008  010  004  000  002  031  023  003  008  023  033 
 016  023  016  008  006  010  012  012  018  034  046  022  010  012  032  034 
 008  017  009  008  012  013  009  014  029  051  047  026  021  023  035  028 
 002  007  000  006  012  004  000  007  032  040  026  019  020  022  030  021 
 010  004  002  010  013  003  000  007  032  019  005  004  006  011  022  018 
 014  012  016  017  012  007  010  031  035  011  004  001  000  006  019  014 

Celda7

 001  001  003  005  002  000  000  000  003  001  000  000  000  006  011  000 
 002  004  008  011  003  000  000  001  007  002  000  000  000  014  026  000 
 004  009  018  020  003  000  000  005  014  002  000  000  000  028  052  000 
 002  012  024  022  001  000  000  010  018  004  000  000  000  030  062  000 
 007  020  024  014  000  000  008  027  031  026  024  026  018  027  058  000 
 004  016  014  006  002  001  016  028  028  026  013  009  000  011  053  000 
 010  021  010  002  002  006  016  017  012  013  000  000  000  008  052  000 
 025  023  011  009  008  007  016  016  009  010  000  000  000  015  057  006 
 025  014  014  016  008  009  023  020  006  003  000  000  005  027  062  013 
 018  010  020  018  008  014  030  023  009  002  000  000  010  036  062  016 
 021  018  024  018  014  027  036  020  010  008  009  014  021  040  060  018 
 027  022  014  017  027  036  036  018  013  016  019  015  019  033  046  006 
 016  010  002  018  031  023  016  006  010  018  018  012  012  022  034  000 
 008  002  001  027  027  009  008  000  001  008  004  008  014  021  032  000 
 008  006  009  035  024  008  011  005  002  001  000  008  017  020  037  008 
 006  008  014  033  019  012  016  010  007  002  000  013  009  012  037  009 

Celda8

 002  004  008  006  000  000  000  007  012  013  013  006  000  016  028  012 
 002  004  009  012  012  008  000  009  018  018  015  004  000  010  040  000 
 001  004  008  010  009  009  006  007  020  016  006  000  000  004  045  017 
 000  000  000  000  000  000  004  004  017  010  000  000  000  002  044  030 
 000  000  000  000  000  004  010  014  018  000  000  000  000  007  039  036 
 000  000  002  006  013  018  024  027  022  012  002  000  000  017  030  034 
 002  005  012  016  021  023  021  019  016  018  018  016  014  029  014  021 
 003  006  012  015  016  016  012  010  010  013  020  027  030  032  007  002 
 001  003  007  010  013  015  012  010  006  006  012  019  026  031  024  011 
 001  002  004  008  012  012  008  004  002  002  002  007  018  021  020  022 
 000  000  000  002  005  003  000  002  004  004  003  006  016  004  000  008 
 000  000  000  000  004  004  004  008  009  008  008  012  015  004  000  005 
 001  003  008  010  010  006  005  009  010  009  010  016  018  015  014  021 
 002  006  012  015  010  002  001  002  005  006  008  019  016  014  016  025 
 001  002  006  008  008  006  004  002  001  000  000  009  001  002  006  017 
 000  000  000  002  006  010  010  008  002  000  000  013  000  004  004  007 

Celda9

 018  006  036  027  002  000  024  026  020  016  000  000  002  018  011  003 
 011  008  032  034  004  000  016  033  028  016  000  000  009  023  012  000 
 000  002  024  041  000  000  002  032  032  018  000  000  016  021  009  000 
 000  000  015  044  010  004  000  025  032  019  006  004  016  014  004  002 
 000  004  002  046  025  010  006  018  032  014  001  007  018  013  006  008 
 006  003  002  042  040  010  012  016  031  007  000  005  019  014  010  012 
 018  000  000  032  050  000  004  008  039  020  014  013  025  020  016  014 
 018  002  000  018  048  009  000  006  049  030  016  010  018  018  019  012 
 007  014  000  000  034  020  000  010  054  022  000  000  010  017  015  002 
 018  018  002  000  012  020  000  016  053  026  000  000  014  018  012  000 
 017  017  010  007  000  006  000  019  052  033  002  008  022  024  014  005 
 015  017  014  014  009  000  000  018  054  047  017  018  035  031  016  007 
 022  020  018  022  022  010  000  010  054  060  032  026  034  018  002  000 
 020  018  018  020  025  028  022  006  041  064  046  034  032  011  000  004 
 009  008  008  011  022  036  042  029  016  054  056  045  030  003  000  013 
 000  000  001  010  019  030  036  030  011  034  058  058  034  000  000  012 

Celda10

 003  000  000  002  012  025  033  029  010  002  001  005  011  003  000  006 
 000  000  000  006  016  023  027  024  008  000  000  006  008  002  000  000 
 000  000  000  008  016  020  020  016  007  000  004  009  004  000  000  001 
 000  000  000  005  014  018  014  010  009  010  014  010  000  000  000  002 
 000  000  000  000  011  018  012  010  013  016  017  008  000  001  001  002 
 003  000  000  000  010  020  014  012  016  018  014  006  005  009  004  000 
 000  000  000  002  016  020  011  012  016  018  013  006  009  008  000  000 
 000  000  004  017  025  018  004  008  016  020  011  002  006  006  000  000 
 000  000  013  024  020  010  006  006  010  013  007  000  003  006  004  008 
 000  004  016  020  006  000  001  000  000  002  006  007  009  006  006  013 
 006  008  010  012  000  000  003  000  000  000  014  025  023  009  002  010 
 002  000  004  003  000  000  007  008  016  036  047  042  028  014  011  010 
 000  000  002  000  000  004  019  028  035  036  027  017  013  010  013  007 
 002  002  002  000  007  017  020  023  022  011  001  002  007  005  000  000 
 012  001  000  000  006  008  010  018  014  002  000  001  008  008  000  000 
 016  006  001  000  004  008  014  018  009  000  000  001  006  008  000  000 

Celda11

 009  007  004  008  018  022  016  002  025  046  048  044  031  040  046  043 
 004  002  002  008  018  022  016  004  017  050  058  038  012  008  012  022 
 000  000  004  009  010  006  000  000  008  047  063  040  006  000  002  007 
 000  004  010  010  005  000  000  000  000  038  063  048  014  005  009  009 
 002  004  006  004  001  004  019  028  016  022  058  056  030  021  020  016 
 000  000  000  000  000  010  033  045  033  008  045  062  048  024  014  011 
 000  000  000  000  000  016  034  036  022  002  026  061  063  034  008  004 
 005  008  000  000  000  022  024  020  011  000  008  058  072  042  006  000 
 012  008  000  000  004  019  002  006  013  012  002  050  074  046  002  000 
 012  000  000  000  010  012  000  000  014  018  008  039  072  052  002  000 
 010  000  000  002  019  002  000  000  010  014  002  028  070  060  010  005 
 004  000  000  015  018  008  008  008  010  010  002  012  064  068  026  000 
 000  000  004  014  008  002  007  010  010  010  006  000  050  076  044  003 
 000  000  016  020  005  000  000  002  007  014  017  004  032  074  055  014 
 000  001  030  025  002  000  000  000  004  017  026  021  018  062  058  026 
 000  024  045  021  000  000  000  000  004  014  024  024  010  043  057  040 

Celda12

 032  017  004  009  032  028  020  025  027  010  000  000  000  004  019  016 
 030  030  029  020  010  014  020  032  034  014  000  000  002  014  017  004 
 022  033  042  042  027  004  007  025  031  020  005  005  011  016  014  000 
 013  024  033  037  037  031  015  000  010  018  024  025  022  018  010  000 
 016  016  016  017  026  035  032  017  000  005  026  033  032  026  012  003 
 012  003  000  002  014  029  038  038  035  026  009  015  025  027  018  017 
 004  000  000  002  019  021  032  046  054  056  047  020  000  007  016  030 
 004  003  004  013  006  000  010  030  044  052  055  047  026  000  000  026 
 008  018  016  003  000  006  010  006  016  025  032  040  042  036  022  005 
 014  030  012  000  000  014  018  002  000  000  009  022  035  046  056  060 
 018  027  006  000  000  017  014  002  002  000  000  006  020  038  059  072 
 009  022  005  000  000  013  012  006  003  000  000  000  012  030  046  053 
 006  016  004  000  001  010  015  014  013  012  009  006  012  021  030  028 
 006  008  002  002  008  010  017  023  015  008  008  008  011  017  019  018 
 008  000  000  008  012  010  016  026  016  000  000  008  015  019  024  026 
 015  000  002  010  014  013  017  016  010  008  008  014  018  016  015  015 

Celda13

 005  000  005  014  022  008  004  008  010  006  003  002  009  011  006  000 
 000  000  008  015  017  007  010  016  014  004  002  008  003  000  005  007 
 000  001  012  014  014  011  011  012  005  001  009  017  004  000  006  018 
 000  008  011  008  016  016  001  000  000  000  021  022  010  007  014  021 
 009  014  005  000  014  016  000  000  000  006  024  017  008  006  009  014 
 024  022  008  000  003  007  000  000  004  012  012  006  000  000  005  014 
 042  038  027  008  000  000  006  013  013  006  006  002  000  000  007  018 
 050  059  054  024  000  000  012  020  006  000  003  000  000  000  014  023 
 036  062  066  038  002  000  014  018  001  000  004  003  000  010  024  017 
 050  038  042  034  024  020  018  012  002  000  008  008  006  019  019  002 
 068  040  000  010  030  036  025  016  015  012  012  010  010  014  008  000 
 052  042  025  002  008  027  028  028  032  030  019  008  010  015  009  006 
 032  038  045  045  030  003  018  027  034  039  028  012  015  022  016  011 
 026  035  048  061  066  056  038  025  012  026  028  022  029  032  022  009 
 024  029  038  050  062  066  059  044  023  000  010  026  042  038  021  012 
 012  022  029  034  040  046  045  042  038  027  006  015  037  027  016  024 

Celda14

 013  019  019  010  005  012  024  045  033  018  016  018  016  016  025  010 
 013  021  016  004  000  012  029  032  021  017  020  022  024  024  031  010 
 017  008  003  000  000  019  017  009  008  007  009  010  014  022  023  010 
 009  000  000  000  010  024  008  000  003  000  000  002  008  012  004  003 
 003  000  000  006  030  028  010  006  000  000  002  005  004  000  000  000 
 004  005  011  026  034  020  010  008  002  000  008  009  000  000  000  000 
 009  004  010  027  019  009  007  003  000  004  017  004  000  006  013  014 
 006  000  009  013  001  002  000  000  000  009  013  002  007  021  018  020 
 002  003  013  001  000  005  000  000  000  014  006  005  022  021  010  014 
 002  016  012  000  000  004  000  000  012  014  008  017  023  008  003  014 
 008  018  000  000  000  000  004  010  015  007  009  016  011  001  005  025 
 011  006  000  000  000  002  008  017  010  000  004  010  007  002  014  027 
 004  000  000  008  000  000  008  014  006  000  003  014  006  000  011  014 
 000  000  003  012  006  004  008  010  006  000  004  012  004  001  010  008 
 005  000  004  008  011  013  008  006  006  004  006  007  003  005  007  000 
 026  016  008  005  010  014  008  007  010  008  004  003  006  008  004  000 

Celda15

 001  003  017  030  013  003  006  004  000  000  000  011  002  010  036  003 
 000  000  021  028  010  004  004  004  000  000  002  003  000  015  043  000 
 005  008  030  022  004  007  016  015  010  010  010  009  008  019  044  000 
 011  022  039  021  008  008  017  013  011  008  007  009  014  026  048  007 
 008  026  031  018  018  018  017  009  007  004  000  001  002  014  037  003 
 008  021  015  012  019  022  018  012  010  006  002  004  004  019  042  009 
 024  026  016  018  021  012  008  004  000  000  000  013  014  033  052  018 
 030  025  019  022  016  004  001  000  000  000  005  016  012  028  042  009 
 020  012  014  018  010  006  004  001  000  000  012  018  010  022  032  000 
 016  007  014  016  010  011  012  008  005  011  029  028  015  022  031  000 
 020  011  017  015  009  014  014  008  009  025  044  035  019  025  035  005 
 012  006  014  012  007  007  003  002  010  033  034  016  010  019  034  007 
 000  000  010  008  003  000  000  000  011  026  013  001  002  016  029  003 
 000  006  010  007  000  000  000  000  017  013  003  001  005  018  027  003 
 002  011  007  003  000  000  000  008  022  010  008  006  006  020  030  009 
 004  008  001  000  000  000  000  021  030  018  011  005  001  024  033  012 

Celda16

 000  000  000  000  000  001  006  006  000  000  000  020  015  010  004  003 
 000  000  000  000  000  004  002  000  001  004  008  027  007  000  002  014 
 000  000  000  000  000  005  007  000  004  012  015  011  000  000  004  027 
 000  000  000  000  002  006  006  000  000  007  008  000  000  000  018  018 
 000  000  000  000  008  008  002  000  000  000  000  000  000  002  027  016 
 000  000  000  000  012  007  000  000  002  000  000  000  000  000  024  019 
 000  000  000  000  014  004  000  000  004  000  000  000  000  007  020  016 
 000  000  000  000  012  004  000  000  002  000  000  000  000  013  019  012 
 000  000  001  000  007  001  000  002  000  000  000  000  002  012  012  004 
 002  005  012  014  008  000  000  000  000  000  000  000  006  012  013  004 
 002  006  012  016  012  006  006  006  002  000  000  000  007  010  010  005 
 002  004  008  010  009  008  014  018  010  000  000  014  016  012  008  003 
 001  002  006  006  004  004  017  016  013  006  005  018  014  008  005  003 
 000  000  000  000  000  000  017  010  014  013  009  020  013  006  002  000 
 000  000  000  000  000  000  020  008  009  014  013  020  013  004  004  002 
 001  002  003  002  000  000  020  012  004  011  014  018  016  010  012  014 

Celda17

 000  003  016  019  016  017  020  021  018  028  052  062  040  004  001  003 
 019  018  025  017  012  012  015  020  026  030  046  056  045  012  009  008 
 019  008  005  005  008  014  019  022  022  013  019  046  050  028  008  012 
 002  000  001  010  002  010  016  018  010  000  001  034  056  044  014  000 
 000  000  000  012  002  000  004  008  003  000  000  024  062  052  022  014 
 002  006  006  002  003  001  000  003  002  000  000  022  066  052  027  028 
 010  000  000  000  004  006  001  006  011  010  003  021  064  047  029  035 
 006  000  000  000  006  005  000  008  021  025  014  008  054  044  032  038 
 000  000  000  003  000  000  000  003  016  018  006  000  046  047  036  040 
 000  002  015  008  003  000  002  000  007  014  013  002  038  047  036  042 
 000  007  014  002  008  012  010  007  010  020  031  027  031  038  036  044 
 002  010  014  003  002  006  006  006  008  018  032  033  016  022  030  042 
 011  025  023  007  000  000  000  000  003  010  021  027  019  002  014  034 
 015  029  023  014  012  010  010  006  000  000  008  019  020  007  000  027 
 015  022  014  005  012  016  014  009  002  000  002  009  016  011  000  022 
 016  013  014  010  000  000  000  000  000  000  001  002  006  008  000  012 

Celda18

 013  013  006  002  004  012  016  016  008  004  012  012  008  004  000  000 
 011  021  016  007  011  020  015  008  009  005  007  010  006  002  000  000 
 018  035  025  010  005  014  007  000  004  010  008  000  000  000  000  000 
 020  032  015  002  000  012  013  002  004  004  004  000  000  000  000  004 
 016  014  006  000  000  012  020  004  000  000  000  000  000  000  000  020 
 022  008  005  000  000  014  021  002  000  000  000  000  000  000  002  028 
 025  010  006  000  000  014  018  000  000  000  000  000  000  005  024  040 
 030  015  006  000  000  014  016  000  002  004  009  017  020  024  035  033 
 034  018  006  000  000  012  018  005  002  009  027  029  023  025  026  016 
 036  018  008  000  000  008  020  013  001  014  026  014  008  012  012  009 
 038  020  012  000  000  008  024  020  014  016  009  000  002  006  006  008 
 040  029  018  000  000  012  030  028  022  008  000  000  008  008  004  004 
 044  040  026  004  000  020  027  024  020  004  002  001  013  009  001  002 
 045  046  032  010  011  029  025  020  020  000  004  013  021  006  000  000 
 045  049  037  017  025  039  028  019  015  004  000  012  016  004  000  000 
 046  055  044  025  028  039  022  009  010  005  004  009  008  000  002  002 

Celda19

 002  038  036  009  001  002  001  000  004  010  018  020  008  022  057  052 
 014  035  018  001  000  000  000  000  002  007  012  016  007  002  054  061 
 022  030  014  003  000  000  000  000  003  010  012  016  016  006  041  064 
 029  022  014  006  000  000  000  006  006  011  017  022  025  019  019  058 
 029  014  014  008  000  000  000  010  004  002  011  020  024  018  000  048 
 022  003  010  009  000  000  001  008  002  000  000  004  014  017  009  035 
 016  000  006  011  000  000  000  004  001  000  000  000  012  024  024  022 
 008  004  008  013  000  000  000  000  000  002  000  008  018  028  028  012 
 002  006  013  012  002  002  002  000  000  007  004  010  022  030  029  020 
 006  011  016  011  008  008  003  000  000  006  000  004  018  028  033  032 
 007  007  006  004  008  010  010  010  006  000  001  013  019  019  032  036 
 002  000  000  003  005  012  015  012  004  000  006  022  016  009  023  030 
 001  000  000  006  006  002  006  004  000  000  014  025  013  005  012  016 
 004  002  003  002  004  003  000  000  000  000  019  022  012  007  004  010 
 008  008  001  000  000  009  000  000  000  000  024  022  013  005  002  014 
 006  010  000  000  000  013  000  000  000  009  034  025  012  004  004  014 

Celda20

 024  007  013  023  024  020  016  004  001  014  022  019  017  009  001  008 
 037  015  017  020  017  014  010  001  001  014  026  025  019  010  009  002 
 052  024  012  006  007  012  016  012  014  018  026  026  017  000  000  000 
 065  036  010  000  010  024  026  016  012  012  018  018  014  004  000  000 
 073  049  014  006  014  034  020  002  000  000  007  007  008  008  000  000 
 070  061  025  000  008  028  012  000  000  000  000  000  004  008  000  000 
 057  068  034  000  006  024  012  001  000  000  000  000  000  004  000  006 
 037  065  042  002  006  021  016  010  005  003  000  000  000  003  008  019 
 021  052  046  015  010  021  024  022  007  003  000  000  000  012  030  032 
 022  039  045  029  023  032  035  024  004  002  002  006  008  027  037  022 
 026  017  036  040  033  038  035  020  006  003  004  010  014  029  030  011 
 017  000  024  050  050  034  027  018  010  006  006  012  016  023  021  008 
 009  000  008  056  068  046  025  017  009  010  012  019  016  011  013  008 
 016  010  000  054  078  057  036  018  002  005  008  017  012  009  005  006 
 028  030  016  038  076  066  044  019  000  000  002  010  006  008  004  001 
 024  027  020  020  066  070  048  013  000  000  012  019  010  009  010  006 

Celda21

 006  006  012  014  016  019  025  034  043  044  042  036  027  001  006  030 
 007  000  000  000  000  007  020  034  042  044  050  058  050  028  010  021 
 002  000  000  000  000  010  023  026  026  030  038  053  052  053  050  040 
 000  000  000  006  017  020  014  006  002  010  022  037  033  048  064  062 
 002  002  002  018  023  009  000  000  000  000  009  016  008  022  043  054 
 009  011  003  011  013  000  000  000  000  000  008  002  000  014  025  025 
 022  016  000  008  014  000  000  000  000  004  008  000  001  018  015  009 
 027  004  000  005  014  000  000  000  010  020  008  000  007  017  010  016 
 015  000  000  002  010  003  003  006  015  013  003  000  019  022  005  014 
 003  002  006  005  003  004  006  014  016  000  000  002  029  018  004  008 
 006  011  016  014  008  007  007  014  015  000  000  011  027  011  004  005 
 005  010  006  006  006  012  017  017  004  000  000  019  020  012  008  008 
 002  000  000  000  002  015  019  009  002  000  008  012  006  006  007  006 
 000  000  000  000  002  010  008  000  000  002  006  008  004  010  010  000 
 000  000  000  002  006  006  005  002  004  010  006  000  002  012  015  003 
 000  000  015  024  023  020  017  020  025  021  014  007  012  018  020  018 

Celda22

 040  031  019  011  010  012  009  008  008  004  000  002  013  014  006  007 
 030  030  026  018  016  020  019  008  000  000  000  000  020  026  016  015 
 017  008  015  016  020  033  036  015  000  000  000  001  027  035  019  008 
 044  022  000  001  015  036  043  024  005  003  001  014  038  030  011  004 
 057  054  047  035  019  018  026  022  018  022  022  023  024  014  004  005 
 044  058  066  071  062  037  004  005  022  036  039  026  012  006  010  012 
 014  030  048  064  066  059  049  034  029  026  032  024  010  012  023  023 
 008  004  022  032  044  053  057  055  042  016  004  013  012  020  032  033 
 011  002  012  006  010  028  040  046  041  028  018  006  004  012  024  034 
 010  002  004  008  006  007  026  040  046  049  052  048  031  008  004  020 
 007  000  000  004  019  014  003  015  027  040  052  054  050  044  036  018 
 005  000  000  000  016  016  006  000  000  009  017  023  035  050  062  059 
 002  000  002  002  006  007  007  009  004  000  000  000  005  024  042  054 
 000  000  000  000  003  006  002  007  006  000  000  000  010  017  025  030 
 003  002  000  000  009  006  000  000  001  000  000  004  016  017  016  008 
 012  010  004  000  010  003  000  000  000  008  010  013  012  012  013  010 

Celda23

 009  000  000  003  000  000  011  031  029  019  006  002  002  026  027  004 
 009  008  010  013  006  008  018  017  011  012  000  002  004  024  024  000 
 004  001  006  000  000  000  004  000  007  014  000  000  002  020  023  000 
 008  008  000  000  000  000  000  000  008  016  006  000  000  015  022  000 
 010  009  000  000  002  000  000  000  011  015  010  002  004  018  021  000 
 008  002  000  002  006  000  000  008  012  011  012  009  010  018  019  003 
 010  000  000  002  000  000  000  014  012  010  015  011  008  012  016  000 
 020  006  000  000  000  000  006  016  012  014  018  007  000  010  022  000 
 034  020  000  000  000  004  016  014  010  014  015  004  000  012  026  000 
 035  028  007  000  000  018  022  006  004  010  010  006  005  017  028  000 
 012  014  012  012  016  024  018  002  002  008  008  008  010  022  032  000 
 036  004  005  016  018  022  019  010  010  014  010  008  009  026  038  000 
 058  051  037  014  000  009  017  020  024  022  014  006  006  027  044  000 
 046  056  056  046  030  010  005  017  024  022  018  012  006  028  049  000 
 014  024  031  038  044  042  032  021  006  006  014  020  013  032  057  000 
 000  000  008  018  026  034  044  047  038  018  000  014  014  042  068  000 

Celda24

 000  000  000  006  012  011  026  019  005  007  012  020  019  012  014  015 
 000  000  000  006  012  012  028  020  006  006  012  020  009  001  000  006 
 000  000  002  004  004  005  023  015  006  008  020  018  008  004  009  021 
 001  002  002  000  000  000  020  015  010  014  028  020  016  016  029  038 
 001  002  000  000  000  000  027  025  014  016  024  013  012  016  033  033 
 001  001  000  000  002  007  039  030  010  010  012  005  008  015  028  019 
 000  000  000  002  006  008  035  024  004  006  013  014  014  019  019  011 
 000  001  003  002  000  000  028  022  002  004  019  020  015  012  011  013 
 000  002  005  006  002  000  032  026  000  000  018  013  004  002  006  013 
 001  002  005  010  016  014  035  029  000  001  017  008  000  000  006  008 
 000  000  004  012  020  020  030  025  000  002  020  013  006  006  012  008 
 000  000  000  003  010  011  009  016  000  002  019  014  006  008  012  011 
 000  000  000  000  000  004  000  011  000  003  024  015  000  000  004  006 
 001  000  000  006  007  005  002  008  000  000  024  022  005  000  000  004 
 005  008  008  002  018  004  008  008  000  000  020  030  014  000  000  001 
 005  010  012  000  020  000  004  004  000  000  017  036  018  000  000  000 

Celda25

 016  015  008  007  002  000  000  000  000  000  000  004  010  013  006  000 
 014  017  015  010  003  000  000  000  002  006  010  018  024  029  030  018 
 024  021  018  018  019  020  020  014  010  016  025  028  028  032  044  044 
 030  021  015  012  016  021  022  017  012  014  020  023  020  026  042  050 
 019  014  012  012  013  010  008  011  015  014  011  014  020  026  038  049 
 008  008  014  016  012  006  006  012  020  022  018  018  022  026  030  040 
 011  012  014  014  012  010  013  021  027  026  024  024  024  023  022  026 
 018  016  014  012  012  014  016  024  022  016  016  018  022  024  022  021 
 014  011  008  008  008  010  010  013  005  001  002  008  014  016  016  014 
 006  006  000  002  002  005  010  008  001  000  000  000  000  000  002  004 
 005  010  004  004  006  017  019  018  012  008  002  000  000  000  000  000 
 014  018  008  007  010  026  021  016  015  014  008  000  000  000  000  000 
 008  006  000  000  008  018  010  006  006  006  008  010  010  012  006  004 
 004  002  002  002  004  010  008  000  000  000  006  015  018  013  010  010 
 002  002  006  003  000  009  012  000  000  000  005  008  008  007  009  013 
 006  013  012  000  000  010  012  000  000  004  005  003  002  002  006  012 

Celda26

 044  065  052  032  033  036  014  004  011  014  012  006  002  000  003  006 
 032  067  057  036  036  038  020  013  023  021  011  004  000  002  002  004 
 031  055  058  041  036  036  026  018  017  012  007  008  009  007  001  000 
 034  042  052  044  040  036  026  018  016  010  006  002  008  008  002  000 
 040  016  038  045  048  041  025  014  012  011  010  008  001  000  000  000 
 039  016  016  042  055  050  032  016  008  006  010  012  002  000  000  000 
 032  020  000  036  058  058  038  016  002  002  012  013  000  000  000  000 
 024  020  004  026  061  068  045  011  000  000  013  012  000  000  000  004 
 016  018  008  013  059  079  058  019  010  002  008  010  000  000  000  006 
 010  019  018  004  050  084  071  018  002  008  012  014  004  002  000  003 
 008  022  028  012  034  082  074  024  000  000  012  020  012  010  012  016 
 008  024  032  016  012  076  072  032  006  002  014  020  010  009  014  023 
 008  018  027  022  000  064  072  041  018  008  017  018  000  003  009  010 
 010  012  021  032  025  039  070  048  024  014  018  014  000  000  012  009 
 015  016  023  037  039  015  056  050  028  025  022  004  000  022  023  019 
 018  022  024  030  032  016  029  048  040  038  022  000  000  038  030  012 

Celda27

 000  006  000  000  003  015  001  000  003  019  039  020  006  002  007  009 
 000  000  000  000  008  016  005  000  003  022  031  016  006  002  008  005 
 000  000  000  002  007  013  003  000  000  021  026  016  006  000  010  006 
 000  004  010  012  012  009  000  000  005  028  023  012  006  004  015  016 
 001  004  011  013  014  010  005  010  028  035  016  004  008  013  021  023 
 000  001  007  007  007  006  004  018  037  027  011  003  010  020  018  015 
 000  002  009  006  000  000  000  021  029  009  004  003  013  018  012  010 
 004  008  010  007  000  000  000  020  022  000  000  000  009  010  007  011 
 016  016  011  008  002  000  000  016  022  001  000  000  004  000  003  016 
 020  018  011  010  003  000  000  012  019  003  000  002  000  000  004  020 
 028  016  009  006  000  000  000  010  010  000  000  006  001  000  009  017 
 028  021  024  015  010  010  027  022  001  000  000  012  010  008  010  012 
 008  011  018  008  014  031  045  026  012  000  000  010  009  012  016  012 
 003  015  011  000  003  026  022  005  004  012  017  008  000  009  020  012 
 017  033  018  010  009  014  003  000  000  015  030  030  020  009  014  006 
 019  033  017  016  011  011  000  000  002  016  023  025  028  031  032  020 

Celda28

 014  022  026  016  046  068  052  014  000  008  028  024  005  002  006  008 
 008  021  033  026  018  056  059  030  016  031  028  008  000  000  000  008 
 007  024  038  035  015  036  062  050  031  027  006  000  000  002  010  013 
 016  032  044  050  040  024  054  060  042  016  000  000  000  008  016  011 
 022  024  036  048  046  027  039  058  048  020  000  000  001  013  022  011 
 010  004  014  028  036  032  028  048  050  027  001  005  008  028  034  015 
 008  005  002  010  027  035  020  028  051  036  006  007  013  034  031  012 
 010  008  006  002  018  028  018  002  048  047  018  004  012  023  019  006 
 018  011  008  004  009  019  018  002  036  054  034  012  009  012  014  005 
 022  014  010  012  001  004  008  005  019  052  047  024  005  002  010  009 
 018  014  014  013  000  000  000  002  002  040  051  036  010  000  005  012 
 014  015  016  012  000  000  000  012  009  020  044  046  022  000  002  014 
 010  015  018  013  000  000  012  022  024  011  026  048  032  002  004  014 
 008  017  024  020  008  002  010  016  021  016  000  036  040  011  008  016 
 002  017  030  028  015  005  000  000  004  005  000  014  045  026  014  016 
 014  011  023  030  016  005  002  000  000  000  000  000  042  042  024  020 

Celda29

 010  021  038  034  031  031  026  024  029  018  012  006  016  023  031  029 
 018  032  036  022  017  014  009  010  016  002  000  000  013  023  030  017 
 013  019  018  007  003  000  000  007  008  000  000  000  015  028  019  000 
 000  002  008  006  001  000  000  016  008  001  000  000  020  024  013  000 
 000  000  008  008  002  000  000  016  012  004  012  016  032  017  002  001 
 008  012  014  005  002  001  007  010  012  000  011  024  033  010  000  000 
 012  018  010  002  002  004  008  007  004  000  000  018  012  002  000  000 
 008  006  000  000  003  004  000  000  000  000  004  011  000  000  000  000 
 000  000  000  000  002  000  000  002  000  000  006  010  000  000  000  000 
 000  000  000  000  000  000  000  005  002  000  004  008  003  000  002  005 
 000  000  002  006  008  006  006  008  000  000  005  005  005  001  007  012 
 002  000  004  012  013  010  004  002  000  005  014  013  012  004  002  011 
 003  000  002  002  000  000  000  000  004  013  017  016  013  005  000  011 
 006  000  004  003  000  000  002  000  012  024  018  015  012  010  008  010 
 011  005  006  004  000  004  006  004  021  030  009  004  009  008  008  000 
 014  006  008  007  000  000  000  000  022  021  000  002  011  000  000  000 

Celda30

 012  009  008  005  004  000  000  000  006  020  019  006  000  003  010  008 
 003  002  004  004  007  007  006  006  012  017  012  000  000  000  012  008 
 000  000  003  004  008  006  011  016  020  022  012  002  006  006  016  015 
 000  000  004  004  002  000  007  020  020  022  016  016  020  022  027  025 
 003  000  000  004  007  009  009  011  005  004  006  011  015  017  016  016 
 004  000  000  000  016  014  010  009  001  000  007  010  002  008  008  008 
 004  000  000  006  020  011  014  012  004  000  008  014  004  004  008  012 
 006  002  008  024  031  014  011  004  000  002  018  015  004  006  009  017 
 012  016  022  034  031  010  003  000  000  007  019  003  002  014  019  019 
 021  025  026  026  012  000  002  005  006  018  013  000  003  025  026  018 
 024  021  016  013  006  007  010  016  018  020  009  006  015  028  021  007 
 019  008  012  014  008  011  010  008  006  002  000  002  011  015  012  004 
 009  000  008  020  010  000  000  000  000  000  000  000  008  010  006  004 
 005  000  010  022  007  000  000  000  002  005  000  000  010  010  004  005 
 000  002  016  019  000  000  000  006  004  000  000  000  015  014  008  008 
 000  008  022  014  000  000  005  000  000  000  000  012  026  019  007  009 

Celda31

 000  000  000  000  004  014  028  038  042  043  037  020  002  042  074  000 
 000  000  004  000  000  010  026  022  030  042  052  053  042  047  070  000 
 008  013  021  017  022  028  028  023  024  034  046  057  060  052  082  022 
 018  031  038  030  030  025  022  024  021  023  029  036  042  044  079  036 
 017  024  019  011  016  018  018  025  020  018  017  015  020  030  066  031 
 018  018  008  008  013  017  020  026  020  016  011  005  007  023  047  016 
 025  020  016  024  023  016  016  020  014  012  010  008  006  018  031  003 
 025  017  017  025  019  013  012  014  007  006  010  014  010  008  024  000 
 020  014  016  022  015  012  012  011  006  004  004  006  000  000  024  000 
 015  014  019  023  014  008  008  006  004  002  000  000  000  000  028  000 
 004  011  018  015  004  000  000  000  000  000  000  000  000  000  032  000 
 004  011  012  003  000  000  000  000  000  000  000  000  000  011  047  013 
 006  012  010  000  000  002  000  000  002  000  000  002  012  039  058  021 
 006  008  004  000  002  010  008  006  001  003  005  016  023  037  036  005 
 010  013  009  010  017  019  010  008  013  016  014  018  014  008  016  000 
 021  026  022  020  011  002  007  011  018  017  011  004  000  000  011  000 

Celda32

 002  006  008  000  012  006  000  004  003  000  012  039  023  000  002  006 
 000  002  007  001  000  020  010  010  012  006  003  038  030  002  003  009 
 000  000  004  006  000  024  029  013  011  004  000  039  034  006  000  004 
 000  000  000  006  006  015  038  020  001  000  000  040  036  004  000  007 
 000  000  000  004  014  006  034  028  000  000  000  038  040  002  000  009 
 000  000  000  000  013  012  022  033  000  000  000  034  047  006  000  006 
 000  000  000  000  008  012  006  032  000  000  000  030  058  014  000  000 
 000  000  000  000  000  010  004  022  000  000  000  024  065  024  000  000 
 000  000  000  000  011  004  008  007  000  000  000  013  064  032  000  000 
 000  000  000  000  020  000  004  000  000  000  012  005  051  042  000  003 
 000  000  000  000  020  004  000  000  000  000  020  018  030  046  012  010 
 001  001  000  000  012  005  000  000  000  013  012  012  006  043  029  000 
 000  000  000  000  004  002  000  000  007  021  001  000  000  034  036  006 
 000  000  000  000  000  000  000  008  017  015  000  000  000  022  034  016 
 000  000  000  000  000  000  006  012  010  003  000  000  000  014  032  023 
 000  000  000  000  000  000  016  011  001  000  000  000  000  010  030  022 

Celda33

 018  018  008  004  003  010  009  002  004  009  008  006  007  007  006  006 
 016  013  007  008  009  007  007  006  009  008  009  010  014  014  006  000 
 012  013  011  009  008  004  004  008  006  000  005  008  008  006  002  000 
 014  017  010  001  000  000  001  006  006  004  001  000  000  000  000  004 
 018  020  011  000  000  000  000  004  004  008  000  000  000  000  000  008 
 022  020  010  002  000  000  000  001  005  010  000  000  000  006  009  004 
 026  018  006  003  000  000  000  001  008  006  000  000  000  019  008  000 
 027  021  004  002  002  002  001  003  008  000  000  000  017  022  006  002 
 022  029  010  000  001  010  008  007  007  000  000  000  025  017  009  012 
 006  031  022  000  000  016  014  004  002  000  001  008  025  011  006  010 
 006  017  028  006  003  018  016  003  001  000  002  012  015  008  002  000 
 000  000  024  016  010  020  015  003  001  003  005  006  002  004  003  000 
 000  000  020  022  014  018  016  006  000  002  008  004  000  000  000  000 
 000  000  014  025  014  013  014  006  000  002  013  008  000  000  000  000 
 000  000  006  024  016  009  008  000  000  009  016  010  000  000  000  004 
 000  000  001  025  020  008  000  000  006  017  011  004  000  001  008  010 

Celda34

 010  013  015  020  026  020  000  042  051  046  020  000  000  045  040  001 
 000  000  006  017  028  027  005  029  056  051  019  000  002  046  038  006 
 000  000  006  016  024  026  013  009  059  059  022  000  014  052  029  004 
 003  004  008  014  018  028  029  015  056  064  023  000  027  059  030  006 
 008  005  007  010  018  034  044  032  048  059  024  002  034  059  027  012 
 003  002  002  006  020  036  042  031  020  050  028  010  039  052  019  006 
 000  003  002  008  018  024  027  026  012  040  033  016  039  046  016  002 
 007  008  007  010  008  008  014  022  017  031  031  018  040  042  012  002 
 012  007  004  004  000  002  014  022  015  010  025  017  039  044  013  002 
 004  000  000  000  000  002  016  026  018  000  018  018  038  048  021  005 
 000  000  000  000  000  000  010  021  023  007  006  021  043  052  028  010 
 000  000  004  002  002  002  002  012  024  016  000  026  056  053  029  015 
 000  005  003  002  004  002  000  004  013  012  000  032  064  048  028  022 
 001  000  000  000  000  000  000  000  000  003  007  033  061  042  032  030 
 002  000  000  000  000  000  000  000  000  010  020  024  050  042  036  034 
 001  002  007  006  000  000  000  000  011  028  032  014  038  042  038  035 

Celda35

 000  012  002  002  007  015  012  010  008  020  013  012  022  038  040  038 
 004  010  004  000  000  006  000  002  006  020  007  005  011  028  021  023 
 008  011  004  000  000  004  000  000  000  022  008  006  000  010  002  000 
 014  016  005  000  000  000  000  000  012  024  008  008  002  002  004  007 
 021  018  002  000  000  001  000  003  025  025  005  008  010  006  007  012 
 015  009  001  002  004  004  004  016  031  019  001  004  010  012  018  024 
 007  005  000  007  009  004  000  011  018  009  002  000  002  006  015  026 
 012  013  009  010  010  008  003  006  011  010  006  000  000  000  012  022 
 016  022  010  002  000  002  004  000  003  013  009  000  000  006  014  014 
 014  022  010  000  002  000  000  000  000  013  010  000  005  010  010  005 
 011  013  006  001  003  000  000  000  000  010  009  003  006  009  007  000 
 009  004  003  004  000  000  001  004  008  014  010  005  003  004  006  004 
 014  008  008  003  000  000  008  005  009  010  009  006  000  000  007  013 
 017  008  006  002  001  000  007  009  008  007  011  006  000  000  007  018 
 017  004  002  000  005  011  004  006  014  012  014  007  005  004  003  014 
 016  000  002  010  015  012  008  000  016  018  014  006  010  008  002  004 

Celda36

 040  039  027  013  008  002  010  008  000  000  000  000  028  050  038  028 
 028  034  032  016  000  000  014  014  004  000  002  000  012  048  050  038 
 013  014  016  016  012  010  027  025  014  008  012  020  022  044  045  040 
 011  007  005  012  020  029  045  040  025  021  028  042  048  053  030  024 
 012  006  000  004  012  026  038  033  024  030  044  057  054  039  016  000 
 017  006  000  002  006  017  023  020  018  030  042  048  042  032  022  004 
 022  016  012  012  014  017  014  014  017  026  026  021  027  034  036  027 
 018  014  014  012  012  009  001  011  020  020  010  000  007  022  034  040 
 008  000  000  000  001  000  000  006  018  019  011  000  000  009  018  036 
 000  000  000  000  006  004  000  003  013  016  012  000  000  022  006  020 
 000  000  000  008  013  008  002  008  012  017  012  000  000  028  020  000 
 001  002  000  018  020  011  009  006  004  015  010  000  000  028  028  000 
 004  012  014  024  020  013  012  003  000  013  012  000  002  029  026  000 
 009  000  006  017  019  012  005  000  000  009  012  000  001  038  030  006 
 010  000  000  018  018  002  000  000  000  005  003  000  010  037  020  004 
 007  009  012  020  006  000  000  000  004  000  000  000  028  045  012  000 

Celda37

 016  004  008  008  000  000  000  002  024  011  000  005  010  000  000  000 
 018  002  006  010  000  000  000  017  024  000  000  013  014  004  004  002 
 024  008  006  013  007  004  006  026  018  002  008  026  019  010  009  007 
 026  020  016  018  006  000  003  024  012  005  010  019  010  002  002  005 
 020  032  030  024  004  000  008  024  006  000  003  016  010  000  000  000 
 004  034  042  031  006  000  014  018  000  000  000  016  012  000  000  005 
 008  020  042  034  014  012  018  009  000  000  001  014  012  000  000  010 
 035  018  022  028  026  027  019  000  000  000  004  012  009  001  003  010 
 041  031  006  013  034  041  022  000  000  000  014  013  004  002  003  004 
 025  023  014  000  034  046  026  002  008  025  028  016  010  012  010  006 
 008  015  020  020  030  034  028  018  020  029  015  006  003  016  020  022 
 005  016  025  032  025  010  025  031  028  019  006  008  004  015  018  013 
 008  016  022  030  028  018  021  032  029  022  006  007  012  022  015  000 
 006  011  018  024  030  032  020  017  026  024  014  002  009  018  002  000 
 004  008  014  018  022  027  023  007  021  028  012  002  010  008  000  000 
 003  008  012  010  008  010  014  010  010  031  014  000  001  010  002  000 

Celda38

 000  010  022  009  000  000  008  000  000  000  010  025  034  018  006  015 
 000  002  016  010  002  006  006  000  000  002  016  030  035  011  008  022 
 006  000  003  009  012  012  002  000  000  004  016  030  027  002  004  016 
 014  022  018  010  012  006  000  000  004  008  016  026  020  000  000  009 
 014  021  028  028  022  007  000  000  006  014  025  024  012  000  000  009 
 014  009  014  018  017  017  017  010  000  014  026  020  004  000  002  017 
 012  006  000  000  000  008  018  022  018  022  019  006  000  000  010  024 
 008  004  000  000  002  000  000  002  007  022  015  000  000  000  012  018 
 002  002  004  007  006  000  000  000  002  014  000  000  000  000  006  002 
 003  004  008  005  000  000  000  000  010  017  000  000  000  006  006  000 
 022  026  020  008  000  000  000  000  010  014  000  000  000  016  010  002 
 015  016  007  000  001  006  009  012  015  005  000  000  005  024  019  013 
 000  000  000  000  000  000  000  007  008  000  000  000  031  044  027  010 
 000  000  000  000  000  002  000  001  000  000  000  011  043  036  008  000 
 000  000  000  000  000  000  000  000  000  000  002  030  027  011  000  000 
 000  000  000  000  000  000  000  000  000  000  034  032  006  002  000  000 

Celda39

 033  023  007  001  000  000  012  016  006  000  000  000  000  004  021  011 
 030  000  000  000  000  000  016  010  000  000  000  002  007  020  033  020 
 014  000  000  000  002  011  010  000  000  000  001  016  025  022  021  006 
 007  000  000  000  012  016  000  000  000  000  016  032  021  008  012  000 
 008  000  000  000  012  011  000  000  002  017  032  028  004  002  012  000 
 014  000  002  004  001  000  000  003  014  024  023  009  000  000  016  000 
 016  000  000  000  000  000  003  018  021  016  012  002  000  000  020  000 
 008  000  000  002  000  002  018  025  016  004  002  001  000  004  022  000 
 000  000  014  016  006  005  014  014  003  000  000  002  003  010  026  003 
 000  002  019  018  002  004  020  020  004  000  000  000  006  017  031  001 
 015  026  023  002  000  002  022  022  006  000  000  000  006  024  038  001 
 016  012  002  000  000  006  018  016  002  000  002  004  011  036  051  010 
 000  000  000  000  000  017  018  004  000  000  004  012  022  038  042  000 
 000  000  000  000  008  012  008  000  000  000  000  014  026  040  043  000 
 000  000  000  000  010  008  003  004  000  006  009  010  020  035  046  000 
 008  005  010  010  014  011  005  010  019  021  031  034  034  042  055  008 

Celda40

 000  000  000  000  000  002  019  011  000  000  000  004  000  005  028  016 
 001  000  000  000  000  007  015  009  000  004  000  002  006  002  025  010 
 003  006  010  006  000  010  010  006  000  003  000  000  005  006  029  019 
 000  002  008  014  012  020  018  007  000  000  000  000  006  004  024  024 
 000  000  003  017  021  022  021  010  004  000  000  003  013  011  021  029 
 001  004  012  022  026  016  014  004  004  006  012  024  031  030  035  044 
 005  010  018  024  026  020  004  000  002  015  036  045  037  038  040  049 
 003  006  010  014  020  020  008  000  004  027  037  026  013  016  017  030 
 000  000  000  000  002  008  004  000  014  025  013  003  000  000  000  014 
 000  000  000  000  002  000  000  003  020  018  006  001  000  004  000  008 
 000  000  000  000  006  000  004  013  024  021  013  014  012  012  010  004 
 001  002  004  008  016  010  015  020  021  020  018  017  012  012  012  010 
 001  004  008  010  016  011  016  018  012  004  010  006  000  001  002  004 
 000  000  000  000  007  001  012  010  005  000  009  010  000  000  000  000 
 000  000  000  000  010  008  006  000  001  000  004  013  000  000  000  000 
 000  000  000  000  014  014  007  000  000  007  007  015  000  000  000  000 

Celda41

 000  000  000  028  026  008  000  000  014  018  002  000  002  010  016  013 
 000  000  000  028  030  008  000  006  018  012  000  000  005  016  020  014 
 013  012  004  022  030  006  000  011  019  011  004  004  011  018  018  012 
 014  017  010  016  031  006  000  013  020  010  007  009  013  011  010  010 
 009  010  012  019  039  014  008  027  035  018  007  010  010  003  001  008 
 013  009  012  016  039  019  014  037  046  033  026  017  015  009  009  021 
 018  009  004  005  037  029  021  035  043  036  028  020  010  013  018  028 
 012  008  006  007  041  035  016  018  027  021  002  000  000  012  015  016 
 000  006  013  012  034  026  004  006  024  019  000  000  000  013  020  013 
 001  000  008  004  018  024  010  012  024  012  000  000  000  018  018  010 
 004  002  006  004  008  020  013  016  020  002  000  000  009  014  009  003 
 014  014  017  018  019  025  009  010  012  000  000  002  018  015  003  000 
 018  020  020  020  019  025  010  001  007  000  007  012  019  012  000  000 
 021  019  012  012  009  012  006  009  011  016  017  017  016  005  000  000 
 020  012  002  006  004  004  002  003  002  014  015  006  000  002  002  010 
 017  018  000  002  002  000  004  000  000  015  012  000  000  006  009  009 

Celda42

 004  004  006  004  002  002  006  014  024  032  028  012  022  037  038  042 
 007  004  000  000  003  009  012  015  016  014  010  000  002  030  045  054 
 006  000  000  000  011  015  012  006  000  000  000  000  000  028  056  064 
 004  000  004  018  012  013  011  001  000  000  000  000  000  030  065  068 
 006  006  018  019  004  001  001  000  000  004  012  016  006  027  066  065 
 028  026  019  012  002  000  000  000  006  011  016  022  018  018  057  062 
 029  019  010  011  006  003  000  001  005  008  011  019  021  008  044  059 
 013  008  006  009  007  008  010  006  002  002  006  017  026  016  031  054 
 008  006  002  004  003  006  009  006  004  002  003  011  022  018  027  050 
 005  002  004  009  006  000  000  000  000  001  000  003  010  010  014  046 
 000  000  004  013  012  000  000  000  000  000  003  006  007  003  001  042 
 000  000  006  013  010  000  000  000  000  004  010  014  014  005  000  038 
 000  000  005  010  007  002  000  000  002  006  007  010  012  005  000  032 
 004  004  000  007  007  003  000  000  000  000  000  000  000  000  000  022 
 009  006  004  005  007  002  000  002  002  000  000  000  000  000  004  010 
 001  000  004  012  013  007  006  007  004  000  002  004  010  022  027  014 

Celda43

 021  000  002  020  022  004  004  004  016  018  018  007  008  005  000  000 
 028  000  004  024  018  000  000  006  017  022  021  006  002  004  003  000 
 032  000  005  024  016  002  000  004  012  016  013  002  000  002  004  000 
 033  000  005  022  015  010  005  000  006  010  006  002  000  000  000  000 
 036  003  006  020  015  012  006  000  001  002  000  002  004  000  000  000 
 045  014  016  027  019  008  002  000  000  000  000  000  000  000  000  000 
 054  024  014  025  018  002  000  000  006  010  010  004  000  000  000  002 
 052  028  021  030  021  008  002  004  012  011  004  002  000  000  006  008 
 044  026  026  036  025  000  000  002  014  006  000  000  000  000  008  009 
 036  024  027  032  025  000  000  000  011  005  000  000  000  000  014  017 
 034  025  028  024  016  002  000  004  009  006  002  000  006  011  022  022 
 040  032  032  018  004  002  004  008  011  010  006  006  014  020  019  015 
 048  042  038  016  000  000  009  014  014  010  006  004  006  005  002  006 
 056  054  046  018  000  000  010  016  014  008  002  002  006  006  002  003 
 060  061  049  022  000  004  018  011  008  008  000  000  003  010  010  002 
 056  062  047  026  008  022  027  010  003  009  001  000  001  011  012  000 

Celda44

 003  014  022  014  000  000  000  005  011  000  000  000  042  049  008  000 
 000  012  023  014  000  000  000  002  010  000  000  009  050  040  002  000 
 000  007  016  015  006  000  000  000  008  008  006  017  048  029  000  000 
 000  006  014  015  010  000  000  000  015  019  009  021  045  021  000  002 
 000  007  017  016  006  000  000  000  021  026  011  019  036  013  002  008 
 004  006  017  015  003  000  005  011  024  023  007  013  029  008  000  000 
 010  014  020  013  003  001  005  006  011  016  000  013  036  008  000  000 
 008  010  012  007  002  000  000  000  004  005  000  016  040  006  000  000 
 007  002  000  000  000  000  000  000  000  000  000  021  037  006  000  000 
 011  006  000  000  001  002  000  002  000  000  000  024  037  013  006  018 
 011  007  004  005  009  008  010  013  006  004  006  023  034  022  007  017 
 006  003  010  018  023  018  017  009  001  006  020  032  016  019  016  014 
 006  000  004  017  013  009  002  000  002  014  043  033  016  002  019  020 
 002  000  006  008  000  000  000  005  014  029  042  022  022  014  006  018 
 000  004  012  010  000  000  005  025  015  013  018  000  012  023  018  005 
 000  007  018  011  000  006  025  025  002  004  016  002  006  018  025  018 

Celda45

 002  007  006  003  000  000  004  006  000  026  024  000  000  004  012  004 
 007  006  000  000  002  004  004  004  000  017  034  005  005  000  006  000 
 012  008  000  004  013  014  005  002  007  012  030  012  000  000  000  000 
 013  006  004  011  011  006  000  000  005  004  011  006  000  000  000  004 
 006  001  007  014  000  000  000  000  000  002  000  000  004  013  019  030 
 000  000  008  012  000  000  000  000  002  011  016  018  023  040  039  032 
 000  000  010  010  000  000  000  008  013  013  018  023  026  035  026  015 
 000  005  015  012  003  010  014  020  016  007  007  008  006  015  010  008 
 011  030  035  021  012  009  014  022  018  008  001  000  000  014  001  000 
 038  046  034  015  009  010  014  026  019  009  000  000  006  023  005  000 
 030  027  012  010  011  011  011  014  002  000  000  000  013  018  000  000 
 018  016  006  002  003  000  000  005  000  000  000  015  009  008  000  000 
 017  016  012  007  002  000  000  000  002  000  006  008  000  002  008  006 
 022  020  012  004  002  000  000  000  002  006  010  006  000  004  018  007 
 028  030  014  000  000  000  002  012  019  016  011  003  000  008  023  000 
 023  035  016  006  005  002  004  012  019  016  016  014  009  006  021  000 

Celda46

 000  000  000  000  000  000  000  000  000  040  057  020  003  001  011  015 
 000  000  000  003  000  000  000  006  027  067  048  015  012  025  032  019 
 000  000  012  015  011  010  004  003  036  057  023  010  012  025  020  008 
 004  001  020  020  001  000  000  001  037  038  002  000  006  015  004  000 
 036  032  027  006  000  000  000  016  039  025  000  000  005  008  000  000 
 036  034  024  006  000  000  006  028  036  017  000  002  012  006  000  000 
 012  016  016  012  004  000  008  031  028  014  006  011  016  008  004  010 
 003  004  006  002  002  004  009  024  014  005  014  026  025  014  005  011 
 014  002  006  002  001  006  018  027  002  000  012  034  035  020  006  000 
 016  016  001  006  006  008  027  032  020  020  012  022  032  023  006  000 
 006  022  000  000  006  013  037  033  022  028  026  008  010  016  006  000 
 000  014  006  000  006  021  039  022  010  010  012  012  001  000  003  000 
 006  000  006  000  000  023  023  002  000  000  000  006  009  006  000  000 
 006  000  000  003  008  013  005  000  000  000  000  000  000  000  001  000 
 000  000  000  002  016  012  000  000  000  000  000  000  000  000  000  002 
 000  000  001  000  013  010  000  000  000  000  000  000  002  007  010  011 

Celda47

 019  015  020  024  029  033  027  028  032  028  027  034  035  049  063  018 
 010  009  008  016  026  033  027  025  020  012  010  015  020  038  051  014 
 003  002  002  000  011  018  013  010  008  000  006  016  014  021  032  002 
 000  000  000  005  012  012  007  000  000  000  000  018  018  020  031  000 
 000  000  000  006  013  009  006  004  000  000  000  016  016  022  035  000 
 000  000  000  008  011  007  006  004  000  000  002  013  012  024  039  000 
 006  000  006  012  005  006  008  002  000  000  003  013  002  021  044  000 
 010  004  010  015  001  003  008  000  000  000  012  008  000  014  048  000 
 000  000  010  014  000  000  000  000  000  000  016  011  000  012  054  000 
 000  000  008  010  000  000  000  000  000  000  013  012  000  022  062  004 
 000  005  008  004  000  000  000  000  000  000  008  010  000  040  081  015 
 004  010  011  008  000  000  000  012  017  020  014  005  005  046  076  006 
 000  007  020  024  018  016  016  026  027  020  014  006  004  044  070  000 
 000  000  026  041  026  013  014  018  017  009  012  011  006  037  066  000 
 004  000  016  043  039  016  002  006  010  003  006  008  011  043  069  006 
 010  009  005  027  033  025  017  014  012  002  000  000  001  041  068  009 

Celda48

 000  000  000  000  014  018  008  000  000  006  008  004  000  000  005  000 
 000  000  000  000  013  018  010  002  002  002  001  000  001  000  009  008 
 001  002  001  000  016  019  008  003  006  004  004  003  000  009  000  004 
 002  004  005  004  018  019  010  003  006  006  006  014  012  003  000  000 
 000  000  000  000  014  018  008  000  002  006  000  006  008  002  000  002 
 000  000  000  000  012  016  010  003  001  004  006  001  003  000  000  005 
 000  000  000  000  010  012  013  009  002  004  011  005  004  001  000  006 
 001  003  007  008  007  006  013  013  006  007  011  002  002  006  004  007 
 001  002  005  005  002  002  010  013  008  008  009  002  000  001  002  000 
 000  000  000  000  002  001  005  009  007  007  006  000  000  000  000  000 
 000  000  000  002  002  000  000  004  004  005  004  000  000  000  000  000 
 000  001  004  004  000  000  000  002  000  004  002  000  000  006  000  000 
 000  000  000  000  000  000  000  002  001  004  000  000  001  010  000  000 
 000  000  000  000  000  000  000  001  004  004  000  000  002  014  004  000 
 001  000  000  000  000  000  000  000  002  000  000  000  006  018  009  000 
 001  002  000  000  000  000  000  000  000  000  000  000  011  019  011  003 

Celda49

 010  026  002  002  002  002  008  006  004  014  012  000  000  008  012  004 
 000  029  012  000  001  002  017  012  009  009  009  000  000  003  014  008 
 000  022  020  000  000  001  018  004  005  000  004  000  000  000  016  012 
 000  012  024  000  000  000  020  009  004  002  000  000  000  004  020  015 
 010  019  028  002  000  000  021  020  008  009  006  006  010  020  029  023 
 015  024  026  002  000  000  025  021  005  009  011  010  011  019  021  016 
 008  013  010  000  000  000  029  022  002  000  007  010  008  006  006  007 
 000  002  001  000  000  000  030  024  008  007  004  004  001  000  002  008 
 000  002  000  000  000  000  029  027  014  014  008  000  000  000  001  007 
 002  008  002  000  000  000  031  034  019  011  004  000  000  001  002  005 
 002  016  007  002  004  000  032  041  021  003  000  000  000  010  011  014 
 000  024  016  010  014  008  026  045  020  000  000  000  009  015  019  025 
 000  029  028  006  011  004  016  046  023  000  006  013  014  017  024  027 
 000  030  037  000  002  003  006  047  028  013  019  015  014  022  025  017 
 000  026  038  001  000  006  004  046  034  017  012  004  008  018  016  006 
 006  017  034  008  002  008  003  042  041  014  006  004  004  008  012  004 

Celda50

 000  000  010  018  017  014  010  000  000  000  000  009  021  032  034  018 
 000  008  021  023  023  019  012  000  000  000  000  000  008  016  021  012 
 006  017  025  025  024  014  010  008  008  004  002  000  000  001  011  012 
 014  024  025  022  014  004  004  013  020  020  014  010  004  002  010  015 
 022  025  019  013  002  000  004  014  018  020  020  020  015  010  010  014 
 015  014  010  010  002  000  005  012  016  018  021  022  020  013  009  012 
 010  009  006  008  006  000  003  005  008  014  018  018  015  011  010  015 
 012  009  006  008  008  000  000  002  003  012  013  010  010  011  014  018 
 013  012  008  008  005  000  000  006  011  010  008  006  007  010  014  017 
 012  016  016  009  000  000  002  012  016  005  002  000  002  008  014  018 
 021  027  025  007  000  000  010  017  015  000  000  000  000  006  013  022 
 027  028  019  002  000  004  011  011  008  000  000  000  000  002  006  015 
 021  016  005  000  000  003  005  006  004  000  000  000  000  004  002  004 
 005  002  000  000  000  000  000  000  003  000  000  000  002  003  001  001 
 000  002  003  000  000  000  000  000  004  000  000  000  000  000  000  003 
 000  000  008  005  000  000  000  000  003  001  000  000  000  000  000  004 

Celda51

 045  058  042  034  021  027  022  012  010  017  006  006  009  014  006  000 
 030  053  042  042  032  020  008  003  008  016  006  004  003  003  002  000 
 012  056  054  057  038  014  006  000  010  016  008  002  000  000  000  001 
 003  060  071  058  031  005  000  008  018  013  005  002  000  000  000  006 
 006  057  080  049  022  006  004  004  021  014  000  004  002  004  010  021 
 010  044  088  061  032  014  008  002  016  018  000  004  008  018  023  020 
 014  032  090  077  043  018  012  012  027  022  001  000  009  029  023  012 
 016  016  084  084  042  014  018  020  036  017  002  000  017  034  023  020 
 014  000  066  087  061  017  012  019  022  006  004  008  034  042  029  024 
 017  004  044  082  073  038  004  008  002  000  006  024  041  040  022  010 
 026  018  024  071  076  055  021  004  000  000  006  020  027  027  011  000 
 024  024  019  060  076  063  028  000  000  000  007  012  019  020  006  000 
 013  017  007  052  074  060  025  004  000  004  005  015  026  016  002  000 
 009  013  002  042  070  052  022  014  015  002  005  028  033  009  000  002 
 012  016  006  030  066  049  022  019  024  009  007  032  020  000  000  002 
 008  012  010  023  060  044  023  018  020  013  020  032  007  000  000  004 

Celda52

 000  008  018  012  000  014  027  008  000  017  030  009  000  000  011  018 
 000  006  012  011  011  021  015  000  000  029  023  000  000  005  001  009 
 003  004  006  012  018  021  002  000  004  030  008  000  000  010  012  006 
 013  004  002  012  021  020  000  000  010  026  000  000  000  012  018  007 
 019  006  005  018  022  014  000  000  023  027  000  000  000  014  014  010 
 012  010  021  035  029  006  000  004  035  020  000  000  006  021  013  007 
 010  022  031  033  021  010  004  015  032  005  000  000  015  023  006  000 
 019  028  025  018  006  002  003  018  022  000  000  008  023  018  000  000 
 020  018  014  004  000  000  001  021  014  000  000  011  019  007  000  000 
 007  001  002  000  000  000  004  025  011  004  003  012  006  000  000  000 
 000  000  000  000  000  000  011  024  007  006  008  008  002  000  000  000 
 004  002  000  000  008  009  017  019  000  000  000  000  000  000  000  000 
 005  012  011  006  016  020  017  008  000  000  000  000  000  000  002  006 
 004  006  012  016  021  016  008  000  000  000  000  000  000  002  010  008 
 007  000  000  008  010  001  000  000  000  000  000  000  006  019  023  018 
 006  000  000  000  000  000  000  000  000  000  000  002  032  043  031  024 

Celda53

 014  026  022  003  004  008  010  012  007  000  004  005  003  000  015  000 
 013  008  015  014  008  009  010  002  000  000  003  000  000  000  010  000 
 012  006  000  013  023  017  000  000  000  002  000  000  000  004  006  000 
 004  000  000  001  026  028  006  000  000  004  000  000  000  011  000  000 
 000  000  000  000  012  023  013  000  000  000  000  000  002  010  000  000 
 000  000  006  013  004  000  012  016  008  000  000  000  008  008  000  003 
 000  000  008  010  004  000  003  020  016  000  000  000  014  009  002  019 
 000  000  003  000  000  000  004  002  008  008  005  014  025  013  002  016 
 000  000  000  000  000  000  004  002  000  014  028  031  027  011  001  008 
 002  000  000  000  000  009  002  006  010  013  032  029  012  000  000  000 
 002  000  000  000  006  024  012  012  016  021  022  016  012  002  000  000 
 000  000  002  014  027  038  029  029  030  031  023  004  000  004  000  000 
 000  002  011  022  034  041  032  028  027  020  013  010  001  000  000  004 
 001  006  010  014  022  022  013  006  003  000  000  000  006  000  000  014 
 016  011  005  004  007  006  006  000  000  000  000  000  000  001  000  011 
 018  008  003  003  009  005  004  000  000  000  000  000  000  000  008  006 

Celda54

 000  000  004  004  009  008  002  011  015  011  008  006  012  019  020  013 
 000  000  000  000  015  023  017  021  020  013  012  008  008  009  010  008 
 000  000  000  000  020  026  012  013  014  008  009  008  004  000  000  004 
 000  005  000  000  021  021  004  004  006  001  006  010  005  000  000  001 
 004  016  002  000  023  022  005  002  003  003  000  004  002  001  004  005 
 028  019  002  000  030  025  005  003  001  000  000  000  000  003  012  008 
 030  007  000  000  034  026  003  001  000  000  000  000  000  001  003  000 
 017  000  000  000  029  020  002  002  000  000  000  000  000  000  000  000 
 010  000  000  006  019  009  001  003  000  000  000  000  000  000  001  000 
 002  000  001  020  014  000  000  002  000  000  000  000  000  003  008  006 
 001  009  016  019  002  000  000  000  000  000  000  000  000  006  010  010 
 006  021  026  006  000  000  000  000  000  000  004  010  004  003  008  009 
 019  038  023  000  000  000  000  000  000  000  008  015  008  002  005  004 
 031  028  006  000  000  000  000  000  000  000  009  016  008  004  005  002 
 034  026  002  000  000  000  000  000  000  000  011  018  009  006  009  006 
 020  021  004  000  000  000  000  000  000  001  012  018  008  004  012  010 

Celda55

 008  012  018  025  010  013  022  024  020  008  000  000  008  038  058  000 
 009  012  017  022  014  000  004  019  024  020  008  003  008  037  058  000 
 012  014  009  012  007  008  000  002  020  027  024  015  009  036  060  000 
 007  009  003  003  000  000  004  011  016  015  020  021  020  048  070  008 
 003  002  001  000  000  000  003  022  024  010  000  012  031  068  080  000 
 000  000  002  006  004  002  013  021  010  010  009  000  020  072  093  000 
 000  000  002  007  009  010  016  011  000  004  016  022  010  052  094  000 
 000  000  000  000  004  010  010  003  000  000  003  005  008  050  093  003 
 000  000  000  000  001  004  000  000  000  000  000  000  000  049  093  010 
 004  002  000  002  004  000  000  000  000  002  000  000  000  044  084  000 
 000  000  000  000  001  000  000  000  000  010  006  001  000  037  085  000 
 000  000  000  000  000  000  000  000  002  012  009  000  000  036  090  004 
 000  000  000  000  000  000  000  005  010  007  004  000  000  049  099  010 
 000  002  000  000  000  000  002  008  006  004  000  000  001  044  086  000 
 002  000  000  000  000  000  009  018  006  006  004  000  000  038  085  000 
 000  000  000  000  000  008  023  021  004  000  000  000  000  040  088  002 

Celda56

 000  000  000  000  000  000  000  000  000  000  001  014  020  018  010  000 
 000  000  000  000  000  000  000  000  000  008  018  022  017  013  008  000 
 000  000  000  000  000  000  000  000  004  020  026  021  012  011  011  003 
 000  000  000  000  000  000  000  000  017  029  024  012  005  010  010  002 
 000  000  000  000  000  000  000  006  021  025  015  006  007  010  002  000 
 000  000  000  000  000  000  000  009  022  022  012  006  008  004  000  000 
 000  000  000  000  000  002  003  006  018  022  015  008  005  000  000  000 
 000  000  000  000  000  004  004  007  017  018  014  008  001  000  002  000 
 001  002  001  000  002  000  002  010  020  017  007  006  003  000  004  004 
 002  004  008  004  000  000  003  012  014  005  001  006  008  002  002  001 
 000  000  001  000  000  004  007  012  007  000  000  011  008  000  000  000 
 000  000  000  000  004  005  002  010  004  000  000  009  006  000  000  004 
 000  000  000  000  007  000  000  013  007  000  000  000  008  000  000  004 
 006  015  034  044  044  039  038  049  042  036  042  046  051  041  040  038 
 012  030  065  086  088  090  094  101  093  088  096  103  102  094  092  094 
 000  000  000  000  000  000  000  006  003  000  000  000  000  000  000  000 

Celda57

 000  006  030  018  002  009  002  038  048  014  007  015  009  003  010  005 
 000  000  026  029  001  008  004  030  052  022  016  023  012  008  003  005 
 000  000  024  037  002  000  000  022  050  032  020  015  004  003  000  002 
 000  000  026  038  001  000  000  022  050  034  020  010  002  000  000  000 
 000  000  026  036  000  000  000  026  051  031  014  007  002  000  000  000 
 000  002  022  034  001  000  002  025  052  029  006  002  000  000  000  000 
 004  012  028  028  004  002  008  023  048  031  006  000  000  000  000  000 
 005  014  024  016  004  000  004  008  040  032  008  000  000  000  000  000 
 000  004  012  008  005  001  000  000  034  030  008  000  000  002  000  000 
 000  002  005  005  003  000  000  000  032  025  002  000  000  004  000  000 
 000  000  004  010  004  000  000  000  031  019  000  002  011  002  000  000 
 004  000  000  010  004  000  000  000  022  016  000  003  011  000  000  000 
 009  000  000  007  002  000  000  000  008  018  001  001  004  000  000  000 
 040  030  031  037  035  036  040  045  046  058  047  043  040  039  042  044 
 094  090  093  100  097  095  100  110  116  124  118  112  110  110  112  118 
 000  000  002  005  002  000  000  000  000  008  008  002  000  000  000  000 

Celda58

 000  000  004  006  000  000  000  000  000  000  002  002  000  000  000  000 
 000  002  000  000  000  002  004  000  000  001  005  003  000  000  000  000 
 000  000  002  000  000  001  008  005  002  002  006  004  000  000  000  000 
 000  000  000  006  004  000  003  008  004  002  005  006  000  000  000  000 
 000  002  000  000  000  000  000  004  003  002  006  008  000  000  000  000 
 000  000  000  000  000  000  000  000  000  000  006  007  000  000  000  000 
 000  000  000  000  000  000  000  000  000  000  004  004  001  000  000  000 
 000  000  000  000  000  000  000  000  000  000  000  004  008  006  000  000 
 000  000  000  000  000  002  010  004  000  002  000  007  018  019  007  002 
 000  000  000  000  000  002  016  016  011  015  010  015  035  029  013  007 
 000  000  000  000  000  025  035  032  011  006  008  015  035  024  006  000 
 000  001  000  004  032  039  030  017  000  000  000  006  025  016  000  000 
 000  010  016  032  035  016  002  000  000  000  000  007  018  011  000  000 
 046  074  089  083  064  049  045  044  045  046  046  053  056  048  045  058 
 124  146  142  120  105  105  103  100  099  100  102  110  112  108  104  114 
 004  024  023  010  006  008  001  000  000  000  000  007  009  007  002  001 

Celda59

 000  000  000  012  050  038  026  020  012  010  029  038  005  000  000  008 
 000  000  000  000  040  039  034  024  006  006  029  038  012  000  000  012 
 000  000  000  000  036  050  046  024  003  005  025  033  018  004  005  015 
 000  000  000  000  033  057  052  026  004  013  027  022  015  010  012  009 
 000  000  004  004  024  056  054  031  012  023  028  013  009  012  013  004 
 000  001  004  004  014  050  052  034  023  028  025  013  018  015  001  000 
 000  000  000  000  010  046  046  032  033  036  024  016  020  004  000  000 
 000  000  000  000  006  042  040  034  043  040  021  011  005  000  000  000 
 000  001  004  000  000  036  036  042  050  037  020  010  000  000  000  000 
 002  000  000  000  000  034  034  047  052  032  016  004  000  000  000  006 
 000  000  000  000  000  041  048  060  060  031  010  004  002  015  023  021 
 000  000  000  017  028  066  066  069  067  039  020  019  021  026  017  007 
 000  005  020  030  034  060  056  059  059  034  016  010  003  008  000  000 
 073  087  078  072  066  086  085  091  087  060  038  032  028  029  022  026 
 124  127  115  111  110  127  126  128  117  090  072  072  074  077  074  078 
 004  001  000  000  000  017  021  030  029  012  000  000  000  002  000  000 

Celda60

 007  000  000  003  000  000  000  000  000  000  008  016  041  034  011  008 
 007  000  000  002  000  000  000  000  000  002  017  025  031  012  000  006 
 000  000  000  000  000  000  000  000  000  012  022  025  018  006  000  005 
 000  000  000  000  000  000  000  008  020  018  019  018  007  000  003  006 
 000  000  000  000  000  000  008  029  022  008  013  017  006  001  002  006 
 000  000  000  000  000  002  030  033  005  000  011  014  003  000  000  002 
 000  000  000  000  002  028  047  029  004  000  006  011  004  000  000  000 
 000  000  002  002  015  036  039  012  002  000  000  001  004  005  000  000 
 006  002  000  000  012  024  020  000  000  000  000  000  004  007  003  006 
 009  000  000  000  009  017  015  004  000  000  000  004  006  000  002  006 
 006  000  000  000  008  011  010  004  000  000  000  004  006  004  000  002 
 000  000  000  009  021  016  000  000  000  000  000  012  004  002  006  002 
 000  000  009  024  022  006  000  000  000  000  000  010  010  002  002  000 
 036  046  063  061  044  036  037  041  044  050  050  049  049  047  042  044 
 085  093  103  090  081  080  086  095  098  098  094  092  095  098  090  092 
 000  004  011  001  000  000  000  000  000  002  000  000  004  010  002  000 

Celda61

 001  000  000  002  007  000  000  000  000  000  000  000  000  000  014  020 
 000  000  000  000  002  000  000  000  002  000  000  000  000  002  014  004 
 000  000  000  000  000  000  000  005  010  002  000  000  000  004  010  000 
 000  000  000  000  000  000  000  000  006  004  000  000  000  004  002  000 
 000  000  000  000  000  000  000  000  000  002  000  000  000  004  002  000 
 000  000  000  000  000  000  000  000  000  000  000  000  000  005  006  002 
 000  000  000  000  000  000  000  000  000  004  004  000  000  005  006  005 
 004  000  000  000  000  000  000  000  000  010  008  000  000  006  006  006 
 006  000  000  000  000  000  004  010  014  021  009  000  002  008  009  015 
 004  000  000  000  000  001  012  022  028  025  011  008  011  015  018  027 
 000  002  004  000  000  000  000  011  017  012  004  005  018  019  023  027 
 000  002  010  000  000  000  002  010  007  001  000  008  019  015  017  013 
 000  002  012  004  002  002  000  014  006  000  002  013  016  005  004  004 
 048  052  059  055  050  052  052  060  050  047  052  060  058  047  043  039 
 096  096  102  101  095  098  100  103  095  093  096  102  102  095  091  090 
 000  000  008  008  000  000  000  002  000  000  000  004  006  001  000  000 

Celda62

 000  004  004  002  000  000  000  001  007  002  007  013  006  002  012  014 
 000  000  000  008  012  000  002  005  011  005  001  005  004  004  014  016 
 000  000  000  015  027  018  012  013  015  013  013  012  006  009  016  005 
 000  012  016  019  029  021  007  008  009  015  015  010  008  009  008  000 
 006  016  022  018  020  022  012  000  004  013  008  000  002  000  000  000 
 004  007  012  019  014  012  015  006  008  009  003  000  000  000  000  006 
 002  002  010  015  015  004  010  014  010  002  000  001  000  002  010  010 
 008  010  014  012  008  006  000  018  016  000  000  002  003  004  012  008 
 023  022  015  009  007  008  003  012  020  000  000  004  010  011  013  013 
 030  023  013  010  006  006  010  007  012  000  000  006  016  019  019  014 
 020  012  006  005  000  002  011  012  000  000  000  008  018  022  018  008 
 008  007  000  000  000  003  010  008  001  000  005  017  019  014  008  006 
 003  006  002  000  000  002  000  000  000  002  013  014  005  002  000  004 
 038  041  043  043  044  039  034  038  048  056  061  052  042  034  031  038 
 089  095  100  096  091  085  084  091  101  105  103  097  096  096  096  103 
 000  006  009  002  000  000  000  002  004  000  000  000  000  000  000  007 

Celda63

 000  000  007  008  005  011  012  001  000  000  000  000  004  057  102  011 
 003  000  000  000  000  004  004  000  000  000  007  016  018  060  095  005 
 000  000  004  000  000  000  001  000  000  006  013  007  008  050  089  004 
 000  004  012  005  000  000  005  011  006  000  008  004  000  046  091  008 
 000  004  010  009  007  006  012  008  000  000  006  008  005  052  097  010 
 012  008  003  014  021  014  006  000  000  000  007  006  006  054  094  000 
 012  012  018  031  027  010  000  000  000  002  001  000  004  055  096  000 
 012  022  030  028  019  006  000  000  000  005  000  000  004  056  097  000 
 015  017  013  009  006  000  000  000  000  004  000  000  004  058  100  000 
 007  001  000  000  000  000  000  000  000  000  000  000  007  058  103  000 
 002  000  000  000  000  000  000  000  000  000  000  000  010  058  105  000 
 008  005  003  000  002  000  000  000  000  004  012  010  008  060  111  005 
 014  014  010  009  006  002  000  000  001  014  022  024  016  069  116  006 
 048  052  055  056  042  042  044  048  060  069  068  068  070  110  140  031 
 104  105  105  097  080  084  093  100  110  111  105  102  106  129  144  057 
 007  014  020  013  000  000  000  001  008  010  007  002  000  021  055  000 

