Celda0

 000  000  000  000  000  000  001  001  000  001  002  001  000  000  000  001 
 000  000  000  000  000  000  002  002  002  002  004  003  000  000  000  002 
 000  000  000  000  000  000  000  006  006  002  006  008  000  000  000  002 
 000  000  000  000  000  000  000  010  008  000  002  012  002  000  000  000 
 000  000  000  000  000  000  002  014  005  000  000  012  009  000  002  000 
 000  000  000  000  000  000  006  011  000  000  000  007  012  010  004  004 
 000  000  000  000  001  006  011  004  000  000  002  007  012  016  010  008 
 000  000  002  005  010  013  010  005  002  003  011  012  014  019  015  009 
 000  000  002  007  013  009  006  004  004  004  009  003  004  014  014  005 
 000  000  000  001  002  000  000  002  004  002  001  000  004  014  016  004 
 002  004  003  000  001  000  000  002  004  004  000  000  006  016  016  004 
 002  004  004  002  007  011  010  006  006  007  004  001  007  016  014  002 
 002  004  008  013  024  022  014  008  006  009  011  010  013  019  012  000 
 002  006  014  020  025  015  008  005  005  008  010  010  011  018  011  002 
 002  006  012  013  010  004  004  006  007  006  004  004  006  013  007  002 
 001  002  002  003  002  002  008  016  012  002  000  000  001  008  008  000 

Celda1

 000  000  000  000  000  000  000  000  000  000  000  001  001  001  001  000 
 000  000  000  000  000  000  000  000  000  000  000  003  002  002  002  001 
 000  000  000  000  000  000  000  000  000  000  000  007  006  005  006  006 
 000  000  002  000  000  000  000  000  000  000  000  008  008  006  010  014 
 000  000  004  003  004  008  007  004  004  010  012  016  013  012  019  023 
 000  000  002  004  001  000  001  000  002  005  006  006  006  011  017  017 
 006  000  000  000  003  000  000  000  000  002  001  000  004  011  016  015 
 011  006  000  000  000  000  000  000  000  000  000  001  008  013  017  014 
 008  005  000  000  000  000  000  000  000  000  002  008  013  016  022  015 
 000  000  000  000  000  000  000  000  000  002  003  007  009  017  023  010 
 000  000  002  004  002  000  000  000  002  000  006  003  005  016  014  002 
 000  001  008  009  006  000  000  008  006  006  007  000  004  018  014  000 
 000  005  010  011  008  003  000  010  003  006  009  004  000  016  013  000 
 002  002  004  004  004  004  004  005  005  004  008  006  002  010  014  002 
 000  000  000  000  000  001  000  000  004  012  009  004  004  001  012  002 
 000  000  000  000  000  000  000  000  006  014  014  004  004  000  004  002 

Celda2

 001  002  000  000  001  004  001  000  000  000  001  001  001  001  000  000 
 003  004  000  000  003  010  001  000  000  002  002  002  002  000  000  000 
 008  005  000  000  008  022  000  000  000  011  004  002  004  000  000  000 
 011  001  000  000  012  030  000  000  002  021  006  000  004  000  000  000 
 018  006  004  001  014  035  003  001  000  023  006  000  004  000  000  007 
 012  001  003  003  013  038  008  010  000  015  002  000  007  004  004  014 
 009  000  000  000  006  040  011  011  010  002  000  000  008  010  011  014 
 004  000  000  000  000  040  028  006  018  014  006  002  004  010  012  011 
 000  000  000  000  000  034  046  002  018  016  011  014  016  008  004  007 
 000  000  000  000  000  026  056  022  010  009  008  021  024  018  002  002 
 000  000  000  000  000  016  060  038  000  003  009  029  018  014  009  002 
 000  000  000  000  002  002  056  049  000  004  018  026  008  006  012  012 
 000  000  000  000  000  000  046  056  008  002  025  020  009  009  014  018 
 000  000  000  000  000  000  037  055  022  011  027  019  018  022  022  023 
 000  000  000  000  000  000  030  049  032  027  028  020  020  027  028  026 
 000  000  000  000  000  002  025  038  032  040  035  024  020  020  024  026 

Celda3

 000  002  003  001  001  003  003  002  002  001  000  000  000  000  000  000 
 000  004  006  003  004  007  008  006  004  002  000  000  000  000  000  000 
 000  006  008  006  010  016  016  012  008  005  004  002  000  000  000  000 
 000  001  002  007  018  026  023  016  010  008  012  008  000  000  000  000 
 008  002  000  004  020  030  026  018  012  012  019  019  007  001  000  000 
 006  002  006  006  014  024  025  022  017  016  022  018  000  000  000  000 
 008  000  006  007  006  014  022  028  025  019  016  010  000  000  000  000 
 011  010  000  000  000  008  018  030  031  018  006  000  000  000  002  018 
 014  016  000  000  002  008  012  026  032  014  000  000  002  000  010  017 
 012  012  002  000  009  011  006  016  025  014  004  006  016  013  002  000 
 002  003  006  016  021  014  000  005  018  021  016  021  021  005  000  000 
 004  000  010  026  022  004  000  004  020  028  023  014  008  000  000  000 
 020  019  017  018  016  003  000  011  026  030  018  008  000  000  000  006 
 029  033  025  004  004  008  008  016  028  028  014  000  000  000  001  026 
 030  032  026  016  004  010  014  014  023  026  012  000  000  002  021  040 
 024  021  020  022  020  009  006  010  019  018  011  010  012  024  029  032 

Celda4

 000  000  000  000  004  003  000  000  000  000  000  000  000  002  000  000 
 000  000  000  000  008  006  000  000  000  000  000  000  000  003  000  000 
 000  000  000  000  008  008  000  000  000  000  000  000  000  002  000  002 
 000  000  000  000  000  004  000  000  002  000  000  000  000  000  000  006 
 000  012  015  012  008  004  000  000  010  007  014  016  008  002  010  016 
 000  006  004  002  006  011  012  010  015  007  005  002  000  001  015  010 
 009  009  006  002  002  010  014  016  021  008  000  000  000  006  011  002 
 022  014  008  002  002  012  006  008  013  002  000  000  008  009  000  002 
 007  001  000  006  014  015  002  000  002  000  000  010  015  008  002  014 
 000  000  002  019  026  016  004  000  000  000  012  022  018  014  018  032 
 000  006  027  032  024  012  002  000  000  010  020  020  018  024  031  026 
 012  039  043  025  013  000  000  000  014  019  011  007  014  026  025  010 
 037  044  027  006  000  000  000  008  025  008  000  000  019  022  008  000 
 046  029  004  000  000  000  000  029  026  004  000  007  027  008  000  000 
 040  015  000  000  000  000  008  043  024  010  012  017  013  000  000  006 
 024  011  000  000  000  000  026  045  023  016  016  006  000  000  000  011 

Celda5

 001  001  000  000  000  001  001  000  000  002  002  000  000  004  003  000 
 003  000  000  000  000  004  002  000  002  006  003  000  000  009  004  000 
 006  000  000  000  004  007  000  000  008  016  004  000  006  016  004  000 
 006  000  000  000  008  004  000  000  018  022  002  000  010  015  000  000 
 007  004  013  022  019  005  005  029  047  035  012  012  015  006  000  000 
 004  011  026  028  016  010  028  046  033  010  000  000  000  000  000  000 
 005  024  027  015  014  025  052  036  004  000  002  000  000  000  000  000 
 018  025  003  000  011  048  046  015  000  000  004  002  000  000  000  000 
 026  006  000  000  028  044  012  000  000  000  000  008  008  000  000  012 
 016  000  000  013  036  020  000  000  000  000  000  007  012  002  002  018 
 008  000  007  027  022  008  000  000  000  007  012  008  012  014  015  008 
 004  014  030  021  005  000  000  000  002  006  010  016  032  033  014  004 
 004  035  032  014  000  000  000  000  000  000  002  021  041  024  010  008 
 023  046  021  010  000  000  007  006  003  000  005  031  032  008  006  023 
 037  036  004  002  010  023  031  023  020  016  022  036  014  000  010  037 
 033  014  000  000  018  033  026  024  028  030  032  024  000  001  024  031 

Celda6

 000  001  000  000  000  000  000  000  000  001  001  000  000  001  002  002 
 000  001  000  000  000  002  000  000  000  002  002  000  000  002  004  004 
 000  000  000  000  000  007  002  000  000  002  004  000  000  002  006  011 
 000  000  000  000  002  011  006  000  000  000  006  000  000  000  002  020 
 000  000  000  004  018  021  015  008  006  002  004  003  010  012  004  029 
 000  000  015  034  028  021  014  008  006  002  000  019  024  020  020  043 
 000  021  054  045  029  022  018  014  012  011  014  040  034  025  032  050 
 020  051  050  022  016  019  020  017  014  018  029  042  035  028  040  051 
 035  032  015  001  000  006  007  004  006  014  027  027  034  042  039  038 
 014  008  007  006  006  004  000  000  000  017  017  013  033  044  029  018 
 004  003  006  010  008  000  000  000  007  023  011  009  034  043  019  005 
 010  020  023  018  003  000  000  003  026  023  006  007  038  047  017  005 
 030  034  019  004  000  000  004  027  032  011  000  006  038  043  009  002 
 043  029  008  000  000  004  028  033  022  002  000  009  044  036  002  000 
 039  010  000  000  000  023  040  026  007  000  000  011  040  027  000  000 
 012  000  000  000  012  037  035  013  000  000  000  020  030  014  000  000 

Celda7

 003  004  002  000  000  000  000  004  005  001  000  000  002  004  006  000 
 008  010  004  000  000  000  000  010  012  002  000  001  004  008  016  000 
 022  020  004  000  000  000  000  018  024  002  000  003  006  016  037  000 
 038  024  001  000  000  000  000  020  026  002  000  002  002  019  052  000 
 050  029  007  009  010  009  010  030  033  013  014  011  000  016  060  000 
 054  035  017  010  000  000  000  023  022  004  000  000  000  016  067  000 
 060  048  018  002  000  000  012  024  012  000  000  000  000  019  072  000 
 059  042  008  000  000  000  022  024  002  000  001  000  006  026  076  003 
 034  008  000  000  000  002  024  018  000  000  014  020  014  025  075  005 
 003  000  000  000  000  004  018  013  000  002  034  028  012  024  078  011 
 000  000  000  000  000  012  014  010  003  015  032  013  000  025  081  015 
 002  000  000  004  014  021  012  011  013  014  016  004  000  030  080  011 
 000  000  000  014  025  017  009  020  025  010  004  000  000  042  084  003 
 000  000  000  014  014  008  006  033  029  012  000  000  000  052  092  003 
 000  000  001  008  000  000  005  034  017  004  000  000  002  063  095  001 
 000  004  005  000  002  000  013  029  006  000  000  002  021  062  080  000 

Celda8

 000  000  000  000  006  010  014  018  012  002  000  002  001  006  012  002 
 000  000  000  002  014  016  015  010  008  006  007  008  006  007  017  004 
 000  000  002  003  016  009  004  002  006  012  013  012  010  007  017  001 
 000  000  000  000  011  002  000  001  006  010  010  009  010  010  013  000 
 000  000  000  000  010  008  006  006  006  002  002  005  011  012  008  002 
 000  000  000  000  010  018  015  004  001  000  000  002  004  006  005  006 
 003  006  007  002  009  022  016  000  000  000  000  003  000  000  000  003 
 003  006  010  008  001  016  012  000  000  000  000  001  000  000  002  004 
 001  002  004  002  000  004  008  002  000  000  000  003  002  000  002  010 
 000  000  000  000  000  000  004  008  003  000  000  006  002  001  000  014 
 000  000  000  000  002  000  000  012  006  000  000  011  002  000  000  015 
 000  000  000  000  002  002  000  012  004  000  001  014  004  000  000  014 
 000  000  000  000  002  003  002  008  000  000  006  016  002  000  000  012 
 000  000  000  000  002  004  002  002  000  000  010  016  000  000  000  007 
 001  002  000  000  000  000  000  000  000  000  011  016  004  000  000  000 
 000  000  000  000  000  000  000  000  000  000  007  013  008  000  000  000 

Celda9

 000  000  000  000  000  000  000  010  021  022  021  006  002  000  000  000 
 004  004  002  000  000  000  000  022  026  016  017  004  000  000  000  000 
 003  006  004  002  000  001  002  022  020  008  012  000  000  000  000  000 
 000  002  002  002  002  005  006  012  013  009  015  000  000  000  000  006 
 001  000  000  000  000  004  010  008  006  008  015  002  000  002  004  013 
 004  000  000  000  000  008  016  016  009  005  013  006  004  007  006  014 
 004  000  000  000  007  014  014  012  008  002  013  012  006  010  013  018 
 004  006  005  006  009  006  000  000  000  002  016  015  008  016  024  022 
 005  011  012  010  004  000  000  000  004  011  023  022  018  020  023  017 
 002  010  014  010  002  000  005  012  020  026  030  028  021  014  008  004 
 000  004  011  010  007  010  016  023  028  024  022  018  009  001  000  000 
 002  000  005  009  010  012  012  014  015  006  004  001  000  000  000  000 
 002  000  000  000  002  002  000  003  004  000  000  000  000  000  000  005 
 000  000  000  000  000  000  000  004  000  000  006  000  001  002  002  005 
 000  000  000  000  000  000  004  004  000  002  013  004  001  008  008  000 
 000  000  000  000  000  000  011  005  000  003  012  006  004  004  004  000 

Celda10

 000  000  000  001  004  008  024  028  030  048  049  031  019  011  015  016 
 002  002  002  003  006  007  016  033  042  065  064  028  007  002  006  005 
 011  016  009  006  008  006  010  049  060  068  058  010  000  008  000  002 
 023  020  011  010  010  008  011  063  062  046  034  002  000  012  002  004 
 023  012  006  010  009  007  012  060  050  024  021  001  000  012  010  013 
 016  003  001  004  002  002  004  046  050  026  012  002  004  018  019  010 
 013  000  000  000  000  000  000  029  054  040  011  000  011  025  014  000 
 012  000  000  000  000  002  000  008  054  060  018  000  010  022  008  000 
 010  002  000  000  002  007  004  000  047  072  030  000  002  014  008  002 
 004  007  006  002  004  012  012  000  030  071  043  004  000  008  012  010 
 002  008  008  003  008  014  016  010  006  058  052  015  000  009  016  016 
 004  009  006  002  010  010  008  012  008  042  054  026  004  011  022  026 
 010  006  005  004  007  004  000  007  014  046  071  048  013  012  028  022 
 006  000  001  007  003  000  000  000  014  056  085  056  020  012  024  012 
 000  000  000  000  000  000  000  000  011  056  074  040  013  014  010  000 
 000  000  000  000  000  000  000  000  012  044  052  026  002  009  002  000 

Celda11

 012  010  014  022  026  015  000  006  016  013  012  024  028  021  015  012 
 004  010  018  022  021  018  012  004  009  012  012  024  036  026  008  003 
 009  020  022  018  016  019  023  023  016  015  004  012  034  038  013  000 
 024  017  010  010  019  026  028  028  028  023  013  000  026  043  020  000 
 017  000  000  008  022  027  024  021  020  019  018  014  012  036  022  000 
 002  000  000  016  013  014  014  012  006  001  004  012  014  015  010  004 
 000  000  007  016  000  000  006  007  000  000  000  002  010  000  000  004 
 000  002  012  005  000  000  004  007  006  004  006  011  006  000  000  000 
 006  008  007  000  000  000  002  006  014  024  030  026  018  017  017  010 
 012  010  002  000  000  000  000  000  008  021  028  026  028  031  029  026 
 013  004  000  000  000  000  000  000  004  009  010  012  016  017  018  028 
 011  000  000  000  003  000  000  009  012  004  002  006  000  000  012  028 
 000  000  000  000  006  002  000  011  013  000  000  008  002  006  022  039 
 000  000  000  000  010  006  006  013  008  000  002  012  016  021  032  034 
 000  000  000  004  014  021  023  020  007  000  009  026  028  024  019  014 
 000  000  002  009  023  034  028  012  004  002  018  026  018  008  004  007 

Celda12

 016  011  000  000  000  001  028  034  018  009  006  000  000  000  002  015 
 011  010  000  000  000  000  020  026  016  000  000  000  000  006  011  014 
 008  008  000  000  000  004  018  024  010  000  000  000  003  016  011  006 
 002  004  000  000  000  008  022  022  000  000  000  002  022  013  000  004 
 000  000  000  000  000  009  028  020  000  000  000  024  023  004  000  003 
 000  000  000  000  000  010  026  010  000  000  009  033  012  000  000  002 
 013  010  002  000  000  006  015  000  000  004  022  020  005  000  000  000 
 019  024  010  000  002  000  003  000  006  020  017  010  002  000  000  004 
 011  028  018  000  000  000  000  003  015  021  014  008  007  006  010  026 
 022  031  023  003  000  000  004  017  016  012  011  012  018  017  027  040 
 038  039  026  002  000  003  014  012  005  008  010  016  022  022  029  028 
 040  034  019  002  000  002  008  000  002  010  011  016  022  021  018  008 
 034  028  022  012  004  004  000  000  001  014  014  015  016  018  018  010 
 025  025  027  024  018  009  004  002  000  014  018  014  012  014  017  014 
 014  017  025  030  030  024  020  017  008  006  018  015  009  010  014  020 
 010  006  014  022  026  025  024  022  016  005  015  016  006  004  012  022 

Celda13

 020  000  000  000  027  016  010  019  022  024  018  002  000  022  033  011 
 002  000  000  024  021  002  002  023  013  007  000  000  009  045  030  002 
 000  002  013  035  006  000  013  031  010  000  000  000  043  047  007  000 
 000  010  020  015  000  000  022  024  000  000  000  025  052  021  000  000 
 006  007  001  000  000  000  021  009  000  000  007  030  023  004  000  000 
 010  004  000  000  001  020  013  000  000  000  003  008  008  002  000  009 
 009  002  000  000  019  035  008  002  002  002  000  004  004  005  010  008 
 012  000  000  000  036  035  006  011  012  004  002  019  017  008  005  000 
 018  001  000  017  051  027  001  005  005  002  016  036  017  006  000  000 
 020  012  016  046  048  013  000  000  000  001  026  031  013  010  000  000 
 014  017  026  042  022  000  000  000  000  000  018  017  000  003  004  008 
 000  006  012  009  001  000  000  000  000  000  011  014  003  000  000  012 
 000  000  000  000  000  000  000  000  000  004  004  007  000  000  000  014 
 008  000  000  000  000  000  000  004  013  012  006  000  000  000  009  019 
 016  000  000  001  000  000  004  009  009  000  000  000  000  006  020  022 
 019  001  000  000  000  000  005  000  000  000  000  000  010  022  023  018 

Celda14

 000  000  000  008  023  030  017  004  000  000  004  030  030  003  000  000 
 000  000  000  015  021  010  002  000  000  000  019  030  023  000  000  000 
 000  000  010  018  007  000  000  000  000  021  029  021  007  000  000  000 
 000  002  010  012  000  000  000  016  037  044  027  013  003  002  016  042 
 001  004  005  002  000  000  019  049  063  044  025  018  016  023  040  062 
 011  005  000  000  000  017  046  065  060  021  016  018  022  030  036  035 
 007  004  002  002  014  039  054  059  033  000  002  009  014  019  016  006 
 000  000  005  008  024  038  044  033  008  000  001  005  008  008  001  000 
 000  002  004  005  020  027  022  013  006  007  006  003  005  000  000  002 
 007  006  000  003  017  017  010  008  018  020  002  000  002  000  000  004 
 021  006  000  004  016  008  000  015  032  018  000  000  000  000  000  001 
 021  014  018  014  003  000  002  026  036  012  000  000  000  000  002  000 
 017  019  024  017  000  000  008  028  025  008  003  000  000  002  004  000 
 018  016  003  000  000  000  015  018  009  006  008  000  002  011  004  000 
 016  002  000  000  000  009  021  006  000  005  006  000  006  013  001  000 
 006  000  000  000  008  019  015  003  002  012  007  000  001  004  001  010 

Celda15

 008  020  004  004  022  020  022  028  006  002  004  018  022  037  068  000 
 026  024  004  023  043  022  016  030  014  010  010  021  000  024  068  000 
 048  033  014  039  032  008  009  037  017  006  000  006  000  026  083  012 
 072  037  019  035  013  005  019  042  011  002  000  001  000  046  104  020 
 059  022  014  033  010  010  028  032  004  010  012  001  000  068  100  011 
 018  008  020  038  012  006  018  012  000  016  025  015  021  083  089  008 
 000  004  029  024  000  000  011  007  000  014  018  017  042  089  080  012 
 002  008  013  000  000  000  010  012  012  001  000  008  054  080  065  009 
 007  000  000  000  000  000  009  019  015  000  000  006  056  060  049  004 
 002  000  000  000  000  000  006  020  008  000  000  026  050  035  038  000 
 000  000  000  008  008  000  011  018  002  000  002  043  037  025  038  000 
 000  000  005  011  008  004  015  016  003  003  007  037  022  020  044  000 
 000  008  021  017  004  008  010  007  000  000  005  026  014  026  057  009 
 000  008  016  012  006  002  008  005  000  000  014  027  015  033  056  001 
 010  010  000  000  001  006  009  002  000  015  040  035  013  028  052  000 
 018  002  000  000  000  003  000  001  010  037  046  024  008  020  050  000 

Celda16

 000  000  000  000  000  000  000  004  004  002  000  005  006  000  000  000 
 000  000  000  000  000  000  000  002  002  004  004  000  000  000  000  000 
 000  000  000  000  000  000  000  000  000  000  000  000  000  000  000  004 
 000  000  000  000  000  000  000  000  000  004  002  000  000  000  000  006 
 000  000  000  000  000  000  000  000  000  005  006  000  000  000  000  005 
 000  000  000  000  000  000  000  000  000  004  008  006  000  000  000  004 
 000  000  000  000  000  000  000  000  000  006  012  005  000  000  000  004 
 000  000  000  000  003  000  006  008  004  009  010  000  000  000  000  008 
 000  000  000  000  014  010  014  016  008  002  006  000  000  000  000  014 
 000  000  000  000  023  021  017  012  004  000  003  000  000  000  000  022 
 003  008  014  009  021  026  010  000  000  000  002  000  000  000  000  030 
 004  010  021  022  014  018  012  000  000  000  006  007  012  013  012  047 
 003  007  016  020  013  001  012  000  008  010  013  016  018  022  021  055 
 001  002  006  008  008  004  008  012  007  011  008  021  017  022  019  048 
 001  002  002  002  004  006  000  011  000  000  001  021  018  016  016  036 
 002  003  004  003  004  005  000  000  008  000  004  018  018  006  010  025 

Celda17

 000  000  000  000  000  000  014  010  006  010  009  002  006  006  000  000 
 000  000  002  000  000  003  018  016  008  010  009  004  000  003  000  000 
 010  007  004  004  002  002  017  014  002  001  002  003  002  000  000  000 
 023  020  006  006  002  000  015  012  001  000  003  000  000  000  000  000 
 033  029  000  000  000  000  010  010  002  000  004  002  000  000  000  000 
 040  034  000  000  000  000  006  008  006  002  002  003  000  000  000  000 
 044  038  002  000  000  000  000  005  007  004  004  004  000  000  000  000 
 048  041  000  000  000  000  000  000  004  008  008  006  000  000  000  000 
 048  035  000  000  000  000  000  000  001  010  010  003  000  000  000  000 
 048  026  000  000  000  003  003  000  009  022  011  000  000  000  000  000 
 048  012  000  000  000  002  006  008  017  019  002  000  000  000  000  004 
 056  005  000  000  000  000  005  016  018  008  000  000  000  000  000  027 
 058  012  008  006  003  000  002  014  017  006  000  000  000  000  010  039 
 044  004  006  008  004  000  002  011  012  004  000  000  000  000  026  037 
 027  000  000  002  002  002  012  017  009  001  000  000  000  012  037  020 
 020  000  000  000  006  012  021  016  006  000  000  000  000  025  028  002 

Celda18

 000  000  000  000  000  002  009  008  005  038  048  026  011  000  001  000 
 000  000  000  001  004  012  017  010  000  030  046  030  020  003  000  007 
 000  000  004  002  004  012  012  006  000  018  040  032  028  014  002  008 
 003  006  002  000  002  006  000  000  000  008  032  035  036  024  002  006 
 000  000  000  000  005  000  000  000  000  000  027  040  040  026  004  001 
 000  000  006  014  008  000  000  000  000  000  026  049  038  017  010  012 
 000  002  025  026  007  000  000  000  000  000  027  059  034  006  014  023 
 000  014  042  016  000  000  000  000  000  000  026  066  032  000  015  032 
 000  027  033  004  000  000  002  000  000  000  026  066  029  000  016  040 
 010  029  012  000  000  000  003  000  000  000  026  062  025  000  018  046 
 029  018  000  000  004  000  001  000  000  000  022  056  024  000  016  050 
 033  003  000  000  008  000  000  004  004  000  014  050  027  000  013  052 
 016  000  000  002  006  000  000  004  004  001  002  042  032  000  014  056 
 000  000  000  006  000  000  000  002  006  008  003  026  031  000  020  061 
 000  000  004  010  000  000  000  002  008  012  010  003  021  008  028  068 
 000  000  010  008  004  006  007  005  004  005  005  000  006  014  037  076 

Celda19

 005  013  014  015  025  031  016  001  002  008  020  012  008  004  004  013 
 016  015  014  010  021  024  010  000  004  012  010  000  002  006  012  022 
 016  010  012  012  024  025  013  006  006  003  000  000  004  011  019  024 
 014  012  016  020  031  031  023  014  011  004  000  000  013  016  011  018 
 015  017  018  026  034  034  027  020  018  014  008  007  019  006  002  011 
 015  018  020  024  029  031  026  022  021  018  016  012  013  000  000  008 
 019  018  016  014  018  021  015  012  014  016  016  012  003  000  000  010 
 026  017  010  008  012  012  006  000  000  008  014  011  003  000  005  010 
 028  015  005  004  010  012  010  007  000  002  008  008  003  001  003  004 
 027  010  003  001  006  011  016  016  008  000  000  000  002  002  000  000 
 025  004  005  005  004  008  017  023  017  002  000  002  008  008  001  000 
 023  000  009  014  006  004  014  026  022  002  000  006  012  010  003  000 
 023  000  010  020  012  006  017  027  018  002  000  002  001  001  004  006 
 027  000  004  022  018  006  011  018  011  004  002  000  000  000  006  009 
 034  000  000  022  022  006  004  008  004  006  009  000  000  000  006  005 
 043  002  002  018  019  004  000  000  002  012  016  008  006  009  004  001 

Celda20

 014  004  002  006  011  013  012  012  013  010  008  012  005  002  010  020 
 020  004  000  000  003  008  008  006  008  010  006  001  004  007  012  012 
 015  000  000  000  004  011  014  012  012  013  010  000  000  010  016  010 
 014  000  000  000  003  011  018  022  024  022  017  010  000  004  014  010 
 012  004  000  000  000  011  011  018  026  026  022  018  014  009  002  000 
 010  006  000  000  005  010  002  005  012  018  019  018  020  026  022  006 
 011  008  006  007  011  008  000  000  006  012  013  012  018  030  034  032 
 008  006  008  009  008  004  000  004  013  017  016  016  023  038  034  044 
 006  007  008  008  004  002  002  016  025  019  020  027  031  033  024  036 
 002  006  009  015  010  002  006  023  017  006  013  024  024  015  013  017 
 000  002  012  024  017  005  010  015  000  000  000  009  009  008  010  004 
 001  006  021  034  018  002  003  002  000  000  003  000  000  005  007  001 
 007  009  024  030  008  000  000  000  000  000  010  000  000  008  000  000 
 003  002  020  020  000  000  000  000  000  004  011  000  000  012  000  000 
 000  000  021  018  000  000  000  000  000  005  008  004  008  006  000  000 
 000  001  018  011  000  000  000  000  010  009  005  013  017  004  000  000 

Celda21

 014  000  000  000  000  005  008  000  000  000  000  011  034  031  019  013 
 002  000  000  000  005  013  010  000  000  001  013  040  042  024  012  008 
 000  000  000  004  014  016  009  002  002  010  025  033  023  008  002  000 
 000  000  000  016  019  014  006  005  012  015  011  012  010  001  000  000 
 000  000  011  034  026  006  004  010  018  011  005  008  006  000  000  004 
 000  003  028  034  011  000  004  016  018  009  007  006  000  000  000  012 
 027  024  032  020  004  000  010  022  018  008  004  000  000  000  002  014 
 054  050  028  005  001  002  015  024  017  004  000  000  000  002  005  010 
 052  058  046  026  012  000  010  028  022  000  000  000  004  012  008  006 
 023  034  042  042  034  020  000  018  021  002  000  000  012  014  007  000 
 000  001  018  032  035  032  025  007  002  000  006  014  017  014  008  000 
 000  008  000  003  014  024  032  028  014  000  004  018  022  020  014  000 
 000  004  000  000  000  010  016  020  026  029  016  006  021  024  018  008 
 005  010  010  010  012  010  006  012  028  044  043  028  026  017  014  012 
 017  026  030  034  028  018  017  025  037  042  048  047  041  029  013  006 
 033  038  033  029  022  020  029  034  032  026  035  046  047  038  028  022 

Celda22

 003  002  006  016  027  020  010  002  006  020  011  010  005  000  004  019 
 001  008  018  030  022  011  002  000  012  015  004  004  006  008  013  018 
 002  008  021  016  004  000  000  000  013  007  000  000  002  002  001  007 
 009  019  014  005  000  000  000  004  013  004  000  000  000  000  000  006 
 015  018  004  000  000  000  000  015  015  004  002  000  000  000  000  010 
 018  015  003  000  000  000  011  024  010  000  000  000  000  000  009  019 
 018  011  000  000  000  006  021  018  000  000  000  000  005  010  013  009 
 014  005  000  000  000  007  014  004  000  000  005  008  012  011  004  000 
 006  000  000  004  000  000  001  000  000  009  016  010  012  013  010  005 
 000  000  002  004  004  006  000  000  000  021  018  008  012  016  016  012 
 000  000  005  002  004  008  000  000  006  026  016  005  008  008  008  009 
 000  002  006  000  002  007  000  000  010  020  014  009  004  000  000  002 
 003  011  008  000  000  007  000  002  007  012  010  008  004  000  000  000 
 014  012  000  000  000  008  000  000  001  006  006  005  003  000  000  000 
 012  010  000  000  005  008  000  000  000  006  007  006  004  000  002  005 
 008  000  000  004  012  006  000  000  000  004  010  012  008  000  003  008 

Celda23

 014  000  000  006  004  000  000  008  022  037  028  007  007  022  051  003 
 003  000  000  012  000  000  000  020  030  028  016  002  000  016  046  001 
 000  001  016  008  000  000  006  027  029  024  014  000  000  017  046  000 
 008  014  015  001  000  000  016  024  024  022  010  000  000  025  052  003 
 015  012  000  000  000  010  023  023  019  014  002  000  006  037  060  005 
 012  004  000  000  000  006  015  025  028  014  002  000  014  042  055  000 
 003  000  000  003  001  000  012  023  022  010  010  006  008  039  057  000 
 000  002  012  009  006  005  020  024  017  006  000  000  000  039  065  000 
 003  009  012  006  010  019  025  018  014  006  000  000  000  044  071  000 
 009  012  010  009  010  012  006  004  010  000  000  000  004  048  071  000 
 008  006  008  011  005  000  000  000  000  000  000  000  011  044  068  000 
 002  000  008  008  000  000  000  000  000  000  000  007  017  044  066  000 
 000  000  008  008  000  000  000  000  000  009  019  019  020  045  066  002 
 000  000  006  006  000  000  000  006  019  036  031  020  011  034  060  000 
 000  000  002  004  005  014  023  027  036  039  024  018  005  028  062  000 
 000  002  014  021  030  039  037  032  033  028  013  008  001  021  067  000 

Celda24

 000  000  000  000  002  003  000  000  014  019  015  007  016  000  000  018 
 000  000  000  000  000  001  008  014  028  046  024  015  000  000  000  020 
 000  000  000  000  000  000  012  024  031  042  022  018  011  000  000  020 
 000  000  000  000  002  000  004  013  016  019  015  004  015  011  000  013 
 002  003  001  000  003  005  004  003  000  001  010  000  001  016  012  000 
 002  004  004  000  003  008  003  001  000  000  005  006  000  003  009  002 
 002  006  013  018  014  005  000  000  000  004  006  002  000  000  000  006 
 001  004  012  020  016  005  000  000  000  010  010  000  000  000  000  008 
 001  003  008  013  016  016  018  016  010  004  009  000  000  000  000  001 
 002  004  011  020  030  034  030  021  010  000  004  000  000  000  000  000 
 002  004  012  022  032  032  022  012  006  002  000  001  000  000  000  000 
 000  000  002  007  013  012  008  004  004  006  008  006  002  000  000  000 
 000  000  000  000  004  000  000  000  003  008  010  006  002  002  000  000 
 000  000  000  000  004  000  000  000  006  010  008  004  002  000  000  000 
 000  000  000  000  002  000  000  000  008  009  004  000  000  000  000  000 
 000  000  000  000  000  000  000  000  005  002  000  000  000  001  004  002 

Celda25

 018  000  000  005  014  016  014  005  002  000  000  000  012  022  009  000 
 022  000  000  011  017  016  009  004  003  002  001  000  016  020  000  000 
 027  000  000  020  019  014  012  010  006  005  010  012  015  008  000  000 
 028  006  002  025  015  010  012  010  006  004  008  014  010  000  000  004 
 025  020  018  023  008  002  004  002  000  000  001  006  007  002  002  016 
 022  030  022  018  002  000  000  000  000  000  001  002  000  000  002  013 
 016  030  026  017  000  000  000  000  000  000  002  004  000  000  000  008 
 005  021  031  025  001  007  010  011  010  006  004  004  002  002  000  002 
 002  008  031  034  010  004  008  009  007  003  001  006  007  011  008  002 
 000  000  024  039  020  000  000  000  000  000  000  008  002  007  014  019 
 000  000  013  038  027  000  000  000  000  000  000  013  010  001  014  029 
 000  000  000  032  034  005  000  000  000  000  002  018  013  009  027  035 
 000  000  000  019  039  020  001  007  007  008  012  027  017  018  033  026 
 000  000  000  004  040  038  015  014  016  018  022  029  014  017  026  014 
 000  000  001  000  036  048  024  008  016  022  034  029  014  008  018  012 
 000  000  000  000  028  050  033  006  000  008  029  016  006  000  016  015 

Celda26

 000  010  006  001  002  009  012  008  000  000  000  000  000  017  046  082 
 000  016  007  000  003  009  005  002  000  000  000  000  002  018  046  086 
 007  014  006  000  006  010  000  000  000  000  000  007  023  021  035  088 
 016  013  006  005  007  006  000  000  000  006  018  023  029  014  019  082 
 014  005  007  006  002  000  000  000  000  016  030  029  018  011  006  066 
 003  000  008  008  003  000  000  000  012  037  034  030  019  014  009  046 
 000  000  008  010  008  000  000  007  036  045  027  024  020  016  016  034 
 000  000  009  014  012  000  000  016  040  028  009  010  012  015  020  027 
 000  000  010  014  010  004  003  014  020  009  000  000  006  014  020  014 
 021  019  018  008  000  004  012  014  014  009  000  000  004  012  016  011 
 035  038  035  024  008  000  012  010  010  012  004  000  009  014  011  007 
 029  032  032  029  022  014  008  006  010  012  010  013  022  015  006  002 
 013  014  014  015  020  020  016  018  023  022  021  028  030  012  006  001 
 003  003  000  002  008  012  013  022  028  027  026  030  026  008  008  006 
 003  002  000  000  002  006  012  025  026  022  019  020  015  002  006  010 
 004  000  000  001  004  008  016  021  014  009  010  012  006  000  000  006 

Celda27

 050  006  010  016  006  000  000  002  006  019  024  013  013  014  004  002 
 059  009  012  007  000  000  006  016  021  032  035  021  017  019  008  008 
 066  006  004  001  000  006  027  032  023  032  042  026  017  021  009  008 
 072  008  000  000  004  023  039  032  021  034  043  022  012  013  005  009 
 073  018  000  000  017  038  039  028  024  033  030  006  000  002  000  008 
 069  030  000  004  028  041  030  024  022  019  009  002  000  004  004  004 
 060  040  002  004  034  034  019  018  011  000  000  000  001  006  012  002 
 042  040  010  007  036  036  016  010  000  000  000  000  001  010  018  002 
 016  035  026  022  046  042  016  006  000  000  000  000  003  016  021  000 
 000  026  044  046  056  037  007  003  000  000  001  002  009  023  014  000 
 002  016  054  070  059  019  000  003  002  000  004  008  014  017  006  000 
 002  009  055  078  049  002  000  004  006  000  000  008  011  008  000  000 
 001  002  046  078  049  000  000  005  011  000  000  008  009  005  000  000 
 004  000  028  061  048  008  000  006  015  007  004  010  012  002  000  002 
 012  008  008  034  040  023  006  008  020  018  009  010  011  000  000  003 
 013  016  011  008  028  032  016  011  027  028  012  008  006  000  000  014 

Celda28

 006  015  018  000  000  000  000  012  021  010  004  017  016  004  004  007 
 010  021  011  002  000  000  000  020  016  001  002  014  012  000  004  008 
 010  016  004  000  000  000  000  020  015  000  000  013  010  001  004  010 
 012  008  000  001  007  009  006  012  009  002  012  023  017  008  008  018 
 010  004  002  009  015  016  014  014  003  008  034  036  020  012  012  026 
 004  001  005  012  014  014  017  016  013  023  050  043  022  018  016  027 
 000  000  007  008  005  006  009  009  010  029  055  042  018  016  016  023 
 000  000  009  002  000  000  000  000  002  032  050  032  009  012  014  019 
 000  002  006  000  000  000  000  000  014  039  039  020  003  009  014  017 
 000  008  001  000  000  000  000  003  032  044  032  017  006  008  016  015 
 000  012  002  000  000  000  000  017  039  037  025  013  004  007  015  009 
 004  010  000  000  000  000  009  032  032  022  017  008  002  010  014  001 
 008  008  000  000  000  004  031  036  016  007  013  008  004  012  014  000 
 015  005  000  000  000  022  045  029  004  000  010  008  006  012  010  000 
 019  006  004  006  013  037  040  016  002  003  005  006  008  012  008  000 
 023  008  008  012  022  032  021  006  000  001  000  000  009  013  006  000 

Celda29

 040  040  022  012  008  014  023  022  014  010  017  024  024  020  020  024 
 039  033  006  002  004  009  009  006  004  004  002  000  000  000  006  012 
 036  026  004  000  006  008  002  000  000  000  000  000  000  001  009  007 
 034  019  006  002  005  002  000  000  000  000  002  002  006  013  016  012 
 033  024  017  007  002  000  000  000  000  006  012  013  012  021  023  024 
 030  029  021  012  010  014  014  010  007  007  007  007  006  026  031  027 
 026  029  017  014  016  021  021  015  006  000  000  001  004  030  027  014 
 024  025  008  006  006  008  009  008  004  002  000  002  010  027  014  006 
 019  015  000  000  000  000  000  000  000  001  001  004  016  022  011  013 
 010  005  000  000  000  000  000  000  000  000  000  005  018  022  021  026 
 006  000  000  000  000  000  000  000  000  000  000  003  017  031  038  036 
 000  000  000  000  000  000  000  000  000  000  002  002  020  044  047  032 
 000  000  000  000  000  000  000  000  000  000  002  006  027  043  033  011 
 000  000  000  000  000  000  000  002  002  000  002  014  025  030  024  006 
 000  000  000  000  000  000  000  012  008  000  005  014  015  016  017  005 
 000  000  000  000  000  000  002  017  008  000  005  015  008  004  008  004 

Celda30

 020  002  000  011  012  001  000  000  000  002  011  017  012  002  004  010 
 014  014  016  021  000  000  000  000  000  002  009  016  012  003  009  017 
 008  019  027  022  010  000  000  002  002  005  009  013  012  007  018  027 
 013  022  028  027  025  026  026  027  022  016  012  013  013  013  020  018 
 026  030  032  032  037  046  048  043  040  032  018  013  011  012  014  008 
 031  034  034  033  040  050  050  045  042  039  033  026  022  025  025  008 
 019  026  030  034  041  043  040  034  034  040  044  044  041  047  046  032 
 011  014  020  028  038  031  026  023  025  034  042  043  042  047  042  032 
 013  005  008  021  025  018  020  024  028  030  031  026  020  017  011  010 
 016  005  007  021  018  012  018  027  031  028  022  014  002  000  000  002 
 020  015  019  030  018  009  011  015  018  016  012  009  004  000  005  020 
 021  021  028  029  010  002  000  002  002  000  000  000  004  005  015  023 
 007  010  014  004  000  000  000  006  004  000  000  000  000  004  016  016 
 000  000  001  000  000  000  000  010  004  000  000  000  000  009  019  015 
 000  000  000  000  000  000  000  009  002  000  000  000  015  026  021  014 
 000  000  002  002  002  000  000  006  004  000  004  016  034  028  014  008 

Celda31

 006  020  032  035  039  035  026  023  022  012  001  000  000  021  070  000 
 022  028  027  026  029  022  016  016  008  000  000  000  000  024  068  000 
 023  017  013  014  018  016  012  007  000  000  000  000  000  026  066  000 
 012  010  014  017  017  012  001  000  000  000  000  000  000  031  066  000 
 002  007  018  020  016  010  000  000  000  000  000  000  000  043  075  007 
 000  000  013  020  016  005  000  000  000  000  000  000  000  056  086  007 
 026  013  000  010  014  003  000  000  002  006  000  000  000  062  092  002 
 030  024  013  000  006  000  000  000  006  014  008  000  013  072  095  003 
 016  022  026  026  016  000  000  000  010  016  017  011  028  073  090  006 
 016  030  039  041  037  034  034  037  039  027  022  027  032  058  074  001 
 023  032  040  042  043  050  058  063  059  048  036  038  027  044  068  000 
 016  012  020  026  029  034  038  043  042  045  044  043  035  054  075  008 
 008  004  002  008  012  014  018  025  027  034  044  052  058  080  095  034 
 008  005  000  003  008  013  019  027  030  033  043  056  060  072  079  031 
 012  009  006  008  012  016  021  027  028  028  035  040  032  033  039  005 
 009  006  007  011  014  013  015  023  017  007  014  015  000  006  026  000 

Celda32

 000  000  000  000  000  000  000  000  001  000  000  000  000  000  004  002 
 000  000  000  000  000  000  000  002  000  000  000  002  002  002  004  004 
 000  000  000  000  000  000  005  002  000  000  003  007  007  006  009  010 
 000  000  000  000  000  004  005  000  000  000  001  004  006  008  010  010 
 000  000  000  000  002  010  005  000  000  000  004  003  002  003  003  005 
 002  004  006  004  004  015  005  000  002  006  008  005  000  000  000  000 
 004  009  016  015  012  025  011  008  008  010  008  006  002  000  000  000 
 003  008  016  018  014  024  007  006  006  008  010  010  008  005  000  000 
 001  003  008  013  014  017  004  002  002  008  011  014  014  014  012  008 
 000  000  000  002  006  008  002  000  000  008  005  008  010  016  020  017 
 000  000  000  000  000  000  000  000  000  007  000  000  002  012  018  018 
 000  000  000  000  002  000  000  000  000  004  000  000  000  003  006  010 
 000  000  000  000  006  002  000  000  000  000  000  000  000  000  000  000 
 000  000  000  000  010  007  004  006  003  000  002  002  000  000  000  000 
 001  002  004  006  013  006  000  002  000  000  005  002  000  000  000  000 
 001  004  009  010  004  004  001  000  000  000  006  002  000  000  000  000 

Celda33

 000  000  000  000  020  046  036  008  000  010  018  000  000  003  016  015 
 002  000  000  000  010  038  035  008  000  016  022  000  006  015  020  019 
 006  003  004  006  005  028  030  006  000  021  027  009  011  016  014  021 
 008  005  006  010  010  020  022  006  004  023  028  017  009  003  004  019 
 008  008  009  012  014  016  018  011  017  029  022  017  012  000  002  018 
 006  012  014  015  016  012  019  025  036  040  026  014  006  000  006  024 
 001  010  014  017  016  011  013  030  047  048  029  016  002  000  007  026 
 000  005  011  012  008  004  004  028  048  046  024  020  008  000  005  022 
 002  008  008  002  000  000  000  028  050  039  011  012  010  008  002  012 
 010  011  005  000  000  002  000  018  048  048  012  000  002  006  002  000 
 014  006  000  000  004  006  000  002  037  054  025  000  000  000  000  000 
 008  002  000  000  003  004  000  000  026  058  037  000  000  000  000  000 
 002  002  002  002  003  002  000  000  020  056  042  008  000  004  006  008 
 000  000  004  004  004  003  005  006  018  047  042  022  008  011  014  017 
 000  000  004  006  005  002  005  008  015  040  041  035  020  016  017  016 
 000  002  013  010  006  002  002  004  012  044  050  048  029  016  014  010 

Celda34

 004  000  000  000  004  008  012  009  003  005  011  011  000  000  000  000 
 012  008  006  004  005  008  008  004  005  011  015  010  000  000  000  000 
 023  018  018  013  010  009  008  006  009  012  012  004  000  000  000  003 
 026  015  017  016  012  006  003  005  008  005  006  002  000  002  004  006 
 020  001  002  006  008  004  001  006  003  000  002  004  000  002  006  008 
 018  000  000  000  006  008  006  005  000  000  000  006  004  000  003  007 
 018  000  000  002  008  012  010  001  000  000  000  005  010  008  004  005 
 016  006  003  009  013  012  008  000  000  000  000  002  011  012  010  007 
 012  010  013  018  013  006  002  000  000  006  010  008  005  010  016  011 
 006  011  020  025  013  000  000  000  004  008  013  014  010  008  018  013 
 002  012  022  025  014  000  000  000  002  004  006  010  010  010  018  010 
 000  010  018  020  012  000  000  000  002  002  000  003  006  012  015  001 
 006  007  012  015  008  001  000  002  002  003  003  004  008  016  011  004 
 016  011  009  007  002  000  008  010  006  007  006  004  013  015  008  006 
 013  009  005  000  000  000  010  015  012  009  003  004  014  009  006  008 
 006  004  000  000  000  000  006  019  018  010  000  004  013  007  007  015 

Celda35

 006  014  018  010  012  030  024  017  032  032  013  008  002  000  000  025 
 002  008  015  015  002  018  026  025  038  034  014  008  000  000  011  032 
 005  006  010  014  010  002  020  028  041  036  016  009  004  001  016  020 
 005  006  006  010  016  018  015  022  038  034  013  008  010  012  018  012 
 008  007  004  008  018  024  015  012  036  032  008  004  013  015  014  009 
 008  006  002  005  014  020  012  000  034  034  008  006  018  016  007  006 
 004  004  004  010  019  016  015  006  023  032  015  013  020  017  008  011 
 002  005  012  023  024  016  018  014  000  020  018  024  034  019  011  019 
 005  009  017  024  018  010  012  016  013  001  012  028  046  032  020  025 
 005  006  011  017  010  008  010  016  021  018  006  024  052  045  032  027 
 004  007  015  018  010  010  014  016  014  009  000  020  059  058  037  021 
 001  013  028  028  016  012  016  016  011  004  000  016  064  062  029  009 
 004  031  042  032  019  012  011  012  014  014  012  011  056  065  032  008 
 012  038  039  023  011  004  001  001  008  016  020  014  034  054  036  018 
 020  034  027  012  002  000  000  000  000  006  012  012  012  028  038  039 
 025  020  014  010  001  000  000  000  000  000  000  000  000  004  036  059 

Celda36

 024  003  004  007  015  013  006  001  003  004  000  000  008  012  006  000 
 014  000  000  000  004  003  000  000  006  010  000  000  006  010  005  000 
 004  000  000  000  002  001  000  000  002  010  006  004  008  009  002  000 
 000  000  000  000  008  008  002  002  000  000  007  012  014  010  000  000 
 000  000  000  001  017  019  004  001  000  000  000  014  018  010  000  000 
 002  000  000  003  022  022  008  000  000  000  000  011  015  006  000  000 
 008  006  008  015  022  012  006  000  000  000  000  009  010  000  000  003 
 017  018  026  035  031  015  007  002  000  002  005  015  012  003  000  006 
 021  020  029  035  028  024  017  010  008  009  009  013  011  010  018  026 
 019  019  026  022  018  013  006  000  000  000  000  003  008  013  024  029 
 013  018  018  007  002  000  000  000  000  000  000  001  012  022  022  010 
 008  015  005  000  000  000  000  000  000  000  000  002  016  023  012  000 
 014  016  000  000  000  000  000  006  013  012  004  008  022  016  005  000 
 022  016  000  000  000  000  000  006  012  014  009  011  018  002  000  004 
 032  008  000  000  000  002  000  000  003  004  006  004  012  000  000  009 
 034  000  000  000  008  011  000  000  006  000  000  000  008  000  001  004 

Celda37

 000  000  001  000  000  000  010  014  006  000  005  012  001  000  000  006 
 000  004  008  006  002  006  010  006  003  001  006  008  000  000  000  012 
 000  004  009  010  007  005  006  000  000  004  006  001  000  000  001  016 
 000  000  000  004  002  000  004  000  000  004  000  000  000  000  015  015 
 000  002  000  000  000  000  004  000  000  003  000  000  000  015  012  000 
 000  006  000  000  000  000  008  002  000  001  000  000  004  023  009  000 
 007  008  000  000  000  000  014  003  000  000  000  000  005  020  008  000 
 014  009  000  000  006  022  033  014  008  003  000  000  000  012  008  004 
 030  020  014  018  020  034  032  017  020  026  030  028  017  006  006  004 
 025  018  014  018  020  025  018  012  022  034  037  032  024  014  005  000 
 004  002  000  001  006  007  005  008  018  020  016  012  010  010  004  000 
 000  000  000  000  000  000  006  018  020  008  000  000  000  002  004  008 
 000  000  000  000  000  000  010  030  023  009  002  000  000  006  012  020 
 000  000  004  009  004  000  014  032  019  007  006  008  009  010  016  029 
 000  000  010  008  000  000  014  034  015  000  004  012  014  010  016  021 
 000  000  014  012  000  000  008  028  015  000  000  008  011  010  013  006 

Celda38

 000  000  001  008  009  000  000  008  010  006  020  032  031  010  002  000 
 004  000  000  010  011  000  000  014  019  023  027  025  012  000  000  000 
 004  000  000  007  010  002  004  018  027  024  015  002  000  000  000  000 
 000  000  000  002  005  002  006  020  030  025  009  000  000  000  002  008 
 000  000  000  000  000  000  006  020  026  020  010  000  000  000  008  019 
 000  008  004  000  000  000  005  020  020  016  014  008  002  002  005  010 
 008  012  002  000  000  000  007  020  018  015  018  012  002  001  009  010 
 010  008  000  000  000  002  013  021  016  012  016  010  000  000  012  012 
 004  002  000  000  002  014  019  018  008  006  016  012  000  000  012  010 
 000  000  000  000  008  019  020  011  000  002  018  016  000  000  010  006 
 002  006  008  015  018  019  020  006  000  002  020  012  000  000  010  002 
 018  017  015  020  014  016  029  019  016  020  037  014  001  002  014  002 
 033  022  016  016  009  016  037  028  023  035  049  026  022  019  030  017 
 029  017  012  010  008  021  034  017  010  032  038  020  022  022  023  012 
 008  000  000  000  009  022  018  004  008  020  017  004  011  012  004  002 
 000  000  000  005  013  017  005  000  010  021  016  002  002  000  000  001 

Celda39

 003  001  004  012  010  010  013  020  003  000  010  016  000  002  028  000 
 004  006  014  016  008  008  012  010  000  000  004  012  000  006  032  000 
 007  024  030  017  008  004  005  000  000  000  003  004  000  012  038  000 
 025  035  025  006  002  001  000  000  000  000  001  000  000  014  043  000 
 026  019  008  000  000  000  000  000  000  000  000  000  000  016  046  000 
 006  002  002  000  000  000  000  000  000  000  000  000  000  016  050  000 
 002  000  000  000  000  000  000  000  000  000  000  000  000  016  053  000 
 001  000  000  000  000  000  000  002  002  000  000  000  000  020  058  000 
 000  000  000  000  000  000  000  005  008  000  000  000  000  030  066  005 
 000  000  000  000  002  000  000  004  008  000  000  000  006  047  076  011 
 000  000  000  000  004  004  000  000  000  000  000  006  027  061  078  012 
 000  000  000  000  004  008  002  000  000  000  010  025  038  063  072  009 
 016  017  016  011  004  004  002  000  000  008  012  022  030  052  060  003 
 016  028  034  032  021  008  005  012  013  005  004  019  032  050  058  000 
 007  014  023  024  019  014  023  030  018  009  002  012  023  046  063  000 
 010  004  000  003  011  020  039  037  026  022  018  016  008  037  067  000 

Celda40

 000  000  000  000  000  003  002  000  000  000  004  000  000  000  001  003 
 000  000  000  000  000  006  000  000  000  000  002  000  000  004  012  012 
 001  000  000  000  000  011  000  000  000  000  001  002  007  010  008  005 
 000  000  000  000  002  014  000  000  000  000  004  010  016  016  008  004 
 000  000  000  000  006  016  000  000  000  000  014  020  014  016  015  016 
 000  000  000  000  007  015  002  000  000  008  027  021  006  010  016  018 
 000  000  000  000  006  010  000  000  000  023  034  015  003  006  009  010 
 000  000  000  000  000  000  000  000  014  035  024  006  002  000  002  004 
 000  000  000  000  000  000  000  011  031  029  010  004  006  000  000  000 
 000  000  000  000  000  000  004  026  034  017  005  007  008  002  000  000 
 000  000  000  000  000  000  016  032  024  010  008  011  008  006  005  008 
 000  000  000  000  000  004  026  024  016  010  014  014  009  014  014  010 
 000  000  000  000  001  018  022  013  010  012  017  016  014  017  011  004 
 000  000  000  002  018  026  015  007  008  014  017  017  019  017  006  002 
 000  000  000  010  031  022  014  007  007  014  022  025  020  012  006  004 
 000  000  000  000  015  005  008  006  000  015  027  021  009  008  008  008 

Celda41

 002  012  020  008  004  004  003  005  019  055  061  058  038  018  012  006 
 008  015  012  000  000  002  002  005  029  062  062  058  040  019  014  010 
 004  009  002  000  000  000  000  000  028  052  047  045  032  012  016  017 
 006  005  000  000  000  000  000  000  021  042  042  044  034  008  016  022 
 014  006  000  000  000  000  000  000  008  031  046  056  044  008  010  016 
 016  011  008  005  002  003  006  005  000  018  052  070  050  008  000  001 
 012  015  014  007  004  009  014  011  004  008  053  070  047  009  000  003 
 007  008  006  002  006  012  016  014  010  013  055  062  040  012  002  009 
 000  000  000  000  009  012  010  009  006  003  046  058  039  021  015  015 
 000  000  003  006  012  003  000  000  000  000  042  060  045  027  017  008 
 010  012  016  020  015  003  000  000  000  000  041  063  049  032  014  000 
 014  019  026  029  024  012  002  000  000  000  044  059  045  034  016  000 
 008  016  025  030  027  020  014  010  006  004  046  055  036  032  018  002 
 008  014  018  018  019  019  019  017  012  008  048  057  032  024  018  005 
 008  008  007  000  002  008  015  020  020  018  048  053  026  018  015  006 
 006  004  006  002  000  002  012  020  024  021  035  040  022  016  014  006 

Celda42

 004  005  004  002  002  000  003  024  028  012  002  005  017  011  008  021 
 010  012  012  011  008  008  010  027  024  006  000  012  024  012  007  013 
 019  019  016  012  012  016  016  013  018  009  002  016  021  007  002  006 
 025  024  016  007  007  015  014  004  010  014  009  014  015  004  000  002 
 021  020  012  003  002  009  006  009  007  012  010  012  015  007  000  000 
 008  010  008  004  000  010  003  012  010  004  008  010  012  008  000  002 
 003  006  008  008  002  011  010  004  000  000  008  008  008  006  002  004 
 008  005  008  008  004  010  009  000  000  002  012  008  006  009  009  005 
 007  000  002  001  000  008  005  000  000  008  013  007  011  021  019  010 
 000  000  000  000  000  009  004  001  000  010  014  006  013  023  015  008 
 000  000  000  000  002  018  017  012  010  013  018  010  012  018  008  002 
 000  000  002  010  016  031  023  014  015  020  026  016  012  014  008  000 
 000  000  004  015  022  030  017  012  016  020  022  014  010  012  006  000 
 000  000  004  012  018  020  013  016  021  019  012  009  007  010  007  000 
 002  000  004  007  009  011  012  018  024  020  011  005  003  004  005  004 
 005  004  002  000  001  004  010  017  014  012  006  002  000  002  007  004 

Celda43

 018  002  001  010  003  000  000  000  004  000  000  000  000  000  028  062 
 003  000  000  007  006  000  000  000  000  000  000  000  000  000  012  050 
 000  000  000  002  006  000  000  000  000  000  000  002  007  002  000  036 
 002  000  000  000  004  000  000  001  002  000  000  007  007  002  000  024 
 002  000  000  000  003  000  000  002  006  006  008  006  000  000  006  008 
 004  000  000  000  006  000  000  000  000  004  009  001  000  000  006  000 
 002  000  000  000  008  000  001  000  000  000  003  000  000  000  000  000 
 000  000  000  002  009  006  002  000  000  004  005  000  000  000  000  000 
 004  003  007  009  013  006  000  000  000  002  006  000  000  000  003  009 
 008  010  011  010  009  002  000  000  000  000  002  000  000  002  006  008 
 006  008  006  005  002  000  000  000  004  004  000  000  000  006  010  001 
 000  000  000  000  000  000  000  000  007  010  006  000  000  008  012  002 
 000  000  000  000  000  000  000  000  002  006  006  005  004  008  011  002 
 000  000  000  000  000  000  000  000  000  000  000  000  000  003  010  002 
 000  000  000  000  000  000  002  003  000  000  000  000  000  002  012  004 
 004  000  002  000  001  004  003  000  000  000  000  000  000  001  014  006 

Celda44

 034  000  000  013  023  006  000  000  004  000  000  000  006  002  000  000 
 038  000  005  028  016  000  000  000  000  000  000  001  009  006  000  000 
 045  010  008  029  015  000  000  000  000  000  000  007  012  011  002  000 
 041  018  004  021  017  000  000  000  000  000  004  010  010  013  008  000 
 021  016  007  020  022  006  000  000  000  004  007  005  006  010  010  004 
 000  005  018  032  029  014  002  003  010  011  006  000  002  005  008  008 
 000  000  026  050  040  022  010  006  008  007  006  002  000  002  008  009 
 001  000  024  059  051  030  020  008  008  007  007  004  000  005  016  014 
 018  019  026  054  054  035  018  005  006  004  000  000  000  008  018  009 
 016  020  015  036  046  040  026  010  000  000  000  000  000  010  016  004 
 008  012  006  014  029  044  042  020  000  000  000  000  000  011  012  004 
 000  002  000  000  009  040  054  034  004  000  000  000  006  009  008  006 
 000  000  001  000  000  027  058  050  018  000  006  010  016  009  002  004 
 000  001  008  012  009  010  051  058  028  000  000  007  009  003  000  000 
 000  004  014  022  022  013  040  056  028  002  000  001  000  000  000  000 
 002  008  015  018  020  016  030  046  024  004  006  005  000  000  000  000 

Celda45

 000  002  014  010  000  000  005  018  012  000  000  000  002  005  001  000 
 000  006  006  000  000  004  010  010  008  007  002  000  000  000  000  000 
 006  003  000  000  000  014  014  008  010  008  004  000  000  000  000  006 
 000  000  000  000  003  017  010  012  016  008  004  000  000  000  004  012 
 000  000  000  000  008  010  003  014  022  014  006  000  000  000  008  014 
 000  000  002  013  016  006  000  012  026  027  014  000  000  000  006  016 
 004  002  010  018  018  016  016  024  035  034  003  000  000  000  004  013 
 009  013  014  012  014  019  025  025  024  018  000  000  000  000  008  008 
 002  008  006  000  002  012  011  006  000  006  000  000  000  002  008  002 
 000  006  006  000  005  008  000  000  000  000  000  000  000  000  004  000 
 000  006  004  000  000  004  000  000  000  000  000  000  000  000  000  000 
 006  009  006  000  000  000  002  000  000  000  000  000  000  000  000  000 
 010  012  002  000  000  000  004  000  000  000  000  000  000  000  000  000 
 005  010  004  000  000  000  002  002  000  000  000  000  000  000  000  000 
 000  002  006  000  000  000  000  006  000  000  000  000  000  002  000  000 
 000  000  006  007  000  000  000  007  002  000  000  000  000  005  002  004 

Celda46

 000  000  000  008  019  014  002  002  006  014  019  008  000  000  000  001 
 002  010  010  010  022  013  000  001  001  007  019  009  000  000  000  000 
 012  012  014  008  022  013  000  000  000  003  016  006  000  000  000  000 
 009  002  005  006  018  009  000  000  000  001  010  002  000  004  006  003 
 009  000  000  000  009  006  002  004  002  001  006  004  006  012  008  006 
 012  000  000  000  002  006  012  008  001  000  005  008  009  004  000  000 
 011  000  000  000  000  011  024  014  002  002  007  006  004  000  000  000 
 004  000  000  000  000  014  030  015  000  000  006  000  000  000  000  000 
 000  000  000  000  000  013  026  016  000  002  004  000  000  000  000  000 
 000  000  000  000  000  009  020  017  006  000  000  000  000  000  000  002 
 000  000  005  000  000  007  018  019  008  000  000  000  000  000  000  007 
 000  004  007  000  000  008  018  018  004  000  000  000  000  000  003  010 
 000  004  006  000  000  010  015  010  000  000  000  003  000  000  005  010 
 000  002  005  001  004  006  005  000  000  000  004  005  002  001  004  008 
 000  006  012  010  003  000  000  000  000  000  004  004  004  004  004  004 
 010  015  017  007  000  000  000  000  000  000  002  004  006  005  004  000 

Celda47

 006  002  002  000  010  025  039  027  020  021  020  014  010  043  077  009 
 000  000  008  006  008  024  023  006  002  006  012  016  016  050  079  012 
 000  006  014  012  012  017  007  000  000  000  011  018  015  035  061  000 
 005  019  021  017  014  015  010  010  009  005  002  000  000  023  060  000 
 017  021  016  014  008  011  016  010  008  000  000  000  000  028  064  000 
 012  008  006  009  002  007  014  000  000  000  000  000  000  040  071  000 
 008  005  005  006  002  004  008  000  000  000  000  000  002  046  074  000 
 004  005  005  005  006  006  001  000  000  000  000  000  000  042  076  000 
 004  006  007  006  008  006  000  000  000  000  000  000  000  040  078  000 
 006  008  008  006  004  000  000  000  000  000  000  000  000  044  084  000 
 008  004  001  000  000  000  000  000  000  000  000  000  000  048  088  000 
 005  000  000  000  000  000  000  000  000  003  000  000  001  049  089  000 
 000  000  000  000  000  000  000  000  000  004  002  000  001  048  091  000 
 000  000  000  000  006  000  000  002  004  006  003  000  000  050  094  000 
 000  000  000  000  012  006  001  003  007  009  008  009  010  058  101  005 
 000  000  002  003  014  010  002  000  007  008  009  013  018  062  100  006 

Celda48

 000  000  000  000  014  008  000  000  000  016  028  014  004  009  013  012 
 000  000  000  000  014  014  007  000  000  013  023  011  007  014  014  012 
 000  000  000  000  012  014  010  002  000  007  014  012  013  017  012  008 
 000  000  002  002  016  013  009  008  006  005  008  012  016  016  008  004 
 002  004  009  015  033  026  017  016  016  012  015  022  022  016  009  007 
 002  005  012  020  038  021  012  012  017  013  012  017  017  014  013  012 
 002  006  016  022  027  008  004  011  016  009  006  013  017  018  019  014 
 003  008  014  013  004  000  002  015  014  007  010  021  025  026  024  013 
 003  006  008  004  000  000  006  020  016  013  022  030  025  023  020  007 
 000  000  000  000  000  000  016  030  024  020  027  023  007  010  012  000 
 000  000  000  000  000  003  026  035  023  015  016  002  000  009  014  000 
 000  000  002  002  002  007  026  029  014  003  000  000  000  011  017  002 
 003  006  012  012  008  004  020  025  009  000  000  000  000  010  016  006 
 003  006  012  014  010  003  018  028  008  000  000  000  004  003  008  008 
 000  000  002  006  008  008  019  026  008  000  000  002  004  002  000  008 
 000  000  000  001  008  012  016  016  004  000  000  008  002  000  000  007 

Celda49

 005  000  005  004  000  004  010  017  021  018  019  028  016  016  018  010 
 006  002  006  006  000  002  007  010  011  009  005  018  006  009  022  016 
 006  004  008  011  005  000  000  000  000  000  000  014  000  000  023  023 
 004  006  010  014  010  001  000  000  000  000  000  012  000  000  026  030 
 011  014  016  014  006  000  000  000  004  006  000  008  000  004  037  036 
 016  020  019  011  000  000  000  000  006  012  006  006  015  028  055  045 
 014  017  009  000  000  000  000  000  000  005  004  004  030  038  048  039 
 011  013  000  000  000  000  000  000  000  000  000  002  036  030  026  024 
 004  006  000  000  000  000  000  001  000  000  000  000  038  028  022  022 
 000  002  000  000  000  000  000  010  004  000  000  000  032  032  028  027 
 000  001  000  000  000  000  002  020  004  000  000  000  026  040  040  031 
 004  003  000  000  000  002  017  023  000  000  000  000  015  048  054  040 
 008  004  000  000  006  021  026  008  000  000  000  000  000  046  070  060 
 010  004  000  004  028  028  015  000  000  000  000  000  000  035  087  084 
 013  007  002  020  034  012  002  000  000  000  000  000  000  020  096  102 
 014  012  012  023  015  000  000  001  004  000  000  000  000  013  094  109 

Celda50

 006  006  005  003  002  003  008  008  000  000  000  000  000  004  013  004 
 005  004  008  008  003  002  008  006  000  000  000  000  004  010  015  004 
 006  000  006  010  004  003  006  003  000  000  000  004  010  011  007  000 
 006  000  004  006  004  006  006  002  000  000  000  005  013  010  002  000 
 003  000  000  000  003  006  005  004  006  006  006  009  014  008  000  000 
 014  006  000  000  002  004  002  008  015  014  010  007  011  007  000  002 
 020  014  005  000  000  000  000  012  020  019  009  005  010  010  006  006 
 006  004  000  000  001  000  000  016  022  020  014  007  012  013  008  006 
 000  000  002  009  010  004  000  021  024  018  016  011  009  005  000  000 
 005  012  021  024  016  011  014  037  033  023  018  009  006  003  000  000 
 012  026  036  029  015  012  023  036  026  016  009  004  004  002  000  000 
 020  026  030  022  012  012  024  021  012  009  004  000  002  004  000  003 
 032  023  012  008  008  012  016  004  006  009  002  000  000  006  004  004 
 050  020  000  000  004  009  002  000  005  010  001  000  000  008  008  000 
 058  018  000  000  000  000  000  000  004  009  002  000  000  010  010  000 
 056  012  000  000  000  000  000  000  004  006  004  001  000  009  012  002 

Celda51

 004  000  001  004  004  004  000  000  000  000  000  005  000  000  010  006 
 003  004  000  008  000  000  000  000  000  000  003  008  000  000  003  003 
 000  004  004  004  000  000  000  002  009  014  019  014  006  000  000  000 
 000  002  005  005  002  000  002  011  019  022  024  018  014  008  004  000 
 000  004  008  012  012  011  012  014  016  020  027  025  022  016  009  000 
 004  008  012  020  020  021  020  017  014  017  029  024  024  020  014  004 
 006  008  016  021  015  016  016  015  015  021  025  014  016  018  016  012 
 004  006  017  013  004  001  002  006  014  024  019  006  002  006  009  011 
 000  004  014  000  000  000  000  000  010  022  014  006  000  000  004  008 
 000  011  009  000  000  000  000  004  012  017  005  002  002  004  010  014 
 011  014  004  000  000  000  000  008  016  014  000  000  000  006  012  018 
 014  007  000  001  004  005  005  016  017  009  000  000  000  000  000  008 
 009  006  000  000  002  007  010  018  008  000  000  000  000  000  000  000 
 002  004  000  000  000  001  004  009  000  000  000  002  006  002  000  000 
 000  006  005  000  000  000  000  004  000  000  008  004  004  003  000  000 
 002  010  008  005  002  000  000  000  000  000  011  006  000  000  000  000 

Celda52

 000  000  004  000  004  010  012  030  020  008  010  006  004  004  000  000 
 000  000  000  000  000  004  002  011  018  015  010  004  006  006  000  000 
 000  000  000  000  000  004  005  000  012  014  008  008  010  006  000  000 
 000  000  005  002  000  003  008  013  008  000  005  016  016  008  005  013 
 000  000  013  007  002  004  006  011  012  006  000  020  024  013  011  012 
 000  000  018  012  007  003  000  002  005  008  002  011  027  020  010  008 
 010  012  028  021  008  000  000  008  003  006  004  000  020  023  012  011 
 014  020  035  022  005  000  000  012  011  006  010  006  004  016  017  022 
 012  024  033  015  006  000  000  018  022  010  012  012  002  006  020  031 
 016  025  024  010  006  000  001  029  027  006  004  006  010  009  019  026 
 020  017  013  006  006  002  004  036  016  000  000  004  016  020  013  009 
 012  008  005  001  002  004  009  028  000  000  000  005  016  016  006  000 
 000  000  000  000  000  000  003  018  000  000  001  016  011  010  007  004 
 000  000  000  000  000  000  002  013  000  004  008  018  008  008  010  014 
 000  000  000  000  000  000  007  019  006  004  007  012  003  004  010  014 
 000  000  000  000  000  000  022  029  010  002  004  004  000  000  006  010 

Celda53

 000  000  000  006  004  000  000  007  002  000  000  008  010  013  008  010 
 000  000  000  000  002  000  004  008  004  000  006  016  018  017  011  004 
 004  008  007  002  000  004  011  010  003  004  007  008  011  012  008  001 
 013  008  006  010  012  015  016  008  000  002  007  004  004  000  000  000 
 002  000  000  008  015  012  006  001  000  000  004  003  002  002  000  000 
 000  000  004  019  014  014  009  002  000  000  000  002  002  005  006  005 
 008  008  026  030  018  019  019  014  006  000  000  002  004  009  010  006 
 024  028  031  023  014  016  018  016  012  008  004  000  002  012  012  004 
 036  026  013  004  004  004  008  011  012  009  003  000  000  015  016  006 
 034  030  015  004  006  005  000  002  006  002  000  000  000  018  022  010 
 022  032  024  012  007  002  002  000  000  000  000  008  016  027  021  006 
 009  030  036  027  009  000  000  000  000  000  003  020  018  010  010  002 
 000  022  042  038  013  000  000  000  000  000  018  007  000  000  007  004 
 014  013  034  035  015  000  000  000  004  009  006  000  000  000  006  004 
 015  010  016  024  016  006  000  000  001  000  000  000  000  007  002  000 
 014  016  008  011  016  015  002  000  000  000  000  000  002  014  002  000 

Celda54

 013  014  012  004  000  000  000  000  000  002  004  008  008  002  000  000 
 006  008  002  000  000  000  000  000  000  004  010  016  012  002  000  002 
 005  008  000  000  000  000  000  003  004  005  015  021  012  006  005  004 
 003  004  000  000  000  002  005  008  012  011  016  018  010  005  008  006 
 003  000  000  000  004  005  008  010  012  011  012  016  012  002  007  012 
 002  002  006  008  004  000  001  002  004  008  016  023  019  007  008  018 
 001  006  014  012  002  000  000  000  006  018  026  024  013  004  008  020 
 005  012  008  004  000  000  000  005  020  030  025  010  002  000  008  015 
 007  010  000  000  000  003  006  014  024  025  012  002  000  000  014  014 
 003  008  000  000  000  004  009  010  010  014  008  000  001  004  018  013 
 000  009  001  000  000  002  001  000  004  011  010  000  000  000  010  008 
 000  012  005  000  000  000  000  000  006  010  009  006  000  000  003  006 
 000  011  006  000  000  000  002  006  013  012  007  007  001  000  000  001 
 000  004  005  000  000  000  006  008  016  016  008  005  000  000  000  000 
 001  002  005  000  000  008  015  005  013  022  014  002  000  000  000  000 
 006  006  007  005  010  015  011  006  014  023  014  001  000  000  000  000 

Celda55

 002  004  007  006  012  010  000  000  006  012  016  020  017  054  092  005 
 010  005  003  004  012  010  002  006  013  019  022  020  013  048  088  008 
 010  002  000  007  022  018  011  012  015  017  017  013  007  043  082  005 
 005  002  004  020  028  019  013  009  012  011  010  009  006  042  079  000 
 015  017  020  024  023  011  008  006  012  010  006  000  000  042  085  000 
 026  025  018  013  012  002  000  002  008  003  000  000  000  044  093  000 
 018  009  005  002  008  000  000  000  005  000  000  000  000  050  099  001 
 002  000  000  000  004  000  000  000  002  000  000  000  004  056  103  002 
 000  000  000  000  000  000  000  000  000  000  000  004  010  058  102  000 
 002  000  000  000  000  000  000  000  000  000  003  020  011  055  102  000 
 000  000  000  000  000  000  000  000  000  001  020  019  005  048  102  000 
 000  000  000  000  006  000  000  000  002  010  018  010  000  046  099  000 
 000  000  000  006  012  000  000  000  008  010  005  008  010  054  102  004 
 000  000  000  009  010  000  000  006  023  007  000  004  022  064  103  003 
 000  000  000  004  000  000  007  018  013  000  000  006  026  066  102  000 
 002  006  013  006  000  007  021  014  001  000  000  023  030  058  100  000 

Celda56

 000  000  000  001  008  010  004  004  001  000  001  009  002  000  004  018 
 000  000  000  001  004  005  002  000  001  004  008  007  000  002  015  035 
 001  002  002  000  000  000  000  002  010  015  010  002  000  012  033  033 
 002  002  000  000  000  000  000  006  013  008  000  000  011  027  031  013 
 001  001  000  000  000  000  001  007  002  000  002  013  027  029  017  000 
 000  000  000  000  002  006  004  000  000  000  013  034  035  023  008  002 
 000  000  000  002  010  006  000  000  000  014  039  044  028  011  005  000 
 000  000  000  001  004  000  000  000  008  039  048  034  011  000  000  000 
 000  000  000  000  000  000  000  000  029  041  030  018  000  000  000  000 
 000  000  000  000  000  000  000  012  029  020  020  016  000  000  000  000 
 000  000  000  000  000  000  006  017  014  005  010  014  000  000  000  000 
 000  000  000  000  000  002  010  015  008  000  000  006  000  000  000  000 
 000  000  000  000  000  002  006  010  006  000  000  000  000  000  000  000 
 004  010  022  032  039  041  044  045  038  034  036  034  033  036  042  044 
 010  026  057  078  088  088  088  086  082  082  085  086  088  092  089  089 
 000  000  000  000  004  004  003  001  000  000  000  000  000  003  000  000 

Celda57

 022  014  015  015  000  000  000  004  008  004  000  000  000  026  095  099 
 026  010  013  016  000  000  000  002  006  008  008  012  024  054  103  089 
 014  006  011  017  001  002  003  000  000  002  010  020  032  060  087  068 
 003  002  008  012  000  000  000  000  000  000  004  016  026  050  056  042 
 000  000  002  002  000  000  000  000  000  000  009  019  024  036  025  032 
 000  000  000  000  000  000  000  000  000  007  018  022  016  008  004  030 
 000  000  000  000  000  002  000  000  008  016  018  012  000  000  004  036 
 000  000  000  000  000  004  007  007  012  014  008  000  000  000  022  055 
 000  000  000  000  002  006  015  017  010  006  000  000  000  002  029  043 
 000  000  000  000  007  011  017  012  001  000  000  000  000  009  038  038 
 000  000  000  004  009  008  007  004  000  000  000  000  000  013  046  041 
 004  000  000  011  013  003  000  000  000  000  000  000  000  018  049  043 
 008  007  011  019  012  001  000  000  000  000  000  000  002  034  058  048 
 052  055  056  056  045  042  040  038  037  039  046  056  068  096  104  087 
 095  096  093  088  082  082  085  086  089  096  106  118  130  143  138  119 
 006  010  009  004  000  000  000  000  000  000  000  000  007  016  018  013 

Celda58

 046  006  000  000  000  000  000  000  005  001  004  004  000  004  011  008 
 032  002  000  000  000  000  000  003  003  000  007  008  000  000  006  012 
 022  002  000  000  000  002  008  009  002  001  017  014  006  000  000  012 
 025  012  007  006  007  017  010  005  000  002  016  006  002  005  006  010 
 038  021  011  011  010  008  000  000  001  003  014  005  000  004  011  016 
 052  030  012  008  000  000  000  000  000  002  008  002  000  004  014  018 
 062  028  000  000  000  000  004  010  000  000  002  000  004  014  022  017 
 053  016  000  000  000  000  012  016  000  000  000  001  010  022  025  009 
 028  002  000  000  000  000  019  014  000  000  000  004  016  027  022  002 
 016  000  000  004  011  014  022  010  000  000  000  006  018  026  018  000 
 016  008  012  014  016  012  010  002  000  000  000  008  016  018  010  000 
 020  016  018  008  010  004  000  000  000  000  000  007  010  006  001  000 
 022  013  016  003  000  000  000  000  000  000  000  004  002  000  000  000 
 059  048  051  039  034  034  036  038  041  042  042  040  036  034  034  034 
 098  093  095  082  080  087  093  096  097  094  092  092  092  094  096  098 
 006  006  008  000  000  000  000  001  001  000  000  000  000  000  000  000 

Celda59

 010  012  006  008  000  000  000  000  000  001  009  000  000  000  000  000 
 017  012  003  006  002  000  000  000  000  002  003  000  000  000  000  007 
 018  012  002  006  004  000  000  000  000  000  000  000  000  000  005  014 
 016  012  006  012  008  001  000  000  000  000  000  000  000  004  011  012 
 019  013  012  019  005  000  000  000  000  000  000  000  000  008  014  008 
 016  012  017  017  000  000  000  000  000  000  000  000  000  008  014  006 
 008  004  011  006  000  000  000  000  000  000  000  000  000  008  010  007 
 001  000  007  000  000  000  000  000  000  000  000  000  003  009  008  006 
 000  000  000  000  000  000  000  000  000  000  004  004  003  009  008  004 
 000  000  000  000  000  000  000  000  004  005  002  000  000  005  014  004 
 000  000  000  000  000  000  000  002  004  000  000  000  000  000  020  010 
 000  000  000  002  001  001  000  000  000  000  000  000  000  000  024  017 
 000  000  000  004  004  004  001  000  000  000  000  008  018  025  047  045 
 035  038  044  049  047  043  040  041  048  058  066  072  080  086  102  100 
 102  106  111  111  106  100  100  102  106  114  118  120  122  127  135  132 
 000  001  004  003  000  000  002  004  000  000  000  000  001  003  011  015 

Celda60

 007  010  008  004  002  004  026  025  004  000  001  000  000  002  000  006 
 018  014  014  014  009  000  019  018  000  000  000  000  000  006  006  016 
 015  002  002  008  006  000  014  020  000  000  000  000  000  006  012  020 
 014  004  000  000  000  000  008  023  000  000  000  006  011  012  011  014 
 008  003  000  000  000  000  004  022  000  000  000  014  011  006  003  007 
 004  001  000  000  000  000  000  018  002  000  000  018  014  009  009  010 
 002  000  000  000  000  000  000  012  009  000  004  021  025  026  021  021 
 000  000  000  003  000  000  000  010  018  017  028  033  035  036  024  020 
 000  000  000  004  000  000  000  014  037  049  044  032  029  029  016  011 
 000  000  000  010  012  019  024  027  051  061  040  020  014  017  012  006 
 000  001  026  040  040  036  031  021  045  054  026  010  008  012  014  010 
 008  025  049  049  039  028  024  018  032  043  019  007  010  013  020  016 
 033  038  044  034  023  014  014  013  017  038  024  007  009  010  018  016 
 084  076  071  062  056  050  053  056  054  073  070  051  044  045  053  052 
 116  107  102  101  099  092  095  101  102  116  116  092  082  084  090  089 
 005  000  000  003  006  001  000  000  000  015  025  008  000  001  007  008 

Celda61

 020  024  022  012  010  012  000  000  000  000  000  000  003  018  010  012 
 026  018  016  010  000  001  001  000  000  000  002  008  016  034  038  037 
 016  000  000  000  000  000  006  013  020  024  021  018  021  039  046  038 
 014  000  000  002  010  014  021  031  022  022  020  014  008  031  041  029 
 012  006  006  012  017  021  019  020  009  004  007  006  006  032  036  021 
 021  023  014  014  013  012  007  001  007  000  006  014  018  032  024  018 
 029  026  011  011  010  008  006  001  008  015  016  024  026  027  018  015 
 023  020  007  006  008  011  014  016  024  030  018  023  026  023  015  008 
 013  009  002  002  004  010  016  020  024  025  014  013  016  014  008  000 
 006  001  000  000  004  011  010  014  012  012  009  008  006  002  000  000 
 004  003  002  005  013  016  008  008  006  003  009  009  004  000  000  002 
 008  010  012  016  022  017  008  004  002  000  010  010  004  004  007  012 
 009  012  012  016  018  006  000  000  004  005  012  013  004  008  014  018 
 047  044  044  047  046  038  038  040  046  051  055  055  046  050  054  057 
 084  078  078  082  081  079  082  085  090  088  090  092  085  087  088  090 
 005  000  000  003  002  000  000  002  006  000  000  005  000  000  000  002 

Celda62

 018  016  014  013  016  016  013  013  028  031  018  009  009  012  012  017 
 028  019  015  018  025  021  020  024  039  036  026  021  019  024  024  023 
 024  021  018  026  032  023  021  029  041  037  026  021  020  024  024  016 
 017  020  023  032  031  018  015  027  037  032  018  014  015  018  017  009 
 016  020  024  027  021  012  017  028  031  019  007  005  008  012  012  008 
 018  022  017  015  013  015  026  029  022  008  003  002  007  006  008  010 
 024  020  011  012  018  025  030  023  014  008  008  009  009  003  005  013 
 020  026  014  017  024  024  018  012  010  009  012  016  014  010  013  021 
 013  028  024  020  017  009  002  003  003  002  007  012  014  014  020  026 
 011  027  028  020  008  000  000  002  004  004  003  000  002  008  018  024 
 016  025  025  020  008  000  000  000  006  010  005  000  001  006  015  009 
 019  020  022  020  008  000  000  000  004  011  004  001  009  014  009  000 
 019  017  018  020  008  000  000  000  000  004  001  004  014  016  008  000 
 055  053  055  050  036  030  038  044  044  040  036  033  042  044  035  029 
 088  088  088  084  076  076  079  081  084  084  085  083  088  090  080  072 
 000  000  000  002  001  004  005  000  000  000  000  000  007  015  008  000 

Celda63

 018  015  011  008  014  030  027  010  002  004  020  045  031  056  100  000 
 017  010  004  009  028  036  021  014  016  022  046  056  030  059  110  013 
 008  004  002  020  037  029  020  018  024  035  057  053  029  058  109  018 
 004  006  013  033  037  023  021  026  031  044  059  045  028  055  100  016 
 009  018  030  037  024  013  022  036  040  048  054  036  024  049  090  014 
 018  031  029  018  003  008  028  038  030  032  039  023  014  037  078  009 
 028  024  010  001  000  002  034  036  008  004  019  010  000  022  066  000 
 026  008  000  000  008  012  026  030  009  002  018  014  000  024  067  000 
 021  008  004  010  017  018  015  012  003  003  020  018  000  028  070  000 
 020  016  014  014  012  007  003  000  000  006  024  021  000  030  073  000 
 008  010  010  006  000  000  000  000  000  012  028  020  000  027  075  000 
 000  000  005  004  000  000  000  000  002  018  030  014  000  025  078  000 
 000  000  002  002  001  002  002  004  004  011  023  010  000  027  082  000 
 030  032  036  038  042  046  049  051  051  045  049  038  032  064  113  028 
 070  071  074  078  082  087  090  092  094  092  093  090  084  109  137  059 
 000  000  000  000  000  000  000  000  000  000  004  008  000  023  057  000 

