Celda0

 000  000  000  000  000  002  000  000  000  002  002  000  000  000  001  002 
 000  000  000  000  000  004  001  000  000  004  004  000  000  000  002  006 
 000  000  000  000  000  007  004  000  000  009  006  000  000  000  006  013 
 000  000  000  000  000  006  008  002  002  010  004  000  000  000  008  018 
 000  000  000  000  001  004  012  018  022  019  006  000  000  004  014  019 
 000  000  002  004  005  007  021  028  023  010  002  000  000  002  009  010 
 001  002  004  003  003  007  019  021  011  000  000  000  000  000  002  006 
 001  002  001  000  002  007  012  015  009  000  000  000  000  001  000  006 
 000  000  000  001  012  015  013  008  004  000  000  000  001  004  006  016 
 000  000  002  008  023  019  013  010  004  000  000  002  002  003  013  018 
 000  002  006  010  018  005  002  007  006  007  008  007  005  007  020  018 
 000  000  002  002  004  000  004  008  000  001  002  006  011  017  020  010 
 000  000  000  000  000  000  006  012  000  000  000  007  020  021  012  002 
 000  000  000  000  000  000  012  021  008  004  001  019  029  016  010  004 
 000  000  000  000  004  004  024  031  014  008  004  026  028  008  006  006 
 000  000  000  000  009  013  026  024  006  004  004  022  019  000  000  002 

Celda1

 001  000  000  000  001  004  003  001  000  000  000  000  001  001  000  000 
 004  000  000  000  003  010  008  003  000  000  000  000  000  002  000  000 
 010  000  000  000  008  020  017  007  001  001  000  000  000  002  000  000 
 016  000  000  000  013  028  021  008  002  000  000  000  000  000  000  000 
 018  002  008  013  030  042  029  010  000  000  000  004  005  002  000  002 
 016  001  002  007  022  029  014  000  000  000  003  004  008  006  004  007 
 017  007  002  004  015  020  006  000  000  003  010  002  004  006  008  012 
 019  009  000  001  010  012  000  000  000  004  012  008  002  008  012  019 
 017  004  000  000  008  004  000  002  006  007  014  016  014  017  024  025 
 009  000  000  004  008  001  001  012  024  023  024  027  027  028  030  022 
 010  008  008  006  000  000  008  032  039  029  024  026  027  029  026  016 
 004  004  005  002  000  006  020  035  032  019  015  017  019  022  013  005 
 000  000  000  001  000  011  028  029  019  009  007  008  010  016  007  000 
 000  000  000  002  000  014  036  029  015  008  005  003  004  008  005  000 
 006  006  004  001  000  017  045  032  016  014  010  005  000  000  000  004 
 004  006  004  000  000  018  042  024  011  018  014  009  002  000  000  008 

Celda2

 000  000  001  001  000  000  001  001  000  000  000  000  000  000  000  000 
 000  000  002  002  000  000  002  003  000  000  000  000  000  000  001  000 
 000  000  002  002  000  000  002  008  003  000  000  000  000  000  004  002 
 000  000  002  000  000  000  002  012  007  000  000  000  000  000  008  006 
 002  002  000  000  000  000  001  012  010  000  000  004  008  011  019  018 
 004  004  003  002  004  005  010  020  019  012  010  013  017  018  015  011 
 009  008  006  007  012  016  025  034  030  019  016  020  023  022  016  006 
 014  011  008  010  015  022  037  041  029  020  020  026  031  029  024  016 
 017  014  013  011  010  019  033  030  016  016  019  031  032  028  028  024 
 016  014  014  014  012  020  025  019  013  016  022  030  025  019  020  021 
 008  006  012  018  024  029  028  026  026  024  024  026  014  008  008  011 
 002  002  012  025  033  031  028  029  027  020  019  018  008  004  003  005 
 000  005  018  029  029  019  015  015  012  006  008  010  008  004  000  001 
 000  010  021  025  017  004  004  002  004  004  005  004  004  000  000  000 
 006  010  014  012  010  003  000  000  003  006  007  000  000  000  000  000 
 015  008  003  004  008  007  001  002  005  008  004  000  000  000  000  000 

Celda3

 000  000  000  000  000  000  000  000  000  003  000  000  005  006  002  001 
 000  000  000  000  000  000  000  000  000  006  000  000  012  018  008  002 
 000  000  000  000  000  000  000  000  000  010  000  000  028  046  024  006 
 000  000  000  000  000  000  000  000  000  007  000  000  037  066  041  015 
 011  011  008  004  000  000  000  000  008  011  000  000  038  068  044  020 
 002  003  006  007  004  000  000  012  038  026  016  006  035  061  036  018 
 000  000  003  005  003  000  009  034  059  035  020  009  031  054  030  012 
 008  006  004  000  000  000  012  055  053  028  016  010  031  052  029  007 
 019  013  004  000  000  000  012  054  026  008  004  012  039  058  040  017 
 020  014  006  000  000  000  028  047  000  000  000  008  047  055  038  021 
 012  014  012  006  000  004  047  039  000  000  000  011  057  046  026  021 
 007  010  012  009  009  023  062  026  000  000  000  037  071  040  016  020 
 004  006  004  002  011  048  065  016  000  000  001  062  081  034  020  014 
 003  003  000  002  014  060  044  006  000  000  014  075  073  017  012  006 
 000  002  000  004  014  050  005  000  000  004  035  072  050  000  000  006 
 000  000  000  000  011  029  000  000  000  000  045  058  029  000  002  017 

Celda4

 001  000  000  000  000  000  001  001  000  001  001  000  000  001  001  000 
 000  000  000  000  000  001  003  002  000  002  002  000  001  002  002  000 
 000  000  000  000  000  004  008  005  002  002  002  003  004  003  002  002 
 003  000  000  000  000  004  012  008  002  000  002  006  006  002  002  002 
 012  000  000  004  008  012  015  006  000  000  004  007  004  002  000  002 
 018  010  000  000  005  016  021  012  006  003  010  008  000  000  000  000 
 016  012  002  003  008  012  010  007  012  018  027  023  017  010  000  000 
 008  010  005  006  010  014  014  004  002  013  022  016  014  014  012  001 
 009  006  002  007  012  012  008  002  010  018  012  002  000  000  007  014 
 016  014  004  006  015  016  009  004  008  017  011  002  000  000  000  011 
 013  008  000  006  019  020  016  017  022  020  012  005  001  000  000  004 
 007  003  004  018  036  032  026  025  023  022  024  020  016  010  006  003 
 009  012  024  040  049  040  030  024  017  017  023  017  014  010  005  002 
 020  025  035  039  038  030  016  008  004  004  006  000  000  000  000  000 
 033  037  029  021  018  015  003  000  000  000  002  000  000  000  000  000 
 043  036  019  014  012  006  004  004  001  000  000  004  000  000  000  002 

Celda5

 000  000  001  002  001  000  000  000  000  000  000  001  002  001  000  000 
 001  001  002  004  002  000  000  000  000  000  000  002  004  002  000  000 
 004  004  004  004  004  001  000  000  000  001  002  004  006  006  001  000 
 006  008  004  000  002  004  001  000  000  000  002  003  006  008  004  000 
 005  008  001  000  000  006  005  000  000  000  000  000  003  008  008  004 
 002  005  000  000  000  008  008  003  002  000  000  000  002  007  012  012 
 000  002  000  000  002  012  010  004  002  000  000  000  002  008  015  017 
 000  002  002  000  004  015  012  004  003  002  000  000  002  008  015  018 
 016  017  018  014  010  015  012  008  008  006  002  000  002  010  014  016 
 022  020  017  016  020  024  024  016  007  000  000  000  000  014  016  013 
 012  012  004  003  008  018  023  015  006  000  000  000  000  015  018  012 
 003  006  005  000  006  009  010  003  003  003  004  006  006  009  016  010 
 000  001  004  005  003  006  010  004  000  004  010  012  014  015  011  005 
 000  000  000  001  005  004  002  003  005  004  006  008  014  018  016  009 
 000  000  000  004  010  010  008  002  008  010  005  008  015  014  013  014 
 003  008  010  013  015  008  007  004  007  012  012  017  019  015  012  014 

Celda6

 000  002  001  000  000  000  000  000  001  000  000  000  000  000  001  003 
 000  004  002  000  000  000  000  000  002  000  000  000  000  000  002  006 
 002  008  006  000  000  000  000  000  002  000  000  000  000  000  002  008 
 002  009  010  006  000  000  000  000  001  000  000  000  000  000  000  004 
 005  010  014  012  011  009  007  002  000  000  000  004  004  001  000  000 
 010  016  019  018  010  000  000  000  000  001  004  004  006  005  002  000 
 017  020  018  012  006  000  000  000  000  004  012  012  009  009  006  006 
 022  022  013  005  002  000  000  000  002  010  023  018  008  006  005  006 
 021  018  006  000  002  001  000  004  009  019  022  010  000  000  002  006 
 015  012  000  000  004  007  008  010  014  014  012  004  000  000  000  005 
 008  006  000  001  008  011  011  013  015  012  005  000  000  000  002  008 
 003  002  004  008  011  012  012  012  012  008  001  000  000  000  003  008 
 000  002  008  012  011  011  012  012  008  003  001  000  000  000  003  002 
 007  008  012  015  009  007  012  012  003  000  003  004  000  002  003  000 
 014  013  017  025  021  013  017  014  000  000  003  010  006  005  002  000 
 013  010  009  018  013  006  016  015  005  000  001  013  010  004  000  000 

Celda7

 002  000  000  000  000  000  000  000  001  002  002  001  000  003  006  000 
 004  000  000  000  000  000  000  000  002  005  004  001  000  008  015  000 
 006  000  000  000  000  001  002  000  004  011  010  002  000  018  033  000 
 002  000  000  002  002  004  004  000  004  016  017  004  000  021  045  000 
 000  000  000  003  004  006  005  000  003  018  024  007  000  016  050  000 
 000  001  000  000  004  005  004  002  004  016  022  006  000  014  054  000 
 010  014  011  004  003  005  002  004  004  008  010  000  000  020  062  000 
 013  015  018  017  013  009  006  008  000  000  000  000  000  035  075  009 
 014  011  014  018  016  008  007  004  000  000  000  002  015  052  071  004 
 012  006  004  004  002  000  004  000  000  000  002  013  019  038  060  000 
 010  000  000  000  000  000  005  000  000  000  008  015  010  034  063  000 
 008  000  000  000  000  000  004  000  000  000  013  016  007  036  069  000 
 000  000  000  000  000  003  000  000  000  002  016  014  007  038  070  000 
 000  000  001  000  000  002  000  000  000  014  022  014  004  035  068  000 
 000  000  002  003  004  000  000  000  009  021  019  009  000  033  068  000 
 000  000  002  004  006  001  008  015  016  012  016  008  000  034  073  003 

Celda8

 000  000  000  000  016  014  017  014  000  000  004  013  014  003  000  002 
 000  000  000  000  024  013  011  011  001  000  004  004  009  008  000  005 
 000  000  000  000  030  014  008  010  010  000  001  002  008  008  003  000 
 000  000  000  000  032  016  007  010  014  002  000  007  016  004  000  000 
 003  006  007  001  027  016  006  008  014  007  006  018  020  006  000  002 
 004  008  012  006  019  012  005  005  014  012  010  024  016  000  000  002 
 002  004  006  002  013  010  006  004  012  014  011  020  014  000  000  000 
 000  000  002  001  009  008  004  006  014  014  009  013  012  000  000  000 
 000  001  004  004  005  000  000  008  018  016  008  008  010  006  000  000 
 001  003  008  010  010  006  004  010  020  019  011  005  008  010  002  000 
 003  006  013  017  018  019  021  026  030  022  011  005  007  008  000  000 
 002  004  008  010  012  014  016  022  020  007  006  006  004  000  000  000 
 000  000  000  000  003  004  004  007  000  000  003  009  000  000  000  000 
 000  000  000  000  006  002  000  000  000  000  001  004  000  000  000  000 
 000  000  000  000  012  002  000  000  000  000  000  000  000  000  010  002 
 000  000  000  000  012  002  001  002  008  014  013  004  000  000  018  008 

Celda9

 004  004  000  000  000  018  039  024  014  017  007  005  002  000  000  009 
 005  003  002  002  002  016  036  022  018  021  002  000  002  002  000  010 
 001  002  004  008  009  014  032  022  018  018  000  000  003  008  012  022 
 000  000  003  006  007  003  030  027  019  012  000  000  000  004  016  033 
 008  000  000  001  000  000  026  033  019  006  000  000  000  002  023  035 
 008  000  000  000  000  000  024  037  018  003  002  000  002  014  028  023 
 000  000  004  000  000  000  023  038  016  003  002  000  006  022  028  014 
 000  000  008  002  000  000  020  037  018  006  001  000  007  024  025  012 
 000  000  010  008  000  000  019  038  020  006  000  000  010  021  021  012 
 000  000  008  012  000  000  019  039  020  001  000  004  014  017  018  016 
 000  000  009  014  002  003  016  036  020  000  002  012  013  012  018  018 
 000  000  010  014  000  002  010  032  025  012  015  014  002  006  016  018 
 000  000  008  013  002  000  008  028  028  016  008  000  000  001  012  016 
 000  000  000  010  008  000  010  028  028  018  010  000  000  000  008  013 
 000  000  000  007  008  001  012  030  028  017  010  000  000  000  004  011 
 000  004  008  006  003  000  013  034  030  016  008  000  000  000  000  008 

Celda10

 020  011  001  001  006  010  009  006  005  003  000  000  000  000  000  000 
 022  012  004  003  007  013  012  004  002  000  000  000  000  000  000  000 
 026  013  006  002  004  010  008  003  000  000  000  000  000  000  000  000 
 030  016  006  000  000  006  006  006  002  000  000  000  000  000  000  000 
 023  012  002  000  000  002  004  008  002  000  000  000  000  000  000  000 
 006  000  000  000  000  002  000  004  000  000  000  000  000  000  000  000 
 000  000  000  000  008  004  000  000  000  000  000  000  001  004  002  001 
 000  000  000  000  014  010  000  000  000  000  000  000  003  005  001  000 
 002  000  000  000  017  016  003  002  002  002  002  001  002  004  000  000 
 004  000  002  008  026  018  003  002  001  002  004  004  002  000  000  000 
 004  000  000  010  022  008  000  000  000  000  000  000  000  000  000  000 
 006  000  000  008  007  000  000  000  000  000  000  000  000  000  000  000 
 008  000  004  008  004  000  000  000  000  000  000  002  000  000  000  000 
 011  008  006  004  001  000  000  000  000  000  000  000  000  000  000  000 
 016  016  011  002  000  000  000  000  000  000  000  000  000  000  000  000 
 020  022  014  000  000  000  000  000  000  000  000  000  000  000  000  000 

Celda11

 000  000  000  000  022  019  000  000  000  014  050  040  018  008  016  032 
 000  000  000  000  032  012  000  000  000  045  057  028  022  027  026  029 
 000  000  000  000  038  002  000  000  011  079  062  025  033  036  017  009 
 000  000  000  000  038  000  000  000  039  098  063  026  035  030  008  004 
 000  000  000  010  028  000  000  000  063  098  055  018  021  017  004  004 
 002  002  000  006  018  000  000  007  079  085  037  002  004  007  000  000 
 003  002  000  000  004  000  000  050  086  064  018  000  006  007  000  000 
 000  000  000  000  000  000  020  081  071  038  006  000  006  009  000  000 
 000  000  000  000  000  014  073  080  037  018  004  002  003  010  000  000 
 000  000  000  000  008  064  087  042  008  018  010  000  000  011  004  000 
 000  000  000  000  026  085  057  000  002  022  011  000  000  016  009  004 
 000  000  000  000  050  077  028  000  006  024  008  000  001  022  012  004 
 000  000  000  006  058  058  016  000  008  024  008  000  013  031  010  004 
 000  000  000  024  041  038  015  000  004  022  012  004  026  032  011  009 
 000  000  003  024  018  038  023  006  003  018  016  013  028  029  014  013 
 000  000  024  012  010  046  043  014  010  012  021  019  026  025  013  010 

Celda12

 042  028  015  011  009  004  004  003  004  000  000  008  000  000  000  006 
 028  018  009  002  002  001  000  004  000  006  006  006  002  000  003  011 
 014  012  000  000  000  001  000  004  002  008  012  006  001  002  008  013 
 013  010  000  000  000  003  004  002  006  001  006  004  000  001  002  007 
 013  006  000  000  004  000  006  004  000  000  000  000  000  004  004  003 
 010  005  000  000  003  004  000  000  000  000  000  000  000  004  008  006 
 009  006  000  000  000  008  000  000  000  000  000  000  000  001  005  008 
 007  008  000  000  000  010  000  000  002  000  000  000  000  000  000  008 
 001  008  000  000  004  016  004  006  004  000  000  000  000  002  004  012 
 000  004  000  000  010  022  004  000  000  000  000  002  008  009  010  017 
 003  000  000  000  016  020  002  000  000  000  003  014  015  012  010  014 
 010  011  006  002  014  015  002  000  000  005  015  021  010  006  006  015 
 012  020  020  012  005  012  005  001  004  007  019  012  004  000  006  020 
 016  016  016  011  004  016  019  010  006  006  015  006  006  006  014  022 
 012  004  002  002  006  025  028  015  016  012  018  009  013  016  016  019 
 006  001  000  002  006  024  028  014  018  019  021  015  014  018  016  018 

Celda13

 012  012  013  012  011  002  000  000  007  013  018  022  019  014  010  008 
 016  007  006  004  002  000  002  006  013  017  020  019  011  002  000  000 
 014  002  001  000  000  001  009  016  023  018  014  012  008  000  000  000 
 008  000  000  000  002  008  011  021  024  014  002  006  005  000  000  000 
 004  000  000  002  008  013  008  012  011  004  000  000  004  004  000  000 
 004  000  000  001  012  010  000  007  009  000  000  000  004  009  003  000 
 006  002  000  003  009  001  000  000  008  000  000  000  002  011  006  000 
 008  000  000  008  010  000  000  000  004  000  000  000  000  010  004  000 
 009  000  001  012  010  000  000  000  000  002  000  000  000  006  000  000 
 012  006  004  013  008  000  000  000  000  002  005  000  000  002  000  000 
 013  012  014  016  004  000  000  000  000  004  010  006  007  004  001  005 
 019  016  020  016  008  001  000  002  008  017  020  013  009  005  000  004 
 022  017  016  017  016  013  008  008  018  026  021  012  008  007  004  000 
 017  009  006  011  018  022  019  013  019  022  010  006  004  008  008  002 
 012  003  005  013  012  018  020  015  011  013  002  002  002  004  007  006 
 013  009  016  018  008  008  012  014  008  013  002  004  004  002  004  008 

Celda14

 010  009  002  010  008  002  008  006  000  000  007  020  014  002  000  000 
 004  004  000  001  010  004  004  002  000  000  007  010  006  001  000  000 
 007  000  000  000  009  004  000  000  000  004  008  004  004  006  000  000 
 002  004  000  000  007  006  000  000  000  006  002  000  004  010  004  001 
 000  002  000  000  006  007  000  000  010  010  000  000  002  008  007  006 
 000  000  007  011  010  006  000  000  009  002  000  000  001  002  002  008 
 000  000  008  020  015  005  000  000  006  002  000  000  000  000  000  007 
 000  004  004  018  018  010  000  002  000  000  000  000  001  002  005  007 
 000  009  010  005  016  018  006  001  002  000  000  000  007  010  006  004 
 006  010  010  006  010  017  010  000  000  000  000  000  018  014  000  000 
 009  006  006  006  010  008  007  004  000  000  010  023  025  006  000  000 
 004  000  000  002  004  000  001  008  006  006  021  027  014  004  004  006 
 004  000  000  000  000  000  000  012  018  017  017  007  001  001  002  003 
 000  002  000  000  000  000  013  033  023  005  004  000  000  000  000  000 
 001  000  002  000  000  004  029  035  007  000  000  000  000  000  000  002 
 010  004  005  005  010  015  036  028  003  000  000  002  000  001  009  013 

Celda15

 000  010  010  004  004  008  019  020  014  000  013  012  006  046  080  008 
 005  016  010  004  001  016  021  008  008  008  009  017  020  052  080  010 
 007  012  000  004  004  019  014  000  000  009  014  025  019  040  068  000 
 006  009  004  004  010  009  007  002  001  000  009  021  005  031  069  000 
 005  008  012  005  002  000  002  003  003  002  011  016  000  018  067  000 
 010  010  016  006  000  000  002  004  000  002  014  020  000  012  064  000 
 014  012  013  004  000  000  004  006  000  000  013  016  000  020  069  005 
 010  008  010  007  000  001  004  008  002  003  008  006  000  032  078  006 
 002  004  008  010  009  005  006  008  001  002  001  000  000  040  083  000 
 000  009  012  006  014  009  004  000  000  000  000  000  000  044  086  000 
 002  021  017  005  010  016  000  000  000  000  002  000  002  049  088  002 
 007  020  006  000  008  014  000  000  000  000  004  006  008  056  095  007 
 005  010  000  000  011  008  000  000  006  008  006  015  016  059  095  004 
 005  004  000  000  014  001  000  007  000  008  012  018  012  054  090  000 
 013  008  010  017  027  012  011  012  008  010  017  014  005  051  091  000 
 012  006  010  024  026  017  020  020  020  018  015  011  004  047  093  000 

Celda16

 002  002  000  000  021  006  011  012  016  016  015  012  008  003  016  010 
 005  007  004  000  033  016  015  013  009  004  004  010  015  014  008  002 
 004  008  008  000  041  023  009  005  000  000  000  000  014  018  012  002 
 003  008  013  008  040  028  002  000  000  000  000  000  001  008  008  006 
 003  008  016  016  039  031  000  000  000  000  002  004  000  000  000  002 
 002  006  015  019  032  025  000  000  000  000  003  007  004  004  002  000 
 000  002  006  009  006  015  000  000  000  003  010  014  011  014  014  010 
 000  000  000  000  000  008  003  000  005  006  009  008  007  008  012  012 
 000  000  000  000  000  004  014  011  016  012  007  004  002  000  000  001 
 000  000  000  004  008  007  023  019  014  016  014  011  004  000  000  000 
 000  000  002  004  007  008  022  018  005  009  010  007  000  000  000  001 
 000  000  002  004  005  007  022  017  000  000  000  000  000  000  000  002 
 000  000  000  000  002  004  019  012  000  000  000  000  000  000  000  005 
 000  000  000  000  000  002  013  006  000  000  000  000  002  001  000  010 
 000  000  000  000  000  004  010  002  000  000  000  004  006  003  000  010 
 000  000  000  000  004  008  006  000  000  000  007  000  000  000  000  008 

Celda17

 000  003  010  004  000  000  016  039  032  013  002  000  002  000  000  003 
 000  002  000  000  000  000  021  040  032  012  000  000  006  006  000  002 
 000  006  000  000  000  002  022  037  026  009  000  000  005  008  002  008 
 006  013  006  009  016  018  031  035  016  004  004  002  002  005  006  012 
 011  018  012  014  017  014  014  024  011  000  006  004  001  004  006  010 
 011  010  002  000  000  000  000  024  018  001  002  004  005  008  003  006 
 015  006  000  000  000  000  000  026  030  004  000  004  012  011  002  002 
 016  006  004  004  006  008  004  020  034  005  000  004  018  014  000  000 
 008  002  003  007  014  020  020  016  026  003  000  002  020  016  000  000 
 007  004  004  004  013  018  021  016  020  004  004  005  014  014  000  000 
 015  013  012  008  015  010  017  019  015  012  013  019  022  017  007  009 
 021  017  012  009  008  000  009  014  008  005  008  012  019  020  021  026 
 023  009  001  003  002  000  003  004  000  002  011  011  015  015  018  021 
 019  002  002  010  014  010  004  000  000  001  015  018  018  012  010  011 
 018  004  004  014  018  014  006  000  000  002  020  023  019  007  003  007 
 020  010  004  010  007  006  004  004  006  003  025  031  019  004  004  013 

Celda18

 021  024  015  000  000  000  000  004  000  000  000  000  000  000  000  000 
 019  020  013  000  000  000  000  000  000  000  000  000  000  000  000  000 
 018  017  010  000  000  000  000  000  000  000  000  000  000  000  000  000 
 018  016  008  000  000  000  004  006  007  006  002  001  002  000  000  000 
 016  013  006  000  000  000  004  010  014  010  004  002  002  000  000  000 
 013  008  002  005  002  000  000  000  004  004  000  000  000  000  000  000 
 008  002  000  011  008  000  000  000  000  000  000  000  000  000  000  000 
 004  002  004  013  010  002  000  000  000  000  000  000  000  000  000  010 
 005  010  012  014  008  002  000  000  000  000  000  000  000  000  000  032 
 009  018  019  013  004  000  000  000  000  000  000  000  000  000  000  035 
 020  028  024  011  003  000  000  000  000  000  000  000  000  000  006  034 
 032  036  027  012  006  003  000  000  000  000  000  000  000  000  016  030 
 024  027  017  006  004  001  000  000  000  000  000  000  000  001  041  034 
 011  009  004  000  000  000  000  000  000  000  000  000  000  033  054  028 
 006  004  004  004  000  000  000  000  001  002  000  000  001  046  047  012 
 012  006  008  009  000  000  000  000  000  000  000  000  012  062  050  014 

Celda19

 000  000  029  004  014  065  054  014  012  012  026  023  021  018  008  002 
 000  006  023  000  034  083  048  006  008  011  027  024  017  012  006  005 
 004  023  015  003  064  087  033  002  004  006  020  022  017  011  004  005 
 002  032  016  015  080  072  014  001  006  006  018  025  021  016  013  014 
 014  030  012  017  074  048  004  000  004  009  023  033  028  022  019  018 
 030  023  004  015  061  039  006  005  006  006  019  029  027  022  017  012 
 045  022  004  018  054  036  014  015  010  006  011  020  022  015  007  001 
 057  022  011  026  056  045  024  017  011  008  006  010  021  020  010  000 
 054  012  010  033  058  045  022  013  013  014  014  008  018  023  012  002 
 034  001  000  036  058  044  023  018  024  026  023  024  034  038  018  002 
 024  006  015  052  068  048  027  025  029  024  016  018  026  023  001  000 
 026  027  047  070  069  038  017  015  014  007  000  001  004  005  000  000 
 034  054  060  057  039  012  002  004  006  004  000  000  000  003  000  000 
 034  059  049  024  015  010  010  014  018  010  002  000  000  005  000  000 
 026  057  041  010  008  015  025  032  021  008  001  000  000  005  000  000 
 033  064  045  015  015  031  042  034  009  002  000  000  000  000  002  000 

Celda20

 001  002  004  007  010  024  026  008  009  012  016  013  012  016  021  020 
 000  003  008  012  018  027  023  009  008  012  015  014  014  018  019  018 
 006  004  010  014  023  025  020  019  017  018  017  020  018  016  011  008 
 014  008  010  012  019  017  017  024  017  012  013  023  019  016  008  002 
 013  004  000  000  009  010  014  016  002  000  004  019  015  012  008  002 
 005  000  000  004  012  008  010  006  000  000  010  018  008  000  000  000 
 000  000  000  008  019  011  010  001  000  000  014  019  008  000  000  000 
 000  002  007  018  028  015  007  000  000  000  018  014  004  000  000  006 
 004  014  022  031  038  022  009  004  006  012  026  013  000  002  004  006 
 001  006  010  015  022  006  000  000  002  011  020  007  002  004  000  000 
 000  000  000  004  013  000  000  000  000  007  009  000  000  000  000  000 
 000  000  000  004  010  001  000  000  002  007  006  000  000  000  000  000 
 000  000  000  002  008  005  000  002  006  004  002  004  000  000  000  000 
 000  000  000  004  010  006  000  002  010  002  000  007  002  000  000  000 
 000  000  002  011  021  011  000  000  010  002  000  006  002  000  000  000 
 000  004  012  019  020  003  000  000  006  004  000  002  000  000  000  000 

Celda21

 018  019  022  015  006  001  004  010  014  017  008  008  007  004  004  008 
 015  017  015  008  005  002  002  009  017  019  013  008  005  002  004  008 
 006  008  008  004  004  004  006  011  020  020  017  009  000  000  004  009 
 000  003  003  000  000  004  007  012  017  010  008  002  000  000  021  025 
 000  002  000  000  000  000  005  006  006  000  000  000  004  028  041  037 
 000  000  000  000  004  007  003  002  000  000  000  000  025  049  044  034 
 004  005  002  001  010  015  005  000  000  000  000  018  046  046  032  022 
 008  005  004  007  017  010  000  000  000  000  011  041  048  034  016  009 
 002  000  000  000  004  000  000  000  000  012  030  045  042  020  003  000 
 000  000  000  000  000  000  000  006  015  021  027  035  029  006  000  005 
 000  000  000  000  000  000  001  024  027  019  019  021  013  000  000  008 
 000  000  000  000  000  012  033  034  027  020  019  016  009  003  006  011 
 000  000  000  000  012  039  034  024  022  020  018  015  012  009  008  009 
 000  000  000  010  039  038  018  012  016  016  012  009  009  005  000  000 
 000  000  006  040  049  030  011  010  015  011  002  004  010  004  000  000 
 000  002  036  053  044  024  010  007  008  004  000  003  010  001  000  000 

Celda22

 011  010  018  026  028  027  040  028  006  008  008  004  003  013  018  008 
 012  018  036  040  028  030  039  030  013  016  016  011  008  016  012  000 
 018  032  044  031  018  020  030  023  014  018  020  016  010  013  007  004 
 033  041  028  016  011  018  021  011  008  010  016  020  020  017  010  008 
 038  028  014  008  009  020  016  010  005  003  006  015  022  021  012  005 
 028  014  011  012  014  020  011  008  004  002  004  008  014  016  012  007 
 017  012  016  022  020  017  006  004  005  005  003  004  007  007  012  018 
 009  012  016  020  019  011  004  006  010  009  006  006  007  005  012  018 
 006  011  008  009  007  004  004  009  015  015  011  009  009  010  014  018 
 010  010  003  000  000  000  004  015  014  016  010  005  007  018  024  020 
 015  011  002  000  000  005  010  016  010  008  004  002  010  024  026  014 
 018  012  002  001  004  013  013  007  000  000  000  003  017  026  021  004 
 015  010  000  000  004  013  007  002  000  000  000  006  021  024  015  002 
 008  006  000  000  004  006  000  000  000  000  000  007  017  016  007  000 
 003  003  000  000  004  004  000  000  000  000  000  009  018  014  006  000 
 000  002  000  002  004  007  005  000  000  000  000  008  018  015  008  000 

Celda23

 000  002  008  012  009  007  012  017  018  011  002  000  002  048  095  001 
 000  003  014  012  008  011  011  009  005  000  000  000  002  049  092  000 
 008  008  014  015  018  014  004  000  000  000  002  007  012  054  093  006 
 014  018  021  019  012  006  000  000  000  007  014  021  022  061  098  016 
 004  009  014  006  003  006  001  002  006  012  021  025  022  058  090  011 
 002  002  006  002  004  006  004  002  009  015  020  019  017  050  077  003 
 016  008  008  014  018  023  016  008  010  019  018  012  010  040  069  003 
 024  026  022  028  027  024  022  018  013  019  015  008  004  034  065  002 
 023  032  030  028  027  014  012  012  010  009  012  008  004  036  066  000 
 020  017  020  019  022  008  002  000  004  004  008  012  012  042  069  002 
 004  000  004  010  012  006  005  004  006  008  013  021  017  040  068  004 
 000  000  004  004  006  008  015  015  008  007  018  022  010  033  064  001 
 004  004  006  000  002  008  012  013  008  012  024  020  008  029  066  000 
 004  005  000  000  004  008  000  000  006  020  031  021  014  031  066  000 
 000  000  000  000  004  010  001  000  007  026  032  017  013  032  069  008 
 000  000  000  000  004  010  005  004  017  028  024  007  008  033  070  013 

Celda24

 000  000  000  000  006  009  004  000  000  006  012  000  000  000  000  010 
 000  000  000  000  006  008  004  000  000  004  008  000  000  000  000  018 
 000  000  001  003  008  008  003  001  002  000  000  000  000  000  002  020 
 000  000  000  002  010  011  006  002  000  000  000  000  006  013  013  020 
 000  000  000  000  010  011  004  000  000  000  000  006  012  016  015  018 
 000  000  000  000  010  009  000  000  000  002  004  008  014  008  008  012 
 001  002  001  000  012  009  000  000  000  000  008  016  012  000  002  006 
 001  002  003  002  013  008  000  000  000  000  010  022  014  000  000  002 
 001  002  004  004  011  004  000  000  004  006  013  025  018  004  005  004 
 000  002  005  007  012  003  002  004  006  010  019  033  029  013  013  013 
 001  003  008  012  016  009  008  008  008  008  020  037  035  017  016  016 
 002  004  008  012  012  008  006  010  012  012  022  038  031  010  008  008 
 000  000  002  005  005  002  000  007  010  014  019  029  016  000  000  002 
 000  000  000  000  001  002  000  011  012  011  008  016  012  000  000  007 
 000  000  000  000  000  002  006  019  016  007  004  010  009  000  002  013 
 000  000  000  000  000  000  003  016  009  001  002  011  011  004  007  012 

Celda25

 020  012  008  008  000  000  004  012  018  018  039  039  019  008  016  026 
 023  011  006  008  000  000  004  012  018  020  037  031  014  014  027  031 
 022  015  012  005  000  000  002  006  009  012  023  021  017  024  034  030 
 024  017  007  000  000  000  002  006  006  007  018  026  031  036  037  027 
 024  012  002  000  000  004  005  004  005  006  021  033  036  034  027  015 
 021  009  000  000  000  005  006  000  002  004  025  033  029  023  014  001 
 020  014  008  004  000  004  010  000  004  011  029  027  018  016  008  000 
 018  014  008  006  000  002  012  006  004  019  026  017  014  016  006  000 
 017  015  000  002  003  001  010  010  012  020  016  011  015  014  000  000 
 021  012  000  001  008  011  010  013  018  016  009  011  017  008  000  000 
 018  010  004  008  014  016  014  015  017  012  007  007  010  004  000  000 
 013  013  014  014  014  013  013  011  014  011  006  004  008  002  000  000 
 012  011  008  008  008  007  008  010  012  012  006  002  006  002  000  000 
 013  004  000  000  002  004  006  008  010  015  012  006  001  000  000  000 
 011  000  000  000  000  000  003  006  013  016  006  000  000  000  000  000 
 004  000  000  000  000  002  004  009  016  009  000  000  000  000  000  000 

Celda26

 022  016  012  003  000  000  000  000  000  000  000  006  053  090  062  030 
 020  014  009  000  000  000  000  000  000  000  000  028  092  099  057  039 
 016  014  010  005  000  000  000  000  000  000  000  061  104  076  032  028 
 016  013  010  008  006  000  000  000  000  000  008  076  087  039  008  012 
 006  002  000  000  000  000  000  000  002  002  028  080  062  020  005  009 
 000  000  000  000  000  000  000  004  006  012  057  091  056  021  020  019 
 000  000  000  000  000  000  002  004  004  016  087  105  060  031  033  027 
 000  000  000  000  000  000  003  002  002  034  099  092  038  020  028  025 
 000  000  000  000  002  005  008  006  004  047  085  051  003  000  015  015 
 000  000  000  000  000  006  007  002  002  052  065  032  006  002  011  011 
 000  000  000  000  000  000  000  000  003  062  060  023  009  008  008  007 
 002  002  000  000  000  000  000  000  028  070  055  023  010  006  006  004 
 003  006  006  004  000  000  000  000  047  059  036  013  004  006  009  008 
 000  002  007  008  002  000  000  017  047  044  026  012  006  012  013  008 
 000  000  000  002  000  000  000  021  038  041  032  018  016  018  010  004 
 000  000  000  000  000  000  013  025  033  046  038  019  017  016  006  005 

Celda27

 049  071  047  018  021  038  043  027  006  002  000  000  000  000  002  000 
 051  064  040  015  020  035  036  019  004  000  000  004  008  006  000  008 
 037  050  033  016  020  031  027  006  000  000  000  004  009  012  010  009 
 024  039  030  017  019  024  015  000  000  000  000  000  000  007  011  008 
 018  030  027  017  016  015  004  000  000  000  000  000  000  001  006  006 
 015  023  026  020  016  011  004  000  000  000  000  000  000  000  004  003 
 016  019  028  023  013  008  006  006  004  000  000  000  008  004  000  000 
 014  013  025  020  006  000  000  004  006  002  000  000  012  007  000  000 
 004  003  016  020  004  000  000  000  000  000  000  000  014  011  000  000 
 000  000  012  024  006  000  000  000  000  000  000  000  011  014  000  000 
 000  000  011  030  012  000  000  000  000  000  000  000  006  018  000  000 
 000  000  006  029  018  000  000  000  004  000  000  000  000  020  007  000 
 005  006  000  016  017  000  000  000  005  000  000  000  000  017  014  000 
 007  013  010  000  011  010  000  004  006  002  006  010  006  008  018  000 
 009  010  014  006  000  020  010  002  002  004  010  017  015  005  018  004 
 013  013  014  018  012  015  016  004  000  000  007  014  016  012  018  006 

Celda28

 006  012  015  011  008  000  000  000  002  006  000  000  000  000  000  000 
 008  009  004  000  000  000  000  000  002  008  000  000  000  000  000  000 
 010  003  000  000  000  002  001  000  000  011  000  000  000  000  000  017 
 006  002  000  000  000  002  008  000  000  010  000  000  000  000  024  044 
 000  000  000  000  000  000  009  002  000  000  000  000  000  015  056  043 
 000  000  000  000  002  002  004  006  000  000  000  000  008  048  057  017 
 000  000  000  000  000  000  000  003  000  000  000  000  034  060  033  000 
 000  000  000  000  000  000  000  000  000  000  000  020  058  058  020  000 
 000  000  002  002  000  000  000  000  000  000  016  052  070  055  020  008 
 000  000  006  008  002  000  000  000  000  025  058  075  070  042  015  008 
 000  000  000  000  000  000  000  000  022  058  072  063  043  011  002  000 
 000  000  000  000  000  000  000  012  052  071  058  035  013  000  000  000 
 000  000  000  000  000  000  014  052  072  061  038  019  005  001  003  005 
 002  004  002  000  000  016  053  073  060  034  021  011  004  002  000  001 
 002  000  000  000  007  046  067  056  028  010  018  012  000  000  000  002 
 000  000  000  000  020  059  053  031  013  004  012  013  000  004  011  017 

Celda29

 000  022  044  045  033  015  003  000  000  002  000  006  011  000  000  000 
 016  035  038  033  020  000  000  000  000  000  005  014  014  004  001  000 
 035  035  030  023  010  000  000  000  000  000  008  020  010  000  001  000 
 034  024  022  018  006  000  000  000  001  002  006  018  010  000  000  000 
 013  011  016  012  008  004  000  000  000  002  007  010  006  000  000  000 
 004  007  010  007  013  010  000  000  002  003  007  003  000  000  000  000 
 000  008  002  002  016  014  000  000  004  006  006  000  000  000  008  008 
 000  003  000  000  016  015  000  000  004  006  004  000  000  000  015  010 
 002  000  000  001  014  012  000  000  002  002  000  000  000  005  013  005 
 002  000  000  011  016  006  000  000  002  000  000  003  006  008  006  000 
 000  000  013  018  013  003  000  000  001  000  000  007  012  006  000  000 
 002  004  016  011  002  000  000  001  008  013  016  021  020  008  004  003 
 004  003  009  005  000  000  001  008  025  029  026  025  021  015  014  014 
 002  003  011  010  009  008  010  026  037  029  019  017  014  012  011  010 
 008  019  026  026  024  020  018  026  022  006  000  003  002  001  001  003 
 024  033  030  025  020  016  011  004  005  000  001  006  000  000  000  001 

Celda30

 000  000  002  003  007  012  009  000  000  000  000  004  014  013  009  000 
 000  000  002  006  011  014  010  000  000  000  002  005  006  007  008  000 
 000  000  000  006  012  012  008  003  000  000  006  006  002  000  004  001 
 005  010  009  007  009  008  008  006  000  000  006  010  009  006  002  000 
 006  012  014  009  002  004  009  008  000  000  010  012  014  011  008  006 
 006  008  008  005  000  004  012  008  000  002  014  010  006  004  002  002 
 006  002  000  000  000  005  015  005  000  004  014  002  000  000  000  000 
 000  000  000  000  000  005  013  001  000  004  011  000  000  000  000  000 
 000  000  000  000  000  002  007  000  000  004  006  000  000  005  004  006 
 000  000  000  000  004  001  001  001  000  010  011  007  008  020  021  018 
 000  000  000  003  009  007  009  017  023  030  025  020  019  024  020  013 
 004  007  012  022  027  022  022  028  030  027  015  011  010  007  004  004 
 014  014  020  028  028  020  016  020  017  005  000  000  000  000  001  008 
 008  006  012  017  013  006  006  012  004  000  000  000  000  000  007  022 
 004  004  006  009  005  002  009  013  002  000  000  000  006  009  027  032 
 007  010  009  009  009  016  022  016  008  008  008  007  020  029  036  026 

Celda31

 000  000  000  000  003  008  006  006  016  018  009  000  002  034  066  010 
 000  001  000  001  004  004  004  010  018  012  004  002  001  031  056  001 
 002  003  001  006  008  001  000  011  019  012  004  004  004  028  052  000 
 007  007  002  006  010  009  012  017  014  008  004  007  007  028  052  000 
 013  005  000  005  012  013  011  006  002  000  002  011  012  032  054  000 
 004  000  000  005  012  013  005  000  000  000  002  013  014  036  058  000 
 000  001  002  004  010  012  004  000  000  003  011  021  020  040  062  001 
 000  010  018  018  023  025  019  020  027  028  031  038  038  058  077  017 
 015  033  037  034  041  045  040  041  041  032  027  034  037  056  072  018 
 023  030  028  024  031  034  029  030  025  018  012  018  020  034  049  001 
 010  011  012  012  014  015  011  014  007  004  004  010  010  028  046  000 
 002  004  008  012  014  016  017  014  002  003  006  011  010  031  051  004 
 009  005  002  010  016  021  025  017  002  004  008  009  008  031  049  001 
 016  005  002  006  020  028  023  010  000  000  000  002  004  026  046  000 
 013  006  008  015  024  024  017  007  000  000  000  003  004  024  045  000 
 010  008  016  022  021  014  010  006  004  001  000  004  004  023  046  000 

Celda32

 000  000  000  000  001  000  000  008  005  000  000  014  013  005  007  007 
 000  000  000  000  005  000  000  003  004  000  006  017  014  008  008  008 
 000  000  000  000  011  000  000  000  001  008  014  016  014  010  008  009 
 000  000  000  000  016  004  000  000  000  012  018  013  011  006  002  002 
 000  000  000  000  020  008  000  000  002  017  021  013  006  002  000  000 
 000  000  000  000  023  014  001  000  004  016  020  011  002  000  000  000 
 000  000  000  000  024  021  003  001  002  018  018  008  000  000  000  000 
 000  000  000  000  025  025  000  000  001  019  016  005  002  000  000  000 
 001  002  004  004  022  024  000  000  002  018  010  000  004  005  000  000 
 002  005  011  014  022  017  000  000  004  018  006  000  003  012  001  000 
 003  006  014  018  018  009  000  000  005  018  005  000  004  014  006  001 
 003  007  015  018  013  002  000  000  011  022  008  004  009  017  010  004 
 001  004  012  013  006  000  000  000  029  031  013  009  012  016  011  004 
 000  000  000  000  000  000  000  011  035  022  006  006  007  007  006  000 
 000  000  000  000  000  000  000  022  029  006  000  000  000  000  004  002 
 000  000  000  000  000  003  006  023  023  002  000  000  000  000  004  005 

Celda33

 000  000  000  000  000  004  006  010  013  000  000  000  000  000  000  000 
 005  004  001  000  001  009  007  008  009  000  000  000  000  000  000  000 
 008  008  004  000  001  010  002  002  004  000  000  000  000  000  000  000 
 002  004  002  000  003  006  000  000  000  000  000  000  000  000  000  000 
 002  000  000  000  000  002  000  002  000  000  000  000  000  000  000  000 
 006  000  000  000  000  000  004  008  000  000  000  000  000  000  000  000 
 006  002  000  000  000  000  008  014  000  000  000  000  000  000  000  000 
 004  006  000  000  000  000  011  018  002  000  000  000  000  000  002  000 
 001  006  000  000  000  000  014  020  004  000  002  005  004  001  003  000 
 000  003  000  000  000  000  016  019  003  000  001  008  008  005  000  000 
 002  000  000  000  000  000  017  014  000  002  002  005  006  004  000  000 
 003  000  000  002  002  005  024  010  000  008  008  002  004  002  000  000 
 004  002  002  002  002  002  019  005  004  015  011  004  004  000  000  000 
 000  000  000  000  000  000  016  007  006  011  006  001  000  000  000  015 
 000  000  000  000  000  002  017  013  002  000  002  000  000  000  000  028 
 001  000  000  000  000  005  019  008  000  000  000  000  000  000  000  033 

Celda34

 000  000  000  000  000  017  043  026  028  050  039  016  015  015  008  010 
 000  000  000  000  000  054  052  024  021  055  045  022  019  018  010  010 
 001  000  000  000  027  071  033  010  025  064  052  029  024  021  012  006 
 000  000  000  000  061  071  012  004  040  069  047  024  020  017  010  004 
 000  000  000  026  086  057  010  004  052  064  028  004  009  009  000  000 
 000  000  000  056  086  028  004  004  052  048  004  000  002  009  000  000 
 000  000  023  071  061  004  000  001  043  036  000  000  000  006  001  000 
 000  000  052  069  030  000  000  005  034  026  000  000  000  005  006  006 
 000  010  066  051  006  000  000  010  028  018  000  000  000  007  010  008 
 000  023  063  026  000  001  009  025  035  021  006  004  004  017  015  002 
 000  042  054  014  004  024  029  032  034  020  008  006  006  016  009  000 
 016  057  045  018  027  037  024  015  014  010  000  000  000  008  005  000 
 040  055  033  020  028  020  002  001  010  012  000  000  000  006  004  000 
 048  044  017  006  015  010  000  003  014  021  008  008  005  002  001  000 
 049  034  005  004  014  012  010  021  037  039  023  022  018  006  000  000 
 045  028  008  019  034  033  025  027  039  036  019  019  015  004  000  000 

Celda35

 017  015  010  017  017  006  012  006  002  004  003  007  010  009  005  000 
 015  010  004  010  012  004  006  008  004  006  000  000  000  000  000  000 
 009  004  001  002  002  000  002  010  005  006  000  000  000  000  000  000 
 004  003  000  000  000  000  001  010  007  004  000  000  000  000  013  028 
 000  001  000  000  000  000  006  014  016  010  002  000  000  006  032  032 
 000  000  000  000  000  013  028  025  022  009  004  004  008  011  020  014 
 004  000  002  008  018  026  022  008  005  000  000  002  010  008  002  010 
 010  001  002  006  008  006  000  000  000  000  000  006  008  002  000  019 
 008  000  000  000  000  000  000  000  000  004  002  004  000  000  000  035 
 000  000  000  000  000  000  000  000  000  008  009  000  000  000  008  036 
 000  000  002  000  000  000  000  006  006  005  005  000  000  000  019  023 
 000  000  009  006  006  010  010  008  005  000  000  000  000  006  031  004 
 000  000  012  014  006  014  010  000  000  000  000  000  000  032  027  000 
 000  000  013  020  013  006  002  000  000  000  000  000  009  044  008  000 
 000  000  012  022  012  000  000  000  000  000  000  000  022  040  000  000 
 000  000  009  016  008  000  000  000  000  000  000  000  031  023  000  000 

Celda36

 000  000  000  004  035  050  035  027  018  012  012  017  010  013  021  024 
 000  000  000  018  040  042  035  033  019  014  015  022  015  011  013  012 
 006  010  018  044  049  048  042  027  010  012  019  022  011  002  002  005 
 023  028  048  062  053  051  038  014  004  008  016  012  004  000  000  008 
 016  024  052  048  034  034  019  004  004  010  008  000  000  000  000  008 
 000  014  040  024  012  014  006  000  004  015  010  000  000  000  001  004 
 008  030  033  014  008  008  002  002  011  019  006  000  000  002  002  000 
 047  047  027  012  007  007  008  019  036  026  006  000  005  004  002  000 
 055  035  014  006  000  003  014  033  036  016  003  000  008  002  000  000 
 040  022  000  000  000  004  016  032  017  002  000  000  006  005  000  003 
 028  030  006  000  000  004  024  031  005  000  000  000  000  006  006  007 
 014  034  016  000  000  001  028  034  004  000  000  004  004  008  015  011 
 004  032  021  000  000  002  031  034  002  000  000  004  008  012  018  009 
 000  028  022  006  002  013  037  030  000  000  000  002  008  014  017  002 
 002  022  020  014  015  029  033  018  000  000  000  008  009  010  007  000 
 014  024  025  024  026  026  016  008  002  000  000  006  014  006  000  000 

Celda37

 024  020  010  004  000  000  000  000  000  003  006  008  004  000  001  004 
 008  002  000  000  000  000  000  000  000  008  011  013  010  006  006  010 
 000  002  000  000  000  000  000  000  004  014  017  016  014  009  010  012 
 007  005  008  006  000  000  005  008  011  017  017  014  015  010  014  011 
 012  000  005  006  004  007  019  016  014  017  014  010  012  011  010  009 
 013  004  000  000  004  013  023  013  010  011  009  007  012  011  000  000 
 009  005  000  000  002  017  020  007  004  005  005  004  006  008  002  000 
 002  003  000  000  004  017  013  005  004  002  000  000  000  004  006  002 
 000  000  000  002  011  013  003  002  000  000  000  000  000  004  010  004 
 004  000  000  009  013  006  000  000  000  000  000  000  000  005  014  006 
 011  010  002  008  014  005  000  000  003  000  000  000  005  007  014  006 
 008  008  006  002  011  006  000  000  002  000  000  000  008  011  010  004 
 000  000  002  004  007  006  000  003  000  000  000  000  010  018  004  000 
 000  000  000  000  003  005  002  000  000  000  004  004  006  021  004  000 
 000  000  002  004  002  004  002  000  000  004  011  014  010  016  006  002 
 000  000  008  010  004  004  002  000  000  002  008  014  016  013  007  006 

Celda38

 011  016  015  013  023  032  026  013  010  015  022  024  036  038  031  014 
 015  013  012  015  033  036  015  005  003  010  020  026  038  031  016  003 
 012  004  006  018  034  025  004  000  000  004  005  016  024  011  000  000 
 004  000  003  022  029  010  000  000  000  006  004  008  007  000  000  000 
 004  003  009  022  019  000  000  002  003  005  006  005  001  000  000  000 
 004  008  009  012  010  000  000  000  000  005  008  001  000  000  000  000 
 000  004  000  002  006  000  000  000  000  010  012  000  000  000  002  006 
 002  001  000  000  000  003  000  000  000  016  020  002  000  002  006  009 
 000  000  000  000  000  002  000  000  000  023  030  006  000  000  000  007 
 000  000  000  000  000  000  001  000  000  030  036  009  000  000  002  009 
 000  000  000  000  000  000  000  000  014  046  038  004  000  002  014  014 
 000  000  000  000  000  000  001  013  027  037  020  000  000  011  020  010 
 000  000  000  000  003  012  016  018  017  024  014  000  000  020  020  002 
 000  001  002  004  015  023  018  008  005  018  012  000  000  024  026  002 
 005  004  004  006  019  023  012  006  000  014  010  000  006  019  022  006 
 004  003  004  011  019  019  007  006  006  013  012  016  027  023  007  007 

Celda39

 005  006  016  019  012  004  001  004  012  009  003  000  000  024  049  000 
 000  002  012  014  006  005  004  000  012  014  002  000  000  024  052  000 
 000  000  011  012  003  001  003  002  004  011  006  000  000  024  054  000 
 000  006  010  010  003  000  000  000  000  003  009  008  002  029  056  003 
 001  012  010  009  006  000  000  000  000  000  009  014  008  028  054  002 
 004  012  008  010  014  006  006  004  008  014  020  017  006  029  054  000 
 014  016  008  012  023  013  012  015  026  030  028  019  008  028  054  000 
 015  016  013  019  027  015  011  017  029  031  028  028  023  035  057  003 
 014  017  018  023  027  017  011  017  025  031  030  025  022  026  048  001 
 013  017  019  021  022  014  010  014  020  030  023  009  005  007  036  000 
 008  014  014  016  018  008  000  006  010  018  006  000  000  006  037  000 
 000  011  018  017  014  000  000  002  012  016  004  000  000  014  046  000 
 000  004  018  019  012  000  000  000  012  014  005  000  000  024  058  000 
 000  000  012  012  004  000  000  002  008  010  006  000  000  028  066  000 
 000  000  003  000  000  000  000  005  006  006  005  000  000  026  066  000 
 002  000  000  000  000  000  001  006  006  006  008  007  008  028  063  000 

Celda40

 000  000  000  000  000  002  004  014  021  005  000  000  000  000  002  010 
 000  000  000  000  008  000  000  010  022  011  001  000  000  000  000  014 
 000  000  000  000  008  000  000  012  022  010  000  000  000  000  000  015 
 000  000  000  000  007  002  004  012  018  008  000  000  000  000  003  019 
 000  000  000  000  010  004  004  004  012  006  000  000  000  000  012  024 
 000  000  000  000  014  004  002  000  007  004  000  000  000  005  016  015 
 000  000  000  000  013  000  000  000  004  004  000  000  000  010  010  006 
 001  002  001  000  012  000  000  000  000  002  000  000  002  013  010  003 
 001  002  002  000  012  002  002  006  002  000  000  002  010  021  018  011 
 002  003  002  000  010  008  004  008  010  010  015  016  019  024  018  008 
 001  002  005  005  012  015  007  006  010  015  023  021  016  013  007  000 
 001  003  007  008  010  013  006  004  008  016  020  015  009  000  004  000 
 000  000  002  000  000  009  008  004  011  016  017  010  004  000  004  004 
 000  000  000  000  000  006  014  014  012  013  012  004  001  000  004  006 
 000  000  000  000  000  007  019  018  016  012  006  000  000  002  003  001 
 000  000  000  000  000  011  022  018  016  014  006  000  000  000  000  000 

Celda41

 006  002  000  004  006  010  010  000  000  000  000  000  000  000  015  030 
 011  004  001  004  007  002  000  000  000  000  000  000  000  013  029  022 
 014  004  001  000  002  000  000  000  000  000  000  000  008  042  027  010 
 016  000  000  002  002  001  000  000  000  000  000  000  029  049  013  008 
 013  000  000  008  000  000  001  002  000  000  000  003  042  045  004  004 
 004  000  000  007  000  000  004  004  000  000  000  014  046  040  008  002 
 000  000  000  006  000  002  004  000  000  000  000  024  046  032  008  010 
 000  000  004  015  011  008  000  000  000  000  000  040  052  024  006  014 
 010  009  009  020  007  000  000  000  000  000  014  061  053  021  007  014 
 006  004  003  012  000  000  000  000  000  000  037  063  039  012  007  015 
 000  001  003  002  000  000  000  000  000  008  049  056  024  007  011  021 
 002  006  004  000  000  000  000  000  010  022  053  047  016  011  021  026 
 000  000  000  000  000  000  000  015  022  032  047  033  013  020  028  022 
 000  000  000  000  000  000  017  039  037  037  035  022  019  028  023  009 
 000  000  000  000  000  002  036  047  040  030  017  013  024  026  010  004 
 000  000  000  000  003  014  039  042  031  014  002  006  020  019  006  002 

Celda42

 036  029  022  034  040  032  014  009  022  020  005  004  002  000  000  000 
 035  038  028  029  026  013  000  000  021  021  004  000  000  000  000  004 
 038  043  023  015  010  002  000  000  020  018  004  000  000  000  000  006 
 037  037  016  010  004  000  000  002  016  010  004  000  000  000  000  004 
 033  030  014  008  001  000  000  003  008  003  006  000  000  000  000  006 
 026  024  009  004  000  002  002  001  000  000  007  003  000  000  000  010 
 030  021  002  000  004  006  004  000  000  000  006  000  000  000  008  016 
 032  022  000  000  011  017  007  000  000  000  001  000  000  000  015  019 
 032  024  000  000  017  020  005  004  002  000  000  000  000  010  028  025 
 029  022  000  000  018  016  000  000  000  000  000  000  000  024  032  018 
 029  014  000  000  014  010  000  000  000  000  000  000  006  026  023  005 
 022  002  000  001  008  000  000  002  000  000  000  002  017  023  017  003 
 009  000  000  007  009  000  000  000  001  000  005  019  023  017  010  002 
 000  000  000  018  019  010  006  000  000  004  015  023  017  006  002  000 
 000  000  001  025  019  008  007  005  007  020  021  013  011  004  000  000 
 002  003  010  024  014  002  004  005  013  028  017  002  006  007  000  000 

Celda43

 004  006  001  006  004  000  000  000  000  000  000  005  029  008  002  016 
 012  008  000  000  004  000  000  000  000  000  000  022  020  002  019  030 
 012  006  005  000  002  002  000  000  000  000  000  034  016  008  032  032 
 009  002  004  002  000  000  000  000  000  000  026  045  018  015  035  031 
 007  000  000  000  000  000  000  000  000  000  041  052  019  016  031  027 
 003  000  000  000  000  000  000  000  000  000  040  056  024  013  016  016 
 002  000  000  000  000  000  000  000  000  009  038  052  036  013  003  012 
 004  000  000  000  000  000  004  009  017  024  039  051  042  014  005  013 
 004  000  000  000  000  000  000  010  024  032  033  043  036  012  002  010 
 000  000  000  000  000  000  000  000  017  018  012  024  025  013  006  002 
 000  000  000  000  004  001  000  006  008  000  000  015  018  012  008  000 
 000  000  000  008  014  014  012  014  000  000  000  018  018  010  002  000 
 000  000  006  014  016  016  020  020  006  000  004  024  023  008  000  000 
 000  000  006  012  011  011  016  018  008  000  009  030  025  005  000  000 
 000  002  006  007  003  005  018  014  006  000  012  034  024  002  003  007 
 002  006  007  000  000  000  018  004  000  000  013  037  028  011  012  015 

Celda44

 024  027  030  025  017  016  010  006  009  002  006  003  010  002  000  000 
 023  019  017  013  009  010  009  009  012  004  000  000  003  000  000  000 
 019  010  006  012  011  016  022  019  012  002  000  000  000  000  000  000 
 019  012  006  010  016  019  022  016  008  000  000  000  001  000  000  000 
 017  010  010  010  017  016  016  010  001  000  000  000  001  001  000  000 
 014  002  004  002  014  014  012  010  004  000  000  000  000  000  000  000 
 019  002  000  000  013  012  010  006  003  000  000  004  000  000  000  000 
 019  003  003  007  018  013  006  002  000  000  002  006  001  000  000  000 
 012  006  003  013  015  005  000  000  000  002  000  000  000  005  008  003 
 003  010  012  006  000  000  000  000  000  002  000  000  000  005  004  001 
 000  016  022  006  000  000  002  002  002  000  000  000  000  005  000  000 
 000  022  024  004  000  003  008  002  000  000  000  000  002  005  000  004 
 007  030  022  000  000  004  008  002  000  000  000  000  006  006  000  008 
 019  034  015  000  000  000  004  001  000  000  000  004  010  010  007  008 
 025  026  006  000  000  000  001  000  000  000  000  008  012  016  018  011 
 019  014  002  000  000  000  000  000  000  000  004  008  012  021  022  009 

Celda45

 000  000  006  014  007  002  003  000  002  007  000  006  010  010  005  007 
 000  000  000  014  012  004  006  004  002  008  002  000  000  005  007  007 
 000  000  000  007  014  010  012  007  000  004  003  000  004  007  008  006 
 000  002  009  005  009  013  014  008  000  002  000  000  010  016  002  000 
 003  012  016  012  006  009  010  008  003  002  000  000  013  022  000  000 
 000  013  008  006  002  005  005  006  005  001  000  000  014  020  000  000 
 004  010  000  000  000  003  002  005  004  000  000  002  014  014  000  004 
 004  010  000  000  000  000  002  006  005  000  002  008  015  010  000  011 
 000  005  004  000  002  004  003  014  015  009  008  008  009  008  007  018 
 000  000  007  014  013  012  015  029  025  014  008  004  005  009  016  022 
 002  000  008  026  027  015  020  030  019  009  006  006  008  018  027  029 
 010  012  015  036  036  019  018  021  008  006  008  009  013  026  032  031 
 013  014  019  039  037  018  013  012  006  008  012  014  016  023  023  023 
 012  014  022  039  033  015  011  011  010  010  012  013  010  009  014  020 
 011  014  028  036  023  008  009  011  008  006  005  006  006  000  012  020 
 010  018  033  028  009  000  008  009  000  000  002  002  000  000  008  017 

Celda46

 002  002  005  016  017  011  002  004  010  018  023  035  035  017  007  004 
 004  004  006  015  008  002  001  001  011  015  021  031  019  003  000  000 
 001  000  003  006  001  000  005  012  011  004  009  019  008  000  000  000 
 000  004  002  001  002  010  021  021  008  000  007  011  002  000  000  000 
 000  014  007  002  010  026  031  019  008  000  008  006  000  000  000  004 
 002  025  017  006  015  028  024  006  004  000  008  007  000  000  000  004 
 025  043  024  010  009  018  015  000  002  004  011  008  001  003  006  004 
 036  041  018  009  000  010  015  007  000  006  009  002  000  002  010  012 
 027  022  005  004  000  002  014  012  000  000  000  000  000  000  009  016 
 019  010  002  000  000  000  009  011  004  000  000  000  000  002  008  002 
 021  006  000  000  000  002  002  003  006  004  000  000  006  004  000  000 
 021  010  002  000  000  000  000  000  004  008  004  001  000  000  000  000 
 014  006  004  000  000  000  000  000  004  008  004  000  000  000  000  000 
 009  000  000  002  003  000  000  000  002  002  000  000  000  000  000  000 
 008  000  000  004  008  008  007  003  000  000  000  000  000  000  000  008 
 008  000  000  004  009  012  010  001  000  000  000  000  000  007  013  014 

Celda47

 005  000  000  000  000  006  002  004  007  008  006  005  003  027  060  003 
 002  000  000  000  005  002  000  000  006  006  003  005  002  022  052  000 
 000  000  000  002  003  000  000  000  000  002  000  000  000  024  059  000 
 005  000  000  000  000  001  003  000  000  000  000  000  000  029  074  000 
 012  007  002  000  000  002  004  000  000  000  000  000  000  041  086  004 
 016  012  005  005  010  009  000  000  000  000  000  000  015  077  116  025 
 015  016  011  010  009  000  000  000  000  000  007  033  046  083  109  021 
 018  021  009  000  000  000  000  000  000  028  061  055  033  061  093  011 
 014  012  000  000  000  000  000  000  038  069  066  036  017  044  082  003 
 000  000  000  000  000  000  000  027  059  056  035  012  008  030  072  000 
 000  000  000  000  000  002  012  037  043  030  020  004  000  022  070  000 
 000  000  014  006  009  008  012  030  029  021  018  006  000  023  071  002 
 000  010  024  016  000  000  005  024  024  016  013  006  000  030  073  001 
 000  014  020  016  002  002  007  018  022  014  009  006  000  034  074  000 
 010  013  014  014  015  013  014  017  019  014  008  005  000  034  074  000 
 014  022  032  035  032  021  015  014  022  022  014  008  004  037  074  001 

Celda48

 000  000  000  000  000  012  024  020  016  012  003  000  000  000  000  000 
 000  000  000  000  000  006  022  024  018  012  002  000  000  000  000  000 
 000  000  000  000  002  000  016  022  018  012  002  000  000  000  000  001 
 001  002  004  006  010  012  022  021  012  008  002  000  000  002  000  000 
 000  002  007  012  014  017  025  022  010  001  000  001  004  002  000  000 
 000  001  004  006  008  011  015  007  000  000  001  001  002  000  000  000 
 000  000  000  000  000  004  003  000  000  004  000  000  000  000  000  000 
 000  000  000  000  000  006  002  000  000  010  003  000  000  000  000  000 
 000  000  000  000  000  004  002  000  000  012  003  000  000  000  000  000 
 000  000  000  000  000  000  002  000  002  008  000  000  000  000  000  000 
 000  000  000  000  000  000  001  002  002  002  000  000  000  000  001  002 
 000  000  000  000  000  000  000  000  000  000  000  000  000  000  003  006 
 000  000  000  000  000  000  000  000  000  000  000  000  000  004  002  004 
 001  002  001  000  002  000  004  001  000  000  000  000  008  007  001  005 
 002  004  005  000  002  006  000  000  000  000  004  012  015  004  000  008 
 002  004  006  004  000  005  000  000  000  000  010  014  008  000  001  014 

Celda49

 000  000  000  000  006  014  031  030  020  014  006  007  012  014  010  010 
 000  000  002  004  010  017  026  021  012  015  019  013  006  011  020  017 
 002  004  004  005  009  018  020  016  015  028  033  017  010  019  027  012 
 000  000  000  000  002  013  012  013  020  031  028  014  013  024  024  002 
 000  000  000  000  006  013  009  010  017  021  018  011  013  018  008  000 
 000  000  000  000  010  015  006  004  014  019  015  015  016  008  000  000 
 000  000  000  000  012  016  004  002  014  019  014  016  017  007  000  000 
 000  000  000  000  016  018  005  002  015  018  014  014  014  008  000  006 
 000  000  000  000  018  020  006  005  018  020  015  015  017  019  017  012 
 000  000  000  002  022  019  005  008  019  019  014  018  027  031  020  008 
 002  002  003  014  033  019  002  013  026  019  013  021  030  023  000  000 
 014  021  022  028  038  019  009  026  032  019  015  024  025  010  000  000 
 012  018  016  016  028  015  012  026  025  014  015  022  016  001  000  000 
 004  002  000  002  022  012  010  020  019  013  017  020  010  000  000  000 
 001  000  000  002  027  018  012  025  028  025  028  024  011  004  006  008 
 002  000  000  005  032  026  026  040  041  035  034  026  015  012  012  010 

Celda50

 010  007  009  015  012  000  002  003  014  025  007  003  000  009  005  002 
 006  000  000  008  012  000  001  003  015  018  000  000  002  009  006  002 
 000  000  000  008  016  002  000  004  015  010  000  000  000  004  002  000 
 000  000  000  009  019  006  000  000  010  006  000  000  000  000  000  001 
 000  000  000  008  018  007  000  000  012  009  000  000  000  000  000  004 
 000  002  005  003  014  004  000  000  014  016  003  000  000  000  002  004 
 000  001  002  000  010  000  000  000  013  015  005  000  000  000  004  002 
 003  000  000  000  007  000  000  007  015  007  000  000  000  000  002  002 
 005  000  000  000  007  004  004  011  014  006  000  000  000  000  002  006 
 002  000  000  002  010  008  006  008  008  004  003  000  000  000  002  005 
 000  000  001  006  013  012  009  010  009  005  002  000  000  000  000  000 
 000  000  008  012  015  017  018  018  012  006  001  000  000  002  000  000 
 000  005  010  010  011  020  024  018  008  004  002  000  000  001  000  000 
 000  007  009  008  008  019  021  010  004  002  002  004  002  000  000  003 
 005  007  008  006  006  016  017  006  002  003  006  007  005  000  003  001 
 003  004  008  003  004  012  016  009  004  006  007  005  000  000  002  002 

Celda51

 002  002  002  000  000  010  017  000  000  000  012  036  032  019  012  009 
 000  000  000  000  000  017  017  000  000  000  014  034  036  020  004  000 
 000  000  000  000  000  020  014  000  000  002  025  037  042  022  002  000 
 000  000  000  000  000  022  008  000  000  024  038  043  047  027  008  008 
 000  000  000  000  000  022  002  000  006  036  037  037  040  025  010  014 
 000  000  000  000  000  020  000  000  024  036  026  023  023  015  000  005 
 000  000  000  000  000  016  008  014  037  028  017  016  013  010  002  000 
 000  000  000  000  000  009  019  036  035  015  013  018  014  005  000  002 
 000  000  000  000  000  009  028  045  030  009  015  022  015  008  005  011 
 000  000  000  000  000  030  049  051  032  016  022  024  012  006  006  012 
 000  000  000  000  013  052  054  043  034  029  031  026  011  006  006  010 
 000  000  000  007  039  069  050  032  035  035  031  022  008  004  003  006 
 002  004  005  010  051  067  036  023  031  024  014  004  000  000  004  003 
 006  004  000  006  050  046  014  012  018  013  008  000  000  000  009  004 
 000  000  000  015  045  024  010  016  014  008  006  000  000  003  009  002 
 000  000  000  026  037  010  009  020  012  005  006  006  005  009  005  000 

Celda52

 002  004  000  000  000  000  000  000  004  007  008  012  019  024  020  010 
 000  000  000  000  002  004  004  008  012  014  016  023  023  017  015  016 
 000  000  002  005  004  005  008  012  012  012  019  023  016  009  012  022 
 006  002  004  004  001  004  011  012  010  010  020  021  013  009  015  024 
 011  006  010  010  006  004  008  009  008  012  023  020  012  012  015  020 
 009  014  028  026  018  008  004  008  009  016  022  012  006  006  010  012 
 006  022  035  027  020  014  006  009  013  016  013  002  000  000  006  004 
 013  022  023  012  012  016  016  010  012  012  004  000  000  002  005  000 
 018  013  006  002  002  012  014  007  004  010  006  000  000  000  003  000 
 014  002  000  005  005  006  008  004  000  007  008  000  000  000  000  000 
 006  000  000  009  013  004  005  008  010  009  008  000  000  000  000  002 
 000  000  004  018  015  000  000  009  018  018  011  002  000  000  000  007 
 000  000  013  021  009  000  000  005  011  012  009  004  002  002  002  012 
 000  000  015  015  000  000  000  002  000  000  001  002  002  000  000  010 
 000  004  015  010  000  000  000  000  000  000  000  000  002  000  000  007 
 000  008  015  006  000  000  000  000  000  000  000  000  000  001  000  000 

Celda53

 012  027  031  017  006  000  004  009  000  000  006  004  000  000  005  012 
 023  030  023  014  008  002  000  005  000  000  006  002  000  000  004  008 
 028  025  012  008  009  010  006  000  002  005  004  000  000  000  001  004 
 026  017  005  002  008  010  008  002  002  007  000  000  000  000  000  000 
 022  016  008  002  004  004  004  000  000  006  000  000  000  000  000  000 
 016  017  013  003  000  000  000  000  000  007  000  000  000  000  000  000 
 010  018  015  002  000  000  000  000  000  008  002  000  000  000  000  000 
 005  016  014  000  000  000  000  003  006  005  000  000  000  000  000  000 
 004  016  014  000  000  000  000  006  001  000  000  000  000  000  000  000 
 006  017  014  000  000  002  000  000  000  000  000  000  005  004  011  011 
 008  016  009  000  006  006  000  000  000  000  000  010  025  023  014  011 
 015  009  000  000  008  006  000  000  000  000  003  028  031  015  002  005 
 015  002  000  000  000  000  000  000  000  014  027  029  022  011  000  003 
 009  000  000  000  000  000  000  000  020  030  020  017  018  011  004  009 
 000  000  000  000  000  000  002  011  022  016  007  014  018  011  012  021 
 000  000  000  000  000  014  021  013  013  014  012  017  014  008  018  031 

Celda54

 010  004  002  004  003  000  000  000  000  000  000  016  026  019  013  014 
 012  011  001  000  000  000  000  000  000  000  024  037  026  012  010  012 
 011  013  000  000  000  000  000  000  000  023  034  024  012  010  012  010 
 006  006  000  000  000  000  000  000  025  033  022  009  009  015  014  011 
 000  000  000  000  000  002  016  026  032  025  011  007  011  012  006  006 
 000  000  000  008  020  026  024  022  023  015  006  005  006  004  000  000 
 000  000  014  038  037  023  015  013  013  006  002  003  004  004  000  000 
 000  002  035  047  031  011  008  008  008  003  000  003  009  015  014  011 
 003  016  039  041  020  004  004  007  009  010  008  012  023  028  021  015 
 012  026  039  032  012  000  004  013  014  016  016  017  024  022  010  008 
 019  036  039  025  008  004  011  015  009  008  010  008  008  011  004  000 
 022  037  033  019  012  016  018  006  000  000  000  000  000  007  010  006 
 020  030  024  014  018  025  015  002  000  000  002  000  000  001  015  014 
 020  024  018  013  020  021  008  002  000  000  004  000  000  000  014  017 
 026  022  016  015  015  008  001  000  000  000  006  002  000  000  006  015 
 030  021  012  013  015  004  000  000  000  000  007  007  000  000  000  010 

Celda55

 022  035  045  043  034  020  014  010  021  023  012  008  012  047  081  011 
 022  032  037  033  023  014  010  008  017  019  009  008  014  046  077  011 
 014  018  017  013  004  000  004  008  016  019  010  005  006  038  068  000 
 007  012  012  010  006  001  000  010  020  021  009  001  000  037  073  000 
 006  006  002  004  010  012  009  013  014  009  000  000  000  043  082  007 
 005  006  000  000  015  019  012  008  004  002  000  000  005  054  088  012 
 008  005  005  006  025  025  008  004  003  004  003  001  012  055  081  005 
 009  003  007  015  035  027  006  000  004  008  009  009  017  052  074  000 
 008  006  012  026  036  023  011  008  009  013  011  011  017  049  071  000 
 010  014  022  026  024  009  006  006  007  011  009  007  012  043  066  000 
 005  012  015  011  004  000  000  002  002  006  005  004  010  042  066  000 
 002  003  006  004  000  000  000  000  000  004  006  004  007  040  068  000 
 003  001  006  004  002  006  004  000  000  001  012  009  009  040  071  002 
 005  000  005  006  007  010  008  000  000  002  018  017  012  043  074  005 
 009  004  004  006  010  012  012  004  008  012  019  014  007  036  067  000 
 012  010  008  012  014  010  012  012  011  012  011  012  005  032  066  000 

Celda56

 000  000  001  002  000  000  000  000  000  003  006  013  006  000  007  018 
 000  000  000  000  000  000  000  000  004  003  000  008  005  002  015  012 
 000  000  000  000  000  000  002  003  002  000  000  004  007  015  019  002 
 000  000  000  000  000  002  004  004  003  004  004  013  020  022  010  000 
 000  000  000  000  001  002  001  002  004  007  010  021  023  014  000  000 
 000  000  000  000  000  000  000  000  004  005  011  021  017  004  000  000 
 000  000  000  000  000  002  000  000  006  012  010  014  007  000  000  000 
 000  000  000  000  005  006  000  000  008  018  014  008  004  000  006  008 
 000  000  000  000  008  015  008  010  014  019  014  009  005  001  005  011 
 000  000  000  003  015  031  025  023  018  017  011  011  007  000  000  004 
 000  000  000  000  012  031  025  016  013  007  009  012  005  000  000  001 
 000  000  000  000  013  034  020  000  000  001  003  009  003  000  002  003 
 000  000  000  000  014  036  018  000  000  000  000  004  001  000  006  004 
 007  018  038  052  073  084  056  040  040  039  038  036  034  036  045  044 
 013  034  076  104  123  123  099  092  095  096  096  094  094  097  101  100 
 000  000  000  000  011  016  003  000  000  000  000  000  000  002  007  009 

Celda57

 003  000  000  013  041  040  042  049  041  027  022  016  012  010  006  000 
 000  000  004  023  045  045  046  042  025  009  003  002  000  000  000  000 
 000  000  006  027  045  045  041  026  008  000  000  000  000  000  000  000 
 000  000  004  034  051  048  036  015  004  000  000  000  000  000  000  000 
 000  000  014  044  052  042  028  011  000  000  000  000  000  000  000  000 
 002  006  024  045  039  026  017  006  000  000  000  000  000  000  000  000 
 000  004  023  037  024  016  014  007  000  000  000  000  002  000  000  000 
 005  003  019  028  017  010  013  011  002  000  000  000  000  000  000  000 
 014  011  016  021  010  006  014  016  005  000  000  000  000  000  000  002 
 010  010  009  014  006  004  015  019  006  000  000  000  000  000  004  017 
 000  002  003  010  004  004  013  016  006  000  000  000  000  002  015  030 
 000  000  006  014  006  000  007  011  008  000  000  002  005  015  028  030 
 000  000  016  019  008  002  000  006  012  008  007  010  010  022  027  016 
 044  052  066  061  051  050  046  041  057  062  050  053  055  068  062  043 
 098  101  106  098  092  094  097  098  111  108  088  093  098  106  095  085 
 006  004  008  004  000  000  000  000  014  016  000  000  002  009  003  000 

Celda58

 000  004  012  003  000  012  019  014  006  006  002  000  000  000  001  003 
 000  008  018  005  002  017  022  014  004  003  000  000  000  000  001  002 
 000  011  021  008  007  018  016  006  000  000  000  000  000  002  000  000 
 000  012  022  012  010  019  014  004  000  000  000  001  004  004  000  000 
 000  012  022  018  014  017  012  003  000  000  000  001  007  005  000  000 
 000  012  022  022  018  016  011  000  000  000  000  001  007  004  000  000 
 001  015  023  025  021  014  008  000  000  000  000  001  003  001  000  000 
 012  028  034  034  028  017  007  000  000  001  000  000  000  000  000  000 
 024  037  036  031  026  019  013  010  009  006  001  000  000  000  000  000 
 033  034  024  017  016  015  010  006  003  002  000  000  000  000  004  005 
 030  019  010  010  015  016  005  000  000  000  000  000  000  004  008  008 
 016  004  002  006  016  016  004  000  000  000  000  000  000  002  002  002 
 004  000  000  004  014  012  002  000  000  000  003  000  000  000  000  000 
 040  042  044  048  048  035  027  030  036  036  042  046  045  047  048  054 
 086  088  091  093  089  084  084  086  092  095  103  105  096  100  104  110 
 000  000  001  002  000  000  002  001  000  000  007  010  000  000  000  000 

Celda59

 000  000  000  037  028  000  006  019  009  005  010  012  010  007  002  000 
 000  000  022  052  022  000  004  013  005  008  014  011  009  010  006  000 
 000  000  041  056  014  006  007  012  006  015  015  005  008  016  010  000 
 000  004  043  041  004  006  022  034  033  036  022  006  006  018  010  000 
 000  013  046  032  000  003  033  044  041  036  024  012  002  014  009  001 
 000  028  053  022  000  006  032  041  036  025  022  018  008  005  010  004 
 000  048  061  021  002  010  031  041  031  014  016  020  018  008  010  004 
 010  057  054  012  005  010  033  040  022  002  004  015  022  017  002  000 
 016  054  036  000  000  010  030  036  019  004  002  007  016  013  000  000 
 019  050  027  000  000  012  022  030  018  006  011  005  004  000  000  000 
 020  045  014  000  012  016  015  024  018  006  014  010  000  000  000  000 
 022  044  000  000  024  020  013  018  014  000  010  008  000  000  000  007 
 028  032  000  000  030  024  010  010  005  000  004  010  000  000  013  011 
 084  064  040  041  071  060  040  028  020  020  029  048  047  058  062  048 
 132  104  099  107  122  107  089  082  080  084  100  113  105  094  093  088 
 019  000  000  006  018  012  003  000  000  001  013  021  014  000  000  000 

Celda60

 000  013  017  003  000  000  000  000  000  000  000  000  000  000  000  000 
 004  021  012  000  000  000  000  000  000  000  000  000  000  000  000  000 
 007  017  004  000  000  000  000  000  000  000  000  000  000  000  000  000 
 006  013  002  000  000  000  000  000  000  000  000  000  000  000  000  033 
 003  010  002  000  000  000  000  000  000  000  000  000  000  010  049  059 
 000  005  002  000  000  000  007  004  000  000  000  000  017  056  059  035 
 000  000  003  000  000  008  000  000  000  000  000  024  058  060  031  011 
 000  000  005  000  002  006  000  000  000  000  024  056  054  030  006  010 
 000  002  006  000  000  000  000  000  005  025  048  050  026  012  008  018 
 000  009  008  000  000  000  000  022  041  040  040  031  011  010  023  028 
 003  017  009  000  000  000  030  054  042  030  022  024  019  026  035  028 
 012  012  000  000  000  028  051  043  018  016  014  025  028  034  036  028 
 000  000  000  000  020  039  040  019  004  010  016  029  035  037  030  021 
 032  028  045  073  080  074  066  053  046  052  057  069  076  070  052  045 
 088  096  122  132  116  100  097  095  088  089  091  101  103  089  076  074 
 000  000  021  026  012  001  005  009  000  000  002  013  015  005  000  000 

Celda61

 000  000  002  014  027  035  019  008  015  027  022  012  005  006  020  031 
 000  000  026  051  046  021  004  004  024  034  016  002  002  009  015  018 
 007  042  062  060  032  004  000  004  025  024  003  000  007  011  005  012 
 056  063  054  037  013  004  004  015  024  014  000  002  011  005  000  000 
 054  046  031  018  010  012  016  026  024  011  004  005  006  000  000  000 
 025  028  021  012  011  016  025  027  017  007  006  003  000  000  000  000 
 011  026  017  006  006  019  024  021  013  004  001  000  000  000  000  000 
 020  028  010  000  002  019  021  014  012  004  000  000  000  000  000  018 
 028  022  006  001  008  022  023  010  010  006  001  000  000  002  007  026 
 021  014  012  012  018  026  022  004  008  012  012  011  012  015  015  023 
 015  012  016  018  018  019  010  000  002  015  020  018  016  020  021  020 
 020  019  018  016  010  005  002  000  000  004  010  011  011  016  024  023 
 020  021  015  014  008  000  000  000  002  000  000  002  008  019  025  022 
 046  048  043  044  044  040  038  041  038  035  034  040  048  060  058  050 
 074  078  075  072  076  079  080  084  080  080  080  083  089  092  086  080 
 000  009  008  000  000  000  000  004  000  000  000  002  005  006  003  000 

Celda62

 026  016  008  002  012  005  000  000  000  000  006  006  000  000  008  012 
 014  003  002  000  003  002  000  000  000  000  004  004  000  009  021  016 
 015  004  000  000  000  000  000  000  000  004  013  014  012  018  023  016 
 012  009  000  000  000  000  000  000  013  024  030  023  016  015  017  012 
 008  012  009  002  000  000  000  008  030  039  034  020  011  006  013  010 
 006  013  014  009  000  000  001  018  040  043  027  012  004  000  012  010 
 018  020  018  015  004  009  014  030  045  044  019  006  001  000  016  011 
 033  025  020  017  008  013  020  029  038  036  008  002  005  004  012  014 
 031  019  016  015  008  012  018  015  018  026  007  000  008  012  011  018 
 024  015  014  012  006  011  014  005  003  018  010  000  001  008  006  019 
 021  017  015  010  007  007  010  000  000  008  012  003  000  000  000  015 
 018  017  011  004  004  000  008  000  000  000  009  010  000  000  000  010 
 016  006  006  006  000  000  004  005  000  000  004  012  004  000  000  000 
 051  043  031  037  035  038  036  038  036  042  042  048  045  041  044  040 
 084  086  083  089  087  083  086  086  088  086  086  087  088  082  089  094 
 000  000  000  008  009  000  000  001  007  003  000  002  009  000  000  000 

Celda63

 010  014  016  018  016  007  006  018  018  010  010  014  010  031  064  000 
 008  012  018  017  010  002  001  018  022  004  002  006  004  026  062  000 
 013  012  022  022  007  002  000  016  021  006  000  002  002  028  066  000 
 016  017  028  026  002  000  001  018  013  002  000  000  000  032  074  000 
 012  017  026  020  000  000  009  021  004  000  000  000  000  036  078  000 
 005  007  014  005  000  000  014  014  000  000  000  000  003  041  079  001 
 000  001  010  000  000  000  010  008  000  000  000  007  014  047  080  004 
 000  000  010  000  000  004  003  000  000  000  003  014  017  044  079  006 
 010  013  010  000  000  008  007  000  000  007  012  018  012  042  078  003 
 021  014  006  000  002  006  000  000  000  011  020  020  010  042  082  000 
 020  000  000  000  006  006  000  000  000  012  026  020  006  040  084  000 
 024  002  000  000  006  003  000  000  001  011  029  021  002  038  082  000 
 022  014  000  000  004  000  000  000  000  012  033  024  005  041  083  002 
 044  044  028  033  040  036  036  040  044  059  077  066  048  077  107  029 
 094  096  078  080  087  084  088  092  095  105  113  099  083  101  117  051 
 000  010  000  000  005  000  000  001  002  010  020  013  002  020  046  000 

