Celda0

 000  000  000  000  001  001  002  003  002  000  000  002  006  002  002  001 
 000  000  000  000  002  004  005  006  004  000  000  006  016  006  004  002 
 000  000  000  000  000  008  012  016  010  000  000  014  032  014  007  002 
 000  000  000  000  000  012  023  028  012  000  000  019  036  016  010  002 
 000  000  000  000  000  016  039  053  023  006  008  035  037  009  008  004 
 000  000  000  000  001  022  047  043  000  000  000  026  020  000  002  006 
 000  000  000  000  008  026  044  030  000  000  003  032  014  000  001  014 
 000  001  005  009  013  021  040  020  000  000  018  029  000  000  014  025 
 000  000  002  010  008  010  034  015  000  000  025  014  000  006  039  026 
 000  000  000  003  008  002  022  010  000  000  019  000  000  033  046  007 
 001  002  002  002  004  002  006  002  000  012  005  000  006  051  032  003 
 002  004  006  003  000  000  000  006  015  012  000  000  032  054  018  008 
 001  002  002  000  000  000  000  025  032  008  000  008  053  041  009  015 
 000  000  000  000  000  000  000  033  020  000  003  033  052  025  011  020 
 000  000  000  000  000  000  000  030  022  000  003  037  039  012  008  015 
 000  000  000  000  004  000  000  024  026  000  003  033  024  003  008  016 

Celda1

 000  000  005  005  001  000  000  000  000  000  000  000  000  000  000  000 
 000  000  010  008  000  000  000  001  000  000  000  000  000  000  000  000 
 000  000  018  010  000  000  000  003  000  000  000  000  000  000  000  000 
 000  000  018  006  000  000  000  003  000  000  000  000  000  000  000  000 
 000  002  012  008  006  004  001  002  000  000  000  010  023  014  004  000 
 000  000  014  020  016  004  006  013  008  004  002  030  024  003  000  000 
 000  000  018  031  015  006  012  019  012  012  011  019  014  000  000  000 
 002  000  016  034  017  008  014  008  001  006  008  000  012  000  000  000 
 001  002  015  032  024  008  000  000  000  000  008  008  004  000  000  000 
 000  015  024  031  027  004  000  000  000  004  011  018  011  000  000  000 
 010  021  011  018  022  000  000  000  003  004  004  008  003  000  006  017 
 020  010  000  010  016  000  000  004  000  000  000  000  000  009  030  036 
 018  002  000  008  012  002  001  003  000  000  000  000  002  020  033  032 
 010  000  000  006  007  007  006  000  000  000  008  020  029  035  022  014 
 004  000  000  002  004  008  005  000  000  010  022  033  035  024  004  000 
 006  004  003  000  000  002  006  005  015  027  027  020  010  001  000  000 

Celda2

 000  000  000  000  000  000  001  000  000  002  002  000  000  000  006  000 
 000  000  000  000  000  000  002  000  000  005  006  000  000  000  014  000 
 000  000  000  000  000  002  004  000  000  010  013  000  000  002  030  000 
 000  000  000  000  000  002  003  000  000  011  018  000  000  000  032  000 
 000  000  000  000  004  004  001  000  000  011  018  006  020  014  012  000 
 000  000  000  000  000  000  000  000  002  016  020  010  012  004  000  004 
 000  000  000  000  001  004  002  003  011  024  015  004  000  000  000  006 
 000  000  000  000  008  010  004  002  012  019  003  000  000  000  000  006 
 000  000  000  006  018  012  004  000  009  014  000  000  000  000  000  022 
 000  000  000  021  022  009  002  003  010  008  000  000  000  000  000  037 
 018  013  011  024  010  000  000  009  012  003  000  000  000  000  016  048 
 030  026  023  020  001  000  004  014  013  009  010  004  000  000  039  054 
 028  026  026  022  016  013  018  019  013  009  004  000  000  006  060  058 
 012  016  020  022  024  026  021  014  007  000  000  000  000  025  073  052 
 000  000  007  011  012  012  011  008  002  000  000  000  000  039  067  031 
 000  000  006  006  003  001  002  004  004  002  000  000  000  047  056  017 

Celda3

 000  001  008  004  000  000  000  008  008  003  000  000  000  003  001  000 
 000  000  016  008  000  000  002  020  020  005  000  000  002  006  002  000 
 000  000  022  008  000  000  010  044  038  001  000  000  009  010  002  000 
 000  000  004  000  000  006  026  060  038  000  000  004  022  005  000  000 
 000  008  000  000  020  052  064  059  020  000  000  025  047  011  000  000 
 010  002  007  006  029  055  034  018  007  000  006  043  031  000  000  000 
 027  012  000  010  023  046  028  008  010  010  024  028  011  000  006  022 
 030  012  000  009  007  024  024  016  024  030  012  002  004  000  007  018 
 036  024  021  028  018  000  016  030  038  028  002  000  007  002  000  004 
 041  042  044  035  028  012  001  034  045  028  004  001  006  001  001  001 
 037  037  034  017  016  016  014  028  038  032  014  002  000  003  003  000 
 025  018  020  003  002  004  016  041  037  031  022  000  000  021  018  010 
 016  005  018  000  000  004  037  062  047  032  012  000  011  048  026  018 
 016  008  007  000  000  012  062  071  046  034  009  000  033  060  017  015 
 006  004  000  000  000  029  066  060  035  030  024  018  048  041  000  004 
 000  000  000  000  010  053  061  039  013  008  026  037  036  014  002  002 

Celda4

 000  000  000  001  002  000  000  000  000  001  001  000  000  000  000  001 
 000  000  000  002  004  000  000  000  000  002  002  000  000  000  000  001 
 000  000  000  004  004  000  000  000  000  005  006  000  000  000  000  001 
 000  000  000  003  000  000  000  000  000  003  007  000  000  000  000  002 
 006  000  007  010  008  014  031  030  026  016  011  006  012  017  019  020 
 012  010  006  011  021  040  045  028  019  008  000  000  000  000  000  000 
 033  022  008  019  035  040  026  014  010  005  000  000  000  000  000  000 
 022  008  002  016  018  010  000  000  003  004  000  000  000  000  007  007 
 000  000  003  015  008  000  002  000  002  006  000  000  000  009  005  014 
 000  000  018  027  006  000  002  008  000  000  000  003  004  010  015  014 
 000  015  044  026  002  000  000  007  000  000  000  006  013  028  031  013 
 009  042  043  001  000  000  000  001  000  000  001  012  027  036  021  002 
 017  040  019  000  000  000  000  000  000  006  009  015  025  020  003  000 
 018  029  007  000  005  012  016  016  017  016  012  007  016  008  000  000 
 023  027  008  002  000  004  008  013  018  015  010  004  014  004  000  000 
 025  017  004  000  000  000  000  005  015  010  004  002  009  000  000  000 

Celda5

 002  001  002  001  000  000  001  000  000  000  002  002  000  000  000  000 
 003  002  004  002  000  000  000  000  000  000  004  004  000  000  000  000 
 002  000  006  006  000  000  000  000  000  002  007  004  000  002  004  000 
 000  000  003  006  000  000  000  000  000  009  003  000  000  008  012  002 
 015  012  009  010  002  000  003  010  016  022  005  000  000  018  026  017 
 000  004  011  012  008  002  000  000  002  006  000  000  009  031  030  015 
 002  002  005  002  003  002  000  000  006  009  002  010  026  027  016  004 
 009  007  000  000  000  000  002  000  008  020  014  024  028  011  008  004 
 015  007  000  000  001  000  006  012  016  032  028  020  014  004  006  004 
 016  009  003  000  001  000  008  020  018  028  026  007  002  000  007  007 
 006  001  002  004  002  008  024  020  017  015  020  000  000  000  006  008 
 000  000  000  008  008  022  033  014  012  007  015  000  000  000  006  012 
 000  000  000  008  018  039  032  008  008  010  010  000  000  000  002  010 
 000  000  007  005  022  035  010  001  005  010  002  000  000  002  017  019 
 000  000  010  010  013  010  000  000  005  005  000  000  000  015  034  020 
 000  011  023  014  000  001  000  000  008  000  000  000  018  028  020  000 

Celda6

 003  003  000  000  000  002  000  000  002  000  000  000  001  002  000  000 
 005  006  001  000  000  004  000  000  004  001  000  000  001  004  000  000 
 006  012  005  000  000  006  000  000  006  004  001  000  000  004  000  000 
 002  015  011  000  000  004  005  004  008  006  004  000  000  000  000  000 
 014  023  021  006  000  000  014  028  034  024  013  006  006  006  003  002 
 004  006  012  000  003  008  025  034  024  006  000  000  000  000  002  011 
 000  000  012  000  004  016  019  022  012  000  000  000  000  000  005  023 
 000  000  012  010  009  004  000  010  003  000  004  004  002  000  020  032 
 003  007  003  003  012  012  001  002  000  000  013  019  012  015  030  034 
 010  018  018  008  004  018  013  016  016  018  028  035  016  013  032  043 
 008  015  022  028  023  027  036  041  035  038  035  031  005  000  022  035 
 010  008  018  028  036  033  041  037  023  020  020  010  000  000  020  028 
 015  017  026  024  028  028  025  017  011  000  000  000  000  000  015  021 
 022  029  035  027  016  015  009  004  006  002  000  000  000  002  016  014 
 015  030  036  018  000  000  000  006  004  000  000  000  000  012  016  009 
 000  026  026  004  000  000  002  006  000  000  000  000  002  019  014  004 

Celda7

 000  000  001  000  000  000  000  001  002  002  002  001  000  004  010  000 
 000  000  002  000  000  000  000  002  004  006  005  002  000  011  026  000 
 000  000  004  000  000  000  000  001  010  014  010  004  000  026  057  000 
 000  000  003  000  000  000  000  000  013  020  015  006  000  036  078  000 
 006  011  008  000  000  007  014  012  012  018  019  015  014  056  096  014 
 022  026  018  006  000  010  015  016  012  019  021  018  011  050  087  008 
 034  028  018  008  006  024  018  024  028  045  037  016  010  048  078  000 
 024  012  006  006  007  031  025  024  032  043  022  009  002  045  079  000 
 011  002  000  002  004  034  028  015  006  008  000  000  000  037  082  000 
 016  009  002  000  003  037  024  002  000  000  000  000  000  036  085  002 
 008  008  005  000  006  038  016  000  000  000  000  006  006  045  089  005 
 005  000  007  010  007  033  012  000  000  002  006  015  017  048  082  000 
 010  000  001  010  007  021  012  000  000  000  006  019  019  050  083  003 
 007  000  000  000  001  020  024  010  006  000  002  012  012  048  084  008 
 001  000  000  000  000  023  028  012  014  006  000  012  021  055  083  006 
 001  000  000  006  010  015  019  002  003  006  000  010  030  068  092  008 

Celda8

 000  000  000  003  010  003  001  020  024  002  012  030  013  000  014  022 
 001  002  003  000  003  000  008  016  014  002  024  029  000  002  026  029 
 002  004  002  000  004  000  006  000  004  012  044  030  000  010  037  014 
 000  000  000  000  008  000  000  000  008  034  048  010  000  015  030  000 
 000  000  000  000  014  002  000  000  022  051  030  000  000  022  027  000 
 000  000  000  000  016  000  000  000  033  049  012  000  000  030  029  007 
 000  000  000  000  012  000  000  000  028  040  006  000  008  036  026  005 
 000  000  000  000  005  000  000  000  018  026  002  000  018  033  020  006 
 000  000  000  000  000  000  000  003  008  006  000  006  026  028  016  011 
 000  000  000  000  000  000  006  007  000  000  000  018  032  024  018  018 
 000  000  000  000  000  000  014  002  000  000  000  028  032  020  018  018 
 000  000  000  000  000  000  012  000  000  000  006  031  028  014  012  015 
 000  001  003  004  000  000  004  000  000  000  010  026  025  012  007  014 
 003  006  008  006  000  000  000  008  010  008  005  021  026  013  005  020 
 002  004  003  000  000  000  004  025  021  008  004  018  026  012  006  026 
 001  000  000  000  000  002  016  022  012  004  004  017  026  010  005  028 

Celda9

 015  005  004  001  000  000  014  024  026  023  013  000  000  000  000  000 
 008  000  000  000  000  000  024  032  013  009  004  000  000  000  000  003 
 000  000  005  000  000  007  037  028  006  006  000  000  000  000  004  000 
 000  000  011  000  002  038  044  025  016  008  000  000  000  006  002  000 
 002  003  008  010  040  059  033  012  010  000  000  000  000  000  000  000 
 012  012  008  030  056  044  005  000  000  000  000  000  000  000  000  000 
 000  002  014  040  043  018  000  000  000  000  000  000  000  000  004  014 
 006  015  034  033  018  010  000  000  000  000  006  010  016  028  036  034 
 022  045  034  009  002  007  000  000  000  000  000  008  021  029  020  018 
 033  038  006  000  000  002  000  000  000  007  000  002  004  000  000  000 
 030  030  004  000  006  000  000  000  006  016  008  005  000  000  000  005 
 022  022  014  018  019  009  011  016  023  016  007  005  000  000  000  014 
 021  016  025  044  039  024  030  030  024  014  009  004  000  000  002  012 
 035  026  033  043  026  007  012  015  016  016  014  004  000  000  003  006 
 035  021  020  030  024  010  000  000  000  002  005  002  002  008  012  007 
 036  018  012  016  015  010  006  004  006  004  000  000  006  012  011  008 

Celda10

 004  008  011  003  001  000  000  000  000  000  000  000  006  054  049  010 
 014  014  006  000  000  000  000  000  000  000  000  000  017  058  039  002 
 000  002  000  000  000  000  000  000  002  000  000  008  029  057  033  000 
 000  000  000  000  000  000  000  000  007  006  012  015  027  060  045  012 
 000  000  000  000  000  000  009  025  026  012  008  007  016  065  054  016 
 000  003  002  010  018  021  030  032  017  006  000  000  009  060  041  000 
 018  027  039  034  024  020  019  009  000  000  001  000  004  052  044  000 
 029  038  046  030  021  015  006  000  000  000  008  005  000  044  050  008 
 020  031  035  020  020  019  010  000  000  009  011  011  004  045  067  027 
 013  021  019  010  014  020  014  004  000  016  008  012  012  053  075  021 
 004  002  006  006  002  006  007  005  004  018  000  002  006  044  064  008 
 001  000  005  005  006  000  000  000  001  009  000  000  000  032  060  005 
 000  005  010  006  000  000  000  000  000  002  000  000  000  022  062  010 
 000  012  021  008  000  000  000  000  004  003  002  002  000  010  060  022 
 008  018  012  000  000  000  000  000  005  006  002  004  002  000  046  028 
 008  006  000  000  000  000  004  006  002  003  000  002  008  004  023  028 

Celda11

 000  002  010  014  026  056  044  013  001  000  017  038  024  000  010  021 
 000  000  010  024  023  034  040  012  000  004  026  018  009  002  012  026 
 000  003  000  010  017  016  036  019  000  000  026  015  000  000  006  022 
 003  000  000  004  002  008  020  020  000  000  004  010  000  000  000  016 
 008  004  000  001  014  000  004  014  008  000  000  001  012  000  000  004 
 006  005  000  000  020  013  009  018  010  000  001  000  017  009  000  000 
 000  000  000  016  053  050  041  037  028  026  027  020  000  004  000  000 
 002  000  002  057  085  058  034  030  034  036  031  016  000  000  000  004 
 006  000  015  071  062  024  010  009  025  015  012  004  003  005  002  004 
 001  000  027  056  030  000  000  002  020  000  000  000  002  011  015  006 
 000  000  037  046  022  000  001  004  006  000  000  000  009  018  021  018 
 000  000  061  052  012  005  010  021  016  002  000  010  030  039  033  023 
 000  002  075  041  004  009  025  022  028  029  027  030  049  043  034  014 
 000  011  066  024  000  013  025  006  004  020  030  022  029  012  014  010 
 000  018  057  021  000  021  013  000  002  003  011  012  004  002  000  017 
 006  031  051  019  008  016  000  000  010  014  004  011  004  000  000  017 

Celda12

 015  000  000  000  002  006  004  006  011  002  001  000  002  000  000  002 
 008  000  000  000  007  006  002  001  008  000  002  005  002  001  004  006 
 003  000  000  000  000  000  000  000  004  000  002  014  012  002  000  000 
 006  006  006  000  000  000  000  000  000  000  004  001  000  000  000  000 
 016  019  011  000  000  000  014  014  006  000  008  000  000  000  000  000 
 027  028  008  000  000  009  023  014  012  006  004  000  000  000  014  014 
 032  026  000  000  002  019  019  000  000  000  005  008  022  027  030  019 
 036  025  000  000  013  023  012  000  000  000  016  026  028  024  012  008 
 035  031  000  000  012  020  008  000  000  002  029  018  000  000  000  000 
 027  038  004  000  006  014  006  000  000  001  016  006  000  000  000  000 
 022  036  008  000  004  014  008  002  000  000  005  004  010  022  014  002 
 012  027  006  000  010  026  016  006  005  008  012  033  053  037  028  022 
 002  022  010  008  024  037  016  008  007  015  024  041  039  012  024  045 
 006  028  029  022  030  029  001  000  000  009  020  026  016  000  017  039 
 024  026  027  014  006  004  000  000  000  012  024  019  007  002  008  010 
 027  011  013  011  000  000  000  001  006  028  038  017  000  000  002  000 

Celda13

 008  023  029  010  000  000  005  002  000  000  000  016  038  018  002  000 
 007  018  011  000  002  007  008  000  000  000  008  028  036  012  008  008 
 002  004  001  000  000  000  000  000  000  005  015  028  027  008  008  012 
 000  000  000  004  006  000  000  000  000  008  021  025  016  002  002  010 
 000  000  000  008  006  000  000  000  000  012  022  016  008  006  004  006 
 002  002  012  018  011  004  002  000  000  012  024  020  011  008  003  000 
 011  010  018  013  004  000  000  002  007  009  020  024  019  000  000  000 
 011  011  016  010  010  010  010  014  014  010  023  033  021  000  000  000 
 009  012  019  020  027  040  044  034  023  013  023  034  014  000  009  023 
 008  026  033  031  040  044  043  035  024  018  024  030  006  002  014  027 
 022  043  040  030  032  029  018  022  025  028  028  028  005  004  014  016 
 042  042  031  028  027  029  019  024  028  034  032  018  006  006  017  002 
 049  028  025  029  030  027  018  014  019  024  021  012  008  017  019  005 
 022  010  024  037  022  016  000  000  000  004  004  006  014  025  011  004 
 000  000  024  034  005  000  000  000  005  000  002  006  015  010  000  002 
 000  000  028  036  008  000  000  000  010  010  008  012  001  000  001  012 

Celda14

 004  024  015  000  000  000  004  006  000  000  000  000  004  020  006  000 
 016  013  002  000  000  002  000  000  000  000  000  001  002  011  002  000 
 015  004  002  011  018  013  008  002  000  000  004  002  005  000  006  006 
 014  011  015  026  016  010  005  009  014  013  016  011  004  004  014  015 
 008  006  012  015  000  000  000  010  023  028  022  013  009  011  016  011 
 009  002  004  004  000  000  010  015  009  011  012  010  014  020  014  007 
 010  014  006  000  000  004  012  000  000  000  001  006  013  016  016  012 
 010  024  011  000  000  008  006  000  000  011  014  015  011  002  002  006 
 031  034  012  002  001  005  003  001  017  039  032  023  014  004  000  009 
 026  015  001  003  011  020  015  014  032  047  026  014  012  013  016  027 
 006  000  000  003  010  013  005  002  022  034  007  003  003  008  012  019 
 000  000  006  002  000  000  000  000  020  029  002  000  000  000  000  007 
 000  000  011  006  000  000  000  004  018  024  004  000  000  000  000  010 
 007  013  018  011  007  015  018  012  018  022  006  002  004  003  000  008 
 015  026  022  014  017  025  020  016  015  020  007  006  018  026  022  006 
 016  013  012  016  025  018  006  007  004  012  008  002  017  029  030  018 

Celda15

 006  006  014  026  018  000  011  010  000  000  008  029  065  092  095  010 
 012  020  013  004  003  000  000  010  000  000  010  044  076  076  067  000 
 010  014  006  000  000  000  008  015  010  008  012  040  043  040  052  000 
 000  000  000  000  010  009  004  015  013  012  014  024  020  034  060  000 
 001  000  000  000  020  021  011  012  010  009  012  011  000  030  071  000 
 004  008  008  012  035  041  025  017  019  015  017  016  012  028  074  000 
 008  006  002  009  037  044  024  014  020  018  021  021  017  031  077  005 
 008  004  000  012  041  037  015  008  008  008  005  006  006  023  068  002 
 012  010  007  028  052  036  018  012  006  002  004  000  000  014  060  000 
 017  014  015  036  052  038  028  016  005  000  004  000  000  012  062  001 
 008  010  015  023  034  030  018  003  000  000  003  003  000  032  094  029 
 000  012  018  007  024  030  015  000  000  009  006  000  000  044  094  019 
 012  006  014  012  014  021  012  004  000  010  014  014  012  043  078  000 
 014  006  000  010  014  018  006  006  006  000  007  018  022  037  067  000 
 004  010  002  000  002  010  004  000  004  000  001  010  000  016  059  000 
 011  021  012  004  000  004  006  000  000  000  000  009  002  022  064  000 

Celda16

 001  000  000  000  000  006  010  007  009  000  002  016  029  008  002  028 
 000  000  000  000  000  012  002  003  012  002  002  014  026  002  000  026 
 000  000  001  008  009  010  001  004  014  000  002  011  022  001  000  020 
 000  001  005  010  009  005  002  013  021  006  004  010  021  004  002  012 
 000  000  002  007  008  008  011  026  027  010  006  009  023  007  002  006 
 000  000  000  004  006  004  013  025  014  001  002  005  018  003  000  007 
 001  002  005  006  003  001  019  027  007  002  004  005  008  000  000  012 
 002  004  008  008  005  006  033  035  014  010  010  010  002  000  002  017 
 002  004  004  002  002  011  039  028  004  000  000  000  002  004  020  031 
 001  000  000  000  000  018  033  008  000  000  000  002  000  006  023  027 
 000  000  000  000  000  025  023  000  000  000  000  002  003  003  010  016 
 000  000  000  000  008  030  014  000  000  004  004  002  010  005  002  012 
 000  000  000  000  014  034  012  002  006  005  002  002  013  002  000  010 
 000  000  000  000  021  041  023  012  012  010  006  001  008  000  000  012 
 000  000  001  010  037  052  033  016  013  011  010  004  000  000  000  014 
 000  000  004  014  046  051  028  010  008  008  008  004  000  000  000  010 

Celda17

 036  020  009  006  004  006  009  011  012  005  000  000  000  000  000  000 
 037  021  006  000  000  006  012  013  008  000  000  000  000  000  000  000 
 035  020  003  000  003  014  022  008  000  000  004  003  000  000  002  010 
 030  016  004  008  025  042  029  004  000  000  017  018  012  010  023  034 
 026  014  004  020  034  027  001  000  000  003  024  012  004  014  034  035 
 026  012  001  021  032  014  000  000  000  006  024  019  010  010  021  009 
 026  013  000  014  024  008  000  000  000  001  015  022  024  022  015  000 
 021  015  007  015  012  000  000  000  000  000  010  019  024  022  012  000 
 023  014  012  011  004  000  006  014  022  026  028  017  012  015  007  000 
 019  012  008  010  008  012  017  018  018  021  018  010  006  010  005  010 
 013  002  000  008  014  012  000  000  000  000  000  000  005  008  008  028 
 017  006  000  005  014  011  000  000  000  000  000  002  010  005  014  032 
 018  009  002  006  010  007  000  006  009  003  000  006  004  000  021  036 
 020  012  008  013  018  018  020  025  031  029  024  019  004  000  026  030 
 020  013  011  015  018  018  021  017  014  015  017  017  012  007  040  030 
 012  012  020  020  011  008  010  001  000  000  000  000  000  000  040  024 

Celda18

 000  000  000  000  000  004  005  005  002  000  000  000  003  000  002  032 
 000  000  002  008  012  010  007  006  005  000  000  000  000  000  000  041 
 012  009  008  015  011  008  006  002  000  000  000  000  000  000  000  048 
 021  014  010  008  000  000  000  000  000  000  000  002  002  002  006  059 
 013  007  005  000  000  000  000  000  000  000  000  000  000  004  014  066 
 000  000  000  000  000  000  000  000  002  000  000  001  000  009  028  066 
 000  000  000  000  000  013  018  022  022  014  001  000  000  004  027  049 
 000  000  004  021  026  024  022  020  014  007  002  000  000  000  020  033 
 003  012  021  024  014  008  005  000  000  000  000  000  000  000  026  036 
 028  027  010  004  000  000  000  000  000  000  000  000  000  000  026  040 
 043  025  006  000  000  000  000  000  000  000  000  000  000  008  028  034 
 025  000  000  000  000  000  000  000  000  000  000  000  005  027  032  022 
 016  000  000  000  000  000  000  000  000  000  004  004  010  028  015  000 
 000  000  000  000  000  006  007  006  007  010  022  016  014  023  000  000 
 000  000  000  008  012  015  008  014  024  033  035  020  018  029  006  000 
 008  014  022  020  012  001  000  006  016  024  016  008  015  031  014  013 

Celda19

 032  047  038  015  012  016  003  012  023  011  000  000  004  014  013  010 
 060  054  028  010  018  023  011  007  002  000  000  000  002  019  018  006 
 078  063  037  029  036  024  000  000  000  000  000  021  032  018  012  014 
 085  072  044  032  030  006  000  000  002  006  029  042  028  010  010  026 
 086  072  032  009  004  000  000  008  026  024  026  018  000  000  009  025 
 075  058  019  000  000  000  009  032  027  018  019  008  000  000  013  008 
 046  047  022  001  004  012  018  017  005  004  005  002  008  020  008  000 
 027  040  042  031  022  013  004  000  002  004  001  003  015  014  000  000 
 021  036  058  032  000  000  000  000  000  000  000  003  016  016  000  000 
 028  037  054  029  000  000  000  004  001  000  000  002  008  012  004  000 
 038  049  049  012  000  000  013  009  000  000  002  009  007  002  005  000 
 042  061  039  000  000  000  018  012  000  000  008  017  004  000  003  003 
 042  064  026  000  000  007  018  012  000  004  012  017  000  000  000  004 
 036  060  024  000  004  020  020  014  005  013  025  020  002  004  008  002 
 023  049  034  020  017  014  013  018  020  027  033  017  002  000  002  000 
 023  038  040  038  017  006  017  022  029  031  016  002  000  000  004  000 

Celda20

 012  010  000  008  003  000  004  015  024  039  038  009  000  000  002  000 
 004  014  019  016  023  014  014  021  023  032  026  008  008  009  011  002 
 017  022  030  030  023  007  000  014  018  028  022  006  008  009  008  006 
 034  030  024  019  006  000  000  018  022  025  019  000  000  000  002  010 
 026  016  008  012  012  006  000  018  026  017  010  000  000  002  008  008 
 000  000  000  012  018  018  016  004  015  009  005  007  006  010  015  007 
 000  000  004  009  006  010  020  017  000  002  016  029  030  014  009  004 
 000  000  010  006  000  006  018  023  018  006  027  045  020  000  001  001 
 005  008  010  002  001  004  002  006  020  024  026  032  016  000  000  000 
 003  008  011  009  005  000  000  000  006  016  007  012  018  008  000  000 
 000  000  003  002  002  003  002  000  000  001  000  000  020  016  000  004 
 000  000  004  000  007  020  026  020  008  002  004  008  026  020  004  006 
 000  000  006  009  014  027  032  026  018  018  021  018  019  011  000  003 
 000  001  006  005  008  015  008  011  016  024  030  026  014  008  000  000 
 000  005  006  000  008  017  000  000  003  012  014  018  020  019  016  012 
 000  005  002  000  004  014  002  000  006  000  000  000  007  013  010  012 

Celda21

 000  000  029  036  014  000  000  000  008  020  009  010  003  003  012  018 
 000  000  028  036  019  000  002  004  003  022  011  007  014  015  011  002 
 010  018  047  048  024  003  006  014  012  018  014  006  016  013  000  000 
 020  027  043  037  015  006  017  026  028  022  018  007  004  006  006  000 
 016  023  036  025  002  006  020  017  026  030  019  000  000  003  018  018 
 006  019  027  005  000  008  018  009  010  018  014  000  000  009  006  012 
 000  011  008  000  000  012  012  011  020  003  000  000  000  009  003  000 
 000  008  004  001  014  024  013  013  017  000  000  000  000  000  006  000 
 000  004  007  011  022  014  002  012  014  000  000  000  000  000  006  005 
 000  007  017  014  008  000  004  027  020  000  000  000  000  004  000  000 
 011  023  023  011  001  000  004  030  022  000  000  010  022  019  012  007 
 016  018  009  003  007  016  017  021  012  000  001  020  021  017  022  026 
 010  006  000  002  005  010  018  027  025  016  011  013  007  006  016  023 
 012  012  006  006  006  005  011  028  025  014  002  004  008  011  019  013 
 012  027  021  016  005  004  014  020  003  000  000  002  014  016  012  002 
 012  028  017  006  004  005  019  018  000  000  008  004  012  018  010  001 

Celda22

 009  000  000  023  029  012  000  000  000  003  010  014  028  023  024  024 
 000  000  006  024  018  008  003  000  000  000  012  025  030  013  011  023 
 000  007  007  016  020  000  010  016  015  014  024  029  020  010  000  012 
 000  008  010  000  012  006  000  014  026  026  024  023  014  012  008  005 
 008  002  004  003  000  007  006  012  018  016  011  012  018  025  022  019 
 012  010  006  006  012  023  016  010  012  000  000  004  016  019  022  020 
 009  017  012  008  025  034  022  006  004  007  001  004  014  017  018  008 
 002  000  000  002  021  013  005  007  004  006  005  008  012  008  008  000 
 006  000  000  004  012  004  000  000  009  006  000  008  016  006  000  000 
 006  005  006  012  007  000  000  000  006  009  010  009  014  010  000  008 
 019  018  006  001  000  000  003  013  005  008  016  016  012  011  004  015 
 025  004  000  000  000  000  011  007  000  000  000  000  002  013  009  007 
 018  006  000  000  000  004  005  000  000  000  000  000  006  014  006  000 
 011  012  015  016  014  009  003  001  006  006  000  003  007  008  003  000 
 004  009  013  015  017  018  016  018  024  028  026  019  012  003  000  004 
 000  006  008  003  000  004  013  012  012  017  025  024  014  008  010  029 

Celda23

 031  042  028  024  018  001  002  000  000  000  000  002  007  036  073  000 
 031  031  023  024  022  014  002  000  000  004  003  002  017  052  083  006 
 007  004  002  007  012  021  025  021  030  030  026  019  030  052  075  001 
 000  000  006  000  006  024  034  031  036  023  018  011  016  037  069  001 
 022  010  000  006  007  010  016  012  005  000  002  006  011  042  080  011 
 029  020  000  006  016  006  000  000  000  000  011  021  019  054  086  014 
 000  000  004  002  012  004  000  000  000  013  020  024  021  054  082  011 
 000  000  002  008  000  003  000  007  011  023  015  008  014  048  071  003 
 000  008  006  002  000  007  007  004  008  020  008  007  020  042  057  000 
 035  044  020  008  004  019  015  008  010  018  012  024  033  043  061  016 
 044  037  022  018  016  036  037  034  032  031  031  032  027  043  068  029 
 021  014  000  015  024  038  032  022  026  032  039  020  006  032  054  008 
 008  016  004  008  020  013  002  004  004  012  010  000  000  032  052  000 
 006  020  021  017  012  004  000  002  015  014  000  000  000  032  050  000 
 026  043  040  025  014  018  023  026  032  013  000  000  010  032  046  000 
 053  050  033  015  006  012  026  042  047  034  024  018  013  028  046  000 

Celda24

 000  000  004  012  043  041  020  009  008  008  010  009  004  000  002  008 
 000  002  006  010  032  026  013  008  009  008  013  018  014  000  000  012 
 002  006  012  010  014  018  013  000  003  009  015  019  016  006  000  018 
 004  010  017  012  000  015  018  000  000  010  015  012  009  010  010  029 
 004  008  013  010  001  014  020  001  003  010  006  006  006  008  008  035 
 001  002  004  006  010  030  034  010  004  008  000  000  000  000  000  029 
 000  000  002  008  014  034  033  013  010  001  000  000  000  000  000  030 
 000  002  006  011  011  021  025  013  014  004  000  000  002  012  015  032 
 000  001  006  012  013  011  020  013  012  006  000  001  011  022  026  037 
 001  002  006  014  018  010  016  019  006  008  008  010  013  016  018  031 
 002  004  008  010  013  014  022  027  004  006  013  020  019  012  006  022 
 001  002  005  006  007  014  028  021  000  002  012  029  024  018  012  028 
 001  002  001  000  000  000  014  000  000  000  002  024  016  021  025  034 
 001  001  000  000  000  004  012  000  000  000  006  018  001  015  024  020 
 000  000  000  000  000  005  012  001  006  007  004  017  008  009  013  007 
 000  000  000  000  001  012  018  009  010  011  008  018  017  007  004  000 

Celda25

 003  008  022  026  016  010  008  000  000  000  001  000  000  000  038  017 
 009  009  014  024  020  012  005  000  000  003  008  000  000  004  034  012 
 017  009  007  019  024  015  000  000  000  012  000  000  000  039  051  009 
 025  004  000  014  030  017  000  000  000  012  000  000  000  071  049  017 
 031  010  000  004  032  026  000  000  000  008  000  000  027  077  016  006 
 025  010  005  000  030  036  000  000  005  013  002  001  039  061  000  004 
 024  000  004  002  026  039  006  002  014  007  000  000  041  051  000  012 
 022  000  004  010  027  040  016  008  007  000  000  000  055  054  010  015 
 034  016  018  020  030  047  028  012  003  000  000  008  068  050  009  006 
 044  032  031  025  027  046  028  010  004  000  000  032  067  034  000  000 
 048  035  032  024  016  039  030  014  008  000  000  043  056  020  000  000 
 055  039  030  028  018  034  035  017  013  003  001  042  042  010  000  000 
 055  044  028  037  030  026  032  006  004  000  000  040  032  000  000  006 
 041  042  014  026  027  012  026  000  000  000  005  042  020  000  000  033 
 023  038  006  000  008  008  018  000  000  004  024  052  019  006  021  045 
 010  030  011  000  000  004  007  000  000  012  039  058  024  021  041  035 

Celda26

 000  004  013  006  000  000  000  002  003  002  000  000  012  019  000  010 
 000  005  002  000  000  002  014  013  008  000  000  000  010  012  000  000 
 000  006  002  000  000  017  026  020  018  009  004  006  014  000  000  007 
 000  002  004  002  017  028  021  008  006  002  000  000  006  002  006  021 
 008  023  020  018  028  022  002  000  000  000  000  000  006  000  000  012 
 019  026  015  024  029  006  000  000  000  000  000  002  002  002  000  003 
 019  008  006  042  025  006  000  000  000  000  003  011  008  004  003  000 
 012  006  029  058  020  006  000  000  000  000  010  004  003  003  002  000 
 004  012  049  041  002  000  000  000  000  000  010  000  000  001  000  000 
 000  020  041  003  000  000  000  004  007  004  005  001  000  001  000  000 
 000  024  014  000  000  000  006  012  010  004  000  002  001  000  000  000 
 013  024  004  000  006  014  018  016  010  004  000  002  001  000  000  000 
 036  028  012  014  018  020  018  010  004  003  002  001  003  001  002  006 
 044  019  011  010  011  012  007  000  000  008  012  013  015  010  006  005 
 026  004  002  000  000  000  000  000  006  015  017  014  014  010  005  000 
 010  002  000  000  000  000  000  014  020  016  012  010  005  003  001  000 

Celda27

 045  062  048  037  018  003  015  028  026  015  000  000  000  000  004  000 
 044  051  028  029  034  025  022  021  026  018  000  008  016  017  013  011 
 052  048  014  019  040  033  022  020  019  018  002  012  020  019  014  008 
 064  052  009  003  036  030  011  012  012  009  008  000  000  000  001  001 
 048  041  000  002  028  031  016  006  004  000  000  000  000  000  001  000 
 034  044  018  027  039  023  018  014  000  000  000  000  002  006  002  000 
 016  051  050  049  030  009  010  015  002  000  000  000  012  016  000  000 
 002  055  070  041  001  000  002  007  000  000  000  006  013  016  003  004 
 002  055  068  034  000  000  001  000  000  002  004  008  012  017  010  008 
 007  057  057  020  000  004  008  002  000  008  011  002  003  011  008  002 
 012  055  049  010  000  016  026  016  018  015  008  002  006  010  005  002 
 008  050  046  011  004  024  024  003  004  006  005  007  016  017  008  011 
 004  035  047  021  010  021  021  006  000  000  002  008  025  031  026  028 
 002  022  050  034  016  010  013  008  003  000  005  025  041  040  027  020 
 000  022  049  037  013  011  012  011  010  005  014  039  050  038  020  017 
 000  027  039  034  024  022  020  012  004  005  016  036  041  026  013  014 

Celda28

 000  002  002  006  006  002  004  008  010  000  000  000  002  000  000  000 
 008  006  004  002  004  003  012  027  026  018  024  022  009  000  000  006 
 008  008  000  004  006  016  027  037  032  021  020  019  014  010  008  004 
 000  000  000  010  024  017  013  021  016  000  000  000  006  011  012  008 
 000  000  000  020  023  002  000  011  014  000  000  000  000  000  006  010 
 000  004  024  034  025  008  001  000  010  000  000  000  000  000  004  004 
 004  021  038  041  025  017  010  001  006  004  000  001  000  000  004  000 
 010  021  031  023  002  001  002  006  014  010  000  000  000  000  000  002 
 010  017  021  012  000  000  000  007  014  004  000  000  006  000  000  002 
 004  015  015  002  000  000  006  008  002  000  000  000  015  000  000  001 
 008  012  004  000  000  002  002  008  007  002  002  004  012  000  000  008 
 019  013  001  000  000  004  006  000  002  008  018  016  004  000  006  014 
 029  021  018  019  016  004  003  000  000  000  002  010  012  022  030  024 
 021  024  025  022  021  016  000  000  000  005  000  000  014  037  034  029 
 014  012  000  000  002  008  005  002  002  004  002  004  021  032  008  002 
 010  000  000  002  000  000  002  010  016  018  024  032  035  019  000  000 

Celda29

 006  015  012  000  000  014  023  010  000  003  009  008  002  012  014  007 
 003  006  007  000  000  010  008  003  002  000  000  000  010  018  017  008 
 002  002  002  000  002  004  004  006  004  000  000  004  024  031  025  014 
 000  000  000  010  011  000  000  008  002  000  000  016  024  016  006  008 
 004  000  000  016  018  007  005  006  000  000  004  018  019  013  004  000 
 006  009  011  012  012  014  012  002  002  002  008  013  012  010  004  002 
 002  014  018  013  000  008  022  012  002  010  009  007  018  024  011  003 
 000  006  012  016  018  007  016  022  011  020  024  015  019  018  000  000 
 011  002  001  010  016  017  005  020  022  022  018  016  000  012  001  000 
 014  007  002  006  000  010  014  009  013  026  016  000  000  005  010  008 
 015  005  000  004  002  003  014  009  000  010  018  000  000  017  019  002 
 014  011  010  005  000  008  004  008  006  000  010  015  020  020  007  000 
 020  029  034  032  021  013  003  006  016  024  024  025  020  018  006  000 
 016  034  041  034  035  024  014  012  016  020  019  008  007  015  008  000 
 000  022  022  000  007  014  015  017  018  013  005  000  000  012  010  002 
 000  018  013  003  000  000  002  013  018  016  014  012  006  006  010  005 

Celda30

 000  004  004  000  000  012  011  003  000  000  002  002  002  004  015  038 
 002  000  000  000  001  030  019  007  004  000  000  000  000  015  030  039 
 002  000  000  000  027  041  014  006  006  006  000  000  014  024  033  031 
 004  000  000  012  042  031  004  000  003  010  014  016  032  033  030  014 
 000  008  017  031  036  006  000  000  013  012  020  026  048  048  027  007 
 004  012  021  024  012  000  000  008  017  004  005  017  042  032  010  002 
 012  012  004  000  000  000  010  015  002  000  000  012  018  006  000  000 
 009  007  000  000  002  015  022  012  000  000  008  015  005  001  000  000 
 002  000  000  010  018  023  013  003  000  000  021  011  000  000  000  000 
 000  000  002  026  030  008  000  000  000  003  020  002  000  000  000  000 
 000  000  008  038  026  000  000  000  000  010  012  000  001  000  000  009 
 000  000  020  041  015  000  000  000  006  013  013  015  014  009  004  021 
 000  003  024  030  006  000  000  001  013  013  017  017  006  007  015  034 
 003  006  012  018  006  000  000  011  020  013  008  006  000  005  022  033 
 001  000  000  010  014  009  013  021  029  010  000  000  010  014  025  018 
 006  002  003  028  040  026  016  020  022  002  000  000  026  025  010  000 

Celda31

 053  044  025  006  000  000  010  027  025  022  023  022  016  039  065  017 
 037  030  016  005  000  007  022  018  007  000  004  006  011  055  080  029 
 014  020  012  000  001  016  034  024  015  006  000  000  009  046  055  003 
 000  010  014  000  003  020  036  032  020  009  003  004  010  030  045  000 
 002  003  010  000  002  016  026  018  000  000  000  000  000  019  043  000 
 002  002  004  000  000  010  014  002  000  000  000  002  000  021  054  010 
 000  000  003  000  000  010  007  000  000  001  005  004  003  031  054  005 
 000  000  011  006  004  014  009  004  006  017  016  006  002  030  050  000 
 000  000  018  012  006  016  014  009  008  013  008  002  000  026  052  000 
 008  014  017  011  004  018  016  000  002  004  006  002  009  015  047  000 
 014  014  006  013  011  015  016  000  000  000  013  025  022  012  032  000 
 017  005  006  025  019  009  010  002  000  008  031  031  006  000  024  000 
 017  005  007  024  009  000  002  002  002  018  025  006  000  000  032  002 
 015  013  020  026  007  002  000  001  012  016  008  000  000  000  045  007 
 012  016  033  028  016  007  004  009  023  010  000  000  000  012  055  009 
 000  011  023  008  005  008  014  018  022  004  002  002  003  021  056  008 

Celda32

 000  000  000  000  013  016  021  014  010  006  006  018  017  007  008  012 
 000  000  000  000  028  031  030  020  015  014  015  026  022  017  018  028 
 000  000  002  006  041  034  027  015  010  014  018  031  028  024  021  022 
 001  002  005  006  037  025  018  002  000  000  008  023  022  014  007  004 
 003  006  010  009  032  022  012  000  000  000  014  018  009  000  000  000 
 001  003  007  007  023  020  009  000  000  000  018  017  006  000  000  000 
 000  000  000  003  015  012  006  000  000  001  022  011  000  000  000  000 
 000  000  000  003  010  001  004  000  000  006  019  004  000  000  000  000 
 000  000  000  000  002  000  003  000  000  008  016  000  000  000  000  002 
 000  000  000  000  000  000  004  002  000  009  010  000  000  000  000  001 
 001  000  000  000  000  003  008  002  002  011  012  006  008  009  010  004 
 002  005  009  007  002  009  019  008  003  012  012  005  011  011  008  006 
 002  006  010  010  010  025  030  012  006  009  012  004  003  000  000  000 
 001  001  001  004  010  030  023  005  000  004  010  007  000  000  000  002 
 000  000  000  000  007  015  004  000  000  006  012  008  000  000  002  003 
 000  001  004  004  003  008  000  000  000  007  016  010  000  000  005  004 

Celda33

 008  016  011  000  000  002  000  000  000  001  032  044  018  029  044  026 
 030  017  003  000  000  005  002  000  000  000  022  032  017  037  041  022 
 026  018  005  000  002  000  002  000  000  000  014  026  034  046  032  012 
 004  004  002  000  000  000  000  000  006  016  015  014  044  048  018  002 
 000  000  000  000  000  000  000  000  016  037  026  009  043  050  020  002 
 000  000  000  000  000  000  000  000  014  021  008  008  051  048  018  005 
 000  000  003  008  011  009  002  000  012  015  000  000  045  033  010  006 
 004  000  005  010  014  015  012  010  000  002  000  013  046  029  010  008 
 006  000  000  000  002  003  004  008  004  000  000  019  042  031  016  014 
 002  000  000  000  000  000  000  000  000  000  000  022  034  026  018  020 
 000  000  000  000  000  000  000  000  002  001  003  035  030  008  010  024 
 005  001  000  000  000  000  004  001  006  006  005  036  022  000  000  028 
 006  012  008  000  000  000  010  014  000  001  000  036  019  000  000  030 
 000  004  006  001  000  000  014  026  000  000  000  040  026  000  004  032 
 001  000  000  000  000  000  014  030  000  000  000  041  034  000  006  039 
 000  000  002  004  002  006  022  024  000  000  000  036  036  002  016  044 

Celda34

 017  021  018  017  014  010  014  022  024  023  020  012  004  000  000  000 
 022  019  012  014  022  028  022  014  016  023  022  012  005  003  003  002 
 012  008  002  001  012  016  016  010  010  010  011  013  014  013  008  002 
 006  008  006  002  008  000  000  008  012  010  012  022  024  016  007  004 
 005  010  016  014  007  000  000  004  009  014  021  026  020  006  002  011 
 006  010  016  022  022  018  008  002  005  006  016  017  007  000  003  019 
 009  012  006  005  015  019  014  002  008  009  002  000  000  000  012  028 
 007  006  008  012  006  000  000  002  014  008  000  000  000  000  016  019 
 007  000  000  015  010  000  000  000  011  000  000  000  000  000  010  002 
 016  000  002  006  003  000  000  004  009  000  000  000  000  000  004  000 
 028  010  006  005  000  000  000  000  000  000  000  000  006  010  004  000 
 038  022  001  003  007  011  012  006  000  000  000  002  010  014  013  012 
 038  022  008  001  002  010  012  013  016  018  014  011  002  000  006  018 
 026  012  010  014  008  003  006  008  010  012  014  007  000  000  010  009 
 028  011  011  018  014  000  000  002  000  000  000  000  000  000  018  012 
 034  027  028  020  006  000  000  000  000  000  000  000  000  000  018  017 

Celda35

 000  023  028  032  039  042  030  016  003  010  028  033  028  022  007  000 
 000  019  024  033  057  069  039  020  008  012  034  026  013  020  011  000 
 001  023  021  032  070  080  026  014  012  018  034  023  005  009  010  001 
 009  032  014  024  076  074  008  002  017  030  038  032  018  010  003  004 
 024  019  000  017  069  072  018  000  010  028  031  028  019  013  012  009 
 023  007  000  011  062  074  030  000  008  017  012  006  010  002  006  001 
 021  013  002  003  060  078  037  004  009  017  006  002  012  008  000  000 
 012  014  014  008  058  080  040  001  006  018  006  004  015  006  000  000 
 001  008  016  018  062  083  043  002  003  016  010  010  019  005  003  005 
 000  000  003  010  049  070  041  000  000  011  012  016  021  015  017  016 
 000  000  000  000  034  060  043  011  005  015  023  030  033  028  020  022 
 006  002  000  000  028  050  044  026  014  016  025  034  034  020  007  012 
 023  020  014  008  022  038  044  038  016  004  016  028  020  006  005  010 
 012  016  018  020  026  018  036  044  022  003  012  029  024  009  008  010 
 000  008  018  029  028  010  026  048  028  004  006  025  031  018  008  003 
 009  006  012  031  018  003  020  050  032  002  000  026  042  025  002  001 

Celda36

 001  000  000  008  004  000  000  006  013  028  052  055  034  008  000  000 
 000  002  004  000  000  000  000  002  012  032  053  038  022  010  006  010 
 002  000  001  000  000  002  005  002  008  025  028  008  000  003  005  000 
 002  000  000  008  010  011  008  000  006  020  012  002  000  000  000  000 
 002  000  002  008  010  000  004  000  001  008  000  000  004  000  000  000 
 001  006  010  006  000  000  002  006  002  003  004  006  000  000  000  015 
 005  015  015  014  008  005  000  008  012  021  019  014  006  000  000  022 
 010  015  005  013  018  022  020  016  025  025  006  002  003  002  000  021 
 008  008  008  004  010  016  026  024  021  018  000  003  008  012  006  014 
 012  010  007  000  000  005  016  021  015  019  008  008  007  010  009  000 
 023  022  014  000  000  004  008  008  008  007  001  000  000  000  000  000 
 023  019  017  016  012  007  002  000  002  000  000  000  000  000  000  002 
 002  000  000  013  016  009  006  008  006  000  000  004  018  016  017  016 
 000  000  002  001  002  004  000  000  002  008  015  020  025  016  023  026 
 000  000  000  008  000  002  000  000  000  006  015  015  020  015  010  015 
 003  008  008  014  015  014  010  002  007  011  013  014  022  016  004  003 

Celda37

 006  009  003  000  003  005  009  011  008  013  024  032  028  016  011  006 
 010  005  008  008  009  016  016  010  002  004  010  018  026  027  021  013 
 000  000  009  002  004  011  007  007  000  000  000  000  004  018  022  016 
 000  000  010  003  000  004  002  006  004  000  000  004  007  002  010  011 
 011  019  022  015  010  003  000  004  006  000  000  006  017  008  004  006 
 030  023  019  012  008  008  008  002  005  002  014  027  034  021  012  010 
 023  008  007  000  000  000  000  000  003  008  012  019  018  010  006  008 
 020  006  000  000  000  006  000  000  005  026  014  002  004  007  001  000 
 019  010  000  000  002  009  004  009  034  047  023  016  010  010  009  006 
 014  010  002  000  010  017  018  027  040  032  016  020  021  016  021  014 
 006  011  011  008  008  011  021  025  011  005  010  002  008  006  011  001 
 014  026  021  003  000  004  012  006  000  000  016  009  000  003  002  000 
 033  036  013  000  000  008  008  003  000  000  016  017  009  014  012  010 
 034  030  016  012  009  012  002  003  007  013  021  025  019  017  020  022 
 018  017  008  016  017  011  007  020  033  028  021  016  010  001  004  010 
 000  002  000  001  011  012  019  038  048  037  026  010  002  006  005  000 

Celda38

 002  004  016  037  034  009  004  008  004  000  000  021  037  013  000  000 
 003  000  022  034  020  000  000  004  002  000  006  024  018  000  000  000 
 010  002  016  029  022  000  000  002  008  004  009  009  002  000  000  001 
 012  012  010  017  018  007  000  000  014  016  004  000  000  000  002  013 
 009  014  012  003  010  014  004  006  007  013  004  001  001  000  005  007 
 008  010  010  002  000  018  016  002  002  000  000  002  006  006  002  000 
 009  010  009  006  000  012  016  007  001  000  002  002  001  010  008  002 
 006  012  015  014  008  000  006  006  008  012  010  012  014  002  004  009 
 008  011  016  018  014  011  010  004  006  014  017  008  000  000  000  010 
 010  007  004  006  013  025  033  030  022  008  004  008  001  000  000  008 
 000  000  000  000  006  031  024  026  026  022  008  000  001  010  012  004 
 000  000  000  001  015  029  011  013  018  022  020  016  012  020  011  002 
 013  016  020  024  030  024  010  010  010  012  020  032  043  048  028  017 
 026  029  032  030  020  008  002  002  000  002  014  035  050  039  028  022 
 010  010  011  011  008  002  000  000  000  000  010  024  015  004  001  000 
 000  000  001  000  000  003  004  002  000  000  008  010  000  000  000  000 

Celda39

 000  012  012  000  000  012  019  013  004  000  008  015  011  021  053  004 
 012  021  019  012  016  015  010  004  000  006  013  012  011  016  046  000 
 021  035  033  018  016  006  000  000  000  011  008  000  000  009  043  000 
 025  030  023  000  000  000  000  000  004  006  001  000  000  016  047  005 
 012  024  018  000  000  000  000  012  008  000  000  000  012  038  055  011 
 005  015  008  000  000  006  014  018  014  004  003  015  025  037  046  009 
 002  005  000  000  005  019  022  004  005  005  009  020  012  014  030  000 
 006  000  000  000  004  018  024  008  000  000  006  014  002  010  034  000 
 012  002  000  000  000  008  018  013  000  000  006  011  001  012  037  000 
 010  004  000  000  000  006  018  014  007  014  017  007  000  017  039  000 
 005  000  000  000  002  017  037  030  018  021  014  006  002  024  047  007 
 006  000  000  002  027  051  052  026  008  008  005  003  011  041  054  012 
 026  020  023  033  056  064  046  014  006  005  014  018  026  039  041  004 
 030  018  016  021  029  029  014  000  002  006  024  029  018  015  025  000 
 008  002  000  000  012  022  012  000  000  004  017  018  000  001  022  000 
 010  004  000  000  012  016  006  004  006  006  010  012  001  006  026  000 

Celda40

 000  001  004  004  002  004  000  000  000  007  015  006  000  000  000  000 
 000  000  000  000  000  002  000  000  002  012  015  001  000  000  000  000 
 000  000  000  000  000  001  000  001  006  014  014  006  005  000  000  000 
 000  000  000  000  000  006  007  006  008  015  012  002  000  002  010  016 
 000  000  000  000  000  008  002  000  004  018  010  001  000  013  026  020 
 000  000  000  000  000  010  003  000  008  018  005  000  005  038  024  012 
 000  000  000  000  000  010  006  003  014  011  000  000  014  033  003  002 
 000  000  000  000  006  012  008  008  012  002  000  000  019  024  000  000 
 000  000  000  000  016  016  006  005  005  000  000  003  013  012  002  000 
 000  000  000  000  021  017  004  000  000  003  012  019  002  000  010  012 
 000  000  000  000  022  016  002  000  000  017  027  011  001  000  014  018 
 000  000  000  000  028  015  000  000  002  024  024  003  000  002  011  010 
 000  000  000  002  029  006  000  000  004  018  020  010  002  001  004  002 
 001  004  008  006  020  000  000  000  000  009  023  024  009  000  000  002 
 001  004  008  004  004  000  000  000  000  006  032  037  011  000  000  004 
 000  000  000  000  000  000  000  000  000  016  040  032  004  000  000  006 

Celda41

 000  004  008  008  009  014  027  021  006  012  020  039  026  009  028  043 
 004  000  000  000  003  005  004  006  000  010  018  027  018  011  032  033 
 002  000  000  000  000  000  000  007  004  000  004  002  007  014  033  027 
 008  000  000  000  000  000  000  006  011  000  000  000  005  022  034  021 
 008  000  000  000  001  006  010  013  017  004  002  000  009  041  042  017 
 000  000  000  003  008  008  004  006  017  007  005  006  032  061  039  009 
 004  004  002  003  006  004  000  006  015  002  002  006  043  053  010  000 
 010  018  012  002  000  000  007  011  014  000  002  008  049  032  000  000 
 014  024  020  008  000  002  012  010  005  000  000  006  041  008  000  005 
 015  017  016  010  002  000  000  000  000  000  000  010  034  000  000  032 
 004  000  000  000  000  000  000  000  000  000  000  010  029  005  008  063 
 000  000  000  000  000  000  000  000  000  000  000  008  026  016  025  056 
 000  000  000  000  000  000  000  000  000  002  000  004  020  026  034  044 
 000  004  010  012  008  003  002  006  010  012  008  000  010  032  042  042 
 010  006  018  019  014  010  010  013  019  024  018  006  000  038  041  036 
 020  015  010  012  012  012  010  008  015  019  012  003  002  052  037  024 

Celda42

 025  020  022  016  006  000  000  000  000  006  006  007  008  014  025  024 
 015  016  013  006  010  010  010  009  008  016  005  010  019  030  038  022 
 012  020  018  000  000  004  011  017  020  016  006  008  016  027  031  016 
 012  022  018  000  000  000  002  014  018  010  003  003  006  010  008  000 
 015  029  017  000  002  008  019  019  007  000  000  000  000  002  002  000 
 020  032  014  005  015  021  022  011  005  004  004  002  000  000  000  000 
 022  028  010  012  019  009  004  005  012  025  030  028  019  004  000  000 
 030  030  015  017  009  000  000  012  017  024  028  029  026  018  010  010 
 040  039  023  011  003  000  007  019  014  001  000  002  010  016  022  039 
 068  045  018  004  002  008  014  012  004  000  000  000  000  004  012  038 
 067  026  005  003  004  009  008  002  000  000  000  004  002  000  008  025 
 038  002  003  005  000  006  010  000  000  000  000  003  006  002  016  021 
 023  000  004  003  000  005  014  000  000  000  000  000  006  014  019  009 
 023  004  005  001  000  009  013  000  000  000  000  000  007  025  019  000 
 030  014  009  004  004  010  011  003  006  005  002  005  020  031  011  000 
 038  022  004  002  002  005  010  010  012  006  000  004  023  023  000  000 

Celda43

 006  000  012  021  002  000  014  050  033  002  004  034  040  016  002  005 
 000  000  018  006  000  000  007  041  032  010  021  042  024  006  007  012 
 007  002  014  000  000  000  001  028  034  033  060  048  006  000  008  015 
 008  013  002  000  000  000  000  018  042  066  070  032  013  008  011  016 
 000  006  008  008  009  004  000  012  052  070  046  006  000  011  029  040 
 002  004  008  024  024  012  004  009  050  069  042  008  000  004  029  041 
 005  015  020  016  016  018  028  040  057  050  034  013  009  014  022  026 
 025  035  020  000  001  016  032  046  056  040  018  017  018  015  017  027 
 057  040  014  004  008  014  011  016  028  011  000  018  027  020  009  018 
 041  020  017  020  022  011  000  009  024  000  000  020  042  034  017  013 
 014  000  009  016  017  012  004  002  020  000  000  022  056  041  008  005 
 004  000  000  002  007  015  017  009  011  000  000  020  055  042  009  002 
 000  000  002  002  003  008  011  010  018  016  020  032  045  031  006  002 
 000  000  009  010  004  000  000  004  030  031  026  025  034  023  010  007 
 000  010  022  020  012  005  002  010  046  032  018  008  019  023  018  008 
 007  023  026  019  015  014  012  034  057  019  005  000  012  018  012  004 

Celda44

 006  002  007  017  022  017  024  023  022  019  016  020  025  014  008  001 
 010  002  000  008  012  000  013  024  018  009  012  018  013  006  001  000 
 011  006  006  010  008  005  002  012  020  010  006  006  000  000  000  000 
 004  003  016  016  002  001  013  014  016  022  012  002  000  000  000  004 
 030  028  031  014  000  000  017  032  017  024  028  015  000  000  007  016 
 040  046  045  027  007  000  014  038  033  016  026  028  018  010  008  013 
 023  022  020  019  020  023  022  024  034  022  000  006  012  007  000  004 
 028  014  000  000  010  022  024  021  015  016  006  000  000  000  000  005 
 028  015  000  000  000  006  010  014  011  000  000  000  000  000  000  008 
 018  012  003  006  006  000  002  007  007  008  006  000  000  000  002  010 
 015  011  008  008  004  002  010  012  005  000  000  000  012  017  019  019 
 012  011  009  006  001  006  014  014  009  006  000  000  006  014  016  015 
 015  019  017  008  000  003  014  012  000  000  000  000  000  000  000  002 
 010  021  024  014  000  000  008  008  000  000  000  000  000  000  002  002 
 004  016  026  020  001  001  000  000  000  000  001  000  000  000  002  000 
 001  013  026  021  001  000  000  003  008  005  000  000  000  006  013  009 

Celda45

 000  000  008  013  004  010  028  035  035  022  014  008  000  006  008  000 
 000  000  018  025  005  013  033  024  011  007  000  000  000  006  012  001 
 000  006  035  028  000  015  037  013  000  000  000  000  000  006  014  006 
 020  027  031  010  000  020  032  000  000  000  000  006  018  013  003  004 
 031  033  023  002  002  023  025  000  000  000  003  017  028  026  010  000 
 023  018  018  012  007  021  014  000  000  000  006  015  002  002  002  000 
 012  005  000  002  006  015  008  000  000  000  006  016  000  000  000  000 
 010  000  000  000  000  010  010  009  014  018  017  007  000  000  000  008 
 005  000  000  000  008  014  014  007  004  013  016  008  002  008  022  030 
 000  000  000  018  029  019  007  002  000  006  000  002  012  028  035  030 
 004  000  012  029  022  002  000  000  000  005  008  003  024  039  033  020 
 011  012  021  021  007  000  000  000  001  000  010  021  025  029  019  011 
 000  012  024  013  000  000  004  022  018  014  005  026  026  018  006  000 
 000  006  022  015  010  008  025  036  020  024  024  032  014  012  010  000 
 000  014  022  009  016  016  027  024  005  013  022  022  008  002  009  005 
 003  006  025  018  000  002  019  015  000  000  003  005  004  003  004  003 

Celda46

 000  000  000  000  000  004  014  011  004  000  002  001  000  000  000  001 
 000  000  000  000  006  008  001  000  001  003  004  002  000  000  008  026 
 000  000  000  000  008  008  000  000  003  014  020  022  021  019  029  032 
 000  000  000  000  000  000  002  008  013  017  027  027  029  024  022  019 
 000  000  000  000  000  000  016  021  010  008  018  009  007  007  006  010 
 000  000  000  000  000  011  031  025  002  007  018  000  000  000  004  007 
 000  006  008  004  003  024  035  019  002  005  010  000  000  003  012  006 
 016  034  044  039  024  028  026  010  000  004  005  000  005  012  013  002 
 036  043  032  032  026  021  013  004  000  004  007  000  000  002  004  000 
 023  015  002  008  015  011  004  000  000  000  010  010  002  000  004  008 
 008  000  000  013  021  015  011  011  006  003  021  023  005  000  017  033 
 001  000  013  024  024  020  016  012  012  030  060  045  022  010  030  031 
 004  007  021  011  000  000  004  008  020  055  062  030  020  014  028  014 
 007  017  007  000  000  000  006  008  025  041  024  002  005  010  015  002 
 000  000  000  000  000  003  012  010  012  016  011  000  000  002  003  000 
 000  000  000  000  000  013  008  004  006  013  016  001  000  004  006  008 

Celda47

 014  003  000  003  027  020  002  000  009  008  007  008  000  012  034  002 
 027  015  012  011  017  006  000  000  008  010  010  012  008  027  048  010 
 027  022  025  022  012  000  000  000  009  011  008  014  012  024  041  005 
 016  011  014  018  018  015  013  015  031  028  016  013  010  023  037  000 
 005  000  000  000  000  010  020  035  048  039  031  026  010  012  036  000 
 000  000  000  006  006  006  015  028  030  024  026  025  015  001  034  000 
 000  000  000  012  014  008  006  012  011  010  010  000  000  002  043  011 
 000  000  000  010  010  004  002  008  012  012  011  000  000  004  042  005 
 000  004  010  015  012  008  006  010  017  012  006  000  000  012  048  002 
 014  018  016  021  030  030  024  014  016  008  001  000  010  035  062  016 
 023  018  012  016  020  008  003  000  004  004  000  006  015  041  055  016 
 006  006  010  009  006  000  000  000  000  000  000  018  027  026  028  000 
 000  000  002  000  000  000  000  007  010  006  000  024  027  018  026  000 
 000  004  000  000  000  002  022  024  011  008  004  016  024  026  041  012 
 000  005  000  000  005  038  039  014  002  002  008  015  024  038  048  007 
 007  000  000  000  027  041  013  000  000  005  016  022  026  034  042  000 

Celda48

 000  000  000  000  000  000  000  000  009  031  032  018  000  000  000  016 
 000  000  000  000  000  001  000  009  028  026  012  006  000  000  008  022 
 000  000  000  000  014  010  012  024  029  010  000  000  000  001  014  018 
 000  002  004  006  019  009  016  023  016  004  000  000  000  006  011  012 
 001  003  008  014  025  012  014  015  006  000  001  009  017  015  001  004 
 001  003  008  012  017  006  011  008  005  000  006  016  023  017  008  000 
 001  002  004  000  002  002  008  000  000  000  008  018  018  007  008  006 
 002  004  004  000  000  006  008  000  000  000  010  018  020  002  006  012 
 002  004  008  008  008  015  007  000  002  011  013  011  022  017  014  013 
 001  002  004  002  000  005  000  000  003  019  013  009  023  023  005  002 
 000  000  000  000  000  000  000  000  008  015  002  000  014  020  000  000 
 000  000  001  004  002  000  000  005  018  020  000  000  000  012  004  000 
 001  004  012  023  028  020  008  009  027  028  009  013  013  005  003  000 
 001  002  004  006  010  013  010  006  025  024  003  004  007  008  004  000 
 001  000  000  000  000  000  000  000  021  024  002  000  000  000  000  000 
 001  000  000  000  000  000  000  004  017  020  000  000  000  006  002  000 

Celda49

 028  014  000  003  008  010  006  000  011  006  000  000  007  048  021  018 
 016  006  000  000  004  004  000  000  013  000  000  000  014  042  011  020 
 009  004  001  000  000  000  000  000  006  000  000  000  024  026  000  023 
 008  006  003  000  000  000  006  006  000  000  000  004  024  010  000  024 
 010  010  002  000  000  001  008  004  000  000  000  004  007  000  000  023 
 010  010  000  000  002  000  000  000  000  004  011  004  000  000  004  028 
 009  006  000  005  010  000  000  000  000  026  016  005  000  000  014  037 
 012  009  009  015  008  000  000  002  019  026  010  004  000  000  023  052 
 006  009  013  007  000  000  002  008  015  013  000  000  000  000  029  060 
 000  008  002  000  000  000  000  006  010  009  000  000  000  000  040  057 
 000  006  000  000  000  000  002  008  006  000  000  000  000  002  046  042 
 000  002  000  000  004  011  012  006  000  000  000  000  000  000  040  029 
 000  000  000  003  011  004  000  000  000  000  000  000  000  000  035  022 
 000  000  006  010  006  000  000  000  000  000  000  000  000  000  032  028 
 000  000  007  013  004  000  000  000  000  000  000  000  002  003  028  036 
 008  009  003  013  010  006  004  000  000  000  000  002  005  008  022  035 

Celda50

 040  016  000  010  012  006  011  010  000  000  000  015  030  023  012  014 
 042  004  000  018  023  010  012  010  000  000  000  024  036  026  023  032 
 046  001  000  018  025  014  017  010  000  000  004  025  030  026  023  027 
 046  004  000  010  018  016  022  014  000  001  012  014  018  031  028  017 
 040  010  002  013  017  010  020  020  010  022  021  012  004  025  028  026 
 040  014  004  024  034  022  018  029  040  040  026  022  016  009  019  030 
 040  005  001  024  029  016  022  039  043  030  016  022  024  014  003  024 
 030  000  000  032  030  016  035  041  029  018  006  006  010  014  014  013 
 028  000  000  036  037  035  047  036  020  009  007  000  000  006  016  010 
 020  000  002  043  048  045  041  022  012  009  000  000  000  006  004  000 
 006  000  016  046  041  032  033  020  001  004  009  008  012  007  000  000 
 000  000  028  046  032  022  030  026  014  006  011  013  011  003  004  012 
 000  002  032  043  023  018  032  030  020  013  000  000  000  000  020  032 
 015  026  043  039  016  020  036  027  016  014  002  000  006  030  054  043 
 034  031  030  027  015  025  036  019  008  014  010  010  034  054  050  014 
 036  015  004  020  028  039  037  013  004  013  016  021  037  038  013  000 

Celda51

 032  035  018  007  004  008  016  053  051  012  000  000  006  004  006  012 
 045  031  010  000  000  003  015  052  026  006  008  014  012  004  000  014 
 029  014  009  008  006  006  014  030  003  004  016  019  017  019  016  000 
 010  002  006  011  010  004  007  017  000  000  005  006  005  012  012  000 
 016  000  000  000  000  000  008  010  000  000  000  000  000  000  000  000 
 023  002  000  000  000  000  011  008  001  000  000  000  000  000  000  010 
 026  010  000  000  000  006  006  002  000  000  000  000  002  002  001  012 
 022  016  000  000  001  010  000  000  000  000  000  000  010  008  000  000 
 013  017  001  000  006  008  000  000  004  000  002  006  016  006  000  000 
 008  016  000  000  006  000  000  000  013  011  015  012  013  000  000  000 
 002  010  000  002  006  000  000  021  041  017  005  000  004  000  000  000 
 008  000  004  016  017  014  019  031  023  000  000  000  004  000  000  000 
 033  020  018  035  022  006  004  007  006  000  000  006  008  000  000  002 
 037  032  028  030  004  000  000  005  001  000  002  014  010  000  000  012 
 007  012  016  006  000  000  010  015  004  000  000  009  002  000  000  012 
 000  000  008  004  001  010  022  009  000  000  000  004  000  000  000  006 

Celda52

 010  014  020  016  004  000  002  013  012  010  004  010  022  023  021  018 
 013  015  020  012  006  008  010  010  004  005  006  026  028  018  012  006 
 002  022  032  023  013  010  011  010  000  000  006  023  009  002  002  000 
 000  034  051  035  014  011  008  004  000  000  008  011  000  000  000  000 
 001  043  056  028  006  004  000  000  000  010  009  000  000  000  000  000 
 020  037  040  030  012  000  000  000  000  015  012  002  000  000  000  000 
 016  000  012  030  024  000  000  000  004  010  012  010  004  000  002  010 
 000  000  000  020  034  011  000  004  008  004  008  015  007  000  000  004 
 000  000  000  007  036  024  008  010  012  004  008  013  002  000  000  003 
 006  000  000  000  030  028  015  016  016  006  007  010  000  000  000  006 
 010  000  004  005  018  026  024  024  021  004  002  008  005  000  005  005 
 015  010  019  020  007  018  032  032  018  000  000  008  009  004  001  006 
 020  008  014  018  013  005  027  032  016  004  004  007  006  006  006  009 
 021  000  000  009  017  016  008  016  014  016  018  010  005  008  014  022 
 024  004  000  004  018  027  020  003  012  025  026  015  010  017  026  028 
 026  010  000  008  021  020  024  024  028  048  044  021  009  016  024  023 

Celda53

 018  010  014  018  006  008  018  016  006  000  000  000  000  000  000  000 
 004  008  010  009  009  014  020  012  000  000  000  000  000  000  000  000 
 000  001  010  006  015  024  013  004  000  000  000  000  000  000  000  000 
 000  010  001  000  017  024  005  000  000  002  000  000  000  000  005  013 
 000  014  002  000  018  020  000  000  000  000  000  000  000  004  014  019 
 000  008  005  003  014  015  002  000  002  000  000  001  002  008  014  004 
 012  006  010  012  004  002  000  004  008  002  005  016  020  014  006  005 
 009  010  017  014  000  000  000  014  020  013  006  010  014  017  010  003 
 000  000  004  002  000  000  000  022  028  018  000  000  000  009  016  020 
 004  000  000  000  000  000  007  027  027  016  000  000  008  006  010  017 
 002  000  000  008  016  026  037  044  039  020  005  004  022  013  004  008 
 008  013  023  034  037  039  043  044  036  022  020  027  040  017  008  010 
 019  021  020  028  037  032  026  018  007  001  005  023  021  004  002  012 
 024  012  006  020  031  016  008  000  000  000  006  014  000  000  000  013 
 017  000  000  016  024  005  000  000  000  000  007  016  000  000  008  019 
 010  001  000  015  020  002  000  000  000  000  006  016  000  000  012  016 

Celda54

 000  000  000  000  010  009  000  000  000  011  020  010  000  009  018  019 
 000  000  000  000  004  000  000  000  001  008  013  012  007  012  018  012 
 002  004  000  000  003  004  000  000  004  009  009  010  010  017  016  000 
 015  006  000  000  005  012  000  000  000  013  016  010  010  018  015  000 
 020  014  006  004  013  021  004  000  000  014  024  015  012  016  010  000 
 004  008  014  021  031  023  004  000  004  016  021  015  014  014  005  000 
 005  000  012  025  025  014  006  006  011  020  022  014  006  006  006  005 
 010  013  019  019  010  007  008  012  012  014  019  013  000  000  011  009 
 032  030  018  004  000  000  006  012  011  006  009  006  000  002  014  002 
 030  023  008  000  000  000  000  008  012  008  008  014  010  011  012  000 
 018  008  003  000  000  002  006  004  004  008  016  029  017  015  007  000 
 016  003  002  010  011  004  002  004  000  000  012  021  005  005  002  000 
 016  004  004  009  011  006  000  000  000  004  020  018  002  000  000  000 
 009  000  000  000  000  002  007  006  000  006  022  016  006  000  003  008 
 000  000  000  002  000  008  012  012  014  018  026  016  014  015  013  015 
 000  000  000  017  011  010  008  008  020  036  036  024  021  014  004  008 

Celda55

 016  002  000  004  022  021  001  000  006  020  022  021  018  031  044  003 
 009  002  001  011  020  018  012  016  024  023  018  016  017  039  054  015 
 000  000  010  031  032  030  027  017  007  000  006  009  018  042  051  015 
 000  000  016  031  024  014  008  000  000  000  014  018  014  024  028  000 
 000  000  018  020  006  000  000  000  000  010  024  021  010  016  024  000 
 002  007  007  016  006  000  000  000  002  022  028  016  004  014  026  000 
 000  002  001  007  000  000  000  000  006  022  022  009  000  015  031  000 
 000  000  000  000  000  000  000  005  007  014  015  005  000  016  037  000 
 000  000  004  000  000  007  010  010  000  003  007  005  000  018  044  000 
 002  004  008  002  003  006  004  000  000  000  000  002  005  026  052  000 
 000  000  002  000  000  000  000  000  000  000  000  000  004  031  058  000 
 000  000  000  000  000  000  000  000  008  000  000  004  000  025  060  000 
 002  003  000  000  000  000  000  002  012  002  000  000  000  021  061  000 
 010  013  013  008  000  000  000  000  011  004  000  000  000  028  070  007 
 014  010  002  000  000  000  004  006  002  002  000  000  002  048  081  014 
 012  008  000  000  000  000  008  013  010  004  000  000  010  046  071  003 

Celda56

 000  000  000  000  000  016  006  008  023  023  000  000  000  016  013  013 
 000  000  000  000  000  020  015  002  014  010  000  011  030  031  017  009 
 000  000  000  002  001  016  019  004  006  006  003  024  038  022  008  000 
 000  000  000  000  002  021  018  005  004  010  025  032  015  004  000  000 
 000  000  000  000  002  021  015  008  010  019  027  013  000  000  000  005 
 000  000  000  000  012  017  014  017  016  016  016  002  000  000  000  000 
 000  000  002  004  017  015  018  021  008  006  012  000  000  000  006  007 
 000  002  006  009  017  008  017  016  000  001  012  000  004  008  017  023 
 000  000  002  006  010  000  012  016  000  004  016  003  008  012  022  027 
 000  000  000  000  000  000  006  012  002  008  019  008  001  007  020  022 
 000  000  000  000  000  000  014  018  004  002  014  014  002  004  021  013 
 000  000  002  005  008  011  021  018  005  000  006  015  011  012  015  001 
 000  000  002  008  012  008  010  011  000  000  004  008  007  016  018  002 
 005  014  030  042  043  039  032  034  029  041  054  046  035  034  032  020 
 012  028  059  076  077  076  075  079  082  088  089  082  079  077  078  069 
 000  000  000  000  000  000  000  005  010  011  005  000  000  000  006  004 

Celda57

 017  018  008  004  014  000  000  000  000  004  000  000  000  000  009  033 
 003  003  002  000  008  004  000  000  000  002  004  000  002  000  003  041 
 000  000  000  000  000  008  000  000  000  000  006  000  004  008  013  066 
 000  000  000  002  000  002  000  000  000  000  004  000  001  012  025  069 
 007  006  008  012  013  008  000  000  000  000  000  000  002  008  023  057 
 000  000  002  010  016  012  004  000  000  003  008  010  008  006  020  045 
 002  001  000  002  005  004  004  006  006  014  017  014  008  002  020  036 
 013  012  008  004  006  010  016  019  017  019  018  008  002  002  035  037 
 014  012  010  010  013  020  024  022  018  011  007  000  000  007  056  034 
 006  002  004  006  006  006  006  004  002  000  000  000  000  008  053  010 
 000  000  000  000  000  000  000  000  000  000  000  000  000  006  040  000 
 000  000  000  000  000  000  000  000  000  000  000  000  000  004  031  000 
 000  000  000  000  000  000  000  000  000  001  007  006  008  008  023  002 
 020  030  038  040  040  038  036  038  043  054  064  056  058  053  061  048 
 064  068  074  077  076  077  081  088  094  104  109  099  098  096  101  096 
 002  001  000  000  000  000  000  000  000  007  013  004  000  000  006  007 

Celda58

 043  016  000  026  040  036  022  005  002  009  020  028  030  022  000  000 
 056  021  000  024  047  029  012  002  000  010  024  033  028  016  000  000 
 077  025  004  006  043  032  014  004  006  018  028  034  025  010  000  000 
 067  009  000  000  037  039  018  011  016  023  025  034  025  004  000  002 
 046  000  000  000  042  053  031  026  028  017  019  036  029  001  000  000 
 029  000  000  000  066  067  038  027  017  006  016  036  028  000  000  000 
 014  000  000  027  076  057  021  006  004  004  017  032  022  000  000  001 
 000  000  003  044  070  035  004  000  004  014  032  043  033  015  017  020 
 000  000  010  044  058  017  000  000  014  037  050  055  035  012  012  014 
 000  000  027  056  069  025  008  010  040  052  057  048  010  000  006  010 
 000  000  040  085  096  041  032  027  053  049  041  020  000  000  020  015 
 000  000  051  109  099  024  020  022  050  031  016  012  000  013  027  003 
 003  008  064  114  077  000  000  015  037  009  004  012  014  017  008  000 
 050  060  112  139  083  016  022  047  050  025  026  042  039  022  005  006 
 096  106  144  148  094  049  054  074  065  050  058  066  050  034  030  034 
 000  000  034  052  027  000  000  016  010  000  007  011  000  000  000  002 

Celda59

 000  008  015  013  010  011  010  000  000  000  000  000  000  000  000  004 
 003  024  019  020  018  009  005  002  007  007  002  000  000  002  011  016 
 015  028  012  012  012  009  002  004  001  004  008  009  010  017  024  017 
 017  017  000  000  001  002  000  000  000  000  000  002  003  008  012  007 
 017  018  000  000  000  000  000  000  000  000  003  002  004  005  002  002 
 010  016  006  000  000  004  002  003  014  012  008  004  008  004  000  002 
 001  007  009  010  006  000  000  000  012  000  000  000  004  000  000  000 
 018  008  002  009  008  000  000  000  014  000  000  000  000  000  000  006 
 012  008  000  000  003  000  000  000  010  002  000  006  004  000  002  014 
 007  004  000  000  004  005  007  004  003  012  024  014  010  008  012  017 
 004  000  000  007  021  016  013  010  011  032  033  010  006  010  015  013 
 000  000  000  020  025  012  007  006  019  036  019  000  002  012  021  016 
 000  000  005  029  018  002  000  006  027  025  000  000  000  015  023  016 
 015  024  037  049  026  018  022  034  048  032  022  024  028  038  036  029 
 040  046  058  060  042  043  051  062  060  048  050  054  054  058  051  046 
 000  000  009  011  000  000  000  006  004  000  000  000  000  005  002  000 

Celda60

 021  007  004  022  025  008  014  021  025  040  029  006  001  014  019  019 
 003  000  018  037  023  000  000  006  011  013  014  006  002  006  012  023 
 000  000  038  046  010  000  000  000  002  000  003  014  010  000  006  023 
 005  018  055  039  007  003  002  000  002  000  000  014  016  000  000  013 
 019  043  051  033  013  011  012  010  004  008  008  008  015  008  000  000 
 030  033  024  016  003  001  005  010  008  008  003  002  008  012  000  000 
 022  004  000  007  002  006  004  000  000  002  002  000  000  010  010  006 
 018  004  003  004  000  007  004  000  000  002  004  000  000  008  022  018 
 025  025  025  023  017  010  004  004  006  003  000  000  000  008  026  026 
 023  024  018  012  006  000  004  003  006  000  000  000  000  010  022  027 
 012  015  010  000  000  000  012  006  004  000  000  000  004  012  014  023 
 007  008  009  000  000  000  029  035  022  019  020  022  020  023  018  013 
 010  002  006  000  002  007  043  042  020  022  026  027  020  030  033  022 
 031  030  033  030  034  034  053  042  018  028  037  042  043  060  065  051 
 052  057  061  061  060  059  065  058  040  049  058  060  065  079  080  062 
 000  000  003  004  000  000  008  015  000  000  004  000  000  012  018  000 

Celda61

 010  006  004  006  014  002  000  000  000  000  006  012  000  000  008  006 
 020  000  002  000  006  006  000  000  000  000  004  006  000  002  002  000 
 025  008  000  002  004  010  005  000  000  000  008  005  014  022  012  006 
 019  014  004  000  000  006  000  000  000  010  011  008  021  016  003  000 
 008  015  012  004  000  006  000  000  000  012  004  004  014  004  000  000 
 000  007  014  010  003  007  000  002  003  002  000  004  012  003  000  004 
 012  006  009  018  022  024  014  012  012  008  001  000  008  004  007  019 
 007  006  010  030  034  023  012  010  010  010  010  013  013  012  025  035 
 002  006  013  030  026  007  000  000  000  000  002  008  011  020  030  022 
 011  000  002  018  018  004  000  000  000  000  000  001  003  012  009  004 
 018  000  000  012  012  001  000  002  000  007  010  008  007  004  000  000 
 017  008  002  002  007  001  002  015  029  025  021  016  008  000  000  003 
 019  020  008  005  008  006  004  024  030  008  004  000  000  002  018  025 
 042  038  022  028  041  035  030  043  034  006  008  012  017  037  054  040 
 062  056  050  056  065  055  056  065  052  036  038  044  048  071  069  048 
 000  000  000  007  008  000  000  008  002  000  002  000  000  020  015  000 

Celda62

 000  000  015  033  021  008  008  012  031  034  019  008  005  002  000  004 
 006  024  032  030  016  004  004  009  017  000  000  000  002  000  002  004 
 024  036  023  011  002  000  000  002  002  000  000  000  002  002  002  000 
 020  026  005  000  000  000  008  015  007  000  000  017  014  009  000  000 
 017  021  006  000  000  022  034  026  017  005  002  015  006  002  000  000 
 014  015  011  010  019  023  015  000  000  000  000  009  002  000  000  000 
 026  027  024  014  006  003  000  000  000  000  000  000  000  000  000  002 
 031  026  012  000  000  000  000  000  000  004  000  000  000  006  006  004 
 013  010  000  000  000  000  000  000  014  027  019  024  020  009  003  002 
 006  008  000  000  000  000  008  016  039  045  029  026  019  006  000  008 
 002  005  003  004  004  000  000  009  030  024  006  000  000  000  009  028 
 004  000  005  009  000  000  004  012  011  004  002  000  000  000  016  020 
 014  004  000  006  000  000  014  018  000  000  000  005  000  000  008  008 
 031  026  020  012  012  024  035  025  006  011  021  034  026  022  017  018 
 046  050  054  053  058  066  061  046  041  050  068  065  050  044  043  051 
 000  000  000  000  006  011  005  000  000  006  010  002  000  000  000  008 

Celda63

 000  000  002  004  006  008  011  016  022  024  018  009  012  044  068  000 
 000  000  000  008  012  014  016  018  022  022  022  024  027  053  070  002 
 000  000  000  003  007  012  016  013  009  006  014  026  030  047  064  005 
 000  001  006  002  006  009  006  000  000  001  015  020  010  018  050  000 
 000  006  013  002  001  000  002  000  002  006  009  004  000  011  050  000 
 002  019  018  001  000  000  008  012  012  008  000  000  000  012  052  000 
 011  020  008  002  002  002  022  021  007  002  000  000  000  016  055  003 
 005  003  000  004  017  016  017  012  000  001  002  004  008  033  073  016 
 002  000  004  016  010  009  000  010  000  000  000  000  006  042  073  015 
 014  010  007  008  000  000  004  005  000  000  000  001  013  037  060  006 
 020  007  000  000  000  000  000  000  000  000  000  010  008  030  053  000 
 000  000  004  007  003  000  000  000  000  000  008  006  000  025  056  000 
 000  000  011  010  001  000  000  000  002  004  008  004  000  019  057  000 
 024  033  025  022  021  024  027  033  036  034  026  027  024  038  069  012 
 056  050  038  042  050  056  059  062  057  056  056  063  058  066  087  040 
 010  004  000  000  000  000  000  002  000  000  000  007  000  006  032  000 

