Celda0

 000  000  000  000  001  001  000  000  000  000  001  001  000  000  000  001 
 000  000  000  000  002  002  000  000  000  000  002  002  000  000  000  003 
 000  000  000  000  003  004  002  000  000  000  004  000  000  000  000  007 
 000  000  000  000  000  002  002  000  000  002  011  006  003  000  000  006 
 004  008  014  012  006  000  002  006  004  007  022  023  025  022  012  000 
 002  005  011  015  014  008  008  020  008  002  022  026  019  021  012  000 
 000  001  004  010  012  010  014  028  012  006  022  026  006  014  013  004 
 000  000  000  000  002  004  013  022  005  003  012  028  006  006  014  012 
 000  000  000  000  000  005  017  014  000  000  003  020  016  000  006  014 
 000  000  000  000  000  004  019  006  000  000  000  008  016  000  000  010 
 000  000  000  008  000  000  016  002  004  008  010  002  007  000  000  000 
 000  000  000  013  000  000  022  006  008  012  010  004  000  000  000  010 
 000  000  000  016  004  000  023  013  000  004  002  000  000  000  000  022 
 001  000  000  011  016  003  017  012  000  000  000  000  000  000  004  028 
 002  002  000  000  027  020  014  006  000  000  000  000  000  000  013  031 
 001  000  000  000  030  040  020  003  000  000  000  000  000  008  023  025 

Celda1

 000  000  000  000  000  000  000  000  000  000  000  000  000  000  000  000 
 000  000  000  000  000  000  000  000  000  000  000  000  000  000  000  000 
 000  000  000  000  000  000  000  000  002  000  000  000  000  000  000  000 
 000  000  000  000  000  000  000  000  004  000  000  000  000  000  000  000 
 000  000  008  013  012  015  022  023  017  012  011  010  006  008  014  017 
 000  000  007  012  014  020  026  023  014  008  005  002  004  010  015  015 
 000  004  010  014  017  016  010  004  003  004  002  000  004  010  008  004 
 008  017  015  016  016  008  000  000  002  002  002  004  005  006  003  000 
 013  022  021  016  012  007  009  014  014  011  010  010  010  006  004  005 
 020  028  029  015  006  008  020  026  024  022  020  016  012  009  008  008 
 017  021  017  004  008  021  028  022  016  016  016  012  010  011  010  004 
 002  002  000  000  013  038  022  010  008  010  011  010  011  012  006  000 
 011  000  000  007  028  023  005  000  006  013  012  010  013  010  000  000 
 018  007  014  023  020  004  000  008  015  016  012  006  002  000  000  000 
 021  012  017  015  004  002  011  028  034  026  015  005  000  000  005  012 
 018  014  016  012  010  018  028  030  030  020  013  012  010  010  016  020 

Celda2

 000  000  000  001  008  011  003  000  000  000  001  001  002  002  002  001 
 000  000  000  002  019  028  010  000  000  000  002  001  005  006  004  002 
 000  000  000  004  037  060  028  000  000  000  002  000  011  014  007  000 
 000  000  000  003  038  076  049  000  000  000  000  000  015  021  006  000 
 008  001  007  012  020  068  064  000  002  003  000  000  016  022  002  000 
 010  010  020  009  000  051  070  012  003  008  002  000  018  020  000  000 
 006  014  017  001  000  040  076  030  006  008  003  001  018  018  000  000 
 006  011  006  000  000  034  078  044  000  000  000  008  014  010  002  004 
 008  004  000  000  006  030  073  053  002  006  004  011  004  004  005  006 
 007  004  004  009  016  035  067  061  017  024  014  007  002  005  009  005 
 004  010  012  011  015  035  051  060  028  020  016  002  007  009  011  002 
 000  006  011  010  011  030  023  044  043  000  006  006  016  012  008  001 
 000  000  004  006  005  022  000  017  047  005  001  014  024  013  007  008 
 000  006  000  000  000  021  000  000  046  042  012  022  020  013  016  022 
 008  012  001  000  000  020  000  000  045  077  028  022  012  016  023  027 
 020  017  008  006  006  012  000  000  037  091  042  002  006  020  020  016 

Celda3

 000  000  000  002  001  001  000  000  000  000  000  000  000  000  000  001 
 000  000  000  005  004  003  000  000  000  000  000  000  000  000  000  002 
 000  000  002  010  010  008  002  000  000  000  000  000  000  000  000  003 
 000  000  001  012  015  012  002  000  000  000  000  000  000  000  000  001 
 000  004  000  006  017  012  001  000  000  000  000  000  000  000  006  008 
 006  004  000  000  015  010  000  000  000  000  000  000  000  000  009  016 
 004  000  000  004  009  008  000  000  000  000  002  007  008  011  023  028 
 004  002  010  012  005  004  000  000  000  006  022  019  018  021  034  032 
 008  008  011  008  001  000  000  006  018  028  027  016  018  029  041  029 
 010  008  004  006  003  000  006  019  029  028  018  014  022  040  041  021 
 006  015  008  012  012  012  022  023  014  007  009  019  035  038  024  012 
 002  020  010  004  009  014  017  006  002  002  012  025  027  016  002  000 
 011  022  008  000  000  002  000  000  000  013  028  025  011  002  000  002 
 029  032  017  011  009  006  002  005  015  029  035  021  008  004  001  000 
 031  031  026  024  022  017  012  012  019  026  024  011  005  002  000  000 
 017  011  010  012  012  009  008  005  009  012  010  007  000  000  000  000 

Celda4

 001  001  002  002  002  002  001  000  001  001  001  001  000  000  000  002 
 002  002  006  006  004  004  003  002  002  002  004  002  000  000  000  004 
 002  004  014  015  006  004  008  007  005  006  008  004  000  000  000  006 
 000  003  020  020  004  002  014  014  010  008  007  002  000  000  000  005 
 007  004  013  018  005  001  011  018  018  010  001  000  000  000  000  001 
 020  019  007  008  010  002  002  015  024  014  000  000  000  000  000  002 
 029  030  028  016  008  006  001  008  022  016  000  000  000  000  000  009 
 026  028  036  032  014  005  008  009  013  012  000  000  000  000  000  014 
 016  015  016  020  018  006  008  004  005  006  000  000  000  007  012  019 
 010  000  000  000  008  006  000  002  003  002  000  000  000  020  016  009 
 006  000  000  000  000  002  000  000  002  005  000  000  002  025  020  009 
 002  006  008  006  003  004  010  008  002  018  014  016  019  035  025  020 
 002  008  016  014  006  008  018  027  027  035  023  022  030  035  026  029 
 000  000  006  002  000  008  020  028  036  024  010  019  030  027  024  030 
 000  000  000  000  004  022  023  020  026  024  008  016  024  022  020  015 
 000  004  000  000  016  035  022  016  015  019  018  010  026  017  010  006 

Celda5

 003  002  003  002  000  000  000  000  000  000  000  000  001  002  000  000 
 006  005  008  005  000  000  000  000  000  000  000  000  002  004  002  002 
 008  012  020  012  000  000  001  002  000  000  000  000  001  006  006  007 
 009  021  032  017  000  000  000  002  000  000  000  000  000  000  010  014 
 016  030  030  014  000  000  000  000  000  000  006  020  018  011  011  014 
 027  032  018  006  000  000  000  000  000  012  013  002  008  015  015  014 
 033  029  013  003  000  000  000  000  000  018  012  000  000  000  000  004 
 030  027  018  008  002  000  000  000  013  021  000  000  000  002  000  004 
 020  028  023  010  000  000  000  006  019  008  000  000  000  000  000  003 
 017  029  020  006  000  000  000  012  010  000  000  004  010  004  000  004 
 023  030  010  000  000  006  004  004  002  000  000  015  012  008  008  019 
 034  030  004  000  002  008  002  000  000  000  014  015  002  006  016  029 
 040  024  004  000  002  007  000  000  000  010  024  012  000  000  006  022 
 029  006  000  000  002  006  000  000  000  016  018  004  000  004  008  012 
 011  003  000  000  001  004  000  002  010  021  008  000  000  009  014  010 
 001  004  000  000  000  002  000  008  012  007  000  000  000  009  015  007 

Celda6

 000  000  000  000  000  001  004  002  000  000  000  001  000  003  005  003 
 000  000  000  000  000  001  009  005  000  000  000  000  000  008  013  009 
 000  000  000  000  000  000  016  010  000  000  000  000  002  019  030  022 
 007  000  000  000  000  000  012  008  000  000  000  000  002  027  040  028 
 010  000  000  002  013  020  021  011  010  014  014  012  016  037  039  022 
 006  000  000  000  011  019  025  026  027  020  014  016  026  037  034  012 
 000  000  000  004  008  016  026  028  024  012  008  018  020  022  021  003 
 002  000  008  008  013  023  031  024  014  010  015  021  010  008  010  000 
 014  012  014  013  019  030  028  008  002  008  021  013  004  002  006  000 
 025  029  014  014  020  025  004  000  000  003  013  004  000  000  000  000 
 040  032  009  008  017  013  000  000  000  006  006  004  004  000  000  000 
 041  027  007  007  020  009  000  000  000  014  008  004  006  001  000  001 
 028  015  005  013  020  005  000  002  000  016  014  000  000  000  007  014 
 012  007  006  013  004  000  000  004  016  025  015  000  000  000  009  018 
 006  010  016  008  000  000  000  009  023  032  020  010  006  006  020  031 
 004  018  022  000  000  000  009  022  026  022  016  012  008  008  033  046 

Celda7

 001  000  000  000  000  002  003  001  000  000  000  000  001  005  009  000 
 002  000  000  000  000  004  006  004  001  000  000  000  002  012  022  000 
 006  000  000  000  000  004  009  012  010  000  000  000  001  026  047  000 
 008  001  000  000  000  004  012  022  021  000  000  000  000  030  062  000 
 008  007  002  000  000  013  037  050  034  008  008  010  004  024  062  000 
 002  010  008  000  000  023  056  047  008  000  000  006  005  015  056  000 
 000  007  012  000  002  033  059  022  000  000  004  016  015  008  053  000 
 000  004  012  004  010  045  046  000  000  000  007  016  018  010  057  005 
 000  006  009  009  029  058  027  000  000  011  015  006  010  014  071  019 
 000  010  010  018  049  055  005  000  000  030  027  005  010  028  084  030 
 000  012  014  032  050  034  000  000  022  059  031  010  018  057  082  031 
 004  011  025  043  042  018  000  000  030  051  008  004  023  057  053  017 
 014  020  039  047  032  004  000  000  037  040  000  000  024  030  022  000 
 019  029  042  043  025  004  007  011  038  028  000  001  019  021  024  000 
 032  029  036  038  022  011  018  029  036  011  002  012  008  016  033  003 
 035  027  039  036  021  022  026  026  012  000  008  016  002  019  049  010 

Celda8

 000  000  000  000  025  047  026  006  000  000  000  000  000  009  023  022 
 000  000  000  000  018  040  022  008  003  000  000  001  002  011  018  020 
 000  000  000  000  012  030  016  006  012  007  000  003  010  013  013  016 
 000  000  000  000  008  024  014  004  016  014  000  004  017  011  008  012 
 000  000  000  000  007  020  014  004  016  015  000  001  015  014  010  010 
 000  000  000  000  010  018  016  007  013  014  000  000  004  016  019  014 
 000  000  000  000  014  022  024  014  012  014  004  005  000  013  028  020 
 001  002  005  006  019  024  026  015  010  015  008  008  010  006  027  024 
 003  007  013  013  020  022  023  013  008  008  002  000  000  002  016  021 
 004  008  011  008  008  015  020  015  006  000  000  000  000  000  006  015 
 002  004  004  000  002  016  024  016  001  000  000  000  005  007  006  009 
 000  000  000  000  000  018  028  018  000  000  000  005  016  011  008  012 
 000  000  000  000  000  019  028  018  000  000  000  006  009  003  003  017 
 000  000  001  003  003  016  024  018  000  000  000  008  007  004  008  013 
 000  000  000  001  001  012  021  016  000  000  000  007  006  006  010  008 
 000  000  002  002  000  009  017  016  002  001  000  002  008  012  010  000 

Celda9

 021  021  020  014  016  025  027  011  002  000  000  013  024  024  020  020 
 024  024  018  005  006  016  011  000  000  000  000  002  013  017  017  016 
 016  010  009  002  000  008  002  000  000  000  000  000  000  000  005  010 
 010  004  006  005  000  002  000  000  000  000  000  000  000  000  000  002 
 007  004  010  012  004  000  000  000  000  000  006  004  002  002  000  000 
 006  010  020  022  008  004  000  000  000  000  007  010  008  002  000  000 
 007  010  021  014  000  000  000  000  000  000  000  000  000  000  000  000 
 008  008  014  006  000  000  000  000  000  000  000  000  000  000  000  007 
 011  010  008  000  000  000  000  000  000  000  000  000  000  000  002  010 
 016  013  002  000  000  002  000  003  009  011  009  002  000  000  002  003 
 016  008  000  000  004  006  000  006  018  014  012  004  000  000  007  000 
 018  002  000  000  010  008  000  003  011  000  000  000  000  000  010  001 
 025  012  007  000  011  006  000  008  010  000  000  000  000  002  011  000 
 012  000  000  000  004  004  000  010  010  000  000  000  000  004  011  004 
 005  000  000  000  000  003  004  010  010  000  002  009  010  008  015  012 
 000  002  000  000  000  001  006  008  011  006  000  006  009  008  023  022 

Celda10

 024  020  012  012  013  006  000  002  020  082  056  000  000  023  015  008 
 018  016  010  011  014  011  006  008  005  061  060  012  007  021  004  003 
 011  008  004  006  010  010  008  012  012  037  058  031  016  014  000  002 
 004  004  004  006  008  008  008  011  014  021  048  048  024  006  000  000 
 000  000  004  006  008  010  012  010  012  010  027  052  040  006  003  002 
 000  000  000  000  002  011  018  019  017  012  002  040  054  024  010  018 
 000  000  000  000  007  005  014  020  022  016  001  020  062  050  017  015 
 004  000  000  000  014  008  006  010  015  017  014  002  053  062  032  006 
 000  000  000  010  027  011  004  004  006  012  017  012  030  056  050  024 
 000  000  002  030  035  012  006  006  006  008  014  014  006  038  058  048 
 000  000  016  045  030  010  006  008  010  010  012  013  006  020  052  063 
 000  000  031  047  012  004  004  006  008  009  009  008  002  002  034  065 
 000  000  036  038  000  000  004  004  004  002  000  000  000  000  012  057 
 002  000  035  030  000  000  003  005  001  000  000  000  000  000  000  044 
 014  012  033  020  000  000  000  000  000  000  000  002  011  010  000  032 
 020  020  038  018  002  000  000  000  000  000  004  008  010  012  005  018 

Celda11

 009  002  000  000  000  000  000  000  003  006  003  012  013  002  005  002 
 010  005  001  000  000  000  000  000  000  000  002  020  026  000  006  010 
 014  004  000  000  005  007  002  000  000  000  010  026  028  006  002  008 
 016  010  000  000  002  010  014  008  003  006  030  035  026  008  004  008 
 014  012  002  000  000  002  010  015  020  025  038  030  021  010  004  006 
 020  018  008  001  000  001  004  014  024  028  027  017  013  008  002  004 
 012  013  003  002  004  004  004  010  017  019  012  001  007  008  000  000 
 012  007  002  009  014  010  007  010  006  004  000  000  002  008  002  002 
 010  010  006  017  008  007  006  008  000  000  000  000  000  005  006  010 
 012  006  004  009  000  000  000  000  000  000  000  000  002  000  008  014 
 027  000  000  003  000  000  000  000  000  000  000  004  007  007  005  007 
 048  001  000  000  001  000  000  000  000  000  003  002  002  006  002  000 
 066  023  000  000  000  003  000  000  002  000  000  000  000  003  004  000 
 068  042  006  000  000  000  002  003  005  000  000  000  004  005  004  008 
 054  040  027  006  000  000  002  007  008  000  000  000  008  006  000  000 
 034  024  040  034  000  000  000  012  010  000  000  002  006  002  000  000 

Celda12

 002  010  006  009  027  032  018  015  006  006  018  022  019  018  006  000 
 012  022  014  014  025  024  008  007  000  000  004  024  023  000  009  008 
 010  014  006  008  014  010  000  000  000  000  013  019  018  020  008  016 
 006  002  003  005  003  001  001  000  000  011  021  013  006  018  026  029 
 005  002  009  010  005  004  000  000  000  019  021  012  004  002  009  021 
 008  012  016  005  000  001  000  000  004  024  027  020  011  000  002  012 
 006  017  013  000  000  000  000  000  010  024  029  012  008  000  004  018 
 009  013  006  000  000  002  000  005  014  020  022  000  000  000  000  019 
 015  008  000  002  008  009  011  013  013  013  014  000  000  006  004  010 
 012  006  000  000  006  014  013  011  011  011  009  001  006  014  014  004 
 007  006  000  000  002  007  000  005  012  015  016  012  011  012  016  019 
 004  011  000  000  002  011  006  006  010  014  019  012  008  006  014  026 
 000  013  000  000  000  011  014  012  016  024  019  006  009  011  014  023 
 010  013  000  000  000  008  018  018  024  029  018  004  003  012  010  010 
 004  000  000  000  000  005  018  026  031  022  010  012  012  000  000  002 
 000  000  000  000  000  014  029  038  035  014  002  013  018  001  000  003 

Celda13

 004  000  000  000  000  000  002  005  000  000  000  000  000  006  011  005 
 000  000  000  004  002  004  009  000  000  000  010  009  009  002  004  005 
 008  006  008  013  018  016  010  000  000  006  025  014  015  010  001  004 
 021  012  017  024  026  013  006  002  004  017  023  006  004  006  004  009 
 019  012  011  018  015  003  000  000  006  018  012  002  000  000  002  016 
 008  006  004  006  000  000  000  000  009  014  004  000  000  000  004  021 
 006  000  001  001  000  000  000  000  011  009  000  000  000  001  015  026 
 010  000  000  000  000  000  000  000  008  011  001  000  001  010  025  028 
 016  008  005  004  002  011  020  015  000  008  010  002  006  019  032  026 
 022  030  021  019  018  031  038  036  018  000  016  014  011  021  029  019 
 044  051  031  027  029  043  032  030  025  020  029  020  007  013  020  011 
 054  054  024  016  017  026  009  006  014  026  040  020  002  014  020  008 
 044  040  012  005  001  006  000  000  002  018  027  018  012  012  018  008 
 026  021  002  003  000  001  000  000  004  012  007  002  010  013  007  006 
 020  018  000  000  000  000  000  006  016  012  000  000  004  015  016  010 
 018  014  004  000  001  002  004  011  018  013  002  000  010  018  020  027 

Celda14

 010  023  018  000  000  000  013  017  013  002  000  000  000  011  048  044 
 014  020  011  000  000  002  012  014  007  000  000  000  000  035  057  030 
 014  013  009  007  002  004  010  012  005  000  000  000  004  049  047  015 
 021  017  013  010  004  004  012  013  005  000  000  000  018  037  025  002 
 026  019  012  004  002  012  022  018  004  000  000  000  022  032  024  007 
 022  011  002  000  005  022  020  002  000  000  000  005  024  028  022  011 
 019  007  002  004  010  018  010  000  000  000  000  015  037  038  024  011 
 013  006  004  003  002  010  006  000  000  000  015  029  036  026  010  006 
 009  006  003  000  000  000  000  000  000  012  029  029  017  003  003  005 
 007  008  008  004  000  000  000  004  014  022  024  011  000  001  009  014 
 002  006  010  014  012  005  002  019  033  032  019  002  000  005  017  012 
 000  002  011  014  016  018  024  044  044  033  015  000  000  004  020  014 
 006  014  018  010  014  021  026  031  022  013  004  004  009  010  012  005 
 016  023  018  008  014  021  022  014  008  006  001  000  009  016  006  000 
 020  022  009  000  004  010  013  012  012  011  003  000  005  000  000  000 
 030  020  004  002  004  000  002  007  014  014  008  002  002  000  000  000 

Celda15

 018  020  037  023  011  019  015  002  000  000  014  019  007  030  054  009 
 006  011  018  000  000  012  008  000  000  000  018  023  012  024  042  000 
 008  007  008  000  000  005  005  000  000  004  019  020  010  021  042  000 
 004  002  000  000  000  000  000  000  006  020  018  007  002  026  048  000 
 000  000  000  000  000  001  002  005  021  025  008  000  000  038  066  012 
 000  000  000  000  009  006  004  016  029  018  000  000  004  046  059  000 
 000  000  000  000  020  015  012  028  027  001  000  000  009  044  058  000 
 000  000  000  000  030  028  025  034  015  000  000  000  021  053  066  009 
 002  006  010  012  042  039  034  033  015  012  021  040  058  075  076  021 
 009  007  010  015  046  045  038  028  018  024  040  060  055  052  047  003 
 000  000  002  022  049  043  027  009  004  015  034  031  011  010  028  000 
 000  000  000  036  047  026  006  000  003  012  014  001  000  004  028  000 
 000  001  018  038  029  002  000  000  014  018  006  000  000  008  034  004 
 000  016  026  029  017  000  000  002  020  019  006  000  005  018  037  004 
 006  024  020  022  016  000  000  003  018  019  008  002  000  008  028  000 
 019  028  018  017  016  009  007  008  013  015  007  004  000  004  028  000 

Celda16

 001  002  006  006  001  008  014  014  008  003  004  000  006  020  013  000 
 000  001  004  008  005  004  012  012  012  000  000  000  002  022  016  000 
 000  000  000  001  006  004  004  008  014  006  000  000  000  015  013  005 
 000  000  000  000  002  008  002  000  014  011  000  004  004  002  004  010 
 000  000  000  000  009  010  009  004  008  012  005  004  005  000  000  006 
 000  000  000  005  014  006  007  004  000  008  013  001  000  000  000  002 
 000  000  000  000  002  000  000  000  000  000  016  005  000  000  004  004 
 000  000  000  000  000  000  000  000  000  000  012  005  000  000  004  007 
 000  000  000  000  000  000  000  000  000  000  004  002  000  000  000  004 
 000  000  000  000  000  000  000  000  000  000  000  000  002  000  003  002 
 000  000  000  000  002  005  000  000  000  002  000  000  004  004  000  006 
 000  000  000  000  014  012  010  006  002  000  000  001  005  008  009  008 
 002  004  009  012  023  012  014  017  016  012  008  009  009  014  019  010 
 003  006  012  011  010  000  007  016  020  019  019  019  016  022  024  010 
 001  004  007  004  000  000  004  016  023  026  024  019  016  026  021  005 
 000  001  004  004  004  008  019  027  028  030  024  016  012  020  006  000 

Celda17

 000  004  001  000  000  000  006  006  010  010  002  000  000  000  024  020 
 004  016  009  002  000  001  007  005  006  006  000  000  000  000  027  015 
 008  013  005  003  002  009  016  007  000  000  000  000  000  000  034  020 
 017  010  000  000  000  006  012  000  000  000  000  000  000  000  038  026 
 012  008  000  000  000  004  012  000  000  000  000  000  000  000  036  035 
 000  005  006  000  000  006  011  001  000  000  000  000  000  006  034  046 
 000  000  012  003  000  008  010  000  000  000  000  000  000  010  040  060 
 000  000  011  010  004  008  012  000  000  000  000  000  000  014  053  068 
 000  000  009  014  009  004  010  000  000  000  000  000  000  026  067  062 
 004  009  014  015  006  000  006  008  000  006  005  002  002  035  071  054 
 006  005  008  008  001  000  002  012  000  004  006  000  003  042  076  051 
 003  000  007  007  000  000  001  012  003  003  004  002  010  051  078  042 
 005  007  016  008  001  007  013  013  005  001  005  007  017  053  068  026 
 007  010  019  013  014  019  011  004  000  000  002  006  016  047  056  016 
 002  005  009  011  019  019  011  004  000  000  003  012  018  038  044  008 
 000  004  008  014  015  008  008  005  000  000  017  019  016  022  033  006 

Celda18

 014  020  041  018  008  002  000  000  000  003  009  006  002  004  008  011 
 008  018  040  016  006  002  002  000  000  001  008  010  008  010  018  025 
 006  023  032  012  008  007  006  008  009  010  008  012  016  020  024  022 
 010  027  011  000  004  004  002  009  019  014  005  002  006  012  013  006 
 025  021  002  000  000  000  000  008  019  012  005  000  000  000  000  000 
 039  016  008  005  010  005  000  024  025  014  012  010  006  000  000  000 
 045  011  010  014  020  019  015  045  031  014  018  020  014  009  007  006 
 038  002  005  010  014  016  021  046  023  009  012  013  012  014  014  013 
 025  000  000  000  000  006  014  028  008  000  000  000  002  006  010  014 
 014  000  000  000  000  004  008  011  002  000  000  000  000  000  000  009 
 006  000  000  002  001  004  008  006  000  000  000  003  004  004  006  007 
 002  000  002  012  006  004  008  008  001  000  000  006  014  018  018  012 
 000  000  006  017  009  005  004  001  000  000  000  004  012  017  018  015 
 000  000  020  014  003  000  000  000  000  000  000  000  003  006  009  012 
 000  000  030  016  000  000  000  000  000  000  002  000  000  000  000  006 
 000  000  032  020  000  000  000  000  000  002  000  000  000  000  000  002 

Celda19

 025  008  030  055  016  008  010  021  014  004  005  011  007  000  000  000 
 052  026  008  053  048  018  028  030  022  017  021  024  019  014  007  002 
 046  021  014  035  073  037  030  024  020  016  017  020  018  020  024  030 
 024  009  001  016  084  048  016  016  008  002  008  016  010  011  018  028 
 017  016  002  006  076  063  004  007  002  001  020  019  004  002  008  016 
 012  023  008  006  053  071  028  007  007  014  032  011  000  000  007  007 
 010  028  004  001  028  074  053  001  009  012  019  000  000  001  014  006 
 009  028  002  002  008  064  066  016  000  000  012  000  000  012  019  008 
 011  019  000  002  000  041  056  034  000  000  004  006  007  018  011  003 
 010  007  002  000  000  016  032  045  027  000  002  009  014  012  001  000 
 004  000  002  000  000  001  006  036  050  026  010  010  007  007  000  000 
 008  006  006  004  004  005  000  008  052  055  028  004  000  000  000  002 
 018  023  023  018  013  006  000  000  036  066  049  016  000  000  000  008 
 018  019  015  014  012  002  000  004  014  056  061  033  005  001  000  010 
 008  002  000  000  004  008  013  020  016  033  058  046  018  000  000  008 
 004  004  000  000  007  017  024  027  026  016  037  048  034  006  000  002 

Celda20

 000  000  000  000  002  028  038  033  027  016  008  016  018  000  000  006 
 005  006  004  005  014  039  031  012  019  019  006  010  013  000  000  008 
 034  024  014  014  022  032  010  000  016  025  010  007  008  000  000  012 
 030  022  015  014  012  010  000  000  012  030  022  012  009  002  003  023 
 010  006  007  007  003  000  000  000  012  031  030  021  010  004  007  032 
 000  000  004  008  006  002  003  011  028  038  031  018  002  000  008  031 
 000  000  004  011  012  008  010  023  029  029  017  008  000  004  023  024 
 004  004  009  010  009  005  008  015  014  017  010  000  001  019  032  015 
 006  010  012  004  002  007  008  007  010  017  011  007  015  027  028  012 
 000  009  007  001  004  014  016  008  004  017  020  016  018  026  032  021 
 000  000  000  001  005  008  008  006  004  014  028  027  017  023  034  026 
 002  000  000  000  002  000  000  000  000  019  034  025  011  020  026  016 
 003  000  002  001  000  000  000  000  004  020  028  019  017  028  020  008 
 004  000  002  004  000  006  010  010  013  029  030  021  022  024  011  005 
 006  000  000  007  007  013  018  021  022  037  033  016  013  017  010  007 
 006  000  000  008  015  019  014  016  020  036  027  006  003  009  013  016 

Celda21

 021  010  004  000  006  016  017  015  007  004  002  004  012  017  021  024 
 021  004  004  010  006  014  016  009  000  000  000  000  008  018  021  015 
 014  000  002  016  014  009  002  004  000  000  000  000  010  025  018  004 
 015  002  000  013  014  016  010  000  002  000  000  000  013  029  010  000 
 017  012  010  009  005  016  022  000  002  005  002  000  015  026  004  000 
 006  002  004  002  000  012  022  002  000  002  003  002  017  021  000  000 
 000  000  000  000  000  008  016  006  000  000  000  005  020  015  002  011 
 000  004  008  008  004  006  010  006  000  000  000  013  025  017  014  028 
 006  014  020  020  017  012  008  004  000  000  004  027  025  015  019  026 
 013  018  016  014  013  014  013  007  002  004  020  031  015  005  007  014 
 018  020  010  003  004  010  010  005  006  022  031  024  003  000  009  017 
 016  019  014  008  006  014  008  004  011  030  028  013  005  006  022  021 
 015  008  006  010  012  019  013  011  015  029  020  010  011  012  018  005 
 014  010  000  002  009  016  013  019  025  036  018  005  008  010  008  000 
 011  005  000  000  008  010  009  020  031  037  013  002  000  007  011  012 
 012  001  000  000  006  006  007  011  019  019  008  002  000  011  017  014 

Celda22

 027  020  007  000  009  008  004  006  007  002  001  000  000  000  000  013 
 011  012  015  014  017  020  016  012  002  000  000  000  000  000  016  037 
 006  002  006  016  021  021  010  002  000  000  000  000  000  004  035  039 
 007  010  000  009  019  014  004  000  000  000  000  000  008  020  035  031 
 010  015  009  017  018  010  008  008  006  006  004  004  011  019  026  027 
 024  032  025  022  009  002  006  016  026  034  032  016  008  012  018  024 
 040  042  025  014  008  008  012  018  023  032  038  032  020  017  016  019 
 041  025  002  002  010  015  017  012  005  002  009  023  030  024  024  022 
 022  008  002  008  009  003  000  000  000  000  000  006  016  019  030  031 
 011  002  006  019  008  000  000  000  000  000  004  009  010  013  030  025 
 010  010  019  020  002  000  000  004  007  012  013  013  016  021  025  010 
 010  011  009  005  000  000  000  013  019  016  015  012  014  019  016  007 
 001  008  004  000  004  000  000  011  012  005  006  006  008  009  005  000 
 000  008  006  012  022  014  008  011  010  002  000  000  002  000  000  000 
 008  004  011  020  022  012  008  005  004  000  000  000  000  000  000  000 
 012  008  012  018  013  000  002  000  000  002  003  007  002  000  000  000 

Celda23

 030  026  022  023  022  021  014  008  001  004  003  008  000  003  032  000 
 030  019  020  020  020  021  010  004  000  000  000  012  003  012  048  013 
 020  016  022  021  015  013  003  000  001  000  000  009  011  032  065  017 
 015  014  024  018  006  009  006  000  000  000  000  002  018  050  068  007 
 016  008  010  003  002  009  014  004  000  000  000  003  027  063  065  000 
 014  004  004  004  008  019  014  000  000  000  000  014  042  058  054  000 
 007  000  005  015  019  011  000  000  000  000  006  034  038  040  048  000 
 005  002  004  018  018  000  000  000  000  012  037  039  022  028  046  000 
 020  014  004  012  012  000  000  000  010  038  045  030  014  026  048  001 
 018  014  008  003  000  000  000  000  023  035  027  012  010  025  052  007 
 005  005  010  014  008  002  009  022  022  018  008  000  000  018  047  003 
 004  004  011  018  021  028  046  043  022  010  003  000  000  022  049  000 
 000  000  015  016  024  039  049  035  026  018  008  000  000  022  050  000 
 000  003  016  022  024  020  012  002  006  012  014  008  000  022  052  000 
 000  013  026  030  014  000  000  000  000  000  003  008  010  033  061  009 
 027  035  034  027  001  000  000  000  000  006  000  000  008  034  061  010 

Celda24

 000  000  000  002  007  013  026  027  020  018  014  010  008  009  000  002 
 000  000  000  001  007  013  022  018  006  003  004  008  010  009  007  012 
 000  001  002  003  011  016  023  014  004  001  004  010  012  010  008  009 
 000  000  000  000  012  016  018  005  003  005  010  012  010  004  001  000 
 000  000  000  000  014  014  012  001  004  011  016  018  016  011  006  002 
 001  001  000  000  018  018  012  007  008  013  016  020  022  018  014  012 
 001  002  005  004  019  020  014  007  000  003  005  008  010  010  011  014 
 000  000  004  008  019  015  010  008  004  000  002  001  000  001  006  011 
 000  000  000  000  009  011  007  005  008  004  002  000  000  001  008  017 
 000  000  000  000  010  012  004  000  009  010  004  000  000  002  013  021 
 000  000  000  000  013  012  000  000  007  012  008  000  000  000  015  014 
 001  002  002  004  020  008  000  000  002  009  009  004  001  006  015  005 
 003  006  008  006  014  000  000  000  000  004  009  008  008  014  015  000 
 002  004  006  002  010  001  004  004  000  000  010  008  010  018  011  000 
 000  000  000  000  011  016  014  014  013  011  016  008  006  016  013  002 
 000  000  000  000  015  022  009  010  014  014  011  001  000  012  016  006 

Celda25

 007  012  012  013  007  000  000  000  000  004  023  013  006  006  024  002 
 019  013  005  004  000  000  000  000  000  007  015  005  000  004  018  000 
 010  005  000  000  000  000  000  000  004  009  003  000  000  008  014  000 
 000  000  000  000  002  002  000  004  015  014  010  004  000  009  014  000 
 000  000  000  000  002  006  000  004  021  021  020  017  009  002  016  006 
 011  008  004  002  000  006  005  009  022  019  012  012  008  002  014  012 
 018  021  020  015  007  004  008  015  025  017  004  008  008  006  013  014 
 016  020  021  020  018  014  020  030  031  019  006  006  006  004  009  015 
 014  012  010  014  019  022  033  036  022  006  000  000  000  000  004  016 
 012  007  005  006  012  020  031  022  005  000  000  000  000  000  000  016 
 005  006  010  014  017  026  022  010  005  002  000  000  000  001  000  010 
 000  007  018  026  028  027  015  008  006  006  002  000  000  002  002  000 
 000  006  017  022  022  016  008  006  006  004  000  000  000  000  000  000 
 000  004  006  003  002  002  004  010  009  000  000  000  000  000  002  000 
 000  002  004  004  000  000  002  008  004  000  000  003  002  002  004  004 
 000  000  002  002  000  000  003  000  000  004  010  008  006  006  006  006 

Celda26

 000  000  032  021  000  000  000  000  000  000  000  000  000  006  004  007 
 000  000  031  020  000  000  000  000  000  000  000  000  000  010  016  018 
 000  000  026  018  000  000  000  001  000  000  000  000  004  015  019  016 
 004  005  018  012  000  000  006  005  000  000  000  003  008  010  012  012 
 008  010  011  004  000  000  010  008  000  000  000  000  004  002  005  008 
 003  006  005  000  000  000  012  008  000  000  000  002  002  002  003  002 
 002  004  006  006  004  004  019  018  010  010  008  004  000  002  006  000 
 002  004  007  011  014  011  025  027  017  019  016  010  005  002  004  000 
 000  001  013  013  014  009  020  024  010  010  011  010  008  006  000  000 
 009  000  015  010  008  008  019  023  005  002  001  002  006  006  002  000 
 016  011  014  006  002  006  021  026  005  000  000  001  006  008  007  005 
 016  018  018  010  000  000  020  026  006  001  002  006  009  008  006  006 
 007  020  025  018  000  000  021  022  002  004  008  013  010  006  002  000 
 000  018  036  026  000  000  024  026  006  014  020  014  009  009  008  006 
 000  013  045  034  002  006  029  037  014  016  017  014  011  013  016  016 
 003  001  048  048  013  018  034  042  010  003  005  009  012  011  012  013 

Celda27

 014  020  024  021  017  019  024  025  025  016  007  040  050  027  006  005 
 016  020  022  020  016  013  015  016  016  014  006  027  057  043  005  000 
 006  006  004  004  004  004  006  008  006  009  011  014  049  045  010  000 
 000  000  001  002  003  004  002  002  003  007  011  006  032  037  014  000 
 002  000  005  010  010  008  002  000  003  008  012  012  015  028  022  011 
 002  005  003  012  012  006  000  000  002  008  016  018  010  017  030  024 
 000  010  008  006  008  002  000  000  002  008  017  022  015  004  031  030 
 000  010  012  000  000  000  002  006  008  011  012  016  016  007  022  034 
 001  008  010  000  000  000  006  010  010  008  006  006  012  012  009  034 
 000  006  007  000  000  010  013  010  006  005  005  004  009  010  004  030 
 002  004  010  008  009  012  010  004  003  009  013  010  010  010  008  020 
 007  007  011  005  002  000  000  000  006  013  013  010  008  010  013  010 
 004  006  000  003  006  001  000  005  008  007  004  000  000  004  014  014 
 009  008  004  001  010  002  003  008  006  001  002  000  000  000  006  015 
 013  010  017  022  022  011  007  005  005  007  010  008  006  002  008  014 
 008  004  012  019  016  009  006  006  010  012  011  008  006  008  019  024 

Celda28

 001  002  002  011  023  021  006  008  021  030  013  001  000  000  014  022 
 000  006  010  020  027  019  005  009  024  018  002  000  000  000  016  027 
 000  011  015  022  020  011  007  017  023  009  004  003  000  000  016  027 
 006  013  019  018  010  008  012  019  019  010  010  008  004  000  009  020 
 007  010  022  018  006  008  018  020  012  002  005  005  003  002  001  009 
 009  007  022  018  004  008  018  020  014  003  000  000  002  004  000  000 
 006  007  020  018  005  006  016  019  013  002  000  000  000  008  008  006 
 018  010  009  014  009  007  012  014  010  001  000  000  001  012  018  018 
 030  006  000  005  016  014  008  005  005  006  006  007  013  009  008  010 
 036  004  000  000  024  024  006  000  002  014  016  006  006  000  000  000 
 033  006  000  000  024  027  008  000  002  016  019  008  002  000  000  004 
 019  010  000  004  019  024  009  000  003  010  014  012  002  000  000  011 
 000  010  014  007  011  020  012  002  011  015  008  005  000  000  011  010 
 014  000  025  015  003  013  015  008  018  020  008  000  000  008  021  008 
 021  016  016  023  003  005  014  017  024  019  006  000  000  011  021  002 
 018  018  002  020  016  007  019  027  023  012  000  000  000  010  014  000 

Celda29

 012  000  000  000  009  008  004  004  006  004  000  002  002  015  018  006 
 012  000  000  000  010  012  006  005  004  000  000  000  000  016  022  004 
 014  001  000  000  008  015  012  008  000  000  000  000  000  022  026  003 
 015  006  000  000  006  018  020  012  000  000  000  000  001  027  024  002 
 012  010  000  000  007  018  022  012  000  000  000  000  011  028  014  002 
 010  014  005  009  020  020  013  008  004  000  000  000  023  025  004  000 
 012  014  010  012  014  009  004  000  003  000  000  000  028  018  000  000 
 017  004  006  015  014  008  000  000  002  000  000  004  025  011  000  000 
 010  002  000  017  019  012  002  003  004  000  000  004  022  010  000  000 
 002  006  004  012  020  016  008  001  000  000  000  000  016  012  000  004 
 004  004  007  001  014  018  013  002  000  000  000  000  014  016  005  008 
 002  000  000  000  008  018  011  000  000  002  000  000  015  016  004  002 
 000  000  002  008  016  026  009  000  006  009  004  000  010  014  003  000 
 000  000  002  008  021  027  009  006  017  018  010  004  004  013  004  000 
 000  004  010  010  014  011  000  003  020  019  008  007  005  006  001  000 
 000  004  018  022  010  002  000  002  015  008  000  005  007  000  000  002 

Celda30

 010  015  016  014  013  002  008  010  009  016  020  016  012  008  014  034 
 008  010  005  000  012  012  012  021  024  025  020  006  002  008  022  044 
 000  000  000  000  014  020  011  001  004  005  000  000  000  003  020  028 
 000  000  000  000  017  018  008  004  002  000  000  000  000  010  017  017 
 000  000  006  023  036  022  004  002  006  004  004  012  020  024  024  024 
 000  004  015  032  034  022  019  012  011  018  022  027  030  028  025  027 
 002  016  029  031  023  012  008  002  004  016  021  026  019  016  010  015 
 004  027  034  028  019  004  000  000  001  018  024  022  008  003  000  007 
 007  029  033  024  011  000  000  000  000  016  032  032  002  000  000  004 
 015  022  026  024  014  000  000  006  004  012  030  032  003  000  000  000 
 020  017  015  021  016  006  000  006  016  021  019  022  000  000  000  000 
 010  008  014  018  014  007  000  006  021  022  016  004  000  000  000  000 
 010  015  013  008  007  007  006  011  012  007  010  003  000  000  003  000 
 008  022  014  000  001  008  016  019  010  002  002  002  002  003  006  011 
 009  022  013  000  000  006  020  024  012  006  000  000  005  010  015  024 
 014  017  013  010  010  009  013  022  016  004  000  000  000  004  011  014 

Celda31

 050  035  025  016  000  000  000  000  000  008  001  000  000  024  050  000 
 043  022  011  002  000  000  000  000  000  002  000  000  000  028  052  000 
 023  009  004  000  000  000  004  006  002  000  000  000  001  035  060  006 
 016  006  004  002  008  015  014  008  006  003  000  010  022  050  066  011 
 023  009  004  006  014  013  008  004  011  020  020  029  038  054  060  011 
 022  008  002  000  004  000  000  000  008  016  022  035  041  045  046  007 
 008  000  000  000  000  000  000  000  000  002  017  034  026  019  029  000 
 000  000  000  000  000  000  000  000  002  019  036  036  015  002  026  000 
 000  000  000  002  012  012  008  010  028  048  052  035  021  012  030  006 
 000  000  000  012  016  010  011  026  047  053  042  016  012  018  043  021 
 000  000  010  017  012  009  014  030  035  025  006  000  000  002  030  009 
 000  011  014  013  015  012  014  017  012  008  000  000  000  012  023  000 
 010  013  000  014  018  008  006  002  002  003  000  000  001  017  027  000 
 022  007  001  012  019  008  000  000  002  002  000  004  012  027  039  010 
 020  010  012  015  010  008  000  000  006  001  001  004  011  026  040  010 
 004  007  012  010  006  009  004  006  006  000  000  000  004  022  035  003 

Celda32

 000  000  000  004  015  016  005  000  000  002  001  000  000  008  014  004 
 000  000  001  006  007  008  009  001  000  000  000  002  006  008  006  000 
 000  000  000  000  000  000  010  006  000  000  000  004  004  007  004  000 
 001  002  002  000  000  002  006  012  005  006  002  004  006  010  008  004 
 004  008  010  004  004  006  006  012  007  000  000  001  010  010  002  004 
 001  002  004  000  003  002  004  003  004  000  000  010  013  006  002  006 
 000  000  000  000  000  008  004  000  000  004  009  020  010  000  006  006 
 000  000  000  000  000  012  010  000  000  010  018  018  004  000  004  012 
 000  000  000  000  000  008  012  004  005  012  019  015  004  006  004  008 
 000  000  000  002  006  004  009  012  006  007  018  016  006  010  008  001 
 000  000  000  000  005  000  005  013  006  006  018  019  003  002  002  000 
 000  000  000  000  006  004  008  011  004  004  014  018  007  000  000  000 
 000  000  000  000  005  011  012  010  002  000  008  014  007  000  000  000 
 000  000  000  000  005  010  010  009  004  000  004  008  004  000  005  008 
 000  000  000  000  008  006  002  006  010  004  002  002  000  000  008  016 
 000  000  000  000  010  004  000  004  012  010  004  000  000  000  009  019 

Celda33

 000  003  002  000  000  000  008  001  000  010  014  015  017  016  014  011 
 000  004  000  000  000  000  014  009  003  008  014  024  030  028  024  019 
 000  000  000  000  000  004  021  012  000  006  018  028  032  026  019  016 
 000  000  000  004  017  031  031  013  007  018  025  021  015  010  007  010 
 002  004  010  024  040  041  027  018  017  016  007  000  000  000  004  014 
 012  012  018  033  041  028  015  012  009  000  000  000  000  000  000  012 
 011  016  028  039  030  009  002  000  000  000  000  000  000  000  001  004 
 001  010  034  036  014  002  000  000  000  000  002  004  007  006  005  000 
 008  012  022  012  000  000  000  004  006  008  008  012  015  012  006  004 
 008  016  016  006  000  000  000  010  017  019  018  013  008  004  003  007 
 007  014  010  002  000  000  004  012  014  007  010  005  000  000  000  000 
 004  010  008  004  004  005  007  008  012  001  000  000  000  002  000  002 
 002  010  015  015  013  013  011  008  004  000  000  000  000  005  006  006 
 009  022  027  018  012  011  008  006  003  000  000  000  000  003  008  006 
 020  022  016  004  004  005  001  001  000  004  011  008  004  005  008  007 
 026  024  010  000  006  008  002  000  005  002  007  006  002  002  000  000 

Celda34

 006  000  045  068  031  017  022  033  000  000  007  002  005  004  005  005 
 012  004  038  078  032  000  004  030  000  000  011  000  000  002  007  004 
 018  020  032  066  034  000  004  032  001  000  013  000  000  008  012  010 
 019  028  026  038  026  000  012  032  004  005  015  001  002  019  013  017 
 022  028  024  009  016  012  038  046  013  011  011  000  007  019  008  017 
 020  022  018  007  006  031  057  050  022  015  009  002  007  012  009  015 
 006  008  012  016  010  034  058  047  021  022  014  006  006  010  017  017 
 000  000  010  020  017  020  062  052  022  018  014  008  009  015  023  024 
 006  010  016  020  018  006  055  064  024  008  012  010  010  016  024  028 
 013  018  024  022  020  013  039  065  034  000  005  006  000  010  021  024 
 005  014  027  022  021  017  025  054  039  008  000  000  000  013  020  017 
 001  011  022  014  019  024  021  036  036  015  000  000  005  021  023  012 
 003  006  012  000  008  024  026  019  030  024  008  009  007  017  019  012 
 002  000  006  000  000  010  018  010  022  034  021  008  000  012  017  012 
 004  002  001  000  000  009  000  002  013  042  021  000  000  008  016  015 
 000  000  000  000  000  012  000  000  005  040  028  000  006  010  008  012 

Celda35

 000  000  012  007  004  001  001  009  013  010  004  001  006  014  028  025 
 000  000  016  012  000  000  000  004  004  000  000  000  006  010  024  014 
 010  013  016  008  000  000  000  000  004  000  000  002  000  001  013  002 
 022  025  019  006  000  002  000  000  002  008  010  008  002  006  013  000 
 020  015  012  012  009  006  005  009  018  037  026  017  014  026  019  006 
 020  014  012  021  030  026  020  018  028  039  017  014  015  027  014  010 
 024  024  023  035  035  030  021  018  021  022  002  001  002  011  002  008 
 019  027  028  033  020  016  015  014  012  012  000  000  003  012  002  004 
 013  019  020  020  014  015  014  010  007  008  005  008  019  020  006  000 
 004  005  008  011  012  014  014  010  006  005  006  012  023  012  003  000 
 000  000  000  000  000  001  009  012  012  009  006  008  013  002  000  000 
 000  000  000  000  000  000  000  005  008  010  008  005  002  000  000  000 
 004  004  001  000  000  000  000  000  000  000  003  004  000  000  000  000 
 005  011  010  003  000  000  000  000  000  000  000  000  000  002  004  000 
 009  000  004  006  008  008  002  000  000  000  000  000  000  000  002  002 
 011  002  000  014  024  021  013  006  002  003  006  006  000  000  000  000 

Celda36

 012  012  007  006  024  018  022  027  012  010  000  004  008  020  015  002 
 006  008  014  006  017  028  034  027  008  006  003  011  022  033  024  020 
 002  008  018  023  014  027  045  043  016  010  015  014  020  017  016  021 
 000  006  014  028  031  033  050  053  029  028  029  020  018  012  019  027 
 002  004  010  022  030  024  033  052  042  035  034  021  018  019  029  032 
 008  010  014  019  016  018  012  042  056  018  012  005  008  020  028  028 
 013  015  015  014  006  008  004  016  054  032  000  000  007  013  013  010 
 006  007  007  007  002  002  004  000  022  034  011  006  018  012  000  001 
 000  000  000  000  000  006  014  014  000  022  033  027  021  010  000  005 
 000  000  000  000  004  016  020  025  024  011  028  038  026  006  000  008 
 002  006  002  000  014  022  015  017  022  018  005  030  034  014  000  006 
 005  002  002  002  016  019  006  000  007  010  004  010  031  028  016  005 
 004  000  000  001  009  012  008  000  000  006  010  008  013  032  034  011 
 002  000  000  001  003  004  008  002  000  003  012  021  014  014  039  027 
 000  000  000  003  002  000  006  004  000  000  003  008  010  000  024  042 
 000  000  000  004  004  000  003  002  000  000  004  003  000  000  000  042 

Celda37

 000  004  025  027  006  000  005  012  012  006  001  010  012  006  001  009 
 022  026  039  025  003  003  013  017  011  007  011  017  018  014  011  020 
 028  034  037  019  005  000  008  014  006  007  015  015  008  008  011  020 
 024  027  026  018  016  011  004  016  011  006  011  006  000  001  010  011 
 027  029  025  023  024  024  021  018  009  008  008  000  000  010  018  011 
 028  028  022  022  021  020  016  005  001  008  005  001  012  027  022  024 
 014  010  000  000  004  005  000  000  000  008  006  010  029  028  014  022 
 012  006  000  000  002  000  000  000  007  013  016  032  039  027  010  008 
 012  000  000  000  008  000  000  014  032  030  032  039  033  021  010  006 
 014  000  000  000  009  008  014  029  038  034  034  029  013  009  004  000 
 009  003  000  009  020  024  024  025  025  024  021  011  000  000  006  000 
 000  002  014  012  014  017  017  013  010  010  003  000  000  000  002  000 
 000  000  020  022  010  010  014  007  000  004  002  000  000  000  000  004 
 000  008  012  022  014  012  014  004  000  002  002  000  000  004  008  010 
 024  016  015  006  014  016  014  006  000  001  005  000  002  014  020  020 
 056  023  014  004  003  016  015  010  002  000  005  005  000  016  018  012 

Celda38

 018  015  017  020  020  020  017  018  012  000  000  002  008  000  006  007 
 021  019  020  015  014  007  010  020  009  000  000  011  017  006  006  004 
 017  015  012  008  011  011  007  004  000  000  000  023  022  008  004  002 
 006  008  008  004  006  012  009  000  000  000  006  026  014  002  002  002 
 004  016  018  011  010  004  000  000  000  003  017  015  007  000  002  002 
 026  038  023  008  000  000  000  000  008  020  016  008  006  004  007  007 
 036  040  022  008  000  000  000  001  018  016  008  005  004  004  010  006 
 017  008  004  008  010  006  002  008  016  011  010  008  000  000  012  014 
 000  000  000  000  012  019  021  023  012  002  012  013  000  000  012  021 
 000  000  002  014  000  007  017  021  012  000  012  016  002  004  010  020 
 000  000  010  022  005  000  000  000  001  000  010  019  011  010  013  021 
 000  000  012  021  006  000  002  000  000  000  008  018  016  009  009  024 
 000  000  010  020  008  000  000  000  000  000  010  014  014  008  007  020 
 006  006  013  021  008  000  000  000  000  004  010  010  008  004  010  022 
 018  019  024  029  016  007  002  000  009  010  002  006  007  002  006  014 
 010  015  023  031  024  020  019  016  013  005  000  000  008  008  005  004 

Celda39

 002  009  004  000  000  012  011  007  000  000  000  000  004  029  037  000 
 002  011  004  000  002  016  009  000  000  000  000  000  008  036  039  000 
 003  010  002  000  005  017  008  000  000  000  000  000  014  040  042  000 
 003  006  004  002  013  012  002  000  000  000  000  000  012  036  045  000 
 000  000  008  014  010  002  000  000  000  000  001  008  007  027  045  000 
 003  000  007  015  008  002  000  000  000  000  008  012  008  017  042  000 
 006  011  016  016  007  004  000  000  000  000  013  009  002  011  040  000 
 007  016  023  027  022  016  006  002  006  011  016  003  000  012  043  004 
 013  012  013  013  007  006  004  004  011  018  013  004  000  018  047  005 
 019  008  000  000  000  000  000  008  012  011  007  006  006  025  046  003 
 022  011  000  000  000  000  008  014  008  000  000  000  000  019  040  000 
 032  014  000  000  000  000  016  010  000  000  000  000  000  022  041  002 
 020  000  000  000  000  000  012  006  000  000  000  000  005  029  046  004 
 017  000  000  000  000  000  006  000  000  000  000  002  008  032  046  000 
 010  000  000  000  000  000  004  001  000  000  002  009  009  022  042  000 
 002  004  012  000  002  002  009  011  010  012  013  015  000  012  041  000 

Celda40

 001  002  003  002  010  006  002  004  010  012  004  000  000  000  012  020 
 001  004  010  012  012  005  003  005  007  008  002  000  000  003  019  023 
 001  004  010  014  011  004  005  005  005  003  000  002  007  009  023  025 
 001  003  007  010  010  008  008  006  006  009  011  014  016  011  018  023 
 001  002  003  002  001  002  007  008  012  015  013  010  008  005  008  019 
 000  000  000  000  000  000  006  009  011  007  002  000  000  002  004  013 
 000  000  000  000  000  000  006  006  002  000  000  002  000  000  003  007 
 000  000  000  000  000  000  002  005  000  000  002  008  002  000  004  002 
 000  000  000  000  000  000  000  004  000  000  004  012  004  002  008  000 
 000  000  000  000  000  000  000  004  002  000  004  014  005  005  009  002 
 000  000  000  000  000  000  000  002  004  000  005  014  008  005  007  006 
 000  000  000  000  001  000  000  000  008  002  009  020  015  006  002  009 
 000  000  000  000  004  000  001  009  021  014  021  031  021  008  006  017 
 000  000  000  003  016  012  015  026  027  014  025  035  018  009  011  027 
 001  003  008  015  028  020  020  028  022  014  028  035  013  010  012  020 
 005  010  018  015  017  008  008  019  013  011  025  029  008  008  002  008 

Celda41

 025  020  005  000  010  014  006  001  004  002  000  000  000  000  000  000 
 018  012  002  002  015  017  006  000  002  000  000  000  002  000  000  000 
 014  004  000  006  018  014  000  000  001  002  001  004  000  000  000  000 
 012  000  000  006  017  010  000  000  000  006  006  009  002  000  000  000 
 011  000  000  004  015  010  000  000  000  008  008  006  002  000  000  000 
 008  000  000  000  014  012  000  000  000  006  010  004  000  000  000  004 
 000  000  000  000  012  013  000  000  000  006  014  008  000  004  010  008 
 000  000  000  000  009  016  000  000  000  008  016  013  005  006  014  012 
 000  000  000  004  020  033  021  019  018  020  022  024  023  017  016  011 
 000  006  013  016  028  037  027  024  022  015  014  027  030  016  008  002 
 002  005  006  004  007  018  012  000  000  000  002  024  023  002  000  000 
 010  000  000  000  000  006  010  001  000  000  000  020  024  008  000  000 
 017  003  002  010  014  012  006  002  004  012  014  013  018  013  003  000 
 020  008  006  021  017  017  017  019  029  032  034  038  042  028  010  005 
 010  008  012  022  009  008  012  016  025  028  030  042  042  030  020  016 
 008  008  022  022  010  008  008  005  008  014  019  026  014  014  019  028 

Celda42

 000  000  000  000  000  012  003  000  000  032  038  012  007  004  000  006 
 000  000  000  000  000  014  012  000  000  024  050  030  002  000  000  005 
 003  004  000  000  000  016  020  000  000  013  056  046  004  005  005  009 
 006  008  000  000  000  011  022  000  000  000  053  058  020  010  015  013 
 004  010  000  000  000  002  018  000  000  000  045  068  040  006  010  010 
 009  010  000  000  000  000  012  000  000  000  036  074  056  018  000  003 
 009  008  003  002  004  002  007  002  006  005  026  072  064  026  003  000 
 001  000  000  000  009  016  012  021  022  026  024  062  064  030  006  000 
 000  000  000  003  011  020  018  029  024  030  020  056  059  028  006  000 
 000  000  000  014  017  008  010  021  013  018  018  052  056  022  007  003 
 000  000  006  018  011  000  000  010  010  010  016  047  055  015  004  009 
 000  003  011  011  004  000  000  009  018  011  017  036  049  007  000  016 
 008  014  015  011  005  004  004  004  026  006  012  020  042  004  000  020 
 013  018  017  015  011  010  011  007  022  011  006  007  034  006  000  020 
 020  019  015  014  010  008  011  014  019  021  012  015  027  012  016  034 
 030  024  018  012  008  004  011  016  021  024  008  016  035  032  032  037 

Celda43

 010  009  010  017  020  019  016  010  002  005  010  007  002  000  000  000 
 008  012  018  014  006  011  015  012  006  006  006  000  000  000  000  000 
 008  012  020  014  002  006  008  008  007  002  001  000  000  000  002  006 
 012  017  022  012  000  000  000  000  000  000  000  000  004  008  013  015 
 013  014  012  007  000  000  000  000  000  000  007  012  012  011  014  015 
 003  002  007  006  000  000  000  000  000  004  017  010  008  006  009  010 
 000  000  008  012  008  018  018  010  006  011  014  000  000  000  003  006 
 000  000  010  020  021  017  016  011  008  011  009  000  000  000  005  000 
 000  000  014  027  017  000  002  001  001  014  013  008  005  004  009  003 
 000  008  024  022  009  000  000  000  006  026  017  012  011  014  019  011 
 011  020  025  015  000  000  000  012  023  036  012  007  010  017  019  014 
 018  017  016  012  004  007  013  024  037  029  013  010  014  017  012  008 
 024  010  006  011  003  008  016  024  027  018  016  017  017  012  006  004 
 026  012  002  010  012  013  012  011  011  012  018  018  012  007  004  004 
 033  017  004  015  029  018  006  004  012  011  014  012  006  000  000  003 
 029  011  002  021  034  014  009  011  013  000  000  000  000  000  000  002 

Celda44

 000  000  004  002  002  001  002  000  000  000  002  002  000  005  000  020 
 003  008  012  010  004  000  000  000  000  000  001  001  002  010  012  000 
 017  016  013  014  012  007  002  000  000  002  006  007  006  006  013  012 
 021  016  013  016  017  010  004  001  002  005  010  006  002  001  008  022 
 012  006  005  005  006  004  000  000  002  008  006  004  004  007  009  017 
 006  000  000  002  000  000  000  000  004  001  000  010  013  010  010  008 
 006  003  000  000  000  000  000  000  006  000  002  018  015  006  006  006 
 002  002  002  000  000  000  000  000  006  000  006  024  017  002  006  009 
 000  000  000  002  002  000  000  000  006  006  012  026  018  001  004  009 
 007  003  002  007  013  018  020  014  014  020  025  027  014  002  000  000 
 014  018  020  021  024  030  032  028  018  012  014  018  013  000  000  000 
 012  022  026  026  026  026  025  020  006  000  010  024  020  000  000  000 
 007  010  012  014  014  012  008  006  000  000  008  028  024  004  000  006 
 002  000  000  004  000  000  000  000  000  007  022  034  018  006  002  002 
 004  000  000  005  000  000  000  000  006  018  036  040  017  000  000  000 
 010  012  004  002  000  000  001  010  015  021  042  037  015  001  000  002 

Celda45

 064  051  000  002  000  012  018  014  003  000  003  014  014  010  006  000 
 042  063  026  000  000  006  016  016  007  000  004  012  018  008  000  000 
 006  050  048  012  000  010  006  013  016  006  004  002  010  006  000  000 
 018  017  052  042  016  016  014  010  016  012  000  000  004  000  000  000 
 024  016  036  055  034  016  017  018  014  009  002  000  003  002  002  008 
 014  020  023  042  044  028  013  009  008  000  004  004  004  002  010  021 
 008  016  017  020  040  037  022  006  000  000  006  006  006  010  012  013 
 012  015  018  016  023  034  026  010  000  000  008  010  014  024  022  014 
 012  012  016  018  006  019  032  020  000  000  006  011  016  025  022  015 
 003  008  010  010  008  000  031  036  004  000  003  012  019  024  016  000 
 002  002  000  000  004  004  014  040  014  000  007  012  013  018  017  009 
 008  000  000  000  000  004  012  024  015  008  016  012  002  008  016  016 
 008  000  000  000  001  002  028  029  006  010  020  012  000  002  020  019 
 000  000  000  003  004  022  035  022  016  000  014  022  006  007  029  022 
 000  004  003  003  011  030  028  006  007  007  000  026  027  026  041  021 
 002  006  006  001  011  026  014  001  000  016  018  013  038  038  033  006 

Celda46

 000  002  012  022  016  011  014  018  015  006  001  000  001  009  008  005 
 000  006  012  016  006  000  001  009  010  004  000  000  000  007  010  011 
 000  007  013  014  004  000  000  000  000  000  000  000  000  010  012  014 
 006  019  020  011  000  000  000  000  000  006  009  004  000  013  018  025 
 029  029  020  010  007  017  021  024  028  030  024  016  010  015  027  033 
 029  021  016  014  014  027  032  030  028  022  018  018  018  021  031  029 
 011  012  017  011  006  011  016  004  000  002  008  016  018  022  031  027 
 010  020  020  004  002  004  016  006  000  000  006  013  017  030  040  032 
 016  025  014  000  000  000  012  008  000  000  004  013  022  041  041  022 
 004  009  000  000  000  000  012  010  000  000  002  012  024  034  019  004 
 004  004  000  000  000  001  012  008  000  000  000  007  014  009  000  000 
 009  005  004  003  012  015  014  000  000  002  004  004  005  000  000  000 
 010  010  008  002  000  000  000  000  000  002  002  004  008  001  000  002 
 006  014  010  000  000  001  000  000  000  000  000  006  008  004  000  000 
 000  011  010  000  000  004  000  000  000  000  000  008  003  004  010  000 
 000  006  012  000  003  000  005  002  000  000  000  006  002  010  017  000 

Celda47

 000  006  016  002  000  002  018  017  010  010  009  001  000  009  044  000 
 008  014  020  004  002  004  016  011  007  006  002  000  000  010  046  000 
 020  026  022  012  013  011  009  006  007  008  004  000  000  015  053  007 
 034  024  008  000  002  008  006  002  009  000  000  000  000  026  062  015 
 029  011  002  002  004  004  007  004  004  000  000  000  005  042  065  015 
 018  006  002  003  007  009  003  002  000  000  000  005  018  043  056  007 
 019  014  013  008  001  006  000  000  000  002  010  018  016  028  047  000 
 029  027  015  003  000  000  000  000  000  019  024  015  010  012  041  000 
 020  018  000  000  000  000  001  008  011  020  010  000  000  004  038  000 
 000  008  000  000  000  000  000  020  018  012  006  000  000  012  049  010 
 000  006  000  000  000  000  000  016  013  006  008  007  000  020  049  000 
 004  006  000  000  001  006  000  000  002  008  018  015  002  024  054  000 
 000  002  000  000  007  010  004  000  000  008  020  012  000  028  062  000 
 000  000  000  002  006  004  002  008  014  006  004  006  004  034  065  000 
 000  000  002  000  000  000  006  016  014  005  000  010  018  039  065  000 
 000  000  000  000  000  000  013  017  010  008  018  046  041  047  073  011 

Celda48

 004  009  017  016  006  000  004  019  010  007  017  018  003  003  000  000 
 001  004  013  018  014  008  019  029  012  010  013  014  007  006  010  014 
 001  003  008  012  017  020  035  036  018  015  016  023  019  012  018  029 
 003  005  008  009  014  022  037  032  018  018  019  026  016  007  011  024 
 002  004  008  008  010  022  029  019  010  011  010  011  000  000  008  020 
 001  003  006  008  008  020  021  011  010  010  007  000  000  000  016  032 
 001  002  005  006  005  018  020  014  016  015  012  006  003  001  018  034 
 001  002  002  004  009  024  027  019  014  011  008  008  008  005  012  032 
 000  000  001  006  020  034  031  015  006  003  002  002  000  000  005  024 
 000  000  000  002  021  028  018  002  000  000  000  000  000  000  006  016 
 000  000  000  000  016  018  006  000  000  000  000  002  004  007  017  018 
 000  000  000  000  018  016  006  000  000  000  000  000  006  012  022  020 
 000  000  000  000  018  016  008  000  000  000  000  000  000  007  019  021 
 000  000  000  000  018  018  012  002  000  000  000  002  000  006  016  018 
 001  002  006  006  018  020  012  000  000  000  000  002  003  010  018  015 
 000  001  006  012  021  020  009  000  000  000  002  003  007  010  018  018 

Celda49

 016  028  032  022  019  016  016  014  008  012  022  017  000  000  010  024 
 037  049  033  014  012  012  017  024  032  037  035  019  002  004  017  016 
 046  041  011  000  000  000  010  021  030  036  035  024  018  022  032  021 
 028  015  000  000  000  002  018  023  015  009  008  006  010  025  032  024 
 021  011  004  000  000  004  022  026  016  010  004  000  004  017  021  012 
 031  018  016  016  018  020  028  028  020  008  000  001  010  018  014  000 
 026  008  009  014  020  020  020  024  021  010  006  008  017  017  008  000 
 024  002  000  002  010  014  013  024  024  015  015  024  025  014  000  000 
 022  006  000  000  009  012  016  030  029  022  027  031  020  011  004  004 
 014  005  001  009  014  009  012  024  022  015  017  012  002  000  001  004 
 004  001  007  016  016  005  004  013  011  004  008  008  000  000  000  002 
 012  012  018  018  012  004  002  010  010  002  007  008  000  000  000  006 
 019  024  027  021  011  000  000  008  010  004  008  008  000  000  003  006 
 014  017  024  023  018  010  001  005  012  007  006  004  000  000  006  005 
 006  007  014  015  014  010  007  007  012  006  000  000  000  006  008  004 
 004  004  014  012  000  006  010  013  016  005  000  000  000  010  013  006 

Celda50

 020  018  017  013  008  002  010  012  015  010  000  013  038  032  022  023 
 002  000  002  002  006  004  011  014  008  004  001  022  043  021  003  009 
 007  000  000  000  000  008  016  018  006  002  002  029  045  008  000  000 
 021  014  004  000  000  002  015  017  006  004  004  025  035  000  000  000 
 014  017  014  004  000  005  012  016  010  010  010  014  024  002  000  010 
 000  000  010  014  010  010  019  020  011  010  014  010  007  010  002  012 
 000  000  000  010  016  015  024  020  005  004  011  016  008  012  018  008 
 000  000  000  001  008  010  016  017  005  004  014  009  006  007  024  004 
 006  003  000  000  002  004  011  019  012  010  013  001  000  000  030  006 
 005  002  000  003  002  004  013  021  013  006  002  000  000  000  030  022 
 000  000  000  003  000  009  019  019  007  000  000  000  000  000  024  036 
 000  000  000  002  007  022  023  012  002  000  000  000  000  000  016  038 
 000  002  004  008  020  025  012  002  000  000  000  000  000  002  010  033 
 000  002  008  015  019  013  003  000  000  004  005  005  008  010  004  030 
 000  000  008  010  006  006  004  000  002  002  002  006  011  013  010  042 
 000  000  006  006  002  004  006  004  000  000  000  002  009  012  013  051 

Celda51

 017  004  006  024  024  004  004  005  000  000  000  000  000  000  000  012 
 014  002  006  017  016  005  000  000  000  000  000  000  000  000  002  016 
 016  012  012  016  012  003  000  000  000  000  000  000  000  000  002  011 
 014  015  016  018  011  000  000  000  000  003  003  000  001  004  006  009 
 024  019  010  014  013  002  000  000  004  001  000  000  004  012  019  023 
 016  009  000  007  017  010  000  001  004  000  000  000  002  016  025  028 
 000  002  000  000  016  016  002  000  002  000  000  000  006  020  022  020 
 001  000  000  000  009  018  014  006  000  000  000  000  006  014  013  006 
 005  004  002  005  011  021  021  012  003  005  004  000  000  012  018  011 
 003  012  017  021  024  029  023  011  008  012  012  000  000  010  022  018 
 006  004  018  022  020  023  017  009  011  006  008  006  001  005  019  020 
 016  002  012  012  010  014  010  004  002  000  000  002  008  004  012  021 
 019  008  014  013  009  010  006  004  000  000  000  000  009  009  010  030 
 032  028  026  021  016  012  009  008  010  006  001  004  012  016  015  035 
 057  046  035  026  017  009  007  005  006  007  008  012  014  012  008  021 
 063  039  021  014  009  000  004  004  000  005  010  012  008  003  000  012 

Celda52

 011  008  007  003  001  005  015  023  024  022  038  022  010  004  000  006 
 010  000  000  005  006  010  018  022  022  017  017  000  001  006  008  013 
 008  000  000  004  004  007  008  007  011  012  002  000  002  010  016  016 
 009  012  008  006  004  005  004  000  004  006  005  011  013  014  015  016 
 025  025  014  010  008  006  003  000  000  000  004  025  019  017  014  015 
 028  023  014  012  011  008  006  004  000  000  005  032  014  014  011  007 
 015  008  006  008  008  008  008  008  003  000  012  026  001  002  002  000 
 000  000  000  002  003  003  004  006  006  006  012  014  000  000  006  012 
 002  000  000  000  002  002  000  002  010  016  008  004  000  005  016  022 
 008  002  000  002  004  005  002  002  012  020  016  013  015  010  009  011 
 015  008  000  000  000  000  004  010  016  017  021  022  014  000  001  012 
 020  008  000  000  003  002  010  020  017  012  012  006  000  000  002  016 
 033  006  000  000  004  016  020  017  014  006  000  000  000  000  013  018 
 028  000  000  000  006  024  022  002  000  000  000  000  000  006  007  006 
 016  000  000  000  006  020  020  004  000  000  000  003  006  000  000  000 
 008  000  000  000  004  008  010  002  000  000  000  002  000  000  000  000 

Celda53

 012  009  000  003  014  019  007  000  006  014  025  020  031  044  023  000 
 014  002  000  002  012  017  011  006  008  002  009  016  015  031  022  004 
 010  000  000  000  009  017  018  010  004  001  000  001  004  010  018  018 
 014  008  002  000  008  020  023  012  000  000  000  002  000  000  011  024 
 016  013  007  000  008  026  030  013  000  000  000  006  000  000  002  022 
 006  008  008  002  010  032  030  010  003  001  000  005  002  000  000  016 
 002  010  016  012  016  034  023  008  002  005  002  002  000  000  000  008 
 014  014  018  020  018  031  016  006  000  000  004  006  006  005  000  000 
 020  014  013  020  022  031  012  000  001  000  000  002  005  010  011  004 
 012  012  010  018  024  024  010  003  000  000  000  002  006  000  008  011 
 002  006  008  012  013  010  009  010  008  004  000  000  006  000  008  019 
 003  002  007  006  003  004  008  012  012  010  008  004  004  009  011  017 
 004  003  004  000  000  002  003  004  010  011  009  006  002  011  008  000 
 003  000  000  000  000  002  000  002  002  006  008  010  006  006  006  000 
 001  000  000  000  000  000  000  005  000  001  008  012  009  004  002  000 
 000  001  000  001  004  000  000  006  000  000  006  006  004  005  011  010 

Celda54

 000  005  013  003  004  002  001  004  000  000  000  007  010  023  022  000 
 002  016  010  000  000  000  000  000  000  000  009  019  016  016  008  000 
 018  014  000  000  000  000  000  000  000  007  012  008  002  003  000  000 
 024  010  000  000  000  002  004  000  004  004  010  007  002  000  000  000 
 020  008  000  000  000  004  010  003  000  000  000  006  002  000  000  000 
 016  006  001  000  000  006  014  008  000  000  000  003  000  000  000  000 
 012  008  004  000  000  011  018  010  000  000  008  009  005  003  005  004 
 006  011  008  000  000  016  025  011  000  003  005  000  000  002  003  000 
 000  008  012  000  000  012  026  014  002  006  007  000  000  004  004  000 
 008  000  008  003  000  001  018  018  008  006  012  005  000  000  002  000 
 021  012  000  000  000  000  006  016  014  012  017  009  000  000  000  000 
 016  010  000  000  004  004  002  010  016  019  016  004  000  000  002  001 
 000  000  000  000  006  012  010  017  021  016  011  000  000  002  002  003 
 000  000  000  002  000  016  022  028  021  008  006  006  007  005  000  000 
 000  001  002  004  004  014  032  029  011  006  004  011  012  007  004  000 
 008  004  002  004  010  021  030  024  002  004  002  010  012  005  008  007 

Celda55

 000  000  000  004  003  006  008  008  010  019  035  050  031  036  067  011 
 000  000  000  018  017  006  003  004  009  012  022  027  010  023  058  007 
 000  003  015  022  009  000  004  007  004  000  010  014  000  018  057  007 
 000  004  006  006  002  000  006  008  004  000  008  012  004  028  063  009 
 003  007  010  008  005  006  007  006  005  002  002  007  006  038  064  000 
 000  004  010  013  010  008  002  000  000  000  000  008  008  036  064  000 
 000  000  004  011  012  010  004  000  000  000  000  012  008  032  062  000 
 000  000  000  006  012  010  005  000  000  000  000  010  006  034  067  000 
 000  000  000  004  011  008  004  000  000  000  000  002  004  040  074  000 
 000  000  000  008  012  005  000  000  000  000  000  000  000  038  075  000 
 000  002  006  016  018  004  000  002  004  002  000  002  004  038  077  003 
 004  009  014  019  015  004  006  008  006  001  000  005  002  040  082  010 
 006  010  010  010  006  000  000  000  000  000  000  006  000  036  075  000 
 003  007  005  001  000  000  000  000  000  000  003  005  000  032  074  000 
 002  006  006  002  000  000  000  000  002  004  008  008  005  037  077  004 
 000  004  008  000  000  000  000  002  008  010  010  006  001  034  074  005 

Celda56

 000  000  002  006  012  009  006  000  000  004  009  011  016  013  014  018 
 000  000  002  004  004  000  002  000  000  013  013  016  019  012  010  012 
 001  002  002  000  000  000  000  002  012  021  018  019  019  014  008  006 
 000  000  000  000  003  000  003  009  024  022  017  018  017  015  012  005 
 000  000  000  000  008  004  002  014  024  011  008  014  015  012  010  004 
 000  000  000  000  009  010  006  017  019  003  008  018  011  002  001  000 
 001  001  000  000  003  013  020  022  015  002  005  016  010  000  000  000 
 002  004  004  000  000  015  028  024  012  002  002  006  006  000  000  000 
 000  000  000  000  000  013  026  027  018  008  004  000  001  003  002  004 
 000  000  000  000  000  006  024  034  026  015  009  008  008  018  013  009 
 000  000  000  000  000  001  028  042  029  018  010  006  009  016  007  004 
 000  000  000  000  000  000  030  044  028  018  012  000  000  004  001  000 
 000  000  000  000  000  000  028  040  028  018  012  001  000  002  006  000 
 003  008  018  024  031  040  057  061  047  029  015  004  004  013  025  031 
 010  025  054  070  082  084  089  090  076  058  047  043  044  054  058  055 
 000  000  000  000  008  007  011  019  015  005  000  000  002  010  012  012 

Celda57

 008  005  010  013  002  002  006  009  011  008  008  006  003  006  014  009 
 012  011  018  021  009  004  004  003  002  000  007  014  014  015  014  006 
 013  016  019  016  006  005  007  007  004  007  016  018  016  011  004  000 
 009  020  020  007  000  000  000  009  015  021  026  014  010  001  000  000 
 002  020  022  006  000  000  002  012  016  015  015  004  002  000  000  000 
 000  017  020  006  000  000  002  016  012  000  002  000  000  000  004  010 
 004  023  018  004  002  003  004  009  008  000  002  000  000  002  013  016 
 014  025  014  005  008  001  000  006  004  000  001  000  000  004  015  006 
 011  010  004  006  007  000  000  007  006  000  000  000  000  002  002  000 
 000  001  003  015  011  000  002  009  006  000  000  004  000  000  000  000 
 000  000  000  016  018  002  000  005  004  000  001  002  000  000  000  004 
 000  000  000  010  019  010  002  008  006  000  004  000  000  002  006  024 
 009  009  000  003  012  008  009  016  010  002  002  000  000  007  016  028 
 028  034  032  026  024  020  026  036  027  013  010  010  016  025  031  033 
 045  048  056  056  053  054  058  062  051  036  034  037  045  046  042  039 
 006  000  000  000  000  003  008  016  011  000  000  005  009  005  001  000 

Celda58

 000  000  002  011  010  008  007  003  000  000  000  007  006  006  003  036 
 000  000  000  017  020  011  000  000  000  000  003  011  004  000  000  027 
 000  005  011  025  024  006  000  000  000  000  007  007  000  000  000  014 
 004  005  011  017  012  002  000  000  000  002  008  000  000  000  003  000 
 009  007  002  004  002  000  000  001  005  011  004  000  000  000  002  000 
 013  003  000  002  000  000  008  008  011  011  000  000  000  000  000  000 
 007  000  000  002  000  000  010  012  010  004  000  000  000  000  000  000 
 000  000  000  012  011  008  002  012  010  002  000  000  000  000  000  003 
 000  000  011  023  015  011  002  004  005  004  008  004  008  009  012  014 
 002  014  020  024  008  004  000  000  002  010  020  005  004  008  013  012 
 026  029  022  018  004  000  002  001  005  017  018  000  000  004  000  000 
 040  027  012  004  000  000  005  008  010  015  008  000  000  006  000  000 
 025  010  000  000  000  000  004  011  008  006  002  000  000  001  000  000 
 023  010  005  008  011  016  028  030  028  021  018  018  017  014  022  038 
 036  033  036  036  040  046  053  045  046  046  044  044  046  048  054  064 
 000  000  004  000  000  004  009  000  000  000  000  000  000  000  005  000 

Celda59

 046  020  005  002  000  000  002  008  000  006  010  004  000  000  000  002 
 044  022  008  009  000  005  004  004  000  000  000  000  000  000  001  000 
 042  031  014  014  006  004  006  000  000  002  000  000  000  002  000  000 
 036  045  024  009  005  000  000  000  000  000  000  000  000  000  000  000 
 027  058  034  000  000  004  000  000  000  000  000  000  000  000  000  001 
 014  059  038  000  000  010  003  000  000  000  000  000  000  000  002  028 
 000  050  041  000  000  014  004  000  000  000  006  008  006  007  026  032 
 000  040  048  012  005  020  008  004  006  023  018  014  015  020  024  019 
 010  035  056  029  014  024  013  012  020  029  008  000  003  012  007  008 
 009  027  054  026  004  013  006  001  002  005  000  000  000  000  000  000 
 000  018  046  028  010  014  007  000  000  000  000  000  001  000  000  000 
 000  018  036  028  018  016  006  000  000  000  002  004  000  000  000  000 
 000  014  029  030  020  014  006  000  000  000  003  010  002  000  000  000 
 044  032  035  035  020  009  008  010  015  016  023  036  024  018  019  023 
 072  068  063  066  056  051  051  050  048  044  052  059  042  041  048  056 
 000  000  000  016  016  011  008  007  008  005  009  011  000  000  000  000 

Celda60

 002  000  000  000  000  000  000  000  009  016  002  000  000  000  000  004 
 000  000  000  000  000  000  000  000  016  022  000  000  000  000  002  008 
 000  000  002  002  000  000  002  007  015  009  000  000  000  000  000  000 
 000  002  000  001  000  000  010  017  017  006  002  002  002  000  000  000 
 015  014  010  004  004  004  008  018  016  014  013  004  000  000  000  000 
 021  015  015  017  012  004  005  006  000  000  000  000  000  000  000  009 
 010  010  014  018  014  002  000  001  000  000  000  002  010  010  010  007 
 002  005  008  006  003  000  000  000  000  000  000  000  006  005  002  000 
 002  000  000  000  000  000  000  000  000  000  000  000  000  000  000  000 
 002  000  000  000  000  000  000  000  000  000  000  000  000  000  000  000 
 000  000  000  000  000  000  000  000  000  000  000  000  000  000  000  006 
 000  000  000  004  000  000  000  000  000  000  001  000  000  000  002  006 
 000  000  004  009  004  001  000  000  000  001  007  010  012  016  020  014 
 027  032  034  032  025  020  020  027  040  043  044  048  052  052  054  056 
 059  059  060  058  054  054  058  072  081  074  072  072  074  074  074  080 
 001  000  000  000  000  000  000  011  012  001  000  001  000  000  000  000 

Celda61

 002  000  004  004  002  004  000  006  004  007  005  002  002  009  012  006 
 000  000  002  010  006  000  003  004  011  014  007  005  006  012  003  000 
 000  000  002  010  014  005  000  000  014  011  000  000  000  004  000  000 
 000  004  004  006  018  014  000  000  013  010  000  000  000  004  000  000 
 007  013  005  006  016  014  000  000  007  006  000  000  000  003  000  000 
 022  008  000  007  008  006  004  000  002  002  000  004  006  002  002  002 
 005  000  000  010  003  000  010  012  009  006  006  010  012  011  011  008 
 000  000  001  012  004  002  014  016  007  000  000  000  002  008  010  008 
 000  000  017  024  011  009  016  012  006  000  000  001  000  005  010  010 
 002  007  020  011  001  006  012  004  000  000  000  002  005  012  012  008 
 004  012  012  006  004  014  012  000  000  000  000  002  008  018  016  004 
 010  012  013  015  023  022  006  000  003  006  006  010  021  031  024  010 
 014  016  012  013  017  009  002  004  013  020  022  023  025  028  023  010 
 052  049  039  032  032  032  034  045  052  053  054  050  042  046  044  030 
 082  076  071  064  064  071  075  077  077  075  071  069  066  069  068  054 
 000  000  000  000  000  008  010  007  007  007  002  000  000  006  010  000 

Celda62

 003  004  012  020  024  019  014  017  012  000  000  007  015  010  007  012 
 000  010  025  036  028  016  006  006  016  004  000  008  017  010  004  004 
 000  010  027  021  012  008  010  009  008  005  000  014  020  002  003  004 
 000  004  009  000  000  000  010  015  009  000  004  024  024  006  000  007 
 000  001  005  000  000  000  020  010  009  004  011  035  028  009  010  007 
 002  002  000  000  003  014  028  010  013  022  032  036  020  000  002  002 
 008  010  010  011  016  025  026  016  020  030  028  016  012  000  000  000 
 010  017  016  014  020  024  021  018  013  009  006  006  017  004  000  002 
 012  016  012  013  021  019  013  009  002  000  000  008  015  005  006  009 
 004  004  001  007  014  007  002  002  004  008  017  012  002  000  014  025 
 000  000  001  005  004  000  000  002  003  009  016  007  003  011  020  026 
 008  001  000  005  003  000  000  005  004  002  004  000  008  023  018  008 
 008  001  000  002  002  002  004  004  002  000  003  006  004  011  001  000 
 030  028  026  031  040  043  039  030  025  024  027  036  036  031  026  026 
 058  063  066  076  082  078  070  068  068  068  068  072  072  065  062  064 
 000  000  000  008  011  005  000  000  000  000  000  007  012  005  000  000 

Celda63

 010  003  004  000  000  000  006  003  004  010  011  010  006  033  071  001 
 011  008  000  000  000  010  016  013  010  014  021  021  018  035  073  002 
 000  009  014  014  017  024  025  015  009  015  019  008  006  024  069  001 
 006  011  024  028  020  021  014  006  004  009  006  000  000  026  074  007 
 013  021  024  022  020  010  005  002  004  002  000  000  000  038  075  006 
 010  023  016  004  006  010  008  004  002  000  002  010  012  036  066  000 
 010  026  012  000  000  006  011  007  003  002  006  014  010  024  065  000 
 014  023  009  000  004  012  002  005  004  004  009  015  006  024  070  005 
 024  018  006  000  002  019  005  002  002  004  014  020  012  034  072  010 
 039  022  009  006  006  025  016  006  006  006  020  023  012  035  070  016 
 032  014  011  012  014  026  019  009  012  010  018  019  006  031  068  013 
 007  004  009  014  014  012  012  000  002  001  007  014  000  024  061  000 
 004  010  011  012  010  004  004  000  000  000  002  008  000  024  061  000 
 033  046  044  034  032  030  026  021  020  022  023  018  014  043  073  012 
 067  076  071  057  056  056  059  061  064  065  064  064  066  092  104  049 
 003  014  012  000  000  000  000  000  000  000  000  000  003  027  041  000 

