Celda0

 000  000  000  000  001  003  002  000  000  002  001  000  000  000  000  001 
 000  000  000  000  002  006  004  000  000  004  001  000  000  000  000  001 
 000  000  000  000  003  008  004  000  004  005  000  000  002  000  000  000 
 000  000  000  000  004  002  000  004  012  004  000  000  008  000  000  000 
 000  000  003  010  015  006  000  004  012  001  000  000  009  008  000  013 
 000  000  000  002  002  002  002  000  002  000  000  000  004  012  009  002 
 001  000  000  000  005  000  000  000  000  000  004  004  002  008  014  006 
 001  001  000  000  004  000  000  000  000  000  007  012  004  001  008  010 
 000  000  000  000  000  000  000  000  000  000  006  016  008  000  000  012 
 000  000  000  000  000  000  000  000  000  000  004  014  010  000  002  020 
 000  000  000  000  004  007  003  000  000  000  002  008  009  006  016  027 
 000  000  000  000  010  008  000  000  000  002  004  010  017  026  033  030 
 001  002  003  000  006  003  000  000  000  004  010  023  033  037  031  020 
 000  000  000  000  000  000  000  005  009  017  024  032  032  026  013  004 
 000  000  000  000  000  000  007  028  038  023  019  026  023  014  008  002 
 000  000  000  000  000  002  026  054  043  014  006  019  018  011  010  007 

Celda1

 002  000  000  000  000  000  000  000  001  000  000  000  000  009  012  008 
 006  000  000  000  000  000  000  002  002  000  000  000  000  022  030  018 
 010  000  000  000  000  000  000  006  006  002  000  000  000  040  065  039 
 006  000  000  000  000  000  000  014  011  003  000  000  000  038  080  054 
 007  000  000  000  000  012  030  052  048  032  029  030  026  020  073  065 
 006  000  000  001  006  014  034  045  036  022  022  026  024  011  064  085 
 000  006  008  008  009  009  026  031  023  014  017  018  016  007  060  101 
 001  007  011  010  011  010  022  025  022  015  016  015  014  008  052  101 
 015  009  012  012  014  014  022  028  029  021  018  020  022  018  034  090 
 025  010  011  014  014  014  023  031  028  015  010  018  024  024  020  070 
 022  006  004  006  008  008  020  026  014  004  000  003  013  018  014  050 
 019  006  004  006  009  008  012  012  001  000  000  000  000  008  005  035 
 014  009  010  009  010  008  000  004  002  000  000  000  000  003  000  022 
 008  005  004  000  000  000  000  000  010  006  003  002  006  014  013  008 
 007  007  000  000  000  000  000  006  017  011  000  006  018  027  026  014 
 001  002  000  000  000  006  014  019  019  002  000  002  015  021  019  010 

Celda2

 004  000  000  000  000  000  001  000  000  000  000  000  000  000  000  000 
 008  000  000  000  000  000  002  000  000  000  000  000  000  000  000  000 
 016  004  000  000  000  000  002  002  000  000  000  000  000  000  000  000 
 022  012  000  000  000  000  000  003  000  000  000  000  000  000  000  000 
 030  018  005  003  010  012  008  000  000  000  000  007  022  036  042  044 
 064  037  018  010  006  004  003  000  000  000  000  002  016  029  036  038 
 066  018  006  000  000  000  000  000  000  000  000  006  011  027  027  032 
 054  000  000  000  000  004  008  010  014  016  012  012  018  024  018  018 
 055  000  000  000  010  018  016  016  024  027  024  020  022  017  008  004 
 060  015  016  030  022  010  005  009  017  021  023  024  020  014  008  001 
 067  047  036  027  014  000  000  000  004  000  005  012  014  012  008  004 
 074  056  024  006  003  002  000  000  003  000  002  002  002  003  000  000 
 076  064  018  000  000  000  000  000  002  001  002  006  000  000  000  000 
 067  058  017  004  000  000  000  002  004  001  000  002  002  000  000  000 
 048  042  016  018  006  000  000  004  005  002  000  000  002  000  002  002 
 034  034  015  027  014  002  000  002  000  000  000  000  000  000  000  006 

Celda3

 000  006  010  007  000  000  000  000  002  002  000  000  001  001  000  000 
 000  012  024  019  004  000  000  000  006  007  000  000  003  002  000  000 
 000  018  044  044  019  000  000  000  011  018  002  000  007  004  000  000 
 000  004  038  055  043  004  000  000  006  023  012  004  007  002  000  000 
 044  033  018  038  051  028  000  017  018  019  025  023  009  000  000  000 
 042  044  033  007  028  038  026  004  017  022  039  024  002  000  000  000 
 040  045  041  028  001  020  042  036  006  009  025  008  000  000  000  018 
 029  035  038  040  036  014  025  043  024  010  016  005  000  000  020  036 
 006  014  024  036  044  041  018  018  020  012  020  018  003  008  024  024 
 000  005  016  025  030  036  036  018  000  000  028  045  028  009  009  019 
 004  012  022  025  022  024  032  036  024  001  019  061  048  006  000  020 
 006  017  018  018  016  018  026  034  036  030  008  046  054  024  008  019 
 010  012  004  000  001  010  018  024  030  036  034  021  038  036  020  019 
 010  012  001  000  000  002  008  013  023  036  046  039  030  022  009  014 
 008  010  000  000  000  000  001  007  018  031  040  041  036  027  006  000 
 016  015  004  004  002  000  002  009  016  022  026  032  038  042  042  030 

Celda4

 000  000  000  000  001  000  000  001  000  000  000  000  001  001  000  000 
 000  000  000  000  002  001  000  001  000  000  000  000  002  002  000  000 
 000  000  000  002  006  004  002  000  000  000  000  000  006  008  000  000 
 000  000  000  002  008  006  004  001  000  000  000  000  012  018  002  000 
 000  009  010  006  010  009  009  010  010  014  010  002  015  029  016  009 
 015  017  008  000  005  010  010  009  006  009  012  012  022  030  009  000 
 034  016  006  002  004  017  016  007  002  002  006  015  034  034  004  000 
 031  012  009  010  018  028  016  002  000  000  000  006  038  029  014  006 
 015  010  010  015  028  029  010  002  000  000  000  016  034  014  012  014 
 011  002  006  010  023  015  006  004  000  000  004  040  038  011  010  014 
 020  000  000  000  010  002  000  000  004  010  031  052  034  012  010  011 
 023  000  001  000  004  004  002  000  006  019  043  038  018  010  012  014 
 030  015  014  016  006  004  005  000  007  042  051  026  017  022  018  021 
 042  042  012  024  030  020  007  002  028  056  040  024  020  033  023  024 
 036  058  044  016  016  024  024  027  044  045  015  010  019  032  020  022 
 006  044  056  041  012  003  031  042  035  021  008  002  018  024  012  019 

Celda5

 001  001  000  000  002  002  000  000  000  000  000  000  002  002  000  000 
 004  003  000  000  004  004  000  000  000  000  000  000  005  004  000  000 
 008  006  000  002  010  007  000  001  002  000  000  002  012  004  000  000 
 008  007  000  005  014  005  000  005  002  000  000  006  018  000  000  000 
 010  006  001  012  019  002  000  008  004  000  004  020  030  006  000  000 
 000  003  003  012  012  000  000  006  003  000  000  022  022  003  004  009 
 000  004  008  015  011  000  000  002  000  000  000  021  013  002  011  018 
 000  002  008  015  011  000  000  009  007  004  009  020  011  002  008  016 
 010  002  007  012  008  003  008  008  000  001  009  020  015  006  004  004 
 015  016  029  030  012  000  011  014  000  000  007  020  018  008  003  000 
 017  028  048  035  022  017  039  045  026  018  012  030  030  012  009  002 
 022  043  046  025  018  026  069  063  042  032  023  044  039  016  016  018 
 037  046  026  013  011  036  067  045  028  023  017  038  029  010  014  024 
 042  035  016  008  010  046  058  028  014  012  009  029  020  006  010  016 
 035  020  012  010  016  056  048  013  004  008  016  037  029  014  013  016 
 031  018  014  011  021  054  032  002  000  008  028  052  039  021  014  021 

Celda6

 000  000  000  000  000  000  003  006  004  000  000  000  002  000  000  000 
 000  000  000  001  000  000  008  014  008  000  000  000  004  000  000  000 
 000  000  003  002  000  000  018  028  016  001  000  000  006  000  000  000 
 000  004  008  004  000  005  024  030  017  004  000  002  008  000  000  000 
 002  015  024  024  029  041  049  036  012  004  002  012  021  012  014  014 
 012  025  033  034  042  048  044  028  010  002  011  023  020  006  008  009 
 020  034  039  038  041  035  025  016  014  012  024  028  013  003  004  007 
 023  038  039  036  030  017  011  009  014  017  025  019  001  000  005  013 
 017  034  039  034  015  003  009  009  012  022  025  012  000  000  008  021 
 014  031  039  027  014  006  007  011  020  033  026  020  010  006  024  034 
 018  040  036  010  007  010  004  009  030  035  018  017  012  010  034  036 
 035  049  027  000  000  004  006  003  032  033  002  000  001  004  026  025 
 040  034  014  000  004  017  019  012  022  031  004  000  000  006  018  021 
 025  007  004  007  009  023  014  010  009  024  002  000  008  025  024  026 
 019  010  000  008  014  016  000  000  005  020  004  002  027  035  026  027 
 029  022  019  015  014  003  000  000  007  016  010  010  026  021  005  005 

Celda7

 000  001  002  000  000  001  000  000  000  003  002  000  000  003  008  000 
 002  002  003  000  000  002  000  000  000  006  006  000  000  007  020  000 
 007  005  002  000  000  004  002  000  000  006  016  001  000  014  042  000 
 014  006  000  000  000  008  008  000  000  000  024  012  000  018  052  000 
 031  019  012  006  009  031  040  027  024  018  043  052  038  055  078  027 
 023  017  014  015  019  040  038  018  019  022  050  059  032  036  055  016 
 020  023  016  020  019  034  026  010  016  021  043  046  016  019  040  008 
 027  033  020  019  014  025  026  013  023  028  038  039  015  021  042  010 
 033  038  025  019  015  023  033  027  027  030  026  035  023  026  038  005 
 030  033  025  020  018  019  033  028  014  012  002  020  018  014  022  000 
 023  021  016  010  010  005  025  020  000  000  000  022  023  007  019  000 
 012  006  000  000  000  000  022  020  000  000  000  020  024  010  023  000 
 008  000  000  000  000  000  017  026  005  010  014  021  028  027  039  013 
 013  002  001  006  005  002  009  034  016  012  016  015  038  044  041  016 
 016  012  016  017  010  004  002  042  028  012  014  012  035  035  024  005 
 005  010  020  016  008  011  014  055  040  013  013  008  020  030  022  000 

Celda8

 000  000  000  006  024  032  043  054  034  010  007  016  017  013  020  016 
 000  002  010  020  038  038  040  044  028  007  005  012  021  023  025  014 
 003  008  018  023  032  027  025  031  022  002  000  012  029  026  018  006 
 003  006  009  010  018  014  014  026  017  002  000  017  030  017  009  004 
 000  000  000  000  010  004  010  025  011  002  004  020  022  010  008  006 
 000  000  000  000  010  004  012  024  009  000  004  011  014  008  010  008 
 000  000  000  000  005  004  016  024  011  000  000  004  010  012  014  010 
 000  000  001  000  000  005  023  026  012  000  000  001  013  013  010  010 
 000  000  000  000  000  004  030  032  012  000  000  010  021  005  002  010 
 000  000  000  000  000  001  029  034  014  000  000  016  014  000  000  012 
 000  000  000  000  000  011  024  028  016  000  002  014  004  000  000  014 
 000  000  000  000  005  019  021  018  013  000  007  015  000  000  002  024 
 000  000  000  000  017  024  012  010  006  000  008  019  007  010  017  037 
 000  000  000  000  025  032  021  011  002  000  006  026  025  018  026  037 
 000  000  000  000  026  041  036  023  012  008  002  030  038  016  014  022 
 000  000  000  000  018  050  056  032  013  012  009  033  034  008  002  010 

Celda9

 009  003  000  003  012  022  026  018  012  004  000  013  011  010  007  000 
 006  009  008  010  017  024  023  009  002  000  004  022  012  008  004  000 
 000  002  006  009  017  021  017  004  000  000  012  025  010  008  008  002 
 000  000  000  006  013  012  008  004  000  000  021  023  004  003  010  020 
 000  000  000  007  004  003  000  000  000  002  024  012  000  000  010  029 
 000  000  000  005  000  000  000  000  000  010  015  002  000  000  008  024 
 000  002  000  000  000  000  000  000  004  018  008  000  000  000  005  016 
 004  000  000  000  000  000  000  002  017  014  005  003  015  014  012  017 
 007  000  000  000  005  008  012  020  030  017  015  031  032  022  017  018 
 009  000  011  021  020  010  008  022  023  014  019  032  018  010  014  016 
 017  022  030  025  015  004  002  020  008  002  010  017  006  001  012  017 
 029  024  013  001  000  000  006  018  000  000  011  015  006  006  014  015 
 026  003  000  000  000  000  011  019  004  003  019  022  011  008  014  006 
 016  000  000  000  002  003  019  020  006  006  018  014  004  006  009  000 
 007  004  002  004  024  022  019  013  001  002  008  007  009  009  000  000 
 002  002  010  020  038  022  010  004  000  000  000  000  012  010  000  000 

Celda10

 030  042  021  025  018  000  000  003  000  000  000  000  000  000  000  012 
 023  054  018  011  017  000  000  004  004  000  000  000  000  000  012  025 
 004  052  022  004  020  012  001  015  008  004  006  006  006  013  028  021 
 010  024  018  013  035  037  031  016  009  007  008  007  004  013  017  000 
 031  005  002  026  060  064  028  002  000  005  004  000  000  010  010  000 
 030  013  000  024  082  076  014  000  000  011  000  000  000  010  008  000 
 026  026  010  005  078  090  029  000  000  015  000  000  000  008  008  000 
 030  040  037  016  050  090  054  000  000  012  004  004  012  017  010  001 
 026  034  036  024  025  085  069  005  001  006  013  009  013  008  000  000 
 018  022  028  026  012  076  078  018  011  016  034  016  007  000  000  000 
 014  012  020  028  014  052  089  040  019  023  046  022  012  000  000  000 
 012  010  018  026  020  020  095  070  008  014  048  024  024  019  014  010 
 008  016  028  033  033  021  081  082  004  007  045  014  022  024  022  024 
 000  017  035  042  041  030  049  072  024  020  037  001  006  013  010  011 
 000  012  024  028  031  028  011  050  048  039  028  000  000  000  000  000 
 004  013  000  002  014  026  016  019  056  058  033  002  000  000  000  000 

Celda11

 023  011  006  005  002  000  011  023  018  020  021  026  030  032  039  046 
 017  006  006  006  005  005  023  031  019  021  023  026  025  020  019  026 
 001  000  004  006  008  014  031  032  019  017  020  023  026  026  022  021 
 000  002  002  000  004  016  026  024  013  006  008  013  020  024  022  021 
 000  005  006  000  000  010  008  012  006  000  000  004  010  006  006  008 
 000  004  006  006  008  003  004  011  002  000  000  010  009  000  000  002 
 000  000  001  015  015  000  000  008  000  000  010  024  013  002  003  008 
 000  000  000  020  017  000  000  001  000  002  032  036  012  008  010  014 
 000  000  000  018  012  000  000  002  005  022  039  022  000  004  009  010 
 000  000  008  016  006  000  000  013  034  045  032  008  001  000  000  000 
 000  012  016  014  006  004  010  035  062  055  026  008  002  002  001  003 
 017  038  028  014  015  015  027  050  062  048  015  008  003  011  007  010 
 039  046  021  015  025  022  023  034  038  028  000  000  004  008  000  008 
 027  024  009  012  019  015  011  011  016  014  000  000  008  000  000  014 
 012  008  000  002  008  012  006  004  007  002  000  003  004  000  000  020 
 008  006  000  000  010  014  006  004  000  000  007  008  000  002  007  017 

Celda12

 034  014  038  046  034  028  028  027  021  011  003  004  010  012  006  021 
 034  028  015  032  038  040  042  024  005  016  008  000  008  012  014  022 
 028  035  030  025  026  029  034  038  030  002  002  006  010  008  018  030 
 026  034  034  024  026  010  009  030  044  025  002  012  028  023  025  024 
 016  022  026  024  019  007  000  006  036  041  027  022  016  012  021  017 
 008  014  022  024  019  016  018  014  012  034  034  026  024  022  017  006 
 015  019  022  022  024  028  034  033  018  013  024  014  016  032  037  023 
 020  021  017  020  026  034  030  027  021  016  029  006  000  021  046  043 
 007  009  008  021  036  031  024  018  018  020  045  032  028  006  030  042 
 000  008  013  029  039  030  026  024  026  029  054  036  044  041  022  016 
 012  019  029  033  026  020  025  028  028  028  049  035  036  046  042  020 
 021  021  030  022  008  008  014  019  020  018  030  026  022  034  036  030 
 021  018  022  007  000  007  000  008  018  016  013  025  024  024  026  029 
 024  016  012  000  000  008  000  007  018  016  004  031  029  012  015  024 
 022  011  003  000  000  011  013  013  015  012  005  034  028  002  004  016 
 022  012  000  000  000  017  016  010  006  004  001  033  027  001  005  013 

Celda13

 032  019  010  002  021  050  023  005  000  004  042  052  030  016  006  025 
 024  005  000  000  033  054  022  010  003  007  044  037  014  008  006  029 
 018  000  000  012  058  061  022  012  010  012  043  022  000  006  012  029 
 012  000  002  031  068  054  016  010  007  009  035  020  000  010  016  023 
 000  000  002  034  047  030  006  002  001  007  030  018  007  012  013  015 
 000  000  010  032  031  017  000  000  003  023  042  030  018  011  009  008 
 000  000  008  032  031  017  000  000  008  045  050  027  013  008  011  011 
 017  000  013  035  027  014  000  000  008  047  034  010  006  006  013  018 
 027  014  022  031  026  014  000  006  013  032  016  002  005  006  010  016 
 016  020  032  040  038  024  000  007  009  018  016  002  000  000  003  007 
 000  008  030  045  049  038  013  000  000  006  015  009  000  000  002  004 
 021  006  014  035  044  042  030  012  000  000  009  014  009  002  000  000 
 029  019  000  011  019  032  043  036  015  000  002  017  016  006  000  000 
 033  032  020  002  000  012  040  052  038  008  001  017  020  008  000  000 
 033  046  050  042  029  014  018  042  044  022  008  017  022  010  002  002 
 022  042  060  064  060  054  042  029  026  024  014  016  018  011  008  008 

Celda14

 037  027  028  026  025  016  010  010  008  005  010  018  026  021  004  001 
 038  022  027  022  016  014  018  028  033  020  000  018  026  018  003  001 
 032  013  018  016  004  000  003  033  028  024  012  012  025  020  005  002 
 027  015  009  010  000  000  009  025  004  008  014  019  030  025  016  012 
 028  023  010  005  000  000  020  022  000  002  016  033  038  023  013  008 
 024  018  004  000  000  006  041  025  004  003  015  041  036  018  000  010 
 017  010  000  000  001  032  054  020  010  008  023  038  023  014  002  010 
 012  001  000  000  008  051  045  012  010  014  030  034  014  009  008  008 
 016  006  000  000  018  054  025  006  010  020  031  031  012  008  009  009 
 006  006  001  006  041  045  013  007  008  022  029  022  008  006  008  008 
 000  001  008  019  048  029  012  008  008  023  020  002  000  000  002  000 
 004  000  008  026  036  013  008  012  014  020  004  000  000  000  000  000 
 009  008  001  019  019  005  004  012  016  010  000  000  004  004  001  000 
 009  014  014  018  012  005  001  004  008  010  009  010  014  011  009  010 
 005  013  022  024  015  004  000  000  002  006  011  013  013  010  012  016 
 008  015  022  022  015  004  000  009  012  003  006  010  008  004  007  013 

Celda15

 007  008  006  002  000  008  022  057  042  010  004  000  012  030  030  000 
 014  018  000  000  000  000  010  033  026  000  000  000  008  029  034  000 
 012  018  000  000  000  000  017  033  026  000  000  010  021  030  031  000 
 006  006  001  000  000  000  020  036  027  000  006  020  027  033  039  011 
 006  000  000  000  000  000  024  042  026  000  000  005  009  022  034  011 
 001  012  012  006  000  000  032  048  020  000  000  000  002  019  027  000 
 018  016  027  028  024  014  030  049  019  000  000  000  000  022  033  000 
 029  014  010  018  025  026  029  040  024  003  002  000  000  022  036  000 
 032  008  000  006  020  029  030  038  029  005  000  000  000  026  041  004 
 031  008  005  018  014  020  026  030  021  000  000  002  008  024  035  000 
 024  011  016  023  008  006  012  008  000  000  000  012  012  012  030  000 
 026  022  021  011  000  000  006  000  000  000  014  019  012  001  024  000 
 028  037  020  000  000  000  008  000  000  015  033  016  008  010  031  010 
 044  045  010  000  000  000  010  000  000  029  032  006  004  012  038  018 
 043  032  000  000  000  002  010  000  000  032  024  002  004  011  030  009 
 028  015  000  000  010  012  001  000  000  031  025  000  002  008  021  000 

Celda16

 000  000  000  000  007  054  073  048  010  000  000  022  026  010  006  008 
 000  000  000  000  002  048  078  060  016  000  000  018  021  017  016  011 
 004  006  005  000  000  038  076  069  022  000  000  022  029  034  025  013 
 007  015  025  020  002  022  070  077  030  000  000  029  042  035  019  009 
 007  016  034  041  030  008  056  083  040  000  000  034  056  040  019  012 
 004  012  030  048  053  040  050  081  047  000  000  034  064  052  032  020 
 003  009  024  042  056  056  037  065  049  000  004  041  070  058  038  019 
 004  011  025  036  045  050  036  034  046  000  006  053  071  051  036  014 
 003  008  020  028  030  036  036  016  036  016  011  050  054  036  033  013 
 001  001  002  006  012  026  040  034  023  020  016  041  041  031  033  010 
 000  000  000  000  002  018  034  034  012  009  017  045  042  030  035  012 
 000  000  000  000  010  015  021  027  020  001  015  048  044  028  036  018 
 000  000  000  000  018  009  013  030  040  030  016  042  042  027  034  024 
 000  000  000  001  012  002  010  030  046  040  020  025  035  028  036  030 
 000  000  000  000  007  008  018  017  030  035  024  006  024  028  040  039 
 000  000  000  000  005  012  024  019  008  026  032  023  011  019  042  050 

Celda17

 004  000  006  008  014  002  000  000  000  003  004  001  010  006  000  000 
 007  003  004  000  008  005  000  000  006  011  008  007  007  002  000  005 
 011  008  010  010  004  003  002  002  007  005  000  000  000  001  003  013 
 007  004  005  008  004  000  006  011  010  001  000  000  000  002  011  012 
 006  000  000  000  000  000  012  017  017  016  016  012  006  003  012  012 
 014  004  000  000  000  000  016  028  021  012  012  010  009  008  010  010 
 012  008  003  001  002  004  020  033  016  000  000  000  000  002  003  013 
 000  000  003  000  000  004  023  024  008  000  000  000  000  000  004  017 
 000  000  002  006  004  006  020  008  000  000  000  000  001  002  010  016 
 000  000  004  010  008  008  012  000  000  000  002  002  000  006  014  011 
 000  001  001  000  000  004  005  000  001  018  012  007  002  006  013  008 
 000  000  000  000  000  009  004  006  022  023  008  002  000  000  008  012 
 004  000  000  002  008  025  017  018  030  011  001  000  000  000  003  015 
 011  002  002  007  015  033  023  020  021  007  002  002  002  004  005  015 
 020  010  006  010  019  028  014  008  006  004  005  006  006  007  010  014 
 032  014  006  004  010  015  005  002  000  000  002  004  004  006  008  006 

Celda18

 008  010  000  000  004  020  025  006  034  064  056  020  002  000  000  000 
 014  003  000  000  009  019  026  018  000  054  081  043  000  000  002  007 
 014  006  007  014  020  022  026  024  008  036  092  060  000  002  011  010 
 001  000  004  018  026  024  025  032  028  013  083  070  000  012  025  022 
 000  000  007  018  021  020  024  033  034  012  056  076  032  020  033  025 
 005  006  016  017  009  012  021  028  028  015  021  074  066  024  013  004 
 015  008  012  006  000  009  016  017  021  022  006  057  082  038  000  000 
 017  006  002  000  000  003  000  000  014  026  022  035  068  038  000  000 
 009  000  000  000  000  003  000  000  002  018  023  030  040  020  004  006 
 000  000  000  000  000  000  000  000  000  006  014  025  027  000  012  033 
 000  000  000  000  002  004  004  003  002  002  004  020  028  014  000  038 
 008  007  010  012  016  018  017  015  012  007  002  023  043  030  018  016 
 016  004  003  010  010  008  008  008  008  006  004  035  059  028  021  000 
 014  006  004  000  000  000  000  000  000  002  009  044  064  022  024  010 
 006  004  004  000  000  000  000  000  000  006  016  043  061  015  024  024 
 000  000  000  000  000  005  000  000  004  015  020  035  052  007  012  026 

Celda19

 007  001  002  008  023  023  016  014  008  007  012  007  005  013  016  018 
 008  006  020  037  038  026  024  023  018  016  014  006  010  017  016  018 
 012  018  040  051  032  019  029  027  019  018  012  008  014  017  011  011 
 018  029  045  037  011  010  029  022  013  011  006  006  023  025  014  010 
 016  033  036  014  000  008  023  013  007  006  002  006  031  026  012  006 
 001  027  023  005  004  017  020  010  006  009  006  005  024  010  000  000 
 004  027  018  013  022  026  017  010  008  007  007  002  020  010  000  002 
 010  030  023  021  023  017  010  007  002  000  004  008  015  004  000  006 
 023  035  032  017  008  008  005  004  000  000  000  004  011  007  008  010 
 022  028  033  006  000  016  012  003  000  000  000  000  013  022  018  010 
 030  031  032  004  004  022  019  002  000  000  000  004  029  026  009  004 
 036  046  038  008  011  028  020  004  006  010  015  024  036  018  002  005 
 034  063  046  010  003  014  010  001  008  016  024  024  023  007  001  008 
 018  070  057  018  000  006  011  004  002  008  010  008  002  001  000  000 
 010  058  063  024  000  003  016  013  002  000  000  000  000  000  000  000 
 028  027  051  034  010  008  020  018  001  000  002  000  000  000  000  004 

Celda20

 018  009  000  000  006  013  010  004  000  000  000  036  032  008  013  014 
 012  000  000  000  009  009  005  000  000  000  004  041  032  006  009  008 
 006  002  000  004  009  008  004  000  000  004  020  033  022  001  000  000 
 005  008  008  003  005  009  008  001  006  017  026  019  012  001  000  005 
 005  006  007  005  000  009  010  000  006  026  022  014  008  000  000  008 
 006  002  001  001  002  004  009  002  007  024  010  006  002  000  001  006 
 008  002  000  000  000  000  003  003  014  023  000  000  000  005  009  008 
 013  003  006  003  002  006  005  000  016  023  000  000  009  017  013  014 
 017  004  006  006  009  014  014  012  020  025  002  002  016  020  010  014 
 013  006  005  008  014  017  009  006  016  027  008  010  016  018  011  008 
 010  015  010  010  011  008  000  000  013  022  000  000  006  016  011  000 
 016  026  012  012  005  000  000  000  014  021  002  000  008  017  008  000 
 018  026  009  011  006  000  000  000  016  017  000  000  010  016  000  000 
 009  016  002  000  000  001  004  006  017  014  000  000  009  013  000  000 
 008  012  000  000  000  000  002  006  010  006  000  000  008  008  000  000 
 010  008  000  000  000  000  000  000  007  000  000  002  010  000  000  000 

Celda21

 017  025  045  060  066  070  070  057  030  009  011  012  009  006  011  014 
 016  026  022  036  048  056  062  066  062  049  031  014  004  002  007  006 
 017  020  008  006  015  023  030  041  054  062  056  042  032  038  039  026 
 017  009  001  000  000  003  004  005  012  024  034  041  042  046  041  038 
 016  003  000  000  001  000  000  000  000  000  003  024  038  036  025  026 
 013  001  000  000  003  000  000  000  000  000  012  025  026  024  014  009 
 006  000  000  000  000  000  000  009  012  008  027  030  013  008  006  006 
 006  000  000  000  000  002  012  002  002  006  035  031  006  002  006  010 
 008  000  000  000  000  012  018  000  000  017  043  026  006  002  004  008 
 010  008  010  012  008  013  020  000  000  027  030  004  000  000  000  002 
 000  006  014  020  019  006  014  000  000  020  018  000  000  000  000  000 
 000  000  004  004  004  000  005  002  000  011  016  005  000  000  000  000 
 000  000  006  001  000  000  000  000  000  007  020  012  000  000  000  002 
 000  006  004  000  000  000  000  000  000  008  027  020  000  000  000  002 
 001  006  000  000  000  000  000  000  000  008  029  024  000  000  000  004 
 004  002  000  000  000  000  000  000  000  009  024  020  003  000  000  005 

Celda22

 014  020  022  017  011  004  005  019  022  012  006  005  003  000  001  006 
 004  016  024  020  013  010  014  022  022  017  012  007  000  000  000  000 
 004  000  022  025  020  022  022  018  015  016  014  008  000  000  000  000 
 038  030  021  018  022  022  018  012  012  016  013  007  004  000  000  002 
 042  052  042  029  024  007  000  001  013  022  016  008  010  006  000  008 
 021  038  046  042  027  009  000  000  008  025  019  010  016  015  006  014 
 014  015  030  036  028  019  016  016  011  016  014  006  014  016  009  018 
 013  007  004  004  006  021  038  044  043  047  033  014  000  008  005  014 
 006  000  000  000  000  024  037  042  040  052  046  040  028  014  002  003 
 000  000  000  000  009  040  017  012  008  024  018  030  039  040  036  034 
 000  000  000  008  027  031  000  000  000  013  009  000  012  028  035  040 
 000  000  006  012  016  010  000  000  000  000  005  009  010  001  004  009 
 007  003  004  006  005  002  000  001  012  011  000  007  020  012  002  000 
 014  010  005  005  002  000  000  000  010  013  010  002  016  019  006  000 
 016  014  008  002  000  000  000  000  000  000  002  008  014  024  016  007 
 017  018  012  002  000  000  000  000  000  000  000  005  008  018  012  000 

Celda23

 014  004  000  000  008  006  000  002  009  025  020  004  000  004  019  000 
 007  000  000  000  000  001  008  015  014  011  009  004  000  004  022  000 
 010  000  000  000  000  004  014  016  008  000  000  000  000  008  030  000 
 014  004  000  000  006  018  012  006  000  000  000  000  000  012  040  000 
 019  009  005  010  017  013  000  000  000  000  000  000  002  024  051  007 
 020  007  000  005  007  000  000  000  000  000  000  003  012  032  047  005 
 022  012  012  014  000  000  000  000  000  000  000  008  004  014  032  000 
 022  022  026  020  000  000  000  000  000  000  001  010  000  013  034  000 
 015  025  030  018  001  000  000  000  000  000  000  008  000  021  044  000 
 027  010  012  006  000  000  000  000  000  000  000  004  007  036  056  000 
 042  031  000  000  000  000  000  000  000  000  000  000  011  049  068  000 
 010  012  010  000  000  000  000  009  016  006  000  000  007  052  077  000 
 000  000  010  037  052  042  018  003  020  010  000  000  000  050  083  000 
 000  000  014  044  065  065  052  032  008  000  000  000  000  050  090  000 
 007  011  027  031  026  036  050  056  048  032  016  008  004  055  094  001 
 007  018  016  002  000  000  022  044  055  058  058  058  058  103  129  038 

Celda24

 000  000  000  000  010  013  020  022  000  018  036  038  019  000  034  058 
 000  000  000  000  016  014  014  019  010  010  029  036  021  000  016  059 
 000  000  000  000  016  010  012  018  012  003  012  023  020  007  000  050 
 000  000  000  000  013  008  015  019  010  006  001  009  019  023  017  037 
 000  000  000  000  011  009  020  020  006  004  004  000  014  026  022  026 
 000  000  000  000  014  012  019  017  006  002  004  000  011  022  018  012 
 000  000  000  000  018  015  012  009  008  006  006  012  010  024  026  022 
 001  002  001  000  018  016  008  002  008  012  010  022  017  023  032  031 
 003  006  010  007  013  014  010  002  008  010  009  026  026  012  023  026 
 001  003  006  005  006  010  012  008  005  004  006  025  032  000  008  019 
 000  000  000  000  001  006  012  010  002  000  006  020  029  009  000  013 
 000  000  000  000  000  004  010  009  001  002  009  017  024  018  006  006 
 000  000  000  000  002  004  009  009  003  007  014  016  020  023  013  000 
 000  000  000  000  007  006  009  011  011  015  017  013  014  024  017  000 
 000  000  000  001  013  009  006  010  012  011  007  003  008  025  025  004 
 001  002  006  010  022  012  003  004  010  013  008  000  006  026  032  009 

Celda25

 048  016  000  000  006  016  007  003  000  000  000  004  006  008  006  002 
 064  030  000  000  006  021  012  000  000  000  000  002  003  004  001  000 
 071  044  000  000  006  020  008  000  000  000  000  000  000  002  000  000 
 067  052  006  000  012  020  000  000  000  000  000  000  000  005  000  004 
 052  050  014  000  013  016  000  000  010  018  019  021  015  012  014  007 
 030  041  024  002  012  018  000  000  020  033  026  030  024  012  011  000 
 006  022  032  014  016  021  000  000  030  037  013  014  013  010  006  000 
 018  000  029  026  023  026  001  000  035  039  006  003  008  014  015  010 
 024  010  011  027  030  034  011  003  032  036  006  002  008  014  014  013 
 023  016  000  016  033  044  024  006  030  037  012  000  004  004  000  000 
 020  020  008  000  031  052  032  006  026  040  018  000  000  000  000  000 
 009  017  018  006  022  054  034  002  022  040  022  001  000  000  000  000 
 000  006  016  018  022  044  028  000  018  040  026  003  000  000  000  006 
 000  006  018  026  023  032  014  000  016  043  032  006  000  005  007  000 
 011  016  025  028  018  010  004  000  016  044  032  006  002  012  006  000 
 009  018  025  020  004  000  004  000  016  042  028  005  006  014  003  000 

Celda26

 000  001  000  000  004  003  000  000  009  015  018  028  045  004  004  018 
 002  004  005  006  010  006  006  011  014  007  008  019  038  005  006  010 
 006  007  006  006  006  005  011  018  010  001  000  009  030  002  004  007 
 010  009  005  007  006  012  020  017  008  000  000  008  033  007  002  009 
 000  004  004  000  009  022  026  012  002  000  000  006  032  013  000  005 
 000  002  007  008  014  023  013  000  000  000  006  016  034  015  000  000 
 000  002  008  014  022  012  000  000  000  006  011  025  043  026  015  011 
 008  015  016  023  026  002  000  000  000  000  004  023  043  028  020  016 
 014  022  026  031  022  003  004  004  000  000  000  020  033  009  000  000 
 002  019  032  026  011  011  023  028  020  007  002  021  030  004  000  000 
 000  022  028  011  008  019  027  026  024  019  015  031  031  002  000  000 
 009  020  018  006  000  012  010  000  009  018  020  033  031  008  004  004 
 008  006  008  007  006  008  006  000  000  008  012  020  014  000  000  006 
 000  000  000  006  012  008  004  006  002  000  000  006  006  000  000  015 
 000  000  000  007  014  008  003  008  006  000  000  002  002  000  006  021 
 000  000  004  012  013  006  002  004  005  000  000  000  001  010  016  011 

Celda27

 026  004  020  042  034  019  021  021  002  000  000  000  000  000  000  004 
 016  009  000  037  052  031  024  028  010  000  000  000  000  000  000  006 
 012  019  017  016  047  034  030  038  022  000  000  000  000  000  009  012 
 015  022  028  016  018  024  038  052  036  002  000  000  000  002  011  006 
 012  019  026  022  000  002  042  066  048  008  000  000  000  008  012  004 
 002  010  021  028  022  003  033  072  056  014  000  000  000  015  016  006 
 003  000  010  023  030  028  020  061  060  020  000  000  000  018  020  014 
 007  002  004  012  024  032  024  033  052  028  004  000  008  023  020  016 
 000  004  006  008  018  030  028  007  029  030  024  008  006  018  010  010 
 000  002  008  010  015  022  026  017  000  014  033  030  019  014  000  000 
 000  009  008  008  012  017  024  026  018  000  022  040  038  026  000  000 
 016  021  012  008  010  015  022  030  036  034  015  022  040  036  013  000 
 029  025  018  012  009  012  018  027  035  040  032  006  021  038  030  014 
 032  014  009  009  008  009  016  022  023  025  028  020  000  028  038  028 
 018  000  000  000  000  006  011  014  011  012  020  028  019  014  036  030 
 000  000  000  000  005  013  009  007  004  006  013  018  016  015  045  028 

Celda28

 008  004  000  000  000  000  000  012  006  002  000  009  006  000  000  000 
 004  001  001  003  000  000  000  022  008  000  000  011  004  000  000  000 
 007  002  000  000  000  000  002  026  004  000  000  014  005  000  000  000 
 000  000  000  000  000  000  010  025  000  000  000  013  008  000  000  000 
 000  000  000  000  000  000  015  023  000  000  000  008  012  000  000  000 
 000  000  000  000  000  000  027  023  000  000  000  004  016  000  002  005 
 009  002  000  000  000  013  036  014  000  000  000  003  016  002  002  004 
 005  000  000  000  002  035  033  007  000  000  000  010  023  006  000  000 
 006  000  000  002  023  043  020  004  002  002  004  021  025  006  000  000 
 002  000  000  000  030  033  002  000  000  002  006  017  016  000  000  000 
 000  000  000  012  028  015  000  000  000  000  000  008  011  000  000  000 
 000  000  000  022  025  004  000  000  000  000  000  004  008  000  000  004 
 000  007  010  022  011  000  000  000  004  000  000  002  008  007  014  014 
 010  000  007  006  000  000  000  005  009  002  000  002  014  012  005  004 
 012  004  006  000  000  000  000  010  012  006  000  006  012  004  000  000 
 000  001  011  004  000  000  000  012  015  008  008  013  004  000  000  000 

Celda29

 004  000  000  000  000  000  000  000  000  008  015  012  002  000  000  004 
 000  000  000  002  003  006  006  000  000  008  010  003  000  000  000  002 
 000  000  000  008  008  000  000  000  000  010  008  000  000  000  000  001 
 000  002  002  004  006  000  000  000  000  009  006  000  000  000  000  004 
 006  008  006  000  000  000  000  000  000  007  004  000  000  000  002  018 
 006  004  000  000  000  000  000  000  013  013  006  002  004  007  009  024 
 004  002  000  000  000  001  006  011  022  012  004  000  001  011  014  016 
 001  000  000  000  000  007  010  009  013  002  000  000  002  008  011  004 
 005  000  000  000  000  008  002  000  007  002  004  004  007  009  005  006 
 007  000  002  005  000  001  005  008  006  000  000  001  002  006  000  000 
 006  004  007  013  006  000  006  014  006  000  000  000  002  004  000  000 
 005  006  002  006  009  012  015  012  000  000  000  000  006  006  002  000 
 008  000  000  000  002  014  022  017  012  011  010  002  001  010  010  000 
 003  000  000  000  000  004  012  010  015  022  027  022  007  007  014  000 
 000  000  001  000  000  004  010  010  017  026  027  028  028  024  017  000 
 004  000  002  000  000  012  020  019  021  017  008  008  017  028  028  024 

Celda30

 016  022  016  003  000  000  000  000  000  000  000  006  007  008  008  004 
 012  024  019  002  000  000  000  000  000  002  004  002  004  004  000  004 
 011  026  021  002  000  000  000  000  001  002  001  003  005  004  005  000 
 016  026  019  000  000  000  004  006  008  002  000  000  013  008  000  000 
 028  025  010  000  000  000  004  010  012  003  000  000  013  010  000  000 
 022  008  001  000  000  000  002  010  014  000  000  000  006  006  004  002 
 012  003  000  004  004  000  000  007  014  000  000  000  000  000  006  006 
 004  002  000  006  006  000  000  002  009  000  000  002  003  004  013  008 
 006  006  003  003  004  000  000  000  001  000  000  010  010  009  012  004 
 003  004  004  008  009  006  005  000  000  004  010  017  018  009  000  000 
 000  002  006  012  014  014  016  014  010  015  023  023  017  000  000  000 
 000  004  014  012  005  000  000  004  012  020  023  017  010  000  000  000 
 000  000  017  014  002  000  000  000  011  018  013  006  004  000  000  000 
 000  000  012  013  004  000  004  008  009  006  003  000  000  000  000  006 
 000  000  004  010  010  008  008  009  006  004  000  000  000  000  000  003 
 024  022  014  004  008  010  006  002  004  008  002  000  000  003  004  000 

Celda31

 006  004  000  000  000  000  000  015  028  038  048  057  060  096  114  037 
 010  002  000  000  000  012  012  006  004  010  018  026  026  050  069  006 
 004  004  000  000  000  014  016  008  000  000  004  006  007  028  054  000 
 000  006  000  004  001  004  012  008  006  004  000  000  002  030  058  007 
 000  004  000  000  000  000  002  006  014  014  002  000  000  027  054  005 
 000  000  000  000  004  016  014  008  012  010  002  000  001  030  054  000 
 000  000  000  004  014  017  022  020  008  000  000  004  006  031  056  000 
 001  000  003  010  013  006  004  005  004  002  000  002  008  033  058  000 
 002  002  003  008  010  002  000  000  004  014  016  004  000  032  064  000 
 000  000  002  006  008  000  000  002  014  014  016  012  001  027  068  000 
 000  001  000  000  005  004  002  008  009  000  000  001  008  028  067  000 
 002  002  000  000  005  012  012  008  003  000  000  000  000  030  069  007 
 001  000  000  000  008  016  015  006  000  000  000  000  002  028  062  005 
 002  000  000  002  012  014  012  007  000  000  000  000  008  037  062  004 
 005  006  008  013  023  012  003  008  004  000  000  000  009  044  068  002 
 010  018  023  024  024  007  001  003  002  000  000  000  006  046  072  000 

Celda32

 002  004  010  014  022  008  003  002  010  011  008  002  005  024  032  016 
 001  003  007  008  010  001  000  011  020  013  009  010  015  027  032  021 
 000  000  000  000  000  000  000  014  017  007  011  019  022  028  033  026 
 000  000  000  000  000  000  006  020  014  007  017  025  024  023  023  018 
 000  000  000  000  000  000  012  024  019  012  020  023  019  013  010  014 
 000  000  000  002  003  005  015  022  020  016  014  012  010  004  004  012 
 000  000  000  000  001  014  018  012  018  018  014  010  008  004  003  014 
 000  000  000  000  014  019  013  008  015  016  010  008  006  006  010  019 
 000  000  000  000  032  023  004  006  015  016  010  005  003  010  023  026 
 000  000  000  000  038  025  001  000  010  012  006  004  002  012  022  018 
 001  002  006  006  031  018  002  002  014  012  004  003  004  013  020  016 
 001  002  004  002  020  012  006  010  016  008  000  002  010  018  019  014 
 000  000  000  000  014  013  014  017  010  000  000  004  018  025  022  013 
 000  000  000  000  011  016  020  018  002  000  000  012  025  026  017  010 
 002  004  006  004  008  018  022  016  000  000  002  018  022  022  014  010 
 001  002  004  004  008  015  016  012  003  000  010  017  016  018  013  011 

Celda33

 002  010  015  010  000  000  010  000  012  042  028  005  008  013  002  000 
 007  004  005  008  011  012  021  002  005  042  034  008  007  010  002  002 
 010  003  002  011  025  026  014  000  000  040  034  010  010  014  002  000 
 005  000  002  010  024  024  006  000  000  035  032  010  016  025  008  005 
 010  000  002  007  014  012  002  000  007  037  035  010  016  032  005  004 
 017  004  004  006  008  008  011  014  016  040  035  002  011  032  008  000 
 022  008  000  002  003  010  019  018  009  029  022  000  007  033  013  000 
 018  007  000  000  000  006  009  003  000  022  014  000  008  036  018  000 
 015  002  000  000  000  002  000  000  000  019  010  000  013  036  020  006 
 008  000  000  000  000  000  000  002  000  012  009  000  016  032  016  010 
 008  002  000  000  000  000  002  014  012  004  006  000  013  026  014  011 
 009  003  000  000  000  000  000  010  014  010  000  000  008  024  017  014 
 009  001  000  000  002  004  001  002  011  018  008  000  004  032  024  018 
 010  003  006  014  018  013  004  002  009  016  010  000  000  039  030  022 
 015  008  008  014  015  008  000  000  004  010  010  004  000  039  034  028 
 018  015  006  006  004  002  000  000  002  005  010  014  012  040  031  032 

Celda34

 008  012  012  014  013  012  013  012  007  004  004  000  000  018  022  003 
 007  006  007  011  012  014  015  008  006  006  006  006  004  020  021  000 
 009  008  002  006  008  008  006  000  000  000  000  004  014  035  015  000 
 012  017  003  004  008  004  000  000  003  002  000  000  025  031  008  000 
 020  029  015  010  003  001  000  000  006  004  000  000  026  010  000  000 
 014  024  012  014  012  012  010  005  000  000  000  006  030  006  000  000 
 013  024  010  001  015  021  018  012  006  000  000  012  028  004  000  000 
 009  016  013  012  014  007  006  008  006  001  000  012  019  005  000  000 
 008  006  011  021  014  001  000  000  000  000  004  007  006  008  005  000 
 012  004  008  018  012  005  004  000  000  000  012  014  004  010  011  000 
 015  010  008  010  007  008  008  000  000  009  027  022  018  020  016  000 
 016  014  012  009  005  004  004  000  003  025  024  013  016  020  015  009 
 019  020  022  020  012  005  000  002  016  026  009  001  004  006  003  006 
 026  034  038  030  015  011  011  015  029  023  001  000  000  000  000  001 
 035  039  029  011  002  006  017  028  032  018  003  003  008  012  012  008 
 041  032  016  006  002  007  018  022  019  010  007  010  022  022  016  010 

Celda35

 000  000  000  008  022  021  007  000  000  002  004  004  004  003  034  019 
 000  000  007  027  027  011  000  000  000  001  000  000  000  000  030  030 
 000  010  021  020  010  000  000  000  004  008  007  008  008  000  021  052 
 003  010  004  002  004  000  000  000  009  015  018  022  026  024  026  073 
 010  006  000  000  003  000  000  004  007  008  015  021  026  032  028  064 
 010  007  002  009  007  003  004  006  003  004  004  006  010  019  018  037 
 008  017  022  015  008  002  002  000  000  005  000  000  000  002  006  020 
 008  019  014  000  000  000  000  000  002  003  000  000  000  000  000  012 
 005  019  010  000  000  000  000  000  005  000  000  000  002  001  000  004 
 000  014  009  001  000  000  000  000  004  000  000  000  002  006  005  000 
 000  012  014  007  000  000  000  000  006  001  000  000  000  001  007  006 
 006  009  016  004  000  000  000  003  006  000  002  003  002  000  002  003 
 012  006  006  000  000  000  000  002  002  000  000  010  012  006  000  000 
 004  004  000  000  000  009  008  002  000  000  005  010  008  002  000  000 
 000  000  000  000  001  015  012  000  000  000  008  004  000  000  000  007 
 002  000  000  004  013  018  006  000  000  002  004  000  000  000  010  018 

Celda36

 000  000  010  012  000  005  004  004  018  014  013  016  003  003  005  012 
 004  014  006  006  006  000  000  000  017  024  020  018  002  003  007  013 
 029  026  022  006  000  000  000  000  008  030  028  022  008  000  000  006 
 053  028  032  026  011  000  000  000  000  023  030  026  013  000  000  009 
 056  026  032  032  030  025  018  016  010  008  024  030  014  000  000  015 
 060  035  022  019  020  025  026  024  024  020  028  024  008  000  000  020 
 067  038  008  005  003  008  014  020  026  027  020  007  000  000  007  023 
 066  047  000  000  000  002  010  018  023  022  014  002  000  000  008  024 
 063  054  000  001  008  010  013  012  010  011  012  012  010  004  000  016 
 054  058  006  010  020  020  011  000  000  000  005  014  023  027  018  000 
 039  060  026  012  020  018  008  000  000  000  000  010  021  030  028  017 
 022  058  042  000  003  004  004  005  007  009  006  011  015  016  018  024 
 007  051  050  008  000  000  002  010  012  011  010  015  013  008  014  026 
 000  038  052  017  000  000  000  000  000  003  011  013  009  009  020  029 
 008  020  048  030  000  000  000  000  000  008  012  006  007  011  020  024 
 018  002  036  043  009  000  000  000  000  010  012  002  009  020  017  016 

Celda37

 015  008  007  004  004  020  021  008  004  000  000  000  000  005  004  012 
 013  007  006  005  003  014  010  000  000  000  000  000  005  008  000  000 
 008  001  000  000  000  008  006  000  000  000  000  000  008  010  004  006 
 014  006  000  000  007  015  012  004  000  002  012  019  018  024  027  026 
 022  012  004  010  024  035  026  018  016  029  049  042  038  043  040  030 
 029  020  014  016  023  025  012  012  017  031  035  026  030  031  023  008 
 026  018  012  007  007  008  000  000  004  012  010  010  012  009  003  000 
 026  021  020  010  002  003  000  000  000  006  010  012  005  000  000  000 
 022  026  028  018  004  003  001  000  009  020  021  015  004  001  003  007 
 009  026  036  029  014  008  010  019  028  028  018  008  002  000  004  010 
 004  016  034  040  026  014  020  031  029  014  004  000  000  000  002  001 
 028  020  018  039  037  022  022  024  008  000  000  000  000  000  003  000 
 035  032  016  022  036  030  028  022  006  000  000  000  000  000  003  000 
 032  030  025  010  016  022  030  024  010  004  004  000  000  000  000  000 
 022  022  028  032  020  000  014  022  016  014  014  006  000  000  000  000 
 012  018  031  042  040  026  006  008  010  013  022  022  004  000  000  000 

Celda38

 026  034  033  026  016  005  000  000  002  008  000  000  012  011  005  006 
 005  012  021  027  028  022  014  013  013  007  000  000  019  018  004  007 
 010  000  001  009  014  016  022  036  045  041  030  019  022  018  002  000 
 019  004  000  004  003  002  004  019  019  023  032  034  023  020  007  006 
 020  010  006  011  006  006  000  006  009  003  002  013  010  000  005  001 
 002  003  006  013  008  010  006  000  008  012  000  000  002  000  007  009 
 000  000  009  015  007  002  000  002  007  013  007  008  016  024  033  026 
 000  000  015  013  004  000  000  004  011  019  022  018  028  037  039  026 
 008  004  012  006  000  000  006  012  012  018  024  021  022  026  017  008 
 008  000  006  006  000  000  002  002  000  008  018  016  012  004  000  000 
 000  000  002  008  000  000  000  000  000  012  021  018  006  000  000  000 
 000  001  004  006  000  000  000  000  004  020  026  017  001  000  000  000 
 000  001  002  000  000  000  000  000  005  026  029  013  000  000  000  000 
 000  000  000  000  000  000  004  009  011  023  022  006  000  000  000  000 
 002  002  000  000  001  000  004  012  015  015  006  000  000  004  000  000 
 006  004  000  000  000  001  000  000  000  000  000  000  004  006  000  000 

Celda39

 006  007  013  014  008  002  002  001  000  000  000  002  012  044  070  000 
 010  004  001  000  000  000  000  000  000  000  000  010  017  043  069  001 
 002  000  002  007  000  000  001  000  000  000  003  022  014  031  062  000 
 000  000  000  010  000  000  001  004  000  000  006  026  016  034  067  000 
 010  017  021  017  004  000  000  000  000  000  008  016  009  038  074  000 
 010  020  024  020  019  024  024  016  018  039  042  027  012  044  084  006 
 014  011  012  016  024  030  031  032  041  057  047  042  038  064  099  020 
 012  004  007  013  020  026  030  035  042  047  035  032  035  053  088  015 
 003  001  003  005  003  012  026  034  034  036  033  025  027  041  079  015 
 000  003  001  002  006  008  011  014  019  032  040  030  032  043  077  020 
 000  002  003  002  004  008  006  004  009  030  037  026  028  040  069  021 
 000  000  000  000  000  002  004  012  020  024  020  009  008  024  053  014 
 000  000  000  000  000  004  014  030  030  020  016  008  000  014  040  000 
 000  000  000  000  000  012  035  047  032  014  010  005  000  013  044  000 
 000  004  000  000  000  024  045  037  011  002  000  000  000  017  050  001 
 003  008  000  000  015  042  033  022  001  000  000  000  000  040  076  022 

Celda40

 000  000  000  001  005  010  006  006  011  010  010  010  009  012  014  014 
 000  000  000  000  002  006  000  002  016  018  012  007  004  006  012  018 
 000  000  000  006  008  002  000  004  019  020  012  004  002  006  010  020 
 000  000  000  004  008  002  000  012  022  017  012  007  006  013  020  035 
 000  000  000  000  000  000  000  016  017  010  011  009  004  013  025  038 
 000  000  000  000  000  000  002  016  014  009  010  010  008  014  027  032 
 000  001  004  004  003  004  009  013  010  010  010  008  010  018  026  024 
 000  000  000  000  000  000  004  006  005  009  009  007  013  022  026  022 
 000  000  000  000  000  000  002  002  006  011  008  004  012  024  026  020 
 000  000  000  000  006  002  000  000  008  020  012  001  008  022  025  019 
 000  000  000  000  014  010  000  000  006  031  022  000  004  022  026  016 
 000  000  000  000  012  016  000  000  002  032  026  003  006  026  028  010 
 002  005  008  005  004  016  000  000  000  021  020  010  018  032  028  008 
 003  007  014  018  015  019  008  008  006  004  011  020  030  034  026  012 
 002  005  012  018  018  016  012  011  012  011  020  036  044  043  037  023 
 001  003  008  012  012  010  011  008  012  018  028  030  031  037  035  017 

Celda41

 021  022  011  004  004  006  008  004  000  006  006  019  023  040  028  031 
 029  032  017  005  006  010  014  010  000  010  000  017  020  028  022  028 
 041  040  013  002  002  009  014  012  001  008  000  008  008  019  027  034 
 050  035  004  000  000  008  014  014  013  009  002  000  000  016  027  029 
 042  023  002  000  005  013  012  019  025  021  006  000  000  018  032  024 
 025  015  004  000  006  012  007  018  026  026  015  001  000  016  040  028 
 018  012  008  002  006  013  006  012  020  024  021  012  000  016  051  029 
 014  012  010  006  011  016  008  008  013  016  012  008  006  023  065  034 
 014  013  012  012  013  012  004  000  004  004  000  002  008  021  061  034 
 012  010  013  018  016  010  008  002  000  000  002  010  016  016  057  036 
 004  002  012  022  021  014  012  008  000  006  014  023  026  018  055  043 
 000  002  014  024  024  018  014  010  000  009  020  028  030  025  052  052 
 000  014  034  038  033  030  024  015  008  008  015  024  032  033  048  055 
 013  032  042  030  022  025  021  013  008  005  007  018  034  039  038  045 
 017  032  031  007  011  022  016  007  002  000  000  008  022  028  019  023 
 009  022  020  000  010  024  014  008  008  000  000  000  000  003  004  008 

Celda42

 040  028  014  010  012  019  022  021  019  014  014  019  026  011  000  000 
 036  026  020  024  027  030  033  035  034  023  019  015  011  000  000  000 
 035  025  030  038  035  031  033  036  031  019  016  008  000  000  000  000 
 030  028  039  044  030  017  019  022  014  004  004  005  003  002  008  010 
 022  030  046  041  017  006  014  019  010  000  000  001  006  007  006  005 
 022  034  041  027  013  010  018  017  008  000  000  000  000  000  000  000 
 012  034  044  028  019  020  016  010  006  000  002  002  000  000  000  000 
 006  023  044  034  026  023  014  006  006  002  000  000  000  000  000  000 
 012  021  047  044  029  018  011  006  007  004  000  000  000  000  002  006 
 007  018  049  048  028  014  008  005  004  002  000  000  000  001  006  012 
 013  022  044  040  022  014  014  005  000  000  002  002  000  000  001  007 
 031  034  038  026  024  018  016  004  000  000  000  000  000  000  000  002 
 038  033  022  006  021  028  014  000  000  000  000  000  000  006  010  006 
 027  016  001  000  013  032  014  000  000  000  000  000  001  013  015  007 
 019  016  000  000  006  028  008  000  000  004  002  014  022  020  007  002 
 018  027  020  016  004  022  009  000  000  012  005  008  010  006  000  000 

Celda43

 000  008  006  007  012  004  000  000  000  005  001  000  000  005  018  022 
 000  012  012  000  002  000  000  000  000  005  000  000  000  004  013  012 
 005  002  007  001  000  000  001  000  000  002  000  000  000  012  013  000 
 000  000  000  000  000  000  010  006  000  000  000  000  000  014  016  000 
 001  000  000  000  000  006  004  004  000  000  000  000  000  014  011  000 
 000  000  000  000  002  002  000  000  000  000  000  000  006  016  004  000 
 000  000  005  008  002  000  000  000  000  000  000  000  014  017  002  000 
 000  003  010  010  004  000  000  000  000  000  000  004  017  018  010  008 
 011  012  008  005  006  010  012  008  002  000  002  004  016  018  011  004 
 014  010  004  003  006  010  012  010  006  002  002  012  023  015  008  006 
 009  007  002  000  000  000  002  007  010  006  004  021  026  006  000  008 
 002  004  002  000  000  000  004  008  008  006  000  016  013  000  000  004 
 000  000  001  000  000  005  010  008  004  002  001  010  010  000  000  000 
 000  000  004  005  005  008  007  003  001  004  008  002  000  002  000  000 
 000  002  008  017  016  006  000  000  000  005  014  015  001  002  009  006 
 006  014  006  014  012  000  000  000  000  008  025  021  014  005  020  022 

Celda44

 018  005  016  048  022  000  000  002  008  006  007  005  018  026  012  008 
 008  004  000  040  032  000  000  000  005  003  000  010  026  023  000  000 
 000  002  000  024  034  010  000  002  000  000  000  012  026  016  000  000 
 000  005  008  004  032  023  000  000  002  000  000  007  021  012  000  000 
 000  004  008  000  024  035  004  000  002  008  000  000  012  008  000  000 
 004  000  004  004  012  036  012  000  000  013  003  000  004  004  000  000 
 008  004  000  007  002  022  018  000  000  011  007  000  000  000  000  001 
 008  000  000  006  004  002  020  006  000  006  010  000  000  000  000  003 
 002  000  000  002  004  000  016  016  000  000  003  000  000  000  000  001 
 000  000  000  000  000  002  006  020  002  000  000  002  004  000  000  000 
 000  000  000  000  000  000  000  016  010  000  000  000  016  010  007  006 
 000  000  000  002  000  000  000  006  022  002  016  012  030  033  016  012 
 000  001  003  000  000  000  000  000  033  031  020  013  020  025  004  004 
 000  010  012  004  001  000  004  002  033  031  000  000  006  026  008  000 
 017  034  032  017  012  007  008  004  016  028  000  000  000  022  018  000 
 031  043  035  021  014  008  004  000  000  024  009  000  000  010  022  000 

Celda45

 006  016  034  033  030  030  030  018  000  000  020  030  015  000  000  008 
 000  021  029  015  014  020  030  030  020  004  003  020  023  017  016  025 
 000  023  016  000  002  013  024  029  030  030  017  000  022  034  034  030 
 004  022  012  000  000  004  011  015  020  028  034  032  022  028  040  038 
 008  017  004  000  000  004  000  000  006  014  026  038  036  019  027  036 
 010  012  000  000  003  010  000  000  000  000  007  018  020  012  010  022 
 010  008  000  000  005  014  004  000  000  000  002  000  000  000  000  012 
 007  006  000  000  003  014  007  000  000  000  004  000  000  000  002  012 
 004  006  004  000  000  008  006  000  000  000  000  000  000  000  006  016 
 002  006  008  004  002  004  000  000  000  000  000  000  000  000  006  014 
 000  002  005  007  007  004  000  000  000  000  000  003  000  000  001  012 
 002  000  001  007  010  002  000  000  000  000  002  002  000  000  000  012 
 000  000  002  008  006  000  000  000  005  014  014  008  000  000  000  010 
 000  000  007  008  002  000  000  000  007  011  014  014  010  008  006  001 
 000  000  008  008  000  000  000  002  006  008  005  007  010  011  012  008 
 000  000  002  006  001  000  000  002  003  006  010  000  001  007  009  010 

Celda46

 019  026  016  004  000  000  000  000  000  000  000  004  005  001  000  001 
 034  032  015  010  000  000  001  000  000  000  012  019  009  006  007  010 
 028  012  000  000  003  004  000  000  000  000  018  026  008  009  017  017 
 022  003  000  000  000  000  000  000  000  000  016  029  014  004  015  018 
 022  000  000  000  000  000  000  000  000  000  012  027  017  010  016  008 
 014  002  000  000  000  000  000  000  000  000  007  018  017  016  018  002 
 002  000  000  002  000  000  010  016  014  010  004  007  016  018  010  000 
 000  000  000  005  017  022  013  010  008  005  000  000  011  016  000  000 
 000  000  000  000  026  036  014  000  000  000  000  000  002  010  000  000 
 002  000  014  012  010  029  016  000  000  000  000  000  000  000  000  000 
 008  000  007  012  000  004  013  006  004  000  000  000  000  000  000  000 
 014  006  000  000  000  000  000  007  010  002  000  000  000  000  011  024 
 018  008  000  000  002  008  000  000  007  006  004  006  000  000  020  030 
 016  010  000  000  000  004  010  014  010  001  004  008  000  004  028  028 
 007  010  002  000  000  000  008  019  024  020  006  000  000  009  032  027 
 006  005  005  002  000  002  004  005  008  014  012  002  000  015  032  020 

Celda47

 009  010  004  012  038  033  010  009  000  000  002  009  021  060  073  015 
 010  009  008  024  036  017  000  000  000  000  018  026  035  050  051  000 
 010  007  009  019  022  006  000  000  000  015  033  030  023  036  047  000 
 012  001  008  018  013  000  000  000  000  026  035  028  018  034  049  000 
 000  000  003  014  006  000  000  000  008  026  028  022  016  035  054  000 
 000  000  000  001  000  000  000  000  010  018  020  018  013  036  062  000 
 000  000  000  000  000  000  004  005  006  008  012  016  012  040  072  000 
 000  000  000  000  000  004  009  006  003  002  004  008  008  047  084  000 
 000  000  004  004  000  002  006  005  004  004  003  000  000  048  092  000 
 000  000  006  007  002  000  002  002  004  010  008  000  000  044  098  000 
 008  013  012  006  001  000  000  000  006  013  010  000  000  043  100  000 
 021  020  016  012  006  001  000  000  005  008  004  000  000  046  104  000 
 019  014  012  012  011  008  008  008  010  006  000  000  000  052  110  003 
 006  002  006  010  012  011  011  010  012  010  010  011  012  071  128  014 
 006  002  007  006  006  005  004  004  003  001  006  018  027  080  126  013 
 006  010  010  000  000  000  002  000  000  000  013  028  025  068  111  007 

Celda48

 002  004  008  011  016  020  017  014  021  033  024  011  018  037  036  012 
 003  006  010  014  020  022  020  020  037  039  028  022  015  030  038  018 
 000  000  002  008  013  012  013  020  031  026  022  030  029  033  032  021 
 000  000  000  000  002  000  004  016  016  015  015  020  027  031  029  013 
 000  000  000  000  001  006  015  013  006  015  020  013  016  025  024  010 
 000  000  000  000  003  014  026  014  000  014  018  002  001  015  015  014 
 000  000  000  000  008  016  029  016  000  008  018  004  004  018  012  006 
 000  000  000  000  016  015  024  018  000  000  010  006  010  020  018  009 
 000  000  000  000  021  012  018  022  006  009  007  004  008  016  022  023 
 000  000  000  000  022  009  014  023  013  006  011  011  004  010  020  026 
 000  000  000  000  020  010  015  021  013  002  004  002  005  009  014  016 
 001  002  000  000  019  014  015  016  011  006  009  003  000  002  006  004 
 002  004  005  000  014  012  008  010  018  017  011  003  000  000  000  002 
 002  004  008  006  007  006  000  003  026  030  014  002  000  000  000  007 
 001  002  006  011  013  006  000  000  024  032  014  004  000  000  000  016 
 000  001  004  010  012  011  012  016  027  020  008  003  000  000  004  029 

Celda49

 003  018  020  004  019  034  021  013  012  000  000  000  000  000  000  000 
 004  014  022  021  031  038  024  013  008  001  003  002  000  000  000  000 
 010  017  028  027  024  018  011  002  000  000  000  003  006  004  000  000 
 012  018  025  022  012  008  013  008  000  000  000  000  000  002  000  002 
 002  017  028  022  004  002  017  015  000  000  000  000  000  000  004  008 
 005  006  024  022  004  002  019  016  000  000  000  002  008  000  002  003 
 018  014  006  016  013  012  017  010  000  000  000  000  007  006  000  000 
 016  027  019  005  019  020  012  002  000  004  012  012  009  005  000  000 
 014  012  021  023  028  017  009  004  012  023  019  006  002  001  002  003 
 020  002  001  012  009  003  008  012  022  022  005  000  000  003  000  004 
 014  011  006  000  000  000  006  017  024  013  000  000  000  008  004  004 
 006  017  013  000  000  001  008  015  026  020  000  000  000  013  015  010 
 009  017  010  000  000  006  013  012  022  024  010  000  000  015  028  004 
 016  010  000  000  000  014  023  012  016  024  017  000  000  007  036  000 
 020  000  000  002  024  043  040  024  023  027  021  007  012  002  024  009 
 023  006  008  030  040  033  027  021  018  014  014  010  007  012  002  017 

Celda50

 018  036  023  012  006  016  019  010  008  008  008  000  000  000  000  000 
 010  042  034  000  008  020  038  014  009  000  006  000  000  000  001  006 
 002  040  046  008  020  032  044  008  002  000  008  005  004  004  003  000 
 008  040  053  027  015  024  031  006  003  004  012  003  000  000  002  002 
 006  033  048  021  000  005  017  002  010  010  005  000  000  003  006  007 
 000  030  046  016  000  002  028  011  013  015  006  002  008  011  004  001 
 000  024  042  014  000  000  038  032  000  004  004  007  011  002  000  000 
 000  016  038  018  000  000  036  036  000  000  000  008  004  000  000  008 
 000  009  040  035  013  010  027  030  000  000  004  011  005  006  012  016 
 004  014  061  057  018  010  027  033  008  008  015  014  010  016  019  010 
 005  014  058  043  004  004  022  035  011  008  011  018  020  019  014  006 
 008  004  051  038  000  000  017  035  006  000  008  022  021  008  000  000 
 003  000  043  036  000  000  014  037  010  000  014  028  014  000  000  000 
 000  000  036  040  000  000  008  038  010  000  020  034  017  000  000  004 
 000  000  027  046  010  014  015  042  009  000  020  032  018  008  000  003 
 000  012  022  046  024  012  018  047  027  026  036  032  012  010  002  000 

Celda51

 015  014  000  000  000  000  000  000  006  021  029  018  020  019  028  029 
 009  002  000  000  000  000  000  003  008  023  014  005  012  016  018  021 
 001  000  000  000  000  000  000  000  002  010  000  000  000  006  005  011 
 000  000  000  000  000  000  000  000  006  006  000  000  000  002  002  001 
 004  000  000  000  004  004  004  006  010  000  000  000  000  000  000  000 
 000  000  000  004  004  002  008  014  010  000  000  000  000  000  000  000 
 001  004  008  010  004  000  000  000  000  000  000  000  000  000  000  000 
 013  014  011  005  000  000  000  000  000  000  000  000  000  000  000  000 
 015  016  014  006  002  002  000  000  000  000  000  000  000  000  003  013 
 005  008  015  021  023  018  006  000  000  000  000  000  003  000  001  010 
 000  000  005  019  022  018  010  000  000  000  000  007  000  000  000  010 
 000  000  015  006  005  005  005  000  000  000  006  004  000  000  002  014 
 000  011  021  000  000  000  000  000  000  005  002  000  000  000  013  008 
 006  016  005  000  000  000  000  000  000  015  007  002  003  020  013  000 
 004  006  000  000  000  000  000  000  002  019  012  019  023  025  006  000 
 000  002  000  000  000  000  000  000  007  027  016  022  020  010  004  004 

Celda52

 029  029  017  009  004  000  000  000  000  020  024  002  010  000  017  012 
 016  009  000  000  000  000  000  000  000  012  031  010  013  010  004  017 
 010  002  000  000  000  004  009  009  005  003  032  023  001  003  000  012 
 000  000  000  000  004  000  008  012  014  010  024  024  000  000  000  000 
 000  000  000  002  012  004  000  002  010  008  010  018  002  000  000  000 
 000  000  000  000  014  007  000  000  000  000  000  012  008  000  000  000 
 000  000  000  000  010  004  000  000  000  000  000  010  007  000  000  000 
 002  004  003  000  007  001  000  000  000  000  001  010  003  000  000  002 
 020  019  013  004  002  000  000  000  000  000  008  007  000  000  000  012 
 020  016  010  006  000  000  000  002  014  016  017  004  000  003  005  012 
 009  001  000  000  000  000  000  004  018  026  024  018  014  013  009  009 
 000  000  000  000  000  008  014  012  006  008  013  018  021  019  011  006 
 000  000  000  000  003  013  015  006  000  000  010  012  016  016  014  008 
 000  000  000  004  015  011  002  000  000  006  027  017  013  012  016  017 
 000  004  010  016  020  006  000  000  002  024  039  017  012  015  019  020 
 008  010  011  014  018  013  007  005  010  034  040  020  020  022  018  013 

Celda53

 000  001  000  000  004  004  003  002  000  000  008  006  000  000  002  004 
 000  000  000  000  006  004  003  002  000  000  004  008  002  000  000  000 
 008  000  000  000  004  001  002  004  000  000  004  008  004  000  000  000 
 013  000  000  002  000  000  002  005  002  000  002  007  004  000  000  000 
 012  014  002  004  004  001  001  005  004  000  000  005  008  001  000  000 
 006  024  013  008  012  009  004  007  005  002  005  010  009  000  000  000 
 002  028  024  016  014  016  015  013  007  007  014  017  010  004  000  002 
 009  029  025  015  009  017  018  012  006  005  005  003  000  000  000  000 
 024  026  012  016  016  001  004  000  000  000  000  001  000  000  000  000 
 023  016  002  002  024  012  000  000  000  000  000  000  003  000  000  000 
 017  013  012  000  013  025  005  000  001  000  000  000  004  000  000  000 
 014  012  012  014  000  028  023  004  004  002  002  006  010  008  006  004 
 008  014  004  018  019  016  028  015  005  008  007  011  018  012  008  008 
 006  010  004  007  014  008  023  026  019  015  012  008  011  008  009  015 
 014  008  006  000  007  010  023  037  028  015  018  014  008  004  010  025 
 010  009  011  008  012  016  021  032  028  016  024  026  020  012  013  025 

Celda54

 007  007  002  000  000  000  000  000  002  000  002  002  000  018  030  018 
 000  000  000  000  000  000  000  000  002  000  000  000  004  016  026  020 
 000  000  000  000  000  000  000  000  001  000  000  000  002  014  018  020 
 000  000  000  000  001  001  001  006  004  000  000  000  008  016  018  014 
 000  000  000  004  004  000  000  006  000  000  000  005  023  026  026  016 
 000  000  006  002  000  000  000  004  000  000  008  024  037  035  030  017 
 002  000  010  002  000  000  000  004  004  009  016  031  041  037  026  015 
 000  005  018  006  004  006  008  013  013  011  012  025  039  032  014  008 
 000  017  025  013  014  020  018  011  004  000  000  021  040  027  010  007 
 006  024  017  009  012  017  015  008  000  000  004  029  042  026  014  013 
 011  016  007  002  009  010  008  006  002  000  017  038  036  021  007  008 
 006  008  010  012  014  010  008  008  010  014  033  036  026  020  004  000 
 008  003  012  024  016  010  012  012  015  021  036  030  020  017  004  000 
 020  016  015  022  014  004  014  017  018  027  037  029  021  018  003  000 
 022  018  009  012  014  008  004  012  016  025  030  026  026  025  018  016 
 014  016  014  006  007  013  008  003  011  017  017  021  027  023  023  025 

Celda55

 006  007  005  000  000  000  006  006  004  012  029  030  013  051  098  003 
 006  000  000  002  010  007  002  010  016  027  034  020  000  042  092  000 
 008  000  000  004  012  009  002  000  002  016  020  002  000  042  094  000 
 006  000  000  014  015  001  000  000  005  017  016  000  000  042  098  000 
 000  000  006  014  012  004  000  000  004  019  018  002  000  046  100  000 
 013  008  004  014  012  002  012  014  008  018  019  007  004  053  103  003 
 019  023  014  004  016  010  014  021  019  033  043  031  024  067  111  013 
 012  020  018  006  013  020  010  016  024  044  052  035  028  068  111  019 
 007  004  008  010  006  020  018  013  025  047  049  027  018  055  097  010 
 004  000  000  009  014  021  021  016  021  038  037  016  012  041  080  000 
 003  000  000  008  017  028  024  014  020  027  021  006  008  030  074  000 
 000  004  009  011  020  026  022  016  016  024  021  006  000  027  073  002 
 000  004  015  019  024  025  021  018  013  010  016  010  000  032  078  009 
 002  012  023  026  028  024  017  012  012  004  004  006  006  045  081  006 
 015  021  030  026  020  014  011  008  005  004  002  000  006  056  092  000 
 028  028  032  020  005  002  005  006  004  004  004  004  000  058  096  000 

Celda56

 000  000  002  002  000  002  009  019  019  005  002  002  000  000  014  028 
 000  000  000  000  000  000  008  016  007  000  001  002  000  004  017  021 
 000  000  000  000  000  000  014  011  000  000  000  004  002  005  011  014 
 000  000  000  000  002  001  014  012  000  000  000  008  004  000  002  012 
 000  000  000  000  008  004  013  014  000  000  000  011  006  000  000  012 
 000  000  000  000  016  009  010  012  003  000  000  010  012  004  008  010 
 000  000  000  000  020  010  004  008  010  000  000  006  018  012  010  009 
 000  000  000  000  020  006  000  004  015  011  000  000  020  020  006  006 
 001  002  006  006  014  001  000  005  018  014  000  000  017  027  010  000 
 002  004  006  001  008  003  006  011  015  012  000  000  016  029  010  000 
 002  004  002  000  006  013  015  006  004  010  002  000  012  024  006  000 
 001  002  001  000  004  021  020  005  000  005  007  000  008  018  006  000 
 001  002  006  010  014  030  026  005  006  002  000  000  005  017  008  006 
 007  018  040  056  066  077  066  046  047  051  050  047  041  047  040  044 
 011  029  066  092  105  109  097  088  090  095  102  106  104  102  101  103 
 000  000  000  000  006  008  001  000  000  000  000  000  000  002  009  012 

Celda57

 014  002  014  035  026  008  016  017  009  004  004  014  000  008  008  021 
 012  004  018  028  010  000  016  022  002  000  000  014  010  004  016  026 
 014  014  020  018  001  000  012  020  004  000  000  011  016  009  018  014 
 019  020  022  014  001  000  010  014  002  000  000  012  022  018  006  000 
 025  024  016  008  004  006  009  007  000  000  000  016  024  020  000  000 
 024  024  009  002  009  012  006  000  000  000  006  019  020  016  001  000 
 016  021  006  000  011  016  006  000  006  014  018  017  014  014  004  006 
 003  018  012  002  010  014  008  007  018  023  016  006  008  016  010  008 
 000  016  024  019  017  016  014  017  025  027  014  006  003  016  016  002 
 000  018  033  026  016  017  019  022  031  028  010  008  008  016  017  004 
 000  024  036  025  013  009  007  014  022  012  000  000  004  011  016  002 
 010  029  030  023  014  002  000  011  018  011  001  000  002  010  016  004 
 022  025  020  019  014  003  000  004  006  012  014  004  004  015  022  014 
 057  050  039  037  029  017  015  014  010  027  039  028  025  038  045  038 
 103  090  081  078  069  059  057  055  057  078  081  061  053  061  063  052 
 014  011  011  012  006  000  000  000  000  019  021  006  002  013  020  014 

Celda58

 008  014  008  040  031  000  000  028  024  020  031  022  002  002  000  000 
 011  004  000  032  036  000  000  027  030  012  004  000  000  000  000  000 
 000  000  000  026  034  000  000  024  038  021  008  001  000  000  000  000 
 000  000  000  022  030  000  000  016  042  027  014  010  002  000  006  008 
 000  000  000  017  032  000  002  004  040  034  020  016  014  021  027  018 
 000  000  000  012  042  017  018  012  036  041  029  021  019  025  023  010 
 012  006  000  006  052  032  006  008  027  046  026  012  016  022  012  000 
 016  011  000  000  057  047  000  000  020  049  028  010  016  024  013  000 
 007  009  006  000  052  054  000  000  012  052  037  016  020  022  014  002 
 000  004  020  026  045  059  008  004  000  048  046  032  027  017  008  002 
 000  008  032  043  034  067  031  024  009  032  050  048  036  010  000  000 
 007  020  038  044  027  055  035  016  014  017  051  059  037  002  000  004 
 018  028  034  031  016  030  038  000  001  023  073  070  030  000  002  010 
 034  040  040  039  036  029  039  010  030  069  105  078  038  023  026  020 
 042  043  045  052  064  067  078  056  070  103  114  078  050  046  044  038 
 005  002  000  000  000  000  015  000  000  025  038  018  005  006  003  000 

Celda59

 000  000  000  000  000  000  000  000  013  030  015  012  010  008  010  014 
 000  000  000  000  000  000  000  000  011  022  008  006  010  014  016  016 
 000  000  000  000  003  000  000  001  009  017  010  005  015  018  016  012 
 011  015  021  023  016  006  004  010  012  013  015  020  017  016  012  006 
 018  022  022  014  008  009  014  017  014  014  026  029  015  008  001  000 
 008  008  003  000  000  010  012  007  006  011  025  023  006  001  000  000 
 000  000  000  000  000  000  000  000  001  008  014  014  002  000  000  000 
 000  000  000  000  000  000  000  000  009  009  010  008  000  000  000  000 
 000  000  000  000  001  005  008  003  008  014  010  005  000  000  000  000 
 000  000  000  004  000  000  002  004  000  016  014  001  000  000  000  013 
 000  003  000  000  000  000  000  000  004  010  011  000  000  000  016  035 
 006  005  000  000  000  000  002  010  016  017  010  000  000  004  030  036 
 003  000  000  000  000  015  028  021  022  023  020  016  012  016  030  018 
 012  010  013  021  030  049  048  036  036  039  039  040  042  043  045  020 
 036  038  044  050  056  062  054  045  045  048  048  052  056  058  053  042 
 000  000  001  000  003  009  006  002  002  002  000  000  000  000  000  000 

Celda60

 014  012  010  008  011  010  010  008  010  036  040  024  018  015  008  004 
 013  010  008  005  004  003  008  010  011  035  030  005  000  000  000  002 
 006  002  004  006  004  004  010  013  010  024  014  000  000  000  000  005 
 001  000  002  007  009  009  010  010  007  014  008  000  000  000  003  006 
 002  009  013  013  010  008  006  004  004  016  010  003  000  001  009  017 
 000  013  015  014  008  004  006  008  010  024  014  008  002  008  030  034 
 006  008  000  004  008  011  016  018  014  022  010  010  013  034  053  038 
 004  010  005  004  012  021  019  016  010  012  005  011  021  046  050  029 
 008  018  016  006  006  013  006  004  005  013  015  016  024  038  032  018 
 022  021  008  000  000  004  000  000  003  030  032  022  023  029  024  014 
 028  011  000  000  000  000  000  000  018  045  033  020  011  016  019  013 
 021  009  002  008  016  010  004  004  032  040  016  007  000  008  018  016 
 000  000  002  026  022  020  022  020  029  027  008  000  000  007  024  016 
 010  014  033  048  033  034  042  046  043  043  029  024  030  037  046  030 
 040  048  065  063  048  048  054  059  060  062  056  050  055  058  060  047 
 000  000  012  011  002  000  000  000  000  004  006  000  000  000  005  002 

Celda61

 002  004  015  016  022  023  017  020  027  018  013  021  020  018  016  022 
 004  004  021  022  026  030  029  018  014  024  014  004  014  018  018  020 
 009  006  025  029  023  030  033  030  014  015  024  010  012  020  020  015 
 015  016  029  031  016  016  019  022  020  010  024  021  012  015  018  016 
 024  028  030  029  010  004  006  012  021  020  019  022  012  008  009  010 
 021  022  020  025  015  011  012  016  024  026  013  017  021  011  004  003 
 019  016  014  020  021  017  015  016  018  024  022  020  028  015  006  002 
 022  020  013  016  021  012  008  003  005  014  026  022  018  012  004  009 
 014  014  008  012  019  006  003  000  006  006  019  024  013  010  014  018 
 006  006  008  014  020  006  004  001  006  010  010  016  018  010  023  018 
 008  012  016  019  023  010  007  001  002  014  010  004  011  013  021  023 
 014  017  018  016  018  008  006  004  001  021  019  008  012  017  016  023 
 004  006  008  008  008  003  006  012  017  040  033  018  018  016  010  014 
 013  014  018  024  026  028  033  042  055  068  051  036  034  032  031  033 
 038  038  041  046  050  052  056  062  074  073  054  048  048  051  056  058 
 000  000  000  003  003  000  000  002  008  006  000  000  000  000  000  000 

Celda62

 012  016  019  016  008  010  013  009  014  014  013  022  022  011  012  020 
 014  014  020  018  012  009  015  017  017  013  017  025  017  006  006  013 
 012  010  013  014  011  004  012  017  015  015  020  022  016  012  010  011 
 007  000  000  005  009  010  018  023  021  020  018  015  014  013  009  009 
 006  000  000  001  009  014  025  029  023  017  010  006  007  007  006  010 
 003  002  004  007  010  008  017  021  014  013  009  002  005  006  006  011 
 000  002  009  010  006  006  013  017  011  017  013  004  005  006  004  006 
 008  006  002  000  000  005  024  027  020  018  005  002  004  003  000  004 
 023  016  003  000  001  014  035  034  022  008  000  000  002  000  000  000 
 027  026  014  000  004  026  036  025  010  002  000  000  000  000  000  000 
 018  026  024  016  006  027  036  014  000  001  008  014  010  001  000  004 
 012  015  022  024  016  015  034  020  000  008  019  019  012  000  000  010 
 012  004  012  020  022  010  022  026  009  013  022  012  008  003  000  016 
 035  026  034  043  052  053  053  058  048  042  042  036  038  043  044  057 
 061  052  058  066  075  084  084  090  079  067  064  061  066  076  083  092 
 006  000  000  000  000  000  000  008  009  007  008  004  000  000  000  007 

Celda63

 028  030  025  009  000  000  006  004  009  010  009  008  005  052  095  000 
 018  020  018  009  001  000  010  009  009  014  014  012  008  048  090  000 
 012  008  010  009  005  000  010  013  002  009  012  011  011  054  095  007 
 011  007  008  010  008  004  007  015  008  004  004  005  012  061  096  013 
 014  012  010  012  012  012  017  021  011  000  000  000  014  060  087  010 
 014  010  004  006  012  018  021  017  004  000  000  000  019  051  075  004 
 008  002  000  000  000  011  012  006  000  000  000  014  027  045  070  001 
 006  001  000  000  006  004  004  002  000  002  010  038  034  043  070  001 
 004  000  000  000  015  010  004  004  002  008  028  050  033  037  066  002 
 005  000  000  007  023  011  000  000  000  008  037  046  022  028  061  005 
 010  005  007  018  020  000  000  000  000  011  033  031  007  020  056  006 
 020  017  018  021  010  000  000  001  008  019  029  024  002  018  053  005 
 033  032  024  018  006  002  006  020  028  027  029  025  004  017  051  003 
 075  065  043  040  036  037  042  057  061  053  051  047  027  039  068  018 
 104  086  062  063  068  071  073  083  082  071  067  063  054  064  083  037 
 026  018  000  000  000  000  001  012  012  003  001  001  000  011  034  000 

