Celda0

 000  000  000  000  000  000  000  001  000  000  000  002  003  000  000  001 
 000  000  000  000  000  000  000  004  000  000  000  004  008  000  000  004 
 000  000  000  000  000  000  000  011  000  000  000  002  017  005  004  010 
 000  000  000  000  000  000  004  014  004  000  000  000  020  016  012  012 
 000  000  000  000  000  006  012  010  011  015  028  024  032  039  029  019 
 001  001  000  000  007  011  010  002  017  019  016  020  034  043  025  018 
 003  004  004  002  012  014  008  006  021  021  006  010  028  031  016  018 
 002  004  005  001  010  012  000  000  017  022  003  002  019  025  014  018 
 003  006  008  004  005  014  002  002  022  033  004  000  024  035  018  019 
 003  006  012  010  005  016  016  014  040  047  014  006  032  047  016  014 
 001  004  011  015  014  026  028  022  047  044  019  022  044  047  011  008 
 000  003  010  014  012  022  022  020  037  021  006  018  037  033  007  008 
 000  001  004  006  006  015  014  016  023  004  000  005  028  021  009  018 
 000  000  000  000  000  009  012  016  018  000  000  001  031  022  020  030 
 000  000  000  000  000  008  016  016  014  000  000  012  036  023  022  025 
 000  000  002  002  000  003  022  019  014  000  000  018  040  015  011  005 

Celda1

 002  002  002  001  000  000  000  000  000  003  004  003  001  000  000  000 
 004  004  005  003  000  000  000  000  000  005  008  006  002  000  000  000 
 008  006  012  010  000  000  000  000  000  003  013  012  006  004  002  000 
 007  008  020  021  012  014  022  026  022  008  008  010  004  004  005  006 
 019  034  049  042  025  021  026  036  042  039  031  032  021  012  004  007 
 024  035  039  026  010  006  004  006  013  018  015  016  014  016  014  008 
 020  019  022  012  001  000  000  000  000  006  006  000  004  004  008  008 
 022  020  011  007  004  005  000  004  007  014  018  012  019  014  010  006 
 030  028  018  006  002  012  009  008  012  016  021  026  043  031  024  016 
 029  027  018  018  012  011  012  004  009  010  013  022  040  024  022  021 
 026  026  010  016  017  008  008  008  002  002  004  014  017  002  006  015 
 024  020  006  009  016  012  002  010  000  000  001  008  002  000  001  011 
 025  016  008  008  010  014  012  004  000  000  008  010  000  000  006  011 
 027  017  011  007  001  009  016  011  003  003  014  007  000  000  012  005 
 012  006  005  002  000  000  006  012  014  012  007  003  000  008  018  002 
 000  006  010  001  000  000  002  002  008  006  001  004  014  020  022  012 

Celda2

 000  000  000  000  000  000  000  000  000  000  000  000  002  002  003  000 
 000  000  000  000  000  000  000  000  000  000  000  001  006  006  006  000 
 000  000  000  000  000  000  000  000  000  000  000  004  016  012  010  000 
 000  000  000  000  000  000  000  000  000  000  000  004  018  014  010  000 
 002  000  000  006  018  022  019  026  038  043  044  042  024  004  012  005 
 001  001  005  010  016  015  011  016  024  028  036  042  026  005  025  018 
 014  020  022  018  016  015  016  022  026  027  032  034  026  018  037  019 
 020  018  013  010  012  018  024  029  029  031  032  026  031  042  039  013 
 019  000  000  000  000  004  016  019  014  018  020  016  032  058  056  033 
 015  004  000  000  000  000  000  002  000  001  006  006  021  044  046  046 
 018  013  006  000  000  000  000  000  000  000  000  000  019  034  021  032 
 015  013  008  001  000  000  000  000  000  000  000  000  026  036  008  020 
 008  005  007  016  022  020  008  000  000  004  000  000  037  050  029  034 
 000  000  008  028  040  036  021  004  000  007  000  000  052  082  069  046 
 000  004  020  034  042  042  030  018  015  013  002  000  075  103  073  019 
 016  024  037  034  032  031  027  023  022  016  008  009  093  108  053  000 

Celda3

 000  002  006  005  002  001  001  000  000  000  001  004  003  001  000  000 
 000  004  016  012  003  002  004  002  000  000  002  008  006  002  000  000 
 000  006  036  026  004  004  010  010  002  000  003  010  008  002  002  001 
 000  006  042  035  007  002  013  016  008  002  008  006  000  000  004  002 
 016  030  052  043  028  022  019  009  009  014  020  005  001  000  001  000 
 016  036  049  047  044  028  014  000  007  026  018  000  000  000  002  002 
 010  030  037  038  038  008  000  000  007  028  013  000  000  006  006  014 
 004  022  029  024  019  000  000  000  022  022  006  002  011  024  024  018 
 019  030  034  013  002  000  000  024  035  017  005  008  025  032  018  006 
 042  047  041  008  000  000  028  041  019  014  020  017  012  017  006  001 
 040  053  045  034  034  050  064  033  012  027  039  030  004  002  014  016 
 032  052  047  055  072  096  075  046  032  051  043  030  022  010  012  024 
 041  051  047  050  078  091  076  070  058  044  021  018  032  040  033  031 
 034  037  046  042  054  057  046  058  054  035  016  012  022  038  044  034 
 006  020  046  033  029  035  027  026  033  034  032  027  026  031  032  026 
 000  032  050  021  009  021  019  010  022  030  034  034  032  028  022  014 

Celda4

 000  000  000  000  000  001  000  000  001  003  002  000  000  000  002  000 
 000  000  000  000  000  002  000  000  002  006  004  001  000  000  004  000 
 000  000  000  000  002  000  000  000  001  010  010  004  000  000  006  000 
 000  000  000  004  004  000  000  000  000  009  012  006  000  000  004  000 
 000  000  006  008  004  000  000  006  010  011  008  006  000  001  000  000 
 004  007  002  002  005  000  003  013  011  008  005  004  004  005  006  000 
 021  018  008  000  007  008  014  018  014  016  017  015  014  007  004  000 
 016  016  018  020  018  018  019  016  013  019  022  023  020  010  002  004 
 002  004  008  010  011  018  019  010  007  010  007  008  012  014  012  016 
 002  000  000  000  003  014  011  003  005  006  001  005  009  015  022  027 
 008  002  003  002  008  011  003  000  007  008  002  011  023  014  018  018 
 016  005  014  024  025  017  002  000  011  012  011  023  029  009  006  000 
 022  025  030  029  029  022  012  001  012  016  011  016  012  000  000  000 
 034  045  038  018  012  011  010  006  009  014  010  008  004  000  000  002 
 024  041  028  014  012  010  010  014  018  011  001  002  002  006  003  004 
 004  022  015  004  011  013  017  025  026  020  012  004  000  008  012  000 

Celda5

 000  000  002  003  000  000  000  001  001  000  000  000  000  000  000  000 
 000  000  004  006  000  000  000  002  002  000  000  000  000  000  000  000 
 000  000  006  006  000  000  000  002  000  000  000  000  000  000  000  002 
 000  000  002  000  000  001  001  001  000  000  000  000  000  000  000  005 
 003  006  000  000  000  010  012  005  000  000  000  000  000  000  000  008 
 000  009  003  000  000  012  020  006  001  006  010  006  000  000  005  026 
 000  008  006  000  006  016  021  006  000  006  018  019  012  010  018  036 
 010  023  018  010  010  020  022  004  001  007  018  024  024  022  022  026 
 026  031  020  014  010  016  018  010  012  014  017  014  021  022  016  010 
 032  026  016  010  006  010  015  014  014  011  010  006  012  012  008  004 
 019  015  010  004  002  011  014  008  000  000  002  000  001  000  001  005 
 000  000  000  000  002  018  012  000  000  000  000  001  000  000  000  001 
 000  000  000  000  010  018  002  000  000  000  000  000  000  000  000  005 
 001  000  000  000  009  006  000  000  000  000  000  000  000  000  000  006 
 009  006  004  002  001  000  000  000  000  002  001  000  000  000  005  011 
 000  000  000  000  000  000  000  000  000  002  001  000  000  003  014  015 

Celda6

 004  004  001  000  000  000  000  000  002  000  000  000  000  003  005  000 
 008  008  004  000  000  000  000  000  004  000  000  000  000  007  012  000 
 013  016  012  000  000  000  000  000  010  003  000  000  000  012  020  000 
 016  018  018  004  000  000  000  000  014  004  000  000  000  007  015  004 
 018  018  017  004  000  000  012  018  017  000  000  000  006  000  004  018 
 031  019  011  000  000  006  024  022  014  002  000  000  000  000  011  036 
 027  011  010  002  000  006  009  000  000  000  000  000  000  010  041  042 
 009  001  005  000  000  001  004  000  000  000  000  000  000  037  046  025 
 000  000  002  000  000  000  000  000  000  000  000  000  020  051  034  018 
 000  000  000  000  000  000  000  000  000  000  000  000  048  055  029  020 
 005  002  000  002  008  012  009  006  002  000  008  041  064  044  018  013 
 008  013  014  016  016  011  006  003  002  008  034  062  050  021  014  021 
 002  011  016  017  010  001  000  000  000  027  055  048  021  012  023  021 
 009  007  003  002  000  000  000  000  017  062  057  021  008  015  013  004 
 008  006  000  000  000  000  000  000  052  074  034  010  008  013  002  000 
 003  000  000  000  000  000  000  032  063  045  007  000  000  006  004  008 

Celda7

 000  005  007  002  000  000  000  002  004  002  000  000  000  006  010  000 
 000  013  014  004  000  000  000  006  008  003  000  002  002  014  024  000 
 000  028  024  007  000  000  000  015  014  002  002  011  010  028  046  000 
 013  032  024  010  004  000  006  020  010  000  006  022  021  034  054  000 
 026  026  021  015  006  005  022  023  000  000  010  028  025  034  054  000 
 024  018  024  018  006  010  021  012  002  004  016  023  020  038  060  005 
 019  020  026  015  008  014  018  010  005  012  016  009  014  047  069  000 
 014  026  029  017  012  013  016  015  014  016  013  008  009  049  072  000 
 015  026  029  019  015  021  028  026  021  020  014  014  014  050  071  000 
 018  023  023  013  020  033  032  026  025  023  012  009  014  050  069  001 
 021  024  016  007  016  021  017  020  024  016  004  000  005  036  060  000 
 021  017  010  005  012  018  018  018  016  006  000  000  004  037  062  001 
 003  000  000  000  006  014  020  018  016  010  000  004  014  049  069  005 
 000  000  000  002  005  009  015  014  014  014  006  007  022  046  062  003 
 000  002  000  002  004  005  011  011  008  016  020  014  008  031  056  001 
 006  004  004  005  001  000  010  012  006  016  026  015  006  034  060  001 

Celda8

 001  002  004  000  000  000  025  020  018  000  000  020  038  016  009  000 
 001  002  002  000  000  006  028  016  022  007  008  018  027  015  010  000 
 000  000  000  000  002  019  033  015  024  011  001  003  018  014  008  001 
 000  000  000  004  008  019  028  007  018  010  000  000  016  012  004  000 
 000  000  000  002  006  003  024  006  014  012  004  009  016  005  000  000 
 000  000  000  000  000  000  024  016  020  016  000  000  006  002  000  000 
 000  000  000  000  000  000  026  028  032  016  000  000  010  006  004  001 
 000  000  000  000  000  000  030  034  042  012  000  000  023  012  006  000 
 000  000  000  000  000  000  031  032  041  009  000  000  032  016  005  000 
 000  000  000  000  000  000  030  028  032  003  000  000  031  016  004  002 
 004  006  006  000  000  000  031  032  024  000  000  001  027  018  002  000 
 004  008  009  001  000  000  036  040  024  000  000  003  028  018  000  000 
 000  002  006  007  000  000  042  051  022  000  000  009  034  016  000  000 
 000  000  000  002  002  000  045  057  018  000  000  018  038  013  000  000 
 000  000  000  000  000  000  044  052  008  000  000  026  042  013  000  004 
 000  000  000  000  000  007  043  038  000  000  000  030  040  014  000  004 

Celda9

 000  009  012  002  000  000  002  000  000  008  012  020  029  022  018  015 
 002  015  009  000  000  000  000  004  007  010  012  018  026  015  011  010 
 010  021  006  000  000  006  008  010  008  000  000  007  015  006  003  004 
 012  024  010  000  015  018  015  011  002  000  000  008  012  008  009  008 
 009  020  017  014  016  011  007  008  008  008  008  008  003  002  012  017 
 006  016  017  017  018  010  000  000  000  006  012  014  008  000  008  019 
 003  012  014  014  016  012  002  000  000  000  000  000  000  000  000  013 
 000  004  014  016  016  013  001  000  000  004  004  000  000  000  000  008 
 000  000  012  022  018  013  002  000  000  006  007  004  000  000  000  006 
 000  000  006  018  020  016  009  000  000  004  006  004  002  000  000  000 
 000  000  000  010  018  020  019  008  000  000  002  002  004  006  004  000 
 000  000  000  007  015  022  025  013  000  000  003  000  002  008  006  000 
 000  000  002  010  014  020  022  010  000  002  008  001  002  009  006  000 
 002  000  000  012  013  015  015  003  000  006  010  005  008  012  005  000 
 000  000  000  008  013  012  009  000  002  008  008  010  015  014  003  000 
 000  000  000  006  011  010  005  002  008  010  008  014  016  010  004  000 

Celda10

 020  021  026  016  012  007  006  010  014  014  016  024  111  109  044  016 
 008  007  010  000  000  000  000  000  002  009  020  031  110  101  050  034 
 004  006  002  000  000  000  000  000  000  000  016  031  103  102  057  025 
 002  006  000  000  000  000  000  000  000  016  022  049  108  105  045  008 
 010  000  000  000  000  000  000  000  000  053  062  068  094  080  014  000 
 016  000  000  000  000  000  000  000  008  088  088  055  049  041  002  000 
 015  004  000  000  000  000  000  000  017  085  072  014  002  028  009  007 
 012  008  000  000  000  000  000  000  012  080  064  000  000  025  024  008 
 010  007  000  000  000  000  000  000  014  075  054  000  000  027  036  013 
 000  000  000  000  000  000  000  000  034  088  047  000  000  028  043  024 
 000  000  000  000  000  000  000  000  054  089  039  006  000  024  045  028 
 000  000  000  000  000  000  000  000  074  084  032  005  005  016  042  022 
 000  003  000  000  000  000  000  034  096  075  028  000  002  006  034  013 
 000  000  000  002  012  011  006  057  085  032  018  000  000  002  023  006 
 000  000  000  002  012  008  003  051  051  008  014  014  000  004  016  000 
 000  000  000  001  000  000  000  040  028  000  020  030  008  011  015  000 

Celda11

 028  053  038  004  001  018  024  011  020  026  026  023  022  024  026  024 
 040  038  006  000  006  025  030  020  012  020  022  023  025  028  030  030 
 016  008  000  000  014  034  030  014  000  004  014  022  022  018  012  012 
 000  000  000  006  015  032  026  012  004  000  000  001  000  000  000  000 
 000  000  005  019  014  016  025  014  004  000  000  000  000  000  000  000 
 003  003  008  020  022  012  030  024  006  001  000  000  000  000  000  000 
 012  010  016  016  016  019  030  021  003  002  000  000  000  000  002  006 
 016  018  018  010  006  007  006  012  002  000  000  000  000  008  010  014 
 010  018  017  010  004  002  000  004  000  000  000  000  008  017  018  014 
 006  011  013  006  000  000  000  000  000  000  000  000  004  013  014  009 
 014  008  000  000  000  000  000  000  000  000  000  001  008  002  000  000 
 014  014  000  000  000  000  001  002  000  000  000  012  012  000  000  000 
 007  013  000  000  000  002  003  002  006  010  008  017  010  000  000  000 
 000  008  008  006  005  001  000  000  004  016  022  018  005  000  000  000 
 000  004  016  018  008  000  000  000  000  007  016  019  013  004  000  000 
 000  002  016  022  014  001  005  006  003  000  000  002  004  000  000  000 

Celda12

 009  012  018  004  000  000  008  020  020  016  014  011  008  016  015  000 
 019  002  014  005  000  000  003  004  000  000  004  007  009  019  012  002 
 012  006  006  006  007  012  001  000  000  000  002  013  016  014  002  000 
 005  012  004  006  017  012  002  000  001  008  021  020  020  018  014  004 
 002  016  016  004  021  008  000  003  022  030  023  009  009  018  018  006 
 002  016  021  014  008  006  000  003  019  014  000  000  002  009  002  000 
 009  006  007  008  000  005  006  006  012  006  000  000  003  005  000  004 
 008  000  004  012  012  012  020  013  010  004  000  000  000  010  008  019 
 006  005  012  020  020  010  017  009  011  010  004  000  003  022  010  012 
 003  002  009  012  013  000  010  010  009  005  006  014  020  018  002  000 
 000  002  009  006  004  000  007  023  017  002  003  011  012  004  002  008 
 000  007  006  000  000  000  021  044  020  002  000  004  000  009  023  028 
 000  006  000  000  000  014  038  035  003  000  001  006  015  021  023  019 
 000  006  000  000  012  022  019  002  000  000  010  017  017  010  006  004 
 000  009  014  014  020  016  006  000  002  007  008  003  002  005  006  004 
 010  017  024  011  004  004  006  008  010  009  002  000  000  004  006  008 

Celda13

 000  000  004  008  008  009  007  006  008  006  002  000  007  012  019  012 
 002  008  013  005  000  000  000  002  010  020  025  026  023  017  011  000 
 007  024  022  004  000  000  000  000  023  034  032  030  020  008  000  000 
 000  014  003  002  000  000  000  014  024  026  016  010  000  000  000  000 
 000  011  000  000  005  006  001  014  027  024  004  000  000  000  000  000 
 000  006  010  004  008  011  012  005  020  022  006  000  000  001  000  000 
 012  026  034  018  016  016  016  016  024  016  002  000  000  000  000  000 
 025  033  028  016  024  031  030  022  019  019  012  002  000  000  000  000 
 018  025  021  021  028  036  039  030  017  019  011  008  000  000  000  000 
 007  018  023  029  027  024  030  034  030  021  010  006  002  000  000  000 
 016  019  020  018  012  014  018  026  026  014  000  000  000  000  000  029 
 024  018  010  006  008  015  012  014  009  000  000  000  000  000  012  077 
 010  010  010  011  018  015  004  000  000  000  000  000  000  002  048  101 
 000  006  013  012  012  002  000  000  000  006  005  000  000  018  074  088 
 006  012  006  002  000  000  001  004  003  000  000  000  000  040  071  057 
 019  015  004  002  008  013  012  008  000  000  000  000  023  079  068  037 

Celda14

 000  000  000  000  000  000  026  062  041  019  008  000  000  004  002  000 
 000  000  000  000  000  005  064  060  013  008  012  002  000  000  002  006 
 000  000  000  000  000  032  064  038  002  004  016  010  004  002  001  010 
 000  000  000  000  013  050  052  025  002  005  020  012  002  007  019  028 
 000  000  000  000  032  057  048  026  002  002  015  009  000  008  022  028 
 000  000  000  046  079  082  058  017  000  004  014  012  008  010  010  012 
 000  000  047  101  098  081  053  024  008  000  015  019  014  007  004  005 
 000  007  098  116  077  049  030  030  032  026  024  026  015  006  002  000 
 000  062  127  098  043  018  008  009  014  020  026  028  009  002  002  000 
 028  104  115  065  024  009  002  000  000  006  020  014  003  000  000  000 
 088  107  077  039  021  015  016  018  018  016  015  006  004  002  000  000 
 115  090  050  028  022  019  019  026  026  018  008  006  010  013  012  008 
 098  057  034  018  022  020  010  006  010  014  016  018  018  021  024  026 
 060  023  017  018  025  020  007  000  000  011  024  026  024  019  017  020 
 031  009  006  014  024  017  002  000  003  010  017  013  012  007  006  012 
 023  012  007  012  020  012  009  011  006  004  011  000  000  000  012  025 

Celda15

 004  004  011  015  012  010  014  018  010  012  020  012  008  040  064  000 
 001  004  020  023  016  016  021  021  004  003  013  014  014  044  066  000 
 007  011  027  024  010  008  010  006  000  000  008  015  020  048  067  000 
 024  024  028  015  002  000  000  000  000  000  003  014  022  049  069  000 
 025  019  011  003  000  000  000  003  004  006  003  013  018  044  070  000 
 006  000  000  000  000  000  000  011  013  016  014  021  019  042  071  000 
 002  000  000  002  007  002  002  008  010  007  014  025  026  050  077  007 
 000  000  000  001  012  012  000  000  010  006  002  015  012  032  063  000 
 000  002  002  000  008  018  004  000  007  014  010  009  004  030  064  000 
 000  006  007  006  012  015  002  000  008  021  022  017  009  039  075  009 
 000  012  019  022  027  028  020  017  020  029  028  020  009  033  066  000 
 000  012  030  030  024  019  014  010  009  018  019  008  000  024  066  000 
 024  025  033  025  014  002  000  000  003  013  014  002  000  025  072  000 
 026  031  031  009  007  004  000  002  016  017  008  000  004  040  082  008 
 020  025  020  012  000  001  009  014  011  004  002  006  014  049  077  008 
 026  016  008  007  010  008  012  012  006  004  008  018  028  048  070  011 

Celda16

 000  000  000  000  000  000  030  026  000  000  000  030  034  012  004  003 
 002  005  010  008  003  000  028  022  000  000  000  028  026  010  006  004 
 002  005  011  014  013  007  023  020  000  002  004  023  018  007  008  006 
 000  000  000  000  000  000  016  023  001  012  010  012  016  008  010  010 
 000  000  000  000  000  000  014  029  013  015  012  006  020  016  019  020 
 000  000  000  000  005  008  029  042  023  009  016  031  045  022  019  022 
 000  000  000  000  000  003  039  046  021  008  012  037  038  018  015  020 
 000  000  000  000  000  000  033  030  008  006  003  017  016  008  009  009 
 000  000  000  000  000  000  028  040  022  000  001  012  031  014  012  000 
 000  000  000  002  006  002  016  046  036  000  002  016  046  018  010  004 
 002  005  012  016  014  012  031  065  046  005  000  010  039  011  000  000 
 004  012  032  042  034  024  046  065  038  005  000  008  034  016  000  002 
 003  012  034  050  045  032  044  049  024  001  000  018  040  015  002  008 
 002  006  014  018  018  016  022  032  016  000  000  025  031  002  000  010 
 002  002  000  000  000  000  008  031  015  002  003  024  022  000  010  023 
 003  004  000  000  000  000  026  046  016  005  010  030  021  005  025  036 

Celda17

 000  000  000  003  006  006  001  002  008  009  010  014  011  004  005  004 
 004  010  004  000  003  004  000  003  006  004  009  014  006  000  002  002 
 011  014  002  000  002  001  004  010  009  000  002  010  006  000  000  000 
 012  012  002  000  002  000  010  022  005  000  000  006  010  006  000  003 
 016  008  000  002  003  002  020  027  007  002  000  004  016  018  016  014 
 015  008  004  000  005  012  022  025  011  018  016  008  018  022  008  000 
 008  005  006  006  012  017  014  018  006  008  012  006  012  018  004  000 
 002  001  000  000  007  009  007  014  012  000  000  008  017  012  000  000 
 000  000  002  008  012  009  004  011  018  008  017  026  034  024  017  016 
 006  010  022  037  032  024  022  033  043  028  025  025  023  016  014  014 
 009  015  032  041  023  012  014  022  026  006  002  002  000  000  000  000 
 009  014  022  023  004  002  002  008  014  002  000  001  000  002  002  001 
 004  014  021  020  011  016  018  014  014  006  008  017  014  015  014  016 
 010  000  022  030  024  029  036  044  045  037  034  032  025  024  021  020 
 018  006  016  042  038  034  036  043  044  042  030  016  008  007  006  006 
 023  028  026  053  049  034  021  014  011  008  004  000  000  000  000  000 

Celda18

 000  000  000  000  000  000  000  024  010  000  029  041  019  016  013  000 
 000  000  000  000  000  000  000  018  000  000  036  048  024  016  007  000 
 000  000  000  000  000  000  016  046  014  000  038  056  022  006  000  000 
 002  000  000  000  000  000  044  040  005  000  040  061  018  000  000  000 
 007  000  000  000  000  000  040  022  000  000  044  064  018  005  020  039 
 000  000  000  000  000  000  035  018  000  000  046  064  024  015  042  047 
 000  000  000  000  000  002  034  012  000  000  050  065  038  034  047  036 
 000  000  000  000  000  014  035  001  000  000  058  074  059  050  044  026 
 016  004  000  000  000  028  034  000  000  004  068  089  071  047  025  010 
 008  000  000  000  000  037  035  006  019  035  100  113  078  041  019  018 
 000  000  000  000  022  068  058  039  052  064  114  120  074  041  033  037 
 004  014  023  028  063  086  069  061  048  046  091  101  052  028  027  017 
 024  034  036  034  056  063  050  045  020  020  069  074  024  012  016  003 
 022  020  016  018  034  038  030  020  002  021  067  053  013  006  013  006 
 004  000  001  012  030  034  030  018  003  034  065  039  007  007  022  026 
 000  002  008  013  030  044  050  024  007  044  066  040  021  028  040  032 

Celda19

 000  004  015  024  021  008  000  000  000  000  000  002  000  000  003  013 
 000  014  022  027  026  010  000  000  000  000  000  008  009  015  014  020 
 002  027  034  030  020  005  000  000  000  003  016  025  015  008  000  005 
 016  039  038  019  006  004  000  000  003  013  014  009  000  000  000  006 
 040  039  022  003  000  013  016  008  005  003  006  000  000  000  000  015 
 029  020  010  000  003  022  020  005  000  000  004  000  000  010  019  041 
 018  016  015  014  013  014  011  007  008  017  010  001  000  008  021  040 
 016  020  020  016  010  006  008  018  023  006  000  000  004  019  029  032 
 013  021  020  018  020  023  022  018  005  000  000  000  033  047  032  017 
 030  024  010  006  016  022  018  004  000  000  021  041  052  038  006  000 
 036  011  000  000  013  010  004  012  024  043  045  031  021  005  000  000 
 000  000  000  000  020  020  014  027  044  034  010  000  010  003  000  000 
 000  000  000  015  042  037  020  018  013  000  000  000  014  009  004  000 
 000  010  022  039  043  021  003  006  003  000  000  008  019  008  000  000 
 018  023  026  032  025  006  000  004  000  000  000  013  009  002  000  000 
 012  008  017  021  011  003  000  000  000  000  004  009  000  000  000  000 

Celda20

 023  015  011  008  001  000  003  006  010  007  002  004  002  000  009  019 
 012  005  000  010  006  007  004  002  005  000  000  002  000  000  017  017 
 000  000  002  017  021  015  008  004  000  000  000  000  000  005  022  014 
 000  004  009  025  022  007  005  004  000  000  000  000  005  017  021  010 
 017  011  011  021  014  002  004  007  006  004  004  007  020  013  010  010 
 035  020  011  006  008  001  000  000  000  000  005  013  010  000  004  013 
 029  015  001  000  004  000  000  000  000  000  013  025  017  007  000  012 
 013  002  000  000  004  000  000  000  000  007  037  040  031  029  022  013 
 004  000  000  000  006  000  000  008  010  025  044  033  018  024  022  014 
 000  002  008  004  002  000  008  017  011  020  028  016  000  008  010  009 
 006  006  016  014  006  004  010  008  002  008  018  016  008  001  003  004 
 014  002  010  013  014  011  000  004  004  002  010  020  016  000  000  000 
 012  000  002  010  014  012  006  003  005  000  003  017  018  002  000  000 
 006  008  000  011  014  014  014  013  015  010  008  007  012  002  000  000 
 002  015  000  005  008  010  012  012  013  008  006  002  000  000  000  000 
 002  018  000  000  000  006  014  018  013  002  000  000  000  000  000  000 

Celda21

 022  010  006  010  013  005  000  000  000  000  000  004  098  111  056  024 
 010  004  000  000  000  000  000  000  000  000  000  078  130  082  034  019 
 004  004  001  000  000  000  000  000  000  000  040  120  105  033  012  016 
 001  001  000  000  000  000  000  000  000  000  101  130  078  022  014  018 
 002  000  000  000  000  000  000  000  000  059  132  108  045  020  016  017 
 006  000  000  000  000  000  000  000  013  101  119  058  006  005  006  004 
 008  000  000  000  000  000  000  000  059  115  086  027  000  000  000  000 
 008  000  000  000  000  000  000  012  104  113  053  011  004  000  000  001 
 004  000  000  000  000  000  000  074  132  091  019  000  000  004  000  000 
 010  006  000  000  000  000  056  120  114  050  000  000  000  003  008  002 
 005  001  000  000  000  037  116  117  066  019  000  000  000  000  012  011 
 000  000  000  000  002  093  127  080  030  014  006  004  004  011  025  025 
 000  000  000  000  072  139  111  044  013  010  006  005  007  018  023  018 
 000  000  000  031  128  126  060  010  000  004  006  010  009  016  014  009 
 000  000  000  088  117  057  006  000  000  020  022  022  020  017  011  004 
 000  000  060  119  075  024  004  000  008  035  024  017  020  017  012  006 

Celda22

 026  019  010  013  019  016  020  019  014  004  000  000  000  002  025  031 
 026  022  009  011  022  027  027  028  028  028  018  004  004  016  019  012 
 024  027  014  012  023  029  022  023  030  036  036  030  021  022  013  008 
 025  035  022  017  021  023  010  002  002  004  012  016  016  020  019  013 
 018  032  021  016  014  013  004  000  000  000  000  000  000  009  011  002 
 000  020  017  012  009  002  000  000  000  003  000  000  000  012  006  000 
 000  021  022  003  004  000  000  000  000  006  000  004  009  011  002  000 
 004  017  026  006  000  000  000  000  004  010  004  008  014  012  004  000 
 002  013  023  009  000  000  000  000  002  004  001  002  000  000  003  010 
 000  008  020  012  000  000  000  003  008  006  002  000  000  000  001  004 
 007  008  019  016  004  006  006  011  006  002  000  000  004  009  009  001 
 015  009  014  016  000  004  008  011  002  000  000  007  018  022  020  015 
 013  008  001  014  001  000  004  007  006  007  010  025  030  018  016  020 
 014  006  000  012  012  008  005  002  000  004  007  021  019  006  008  017 
 014  000  000  010  026  010  006  000  000  000  008  019  009  001  006  012 
 008  000  000  010  033  004  004  000  002  007  022  025  010  004  007  007 

Celda23

 022  013  002  000  000  006  011  004  000  004  016  026  022  035  060  007 
 006  012  011  001  000  000  007  012  015  013  009  020  018  038  064  000 
 003  012  019  015  006  001  008  016  007  005  002  003  002  037  076  000 
 007  004  011  018  022  022  008  006  010  004  000  000  000  033  084  000 
 000  000  000  008  018  018  011  000  006  012  006  000  004  053  103  017 
 000  000  000  006  010  006  006  014  017  009  000  000  006  064  104  023 
 000  005  007  008  008  005  006  014  022  018  004  000  018  063  089  008 
 003  010  009  004  008  010  012  020  014  011  012  015  022  062  089  000 
 011  008  006  004  006  014  018  012  000  000  002  016  018  052  086  000 
 002  000  007  007  006  016  021  010  000  000  008  017  014  050  081  000 
 000  000  008  010  007  012  016  010  004  008  031  029  025  058  087  015 
 016  015  014  017  015  008  004  004  012  030  044  033  029  054  079  016 
 026  026  019  024  018  004  000  000  010  043  044  029  022  042  067  008 
 015  014  013  013  003  000  000  004  023  052  040  026  021  038  065  007 
 004  004  006  000  000  002  012  024  049  048  026  014  015  033  063  008 
 004  002  000  000  010  016  018  025  038  021  005  000  000  018  050  000 

Celda24

 003  005  003  000  000  005  054  054  016  006  013  039  033  023  032  035 
 001  002  000  000  000  015  056  036  005  000  010  039  034  029  026  023 
 001  002  000  000  000  026  048  014  000  000  035  049  042  037  026  012 
 003  005  004  000  000  040  041  002  000  004  069  053  031  015  004  003 
 003  003  000  000  000  038  025  000  000  029  072  022  000  000  000  008 
 000  000  000  000  000  033  020  000  000  038  053  000  000  000  000  031 
 000  000  000  000  006  034  021  000  000  034  044  001  000  011  018  035 
 000  000  000  000  022  039  017  000  000  026  037  014  018  020  008  016 
 000  000  000  000  035  041  016  003  005  034  045  036  034  019  012  021 
 000  000  000  000  032  036  017  010  015  046  044  031  030  024  024  026 
 000  000  000  000  034  038  018  000  009  045  028  022  033  031  021  018 
 000  000  000  002  042  040  014  000  020  050  029  033  042  033  021  022 
 001  006  018  028  061  047  008  000  039  059  036  036  036  029  026  027 
 003  010  025  038  063  041  014  010  051  060  030  024  026  022  016  013 
 001  004  011  032  050  024  016  020  059  053  018  013  021  015  004  012 
 000  000  002  028  032  005  006  030  057  035  008  012  018  009  004  008 

Celda25

 016  032  040  052  037  026  014  008  010  000  000  000  000  000  000  000 
 011  020  034  031  016  016  012  006  006  000  000  000  000  001  004  007 
 015  019  021  022  016  001  008  012  006  000  000  000  000  000  004  006 
 025  031  025  024  029  025  013  019  016  006  000  000  000  000  002  000 
 045  042  028  026  028  038  040  033  018  000  000  000  000  000  000  000 
 060  038  017  013  013  022  034  030  012  000  000  008  016  010  000  000 
 049  023  006  002  002  008  004  011  010  011  018  026  025  016  000  000 
 038  024  002  000  000  010  011  003  016  022  023  022  019  014  008  000 
 033  023  013  010  012  010  021  016  021  020  011  006  002  000  001  006 
 032  038  038  028  034  032  036  029  016  010  002  000  001  000  000  000 
 031  046  039  027  026  028  021  016  004  006  004  005  014  010  000  000 
 041  041  020  010  001  003  000  003  000  004  005  003  008  006  003  012 
 032  023  007  006  000  000  000  003  000  000  000  000  000  000  000  005 
 013  011  006  002  000  000  000  001  000  000  000  000  000  000  000  000 
 022  016  004  000  000  000  000  000  000  000  000  000  000  000  000  011 
 026  020  000  000  000  000  000  001  000  000  000  000  000  000  000  047 

Celda26

 000  010  018  020  038  066  074  039  022  067  089  054  030  030  032  016 
 004  002  012  028  044  080  082  042  032  087  096  040  016  012  012  005 
 000  000  000  022  020  065  064  020  022  079  066  004  000  000  002  007 
 000  000  012  008  000  054  052  000  004  054  040  000  000  000  008  020 
 000  000  026  002  000  047  050  000  000  041  031  000  000  000  016  034 
 000  010  040  004  000  044  043  000  000  031  027  000  000  000  020  034 
 000  026  048  017  010  047  041  002  000  018  026  008  000  004  016  022 
 000  030  046  024  020  038  034  000  000  009  029  018  006  007  007  010 
 012  043  035  012  019  040  036  006  000  014  040  036  014  010  002  002 
 018  053  025  000  013  046  038  008  000  022  046  031  008  006  004  002 
 022  049  018  007  018  066  057  025  016  020  042  038  011  000  000  002 
 036  036  016  020  045  089  070  038  029  018  032  044  016  000  000  010 
 024  018  012  022  052  085  063  032  022  016  018  044  022  006  007  006 
 016  020  014  021  051  076  058  029  018  012  000  034  034  000  002  000 
 041  043  021  020  051  063  045  024  018  018  006  017  044  006  000  000 
 069  051  025  018  043  034  028  020  002  014  016  004  038  006  000  000 

Celda27

 004  002  013  007  000  000  000  000  000  000  006  005  000  000  000  000 
 005  007  006  000  000  000  000  000  000  007  010  003  000  003  006  004 
 009  010  007  000  000  000  000  000  000  022  017  003  004  010  013  010 
 020  014  013  011  009  006  003  004  002  024  018  000  003  010  007  009 
 021  007  004  001  003  006  011  023  024  004  014  013  008  002  000  000 
 022  000  000  000  000  000  006  016  022  009  003  024  012  000  000  000 
 020  004  000  000  000  000  010  012  000  008  002  021  014  000  000  000 
 018  008  000  000  000  000  008  016  000  003  010  004  018  007  009  008 
 016  008  000  000  000  000  004  017  008  000  002  002  018  016  007  002 
 012  006  000  000  000  000  004  018  008  000  000  000  009  012  005  001 
 011  005  004  004  002  004  006  014  004  000  000  000  000  000  004  007 
 012  002  002  000  000  003  000  002  005  000  000  000  000  000  012  012 
 013  000  000  000  000  000  000  000  013  012  000  002  009  023  047  039 
 009  002  000  000  002  000  000  000  026  039  025  031  040  046  041  013 
 002  004  000  000  003  000  000  023  072  066  040  038  044  036  012  000 
 000  011  006  000  000  004  014  044  059  033  018  026  022  018  006  000 

Celda28

 000  016  000  000  002  006  012  018  011  000  000  000  000  000  000  000 
 000  008  000  000  007  003  002  000  000  000  000  000  000  000  000  000 
 000  000  002  006  010  002  000  000  000  000  000  000  000  000  000  000 
 008  000  000  007  010  004  000  000  000  000  000  000  000  000  000  024 
 008  006  000  000  007  007  000  000  000  000  000  000  000  000  009  112 
 004  001  000  000  000  003  000  000  000  000  000  000  000  004  105  149 
 000  000  000  000  000  000  000  000  000  000  000  000  000  067  154  110 
 006  002  000  000  000  000  000  000  000  000  000  000  009  115  114  022 
 006  008  000  000  000  000  000  000  000  000  000  000  065  104  048  000 
 000  000  000  000  000  000  000  000  000  000  000  028  094  068  019  002 
 000  000  000  000  000  000  000  000  000  000  012  076  095  057  024  020 
 000  000  004  007  014  024  026  010  000  001  052  098  089  058  034  028 
 022  020  018  010  012  016  027  014  000  024  096  107  076  040  016  017 
 003  010  019  012  000  003  000  000  002  071  114  083  044  020  016  025 
 000  002  012  008  000  000  000  000  012  097  088  038  013  010  024  040 
 006  005  000  000  000  000  000  000  059  094  061  026  015  018  025  021 

Celda29

 000  028  123  102  026  006  005  000  018  034  013  000  001  008  012  010 
 000  076  119  046  000  000  004  001  016  030  016  000  000  005  003  005 
 027  094  082  026  000  000  006  004  009  024  022  004  002  012  006  000 
 094  091  043  018  000  000  015  018  008  016  024  010  005  012  007  000 
 124  064  013  009  008  019  037  024  010  012  021  012  005  008  003  000 
 092  027  018  006  019  032  020  002  000  006  018  008  000  005  001  000 
 029  006  018  020  019  025  004  000  002  014  019  001  000  004  006  000 
 000  006  002  014  011  013  002  000  012  028  034  019  021  026  034  026 
 000  010  016  001  012  014  019  027  034  040  043  030  026  028  036  024 
 004  014  022  018  018  026  038  043  037  034  033  018  008  010  019  008 
 029  040  045  039  033  032  033  033  029  023  018  008  000  000  008  001 
 039  051  052  040  031  024  016  016  022  012  006  002  000  000  007  004 
 035  046  041  024  015  009  004  002  016  002  000  000  004  002  008  011 
 037  031  016  006  002  000  000  000  008  004  000  000  009  014  019  016 
 033  007  002  006  007  000  000  000  000  008  008  012  027  030  021  003 
 006  000  000  004  010  000  000  000  000  011  022  025  026  022  004  000 

Celda30

 002  000  000  010  030  004  001  002  003  007  011  012  006  005  004  006 
 004  002  006  009  021  009  000  000  000  007  010  014  007  004  000  007 
 005  013  023  026  016  006  000  000  000  009  012  018  012  000  000  008 
 000  014  029  024  018  002  000  000  000  014  012  014  012  000  000  009 
 001  010  020  004  000  000  000  000  000  016  008  006  008  005  008  009 
 000  003  014  010  000  000  000  002  008  030  026  016  006  004  005  002 
 000  000  008  010  001  004  013  016  014  034  034  022  018  010  000  000 
 022  024  036  029  020  022  018  018  012  018  020  000  006  006  000  000 
 022  026  027  012  006  010  004  004  002  004  017  006  000  000  000  000 
 008  005  000  000  000  008  002  000  000  000  012  008  000  000  000  000 
 000  000  000  000  000  008  006  000  000  000  005  005  000  000  000  012 
 000  002  006  011  008  000  004  000  000  000  000  006  000  008  027  031 
 008  012  011  006  000  000  000  000  000  000  000  012  010  023  036  019 
 006  006  000  000  000  000  000  002  000  006  017  036  031  025  023  012 
 000  000  000  000  000  000  005  013  015  028  038  047  028  013  010  008 
 000  000  000  000  000  009  027  029  022  022  024  025  014  009  012  014 

Celda31

 006  004  000  000  021  011  002  005  010  000  000  000  000  018  052  000 
 003  001  000  000  020  000  000  003  006  000  000  000  000  018  058  000 
 003  000  000  003  014  000  000  000  000  000  000  000  000  021  066  000 
 000  000  000  006  007  000  000  000  000  000  001  000  000  030  077  006 
 000  000  000  007  000  000  000  000  000  000  010  017  032  069  095  024 
 000  000  000  006  000  000  000  000  018  033  046  052  051  064  080  019 
 000  000  000  004  000  000  012  039  044  049  056  050  031  038  061  009 
 000  000  000  010  008  020  042  050  041  040  042  030  015  025  056  007 
 000  000  013  036  036  029  033  032  023  020  016  002  000  016  053  005 
 012  022  035  044  029  009  010  018  012  008  002  000  000  020  054  000 
 028  024  019  024  009  000  006  015  010  008  002  000  000  024  059  000 
 018  006  000  016  010  001  005  008  002  006  006  000  000  029  065  004 
 000  000  000  018  019  008  004  000  000  006  010  000  002  041  072  009 
 000  000  004  025  023  004  000  000  007  026  028  015  012  041  064  001 
 005  008  016  021  016  000  003  005  024  031  023  014  012  031  058  000 
 021  030  019  008  007  008  008  012  017  016  008  003  002  021  056  000 

Celda32

 002  004  006  025  018  000  002  041  042  011  000  014  021  006  000  005 
 006  010  011  014  018  002  014  042  021  000  000  013  018  005  000  008 
 008  014  017  009  028  010  010  032  018  002  012  023  020  010  016  030 
 006  012  020  018  033  006  002  026  026  022  028  035  036  030  034  038 
 002  006  014  014  024  008  014  038  041  030  026  032  034  025  022  019 
 002  004  008  006  021  025  027  033  034  025  018  022  020  008  006  002 
 003  006  009  006  026  039  020  010  020  023  017  019  017  007  007  008 
 001  003  006  006  026  039  008  006  015  028  021  022  020  011  010  012 
 000  000  002  004  023  036  004  006  014  033  027  022  012  002  004  000 
 000  000  002  006  019  032  006  002  013  040  034  014  000  000  004  000 
 000  000  004  010  013  026  011  006  025  050  034  002  000  000  006  002 
 001  004  012  018  013  021  024  023  036  041  017  000  000  002  011  004 
 002  006  018  028  025  017  031  027  013  010  009  000  000  000  012  006 
 000  000  004  015  020  008  022  022  000  000  010  002  000  000  008  008 
 000  000  000  000  000  000  009  026  004  000  018  012  006  006  006  002 
 000  000  000  008  000  000  000  030  021  013  021  010  004  003  000  000 

Celda33

 022  018  000  000  000  000  006  012  000  004  004  001  000  000  018  071 
 020  013  000  000  002  006  015  012  000  000  000  002  003  008  047  089 
 032  014  002  002  010  016  017  000  000  000  000  000  000  008  069  100 
 027  009  002  000  000  008  011  000  000  000  000  000  000  000  069  089 
 008  004  008  008  006  009  004  000  000  000  000  000  000  003  076  077 
 004  003  011  017  018  010  000  000  000  000  006  008  007  031  089  060 
 007  006  004  008  007  000  000  000  000  000  001  009  012  030  067  038 
 006  001  000  000  000  000  000  000  000  008  017  000  000  016  060  038 
 000  000  000  000  000  000  000  000  000  016  028  000  002  029  084  078 
 000  004  002  000  000  002  004  004  010  035  039  009  020  065  106  085 
 003  004  002  000  000  000  004  012  026  052  037  012  018  066  082  057 
 000  000  000  000  002  001  000  000  006  031  006  000  004  043  047  035 
 000  000  000  000  000  000  000  000  010  020  000  000  010  045  040  027 
 005  000  000  000  000  000  000  000  019  029  000  002  019  054  035  013 
 000  000  000  000  000  000  000  000  024  044  012  008  025  060  038  004 
 000  000  000  000  000  000  000  000  020  059  034  000  018  055  031  006 

Celda34

 069  035  020  018  032  013  018  025  004  000  002  001  020  001  000  000 
 066  023  013  018  031  016  018  020  003  000  000  000  002  000  000  015 
 063  018  010  018  029  016  015  013  000  000  000  004  002  002  009  026 
 044  010  004  012  014  004  000  002  000  000  018  035  040  033  036  032 
 020  000  000  007  006  000  000  000  000  017  038  035  040  038  036  024 
 006  000  000  006  008  003  004  012  022  034  032  009  004  006  010  008 
 000  000  003  019  026  032  032  024  021  019  008  000  000  000  002  000 
 012  024  047  054  050  050  034  018  004  000  004  003  004  004  000  004 
 050  046  058  050  035  030  014  008  002  000  004  019  012  012  000  010 
 047  028  028  021  008  003  000  002  006  006  016  035  016  010  002  008 
 030  012  004  002  000  000  000  000  000  005  021  029  006  005  004  000 
 022  000  000  000  000  000  000  000  000  007  021  013  001  000  006  002 
 026  008  000  002  004  002  000  000  000  017  014  000  000  000  002  001 
 022  021  000  006  012  008  002  000  000  016  008  000  001  000  000  000 
 014  026  010  004  005  000  000  000  000  007  004  000  006  000  000  000 
 009  021  010  008  005  000  000  000  000  000  000  000  012  000  000  002 

Celda35

 000  027  047  037  032  033  034  034  028  018  017  017  000  000  001  007 
 034  055  055  032  025  028  032  028  019  010  016  015  000  000  000  000 
 038  036  024  014  004  015  027  027  022  015  004  005  000  000  000  000 
 021  008  006  014  014  016  022  015  008  008  004  000  000  000  000  000 
 013  002  004  013  016  016  012  005  002  000  004  003  000  002  006  000 
 005  004  013  013  008  010  010  006  004  004  000  000  001  007  008  003 
 000  000  010  005  000  000  008  012  003  000  000  000  008  014  000  000 
 001  000  006  008  000  000  006  016  000  000  000  006  010  012  000  000 
 002  007  000  007  000  000  008  012  000  000  002  008  004  000  000  000 
 008  008  006  000  001  010  015  007  000  000  002  006  000  000  000  000 
 016  000  010  004  006  021  014  000  000  000  000  002  000  000  000  000 
 013  002  002  002  003  022  010  000  000  000  000  000  000  000  000  000 
 006  007  000  000  000  018  010  000  000  000  000  000  000  000  000  000 
 002  012  006  013  006  009  008  000  000  000  000  000  000  000  000  000 
 005  023  010  014  012  001  000  000  000  000  000  000  000  000  000  000 
 004  026  000  000  000  000  000  000  000  000  000  000  000  000  000  012 

Celda36

 021  005  000  000  000  000  000  041  087  079  055  040  029  023  017  002 
 012  000  000  000  000  000  017  083  086  062  050  038  021  019  025  017 
 015  000  000  000  000  000  065  095  075  056  047  027  010  019  036  028 
 015  000  000  000  000  048  097  084  068  065  050  023  011  013  026  010 
 006  000  000  000  014  097  101  062  060  065  036  012  006  001  024  012 
 000  000  000  009  070  123  092  043  047  054  016  000  002  006  028  023 
 000  000  000  026  107  122  074  032  033  046  015  002  008  014  014  013 
 000  000  000  047  106  087  042  020  016  034  017  001  005  003  000  000 
 000  000  022  075  082  047  016  002  003  018  018  000  000  000  000  000 
 000  016  073  090  057  021  009  000  000  007  018  008  001  000  004  007 
 000  048  091  065  022  004  005  003  000  004  014  016  011  010  012  013 
 000  062  081  054  020  000  006  013  008  006  008  016  014  003  000  002 
 013  063  056  048  028  002  010  021  014  009  006  008  010  008  000  000 
 038  077  055  046  026  003  012  022  016  014  012  008  000  004  002  000 
 058  076  052  035  013  004  016  020  016  017  014  002  000  000  004  000 
 079  082  037  010  002  013  024  020  015  014  006  000  000  000  002  000 

Celda37

 000  000  002  017  016  002  000  002  014  017  021  026  015  002  000  000 
 014  010  016  036  027  022  016  019  023  008  008  022  012  000  000  000 
 024  018  019  031  013  014  016  021  023  008  000  006  006  000  000  002 
 014  016  016  022  004  007  013  018  020  010  000  000  002  008  015  026 
 016  020  017  016  008  006  003  000  007  000  002  006  018  041  039  021 
 010  012  008  004  000  000  000  000  010  000  006  027  052  052  019  004 
 000  000  000  000  000  000  000  003  016  008  012  027  041  028  012  000 
 000  000  000  000  000  000  000  015  027  021  016  014  015  006  003  000 
 000  003  000  000  000  002  016  033  030  015  006  000  000  000  000  000 
 004  022  016  018  012  008  014  018  009  001  000  000  000  000  000  000 
 008  028  022  018  012  004  004  011  004  000  000  000  000  000  001  002 
 000  022  019  004  006  003  001  011  003  000  000  000  000  000  008  010 
 000  013  027  000  000  000  001  009  001  000  000  000  000  000  014  010 
 000  000  029  002  000  000  000  002  000  000  000  000  000  000  021  013 
 000  000  023  012  000  000  000  000  000  000  000  000  000  008  028  029 
 000  006  014  014  000  012  014  007  000  000  000  000  002  024  043  039 

Celda38

 000  000  000  002  015  029  034  025  010  004  005  015  015  016  020  025 
 000  000  000  008  022  033  028  007  000  000  006  025  018  018  018  025 
 000  000  001  004  016  027  010  000  000  003  011  025  010  011  010  020 
 012  005  002  004  018  020  000  000  000  004  005  019  012  002  006  011 
 008  009  008  009  014  016  000  000  000  000  000  014  015  000  000  005 
 000  006  006  002  006  008  001  000  000  000  000  012  016  005  000  001 
 005  000  000  000  004  004  002  000  000  000  000  012  018  010  000  000 
 001  000  000  000  006  001  000  000  000  000  000  012  023  015  000  000 
 000  000  000  003  009  000  000  000  000  000  003  027  039  029  012  010 
 002  011  010  004  008  000  000  002  001  000  010  034  038  021  008  016 
 012  016  012  010  006  006  013  025  025  015  012  031  025  004  000  002 
 014  017  000  004  011  022  032  026  026  021  012  026  020  000  000  002 
 005  016  010  002  006  014  017  002  006  016  015  014  017  000  000  002 
 004  012  011  002  009  016  008  000  000  000  003  000  013  002  000  002 
 020  029  029  018  018  016  000  000  000  000  000  000  008  006  000  002 
 025  027  027  020  020  023  016  009  000  000  000  000  000  006  004  002 

Celda39

 028  027  004  000  000  019  006  005  004  016  010  000  000  020  054  000 
 022  008  000  000  000  020  011  000  002  008  010  002  000  022  054  000 
 014  002  000  000  004  014  010  006  000  000  004  008  004  028  060  007 
 009  004  005  002  004  012  010  008  000  000  000  012  014  040  062  007 
 011  000  005  005  000  012  012  006  000  000  004  014  016  046  063  000 
 010  002  000  000  002  008  008  006  000  010  021  027  025  046  062  000 
 006  006  000  000  000  010  000  004  010  008  015  026  025  042  060  001 
 004  012  000  000  006  015  008  006  014  010  014  026  019  030  052  000 
 015  023  008  012  024  029  014  014  021  014  012  023  012  018  045  000 
 026  023  009  013  032  030  014  010  013  002  006  024  010  014  045  000 
 010  004  001  004  019  011  002  000  002  000  002  020  008  016  049  000 
 002  001  002  008  010  004  000  000  000  000  002  008  000  021  056  000 
 003  009  016  010  004  000  000  000  000  006  006  000  000  027  063  001 
 006  012  012  000  000  002  000  000  000  010  010  000  000  033  068  002 
 010  012  008  004  006  000  000  000  003  020  016  004  000  036  070  000 
 014  018  010  008  014  000  000  000  006  014  008  000  000  032  069  000 

Celda40

 000  000  000  010  006  005  000  030  032  014  008  005  000  000  000  000 
 001  002  000  006  020  006  005  018  034  009  000  006  000  000  000  000 
 001  001  000  000  024  000  000  004  032  008  000  000  000  000  000  000 
 000  000  000  000  018  004  000  000  028  015  000  000  000  000  000  000 
 000  000  000  000  008  018  000  000  018  025  000  000  000  000  000  000 
 000  000  000  000  006  024  000  000  002  026  007  000  000  000  000  000 
 000  000  000  000  008  024  006  000  000  016  013  000  000  000  000  000 
 000  000  000  000  010  016  014  000  000  000  015  000  000  000  000  000 
 000  000  000  000  010  009  020  000  000  000  012  012  002  000  000  000 
 000  000  000  000  012  008  021  009  000  000  006  021  011  000  000  000 
 001  000  000  000  012  009  016  016  000  000  004  018  012  000  000  000 
 001  001  000  000  005  014  016  020  008  006  012  010  006  000  000  018 
 000  000  000  000  000  022  023  025  028  020  018  009  000  000  004  046 
 000  000  000  011  016  030  039  036  037  029  022  021  012  007  028  072 
 000  000  007  022  024  019  038  035  029  029  020  026  017  006  042  083 
 001  002  004  010  016  015  035  032  018  022  012  008  001  000  045  072 

Celda41

 000  000  000  000  000  000  000  000  008  064  050  003  023  051  022  000 
 000  000  000  000  000  000  000  004  008  055  054  016  032  046  015  000 
 000  000  000  000  000  000  002  006  013  055  052  022  032  036  009  000 
 000  000  000  000  000  000  013  001  006  045  050  024  026  027  007  004 
 000  000  000  000  000  010  024  007  005  040  046  021  016  016  008  014 
 000  000  000  000  000  025  036  014  007  034  046  024  015  014  015  023 
 000  000  000  000  005  038  044  020  004  032  047  034  034  041  045  039 
 000  000  000  000  018  059  057  016  006  043  060  044  042  044  039  024 
 002  006  008  016  058  093  065  011  009  062  067  040  031  025  018  004 
 021  034  032  034  080  099  050  018  026  079  067  032  015  011  018  016 
 022  039  043  046  084  080  023  018  043  083  061  024  004  000  018  026 
 031  025  028  040  079  066  021  017  045  073  056  026  013  014  034  041 
 038  012  006  029  076  068  037  030  048  071  059  034  026  030  050  049 
 037  006  000  031  079  066  034  037  057  078  059  030  020  025  040  035 
 022  001  000  050  092  056  014  024  050  062  040  015  006  010  019  015 
 008  006  014  090  101  037  000  006  031  032  018  009  007  014  015  014 

Celda42

 004  013  006  008  004  000  000  003  008  010  006  000  008  009  000  006 
 006  010  005  005  002  000  000  009  010  011  010  004  000  017  000  008 
 008  012  008  003  000  000  004  007  002  001  002  010  018  034  024  030 
 013  014  009  002  000  001  005  003  000  000  000  015  032  051  049  044 
 021  018  007  000  000  002  004  000  000  000  008  030  033  038  039  028 
 022  016  002  000  000  000  000  000  002  009  032  037  015  013  021  009 
 019  008  002  000  005  003  000  004  020  031  044  031  008  001  020  005 
 013  002  004  005  010  002  006  026  044  043  041  020  008  000  022  010 
 003  002  004  012  007  000  009  044  057  043  029  008  003  000  018  017 
 000  006  009  022  010  006  024  052  051  027  009  000  000  000  014  022 
 009  014  023  028  008  003  018  038  032  004  000  000  000  000  012  022 
 023  016  023  010  000  000  016  036  032  004  000  000  000  006  007  018 
 028  014  007  000  000  000  016  038  029  002  000  004  016  008  000  006 
 019  010  000  000  000  014  033  047  032  005  005  004  000  000  000  000 
 011  009  005  003  014  031  036  043  032  009  009  004  000  000  000  000 
 017  010  014  018  032  029  017  023  017  000  000  004  000  000  000  002 

Celda43

 000  014  000  000  000  000  000  000  000  000  000  000  000  000  000  054 
 008  000  000  015  028  034  032  023  014  007  000  000  000  000  000  086 
 033  029  033  039  048  052  052  044  031  023  008  000  000  000  003  081 
 047  040  026  029  031  032  036  037  030  019  005  000  000  004  000  072 
 031  030  016  017  021  010  008  012  008  000  000  000  000  010  002  064 
 012  014  014  011  013  000  000  000  000  000  000  000  010  012  020  059 
 004  004  008  002  004  000  000  000  000  000  000  000  028  014  031  057 
 002  002  004  005  000  000  000  000  000  000  000  046  067  034  038  050 
 005  010  012  015  013  007  002  000  000  000  029  105  086  054  044  052 
 004  014  014  010  004  000  000  000  000  009  084  124  067  049  040  049 
 010  004  005  000  000  000  000  000  000  014  118  114  050  045  041  045 
 012  000  000  000  000  000  000  000  000  068  133  085  032  041  046  043 
 010  000  000  000  000  000  000  000  016  103  102  031  000  010  022  026 
 004  008  000  000  000  000  000  000  028  086  037  009  006  000  002  011 
 000  010  002  000  000  000  000  000  054  065  012  004  014  015  021  029 
 002  004  001  000  000  000  000  025  090  076  040  038  041  038  042  043 

Celda44

 115  089  021  000  000  028  033  022  012  006  000  000  000  000  008  007 
 114  060  006  006  012  043  053  046  031  017  008  006  016  034  035  028 
 084  030  001  024  044  050  054  047  024  014  009  008  021  035  032  026 
 084  035  027  049  043  027  025  034  008  000  000  000  012  022  020  008 
 098  065  043  045  027  014  001  023  010  000  000  002  006  013  022  015 
 102  070  026  021  011  000  002  015  014  009  014  016  014  007  011  015 
 084  072  029  012  008  000  000  008  016  013  017  023  022  022  015  012 
 073  062  034  012  004  000  000  000  018  026  021  015  008  008  008  006 
 076  078  050  015  000  001  002  011  032  041  019  005  005  000  000  000 
 068  069  048  018  010  007  022  030  035  029  007  000  008  002  000  000 
 055  048  035  016  018  016  032  029  017  008  002  001  010  002  000  000 
 050  031  019  012  015  018  030  027  013  008  000  000  010  000  000  000 
 035  014  000  014  002  014  033  030  014  012  008  002  008  009  014  022 
 014  001  000  015  020  022  028  018  008  011  012  008  014  024  026  032 
 020  008  000  012  033  026  008  000  000  002  008  008  014  018  014  014 
 036  036  029  018  033  024  001  000  002  000  000  008  018  016  007  012 

Celda45

 012  024  024  013  012  009  014  014  009  000  000  000  014  025  024  024 
 023  018  012  007  006  003  000  002  006  004  000  000  020  019  010  015 
 018  002  000  001  002  005  004  007  007  006  002  006  026  022  008  004 
 012  010  006  006  005  009  009  015  012  009  008  011  026  018  006  006 
 000  005  011  010  005  002  007  001  010  016  018  014  022  010  000  000 
 004  000  000  002  004  000  002  000  000  012  026  026  013  000  000  004 
 006  002  003  000  003  004  000  000  008  012  027  031  016  000  001  012 
 004  002  002  002  007  016  014  008  019  029  020  020  012  000  002  022 
 000  002  006  010  021  026  031  030  029  027  011  004  008  010  015  037 
 000  002  014  025  032  020  025  026  018  012  008  000  011  018  021  032 
 000  001  018  032  025  004  007  010  010  003  002  000  008  018  014  018 
 003  015  026  030  022  003  000  004  004  000  000  008  001  012  014  019 
 029  033  035  027  016  009  003  000  000  000  000  008  003  000  000  005 
 034  032  024  011  009  011  000  000  000  000  000  000  005  000  000  003 
 010  006  002  000  000  004  000  000  000  004  000  000  004  003  004  000 
 005  000  006  013  012  000  000  002  010  014  026  025  028  028  032  029 

Celda46

 016  013  007  000  000  004  000  002  000  000  000  000  000  006  010  001 
 026  022  004  000  000  002  000  000  000  002  004  002  006  018  022  007 
 029  030  002  000  000  000  000  000  000  000  000  008  019  031  030  020 
 025  030  004  000  000  000  000  002  010  000  000  008  016  021  022  016 
 018  026  004  000  000  000  000  004  015  002  006  008  011  009  013  006 
 014  021  004  000  000  000  000  002  020  008  001  000  006  002  001  000 
 019  016  002  000  000  000  000  003  025  007  000  000  010  000  000  000 
 024  011  000  000  000  000  000  003  023  003  000  000  014  000  000  000 
 027  005  000  000  000  001  002  000  015  002  000  000  009  000  000  000 
 015  000  000  001  003  004  010  011  000  000  000  000  000  000  000  000 
 008  002  004  005  001  000  006  010  000  000  000  000  000  000  000  000 
 017  010  004  000  000  000  000  000  000  000  000  000  000  000  002  029 
 008  000  000  000  000  000  000  000  000  000  000  000  018  050  061  053 
 016  000  004  005  002  000  000  000  000  000  022  042  082  093  071  044 
 032  028  020  014  002  000  000  000  004  030  052  071  090  075  040  031 
 056  037  010  000  000  000  000  011  035  060  061  061  071  044  022  023 

Celda47

 012  022  012  010  018  000  000  000  008  009  007  000  000  025  066  000 
 004  015  004  006  020  008  000  000  010  010  006  000  000  020  067  000 
 017  013  005  009  019  012  000  000  012  015  000  000  000  024  074  000 
 015  010  017  019  019  011  000  000  010  012  000  000  000  040  088  002 
 005  000  006  000  000  002  000  000  006  008  000  000  004  064  112  016 
 000  000  000  000  000  000  000  000  008  012  000  010  047  098  118  018 
 000  000  000  000  000  006  000  000  017  027  020  031  056  089  099  011 
 000  000  000  000  004  020  017  020  031  034  021  025  043  069  082  005 
 000  000  000  006  027  045  044  032  036  042  031  032  041  063  079  004 
 005  002  018  026  031  040  040  034  044  053  043  039  041  065  084  009 
 024  035  023  018  015  027  033  035  046  051  039  032  035  066  088  016 
 048  043  024  020  020  022  026  033  034  031  021  020  030  064  083  015 
 043  038  034  025  022  010  021  032  034  028  018  013  020  054  071  008 
 032  036  045  028  020  014  038  041  024  024  020  014  026  056  064  000 
 030  035  056  040  033  031  057  045  024  025  025  016  023  056  065  000 
 032  033  061  052  042  040  056  045  034  040  044  036  031  049  064  000 

Celda48

 001  002  000  000  007  018  022  024  020  021  008  000  000  000  052  062 
 000  000  000  000  013  008  003  011  024  016  000  000  000  010  063  057 
 000  000  000  000  022  007  000  000  020  012  000  000  000  031  078  057 
 000  000  000  000  024  017  002  003  004  014  000  000  000  048  091  047 
 000  000  000  000  024  023  003  000  000  018  012  008  004  057  093  029 
 000  000  000  000  018  020  012  000  000  018  021  000  000  059  088  018 
 003  006  010  009  013  010  012  002  000  023  012  000  000  068  085  004 
 002  004  005  004  007  002  008  012  021  032  000  000  000  080  082  000 
 000  000  000  000  006  002  007  022  040  017  000  000  007  091  081  000 
 000  000  000  000  010  006  009  029  035  000  000  000  034  098  077  001 
 001  004  009  013  023  014  013  026  028  000  002  012  046  096  072  004 
 001  004  010  016  023  015  017  021  020  004  018  024  043  093  067  008 
 000  000  001  004  011  021  030  020  022  037  026  023  035  090  055  000 
 000  000  000  000  010  031  029  015  032  059  022  014  032  087  039  000 
 001  000  000  000  017  028  010  000  035  054  009  004  032  079  022  000 
 004  008  012  012  028  018  002  000  038  036  000  000  032  069  010  000 

Celda49

 000  014  034  107  084  009  000  011  026  020  014  016  022  023  017  019 
 000  008  036  090  051  000  000  025  028  012  009  018  022  013  008  010 
 003  000  031  071  027  000  000  030  019  004  006  012  023  017  002  002 
 000  000  038  065  012  000  000  028  016  006  002  002  018  021  005  004 
 000  000  051  062  002  000  004  020  011  010  002  000  016  020  001  000 
 000  000  062  058  000  000  012  016  006  012  006  003  026  024  003  000 
 000  000  070  046  000  000  019  019  008  012  012  020  035  032  021  020 
 000  010  075  030  000  000  022  025  019  015  013  021  024  018  000  011 
 001  023  070  020  000  009  042  043  034  022  015  012  016  014  006  000 
 002  025  063  013  000  027  051  045  037  026  020  015  004  002  004  000 
 001  030  065  008  000  038  051  035  026  016  012  016  016  013  006  000 
 006  042  069  007  000  041  044  019  010  005  005  005  010  011  008  009 
 000  052  066  005  000  042  042  014  004  001  010  014  000  000  000  001 
 000  052  048  000  000  030  035  016  006  002  014  020  004  000  000  000 
 000  053  046  000  000  013  020  012  012  014  020  017  004  000  000  002 
 000  047  044  000  000  002  003  002  015  028  027  011  001  006  008  006 

Celda50

 021  006  012  019  027  013  004  008  010  001  002  000  009  009  008  006 
 011  000  002  008  012  005  003  000  002  000  012  008  014  019  015  011 
 005  000  000  000  004  000  000  001  005  007  020  021  008  009  008  009 
 002  000  000  004  008  000  000  007  011  012  021  010  000  000  000  002 
 000  000  000  011  014  004  005  010  008  005  004  000  000  000  000  010 
 000  003  006  011  014  010  008  006  006  008  002  000  000  000  000  014 
 012  021  030  025  016  006  006  003  008  011  001  000  000  000  000  013 
 018  029  037  025  014  004  004  004  009  012  000  000  000  000  000  010 
 000  008  019  007  000  000  002  004  009  012  002  002  011  010  000  000 
 000  006  012  002  000  000  002  004  010  016  013  007  022  027  018  000 
 000  003  000  000  000  008  010  008  012  020  025  014  004  018  016  000 
 015  016  006  000  000  006  010  010  015  020  026  023  002  000  000  000 
 011  013  012  015  019  015  001  002  014  018  018  022  015  000  000  000 
 006  000  006  016  022  025  026  024  022  015  010  014  015  000  000  000 
 006  000  000  004  007  008  018  032  038  030  023  023  015  000  000  000 
 005  000  000  000  000  000  008  018  016  020  020  019  008  000  000  000 

Celda51

 004  000  000  000  000  000  006  073  106  080  051  041  039  037  035  027 
 008  002  000  000  000  000  004  081  074  048  032  022  025  029  025  010 
 009  001  000  000  000  000  034  058  037  043  042  021  016  022  020  013 
 001  000  000  000  000  003  057  038  024  051  062  036  017  017  011  010 
 000  000  000  000  004  066  079  043  037  070  073  040  016  012  006  006 
 000  000  000  000  027  092  077  053  055  068  057  034  012  006  012  016 
 000  000  000  000  048  077  048  033  030  025  038  036  018  007  012  012 
 000  000  000  000  058  051  033  024  004  000  029  044  025  010  005  000 
 000  000  000  008  054  040  042  046  004  002  012  046  034  013  003  000 
 000  000  000  040  052  030  051  058  023  013  001  024  040  026  008  000 
 000  000  019  104  091  077  095  083  040  022  018  000  027  041  020  000 
 000  000  073  129  097  085  094  074  040  025  028  024  004  038  028  000 
 002  018  090  111  076  057  053  042  026  018  024  032  031  029  020  000 
 004  029  077  078  066  027  004  008  010  006  013  024  028  014  004  003 
 000  035  052  048  058  034  008  014  017  000  005  014  018  010  000  014 
 000  038  034  031  039  028  016  024  023  001  000  000  001  008  008  016 

Celda52

 017  029  040  034  019  020  011  012  010  000  002  016  027  018  008  008 
 000  000  008  022  010  014  035  035  030  025  027  033  027  016  011  012 
 000  000  002  000  004  007  050  037  023  032  034  034  017  011  010  011 
 012  012  004  000  003  002  045  040  010  019  029  029  018  011  010  007 
 021  034  028  012  010  008  021  040  033  014  019  017  012  004  002  002 
 022  030  028  020  017  015  000  030  044  028  016  002  000  000  000  002 
 004  000  004  014  020  019  012  011  040  034  018  002  000  000  001  005 
 000  000  000  008  015  014  013  004  035  040  012  000  000  000  006  010 
 000  000  002  000  000  006  011  009  032  048  011  000  000  000  006  019 
 000  001  000  000  000  004  016  020  027  042  009  000  000  000  000  021 
 000  008  000  000  000  004  014  024  012  020  010  000  000  000  000  010 
 002  018  010  004  004  000  000  006  004  000  001  005  000  000  000  000 
 000  019  023  004  000  000  000  000  000  000  000  010  011  000  000  000 
 000  006  018  014  000  000  000  002  000  000  000  004  016  000  000  000 
 018  006  000  007  000  000  000  002  000  000  000  000  011  011  010  034 
 012  000  000  000  002  000  000  003  000  000  000  000  007  030  063  070 

Celda53

 013  013  022  028  022  019  014  016  016  018  047  036  028  018  016  011 
 024  021  017  013  002  011  018  017  010  005  040  025  014  002  000  000 
 019  013  004  000  000  000  009  014  013  002  034  026  000  000  000  000 
 006  012  006  000  000  000  004  000  006  000  017  038  000  000  000  000 
 000  011  012  000  000  000  005  000  000  000  000  038  004  000  000  000 
 000  002  016  000  000  000  000  000  000  000  000  025  010  000  000  014 
 008  000  009  013  001  003  000  000  000  000  000  014  026  000  022  046 
 010  012  000  020  017  000  000  000  000  000  000  024  074  075  064  060 
 009  026  023  014  018  000  000  000  000  000  030  093  127  105  061  046 
 022  000  003  000  000  000  000  000  000  024  075  102  105  074  030  024 
 025  000  000  000  000  000  000  000  047  083  083  059  050  032  004  008 
 012  004  000  000  000  000  012  058  094  100  066  027  020  021  000  010 
 002  011  004  000  013  049  077  090  094  079  043  024  011  015  011  008 
 008  021  035  058  084  097  087  064  048  035  013  009  005  009  016  000 
 040  045  081  104  094  075  050  031  013  020  014  000  000  000  016  000 
 050  047  091  090  051  032  020  019  016  019  016  001  000  000  011  002 

Celda54

 024  011  000  000  000  004  040  072  069  051  031  030  046  025  024  034 
 008  008  000  000  008  040  079  086  052  026  007  009  028  016  022  036 
 000  014  000  014  034  057  060  043  012  012  014  019  029  016  010  023 
 000  027  032  028  028  032  022  010  002  016  040  042  035  020  007  016 
 010  043  050  023  010  015  017  009  019  048  057  054  036  020  013  015 
 033  048  054  033  023  024  032  027  038  066  056  038  028  017  012  011 
 054  053  059  054  039  034  032  028  030  045  030  010  012  006  003  011 
 060  046  044  055  039  036  021  024  017  017  025  000  000  000  000  010 
 046  031  022  040  034  022  020  025  018  004  017  004  000  000  000  010 
 023  020  016  017  030  002  016  021  018  010  005  010  000  006  002  003 
 014  021  015  004  024  015  006  008  004  000  000  006  000  002  001  000 
 022  028  016  008  008  024  002  000  000  000  000  002  004  000  000  000 
 016  018  009  010  000  016  010  000  000  000  000  000  014  000  000  000 
 002  010  000  006  008  000  010  002  000  000  000  000  015  008  000  002 
 000  012  001  000  002  000  007  012  001  002  004  000  005  018  000  000 
 000  010  007  000  000  000  004  018  010  000  000  000  000  018  005  000 

Celda55

 037  030  048  044  027  032  042  049  044  040  041  037  029  052  071  009 
 032  022  026  031  010  020  032  055  047  032  022  031  030  051  069  013 
 025  020  014  024  007  010  024  048  036  018  016  030  032  038  051  004 
 027  021  018  008  007  000  012  028  023  000  008  029  030  026  040  002 
 027  009  011  005  001  004  014  017  018  014  006  024  021  019  036  004 
 024  004  005  013  016  014  019  006  006  023  022  012  008  018  035  000 
 027  013  012  013  013  013  018  003  000  023  032  008  000  022  044  000 
 022  014  012  009  002  000  005  000  000  016  029  005  000  024  052  000 
 017  010  000  001  000  000  005  000  006  003  014  006  000  026  056  000 
 013  012  002  000  000  000  002  014  000  000  000  010  010  031  058  000 
 008  012  005  002  000  000  000  014  006  000  000  016  022  038  062  002 
 007  016  008  005  000  000  000  002  006  000  000  024  040  050  071  007 
 008  021  011  005  000  000  000  000  004  000  000  024  052  062  069  002 
 002  018  012  003  000  000  000  000  001  000  002  016  047  068  076  000 
 000  008  012  004  000  000  000  003  001  003  009  009  026  062  084  000 
 000  001  016  010  000  000  007  017  011  006  004  004  009  050  087  000 

Celda56

 003  008  016  021  031  010  000  008  040  030  000  000  036  063  002  000 
 001  003  008  010  009  000  002  018  046  033  005  002  041  064  000  000 
 000  001  002  000  000  000  006  015  044  034  004  000  048  067  001  000 
 002  004  004  000  000  004  016  016  048  034  001  000  052  063  000  000 
 003  004  000  000  000  006  024  026  056  027  000  000  054  060  000  000 
 000  000  000  000  000  005  028  037  053  012  000  000  055  054  000  000 
 000  000  000  000  000  006  028  042  051  002  000  000  063  044  000  000 
 000  000  000  000  001  012  028  041  050  000  001  009  065  039  002  004 
 000  000  000  000  013  020  025  041  049  000  000  000  050  034  005  010 
 000  000  000  000  016  022  028  044  047  000  000  000  048  042  004  010 
 001  003  008  009  011  018  032  048  048  003  004  000  048  051  007  008 
 000  000  004  014  022  026  039  046  049  001  000  000  059  069  014  006 
 000  000  000  009  035  044  047  042  044  000  000  000  064  063  004  007 
 008  018  037  052  090  090  077  075  080  034  032  040  101  083  028  044 
 017  040  080  101  137  122  103  106  115  088  094  101  139  115  076  080 
 000  000  000  000  033  018  000  004  017  000  000  000  037  033  011  000 

Celda57

 000  048  039  003  007  008  002  000  010  029  031  008  000  008  016  012 
 000  054  042  017  012  007  002  006  012  018  026  010  000  006  014  010 
 001  052  034  013  005  004  001  007  015  016  020  013  005  006  000  000 
 006  053  029  015  011  011  010  009  011  009  024  031  025  018  010  000 
 009  053  026  019  020  010  009  002  012  021  042  046  029  018  012  010 
 014  048  022  021  025  000  000  000  023  044  051  035  010  006  006  010 
 025  043  013  018  026  000  000  001  035  046  032  012  000  000  004  012 
 032  041  012  010  018  002  000  010  039  033  020  008  001  004  008  016 
 027  036  014  008  004  000  004  020  031  020  016  012  002  002  010  019 
 018  032  014  002  002  001  008  024  026  017  011  011  006  003  010  015 
 007  028  015  005  003  011  019  021  024  020  008  004  006  013  017  012 
 003  027  012  008  010  016  021  023  027  023  006  000  006  022  027  017 
 011  031  015  018  025  021  019  019  018  015  005  001  012  033  031  016 
 054  067  060  068  067  052  045  041  034  037  040  037  046  058  049  031 
 088  097  097  099  089  076  072  070  065  071  077  069  067  074  065  049 
 000  010  015  016  007  000  000  001  000  007  014  005  001  013  013  003 

Celda58

 004  000  000  000  000  000  012  020  008  003  008  002  000  000  000  002 
 004  000  000  000  000  000  008  024  020  010  000  000  000  000  000  025 
 004  004  000  000  000  000  000  018  028  020  000  000  000  000  000  050 
 000  008  000  000  010  009  011  004  022  026  000  000  000  000  021  058 
 008  010  002  001  016  014  011  005  006  025  006  000  000  000  040  059 
 016  028  028  024  018  013  000  000  000  018  000  000  000  010  049  058 
 021  034  034  035  026  007  000  000  004  005  000  000  000  037  061  054 
 021  024  022  018  021  014  006  006  008  000  000  000  004  056  067  047 
 017  008  007  000  000  006  006  000  000  000  000  000  041  084  066  042 
 010  006  000  000  000  000  006  000  000  000  000  000  095  102  057  034 
 008  012  009  000  000  000  000  002  000  000  000  041  110  081  024  007 
 012  013  012  004  000  000  000  000  000  000  000  062  088  044  000  000 
 007  003  002  000  000  000  000  000  000  001  004  060  067  032  000  000 
 022  022  026  028  026  024  024  030  042  056  068  106  078  039  025  032 
 044  046  052  060  064  066  066  072  088  107  122  142  117  101  100  097 
 000  000  000  000  000  000  000  000  000  000  006  026  015  011  012  007 

Celda59

 041  048  038  037  022  016  022  030  024  006  000  000  000  000  000  000 
 065  052  051  048  019  000  016  030  024  012  000  000  000  000  000  000 
 054  037  047  041  018  004  000  022  026  020  007  000  000  000  000  000 
 037  025  039  027  013  008  000  010  026  021  008  000  000  000  000  000 
 041  041  049  024  014  018  022  018  013  010  001  000  000  000  000  000 
 051  054  045  016  012  019  027  023  000  000  000  000  000  000  006  000 
 042  035  014  000  000  000  000  000  000  000  000  000  000  002  031  040 
 025  024  011  000  000  000  000  000  000  000  000  008  015  038  070  065 
 020  012  005  000  000  000  000  000  000  000  000  021  044  061  064  039 
 018  003  000  000  000  000  000  000  000  013  044  067  059  041  036  020 
 014  000  000  000  000  000  000  005  018  049  078  066  027  009  026  022 
 007  000  000  000  004  016  018  011  021  058  062  029  016  012  030  023 
 008  002  000  008  010  002  000  000  021  052  038  016  019  017  018  012 
 044  042  036  034  028  020  023  038  075  087  065  042  046  042  028  030 
 094  082  069  065  064  070  082  102  116  111  092  068  068  070  070  076 
 006  001  000  000  000  000  000  012  018  022  017  000  000  000  000  007 

Celda60

 005  000  000  000  002  000  003  011  000  000  000  005  036  076  094  076 
 000  000  000  000  000  002  007  020  012  010  022  052  084  092  085  060 
 000  000  000  016  024  022  015  015  021  024  058  092  085  059  053  041 
 000  000  017  027  036  036  027  010  019  034  060  064  030  008  022  028 
 000  014  044  038  028  026  024  020  014  033  051  040  006  000  014  024 
 008  040  054  031  017  018  024  028  018  012  040  043  016  000  002  018 
 041  052  044  023  020  024  026  026  018  004  028  042  020  000  000  010 
 047  043  035  023  020  016  013  012  016  018  027  028  012  000  000  004 
 020  028  030  017  004  000  000  000  014  027  020  002  002  000  000  000 
 010  018  018  008  000  000  000  000  004  017  014  000  000  012  002  000 
 015  023  020  000  000  000  000  005  010  000  000  000  000  019  010  000 
 009  018  021  000  000  000  000  012  014  000  000  007  015  018  008  000 
 002  006  012  000  000  000  000  012  017  002  000  013  019  007  000  000 
 029  030  024  016  020  032  038  034  040  036  035  042  044  038  030  028 
 081  076  074  072  074  080  082  080  083  083  073  072  074  080  086  091 
 014  004  000  000  000  002  000  000  007  015  005  000  000  000  000  000 

Celda61

 046  040  063  047  012  007  005  006  010  019  021  005  000  000  006  009 
 028  026  019  028  016  011  004  000  004  018  014  002  000  000  001  009 
 011  010  000  012  018  019  010  000  000  010  001  000  000  000  000  008 
 000  000  000  000  016  026  016  000  000  008  000  000  000  000  000  012 
 007  000  000  000  004  028  024  004  000  004  000  000  000  000  000  014 
 017  000  000  000  000  026  032  008  000  000  000  000  000  000  000  004 
 024  010  000  000  000  014  034  016  000  000  000  000  000  000  000  000 
 024  015  000  000  000  000  026  022  000  000  000  000  000  000  000  000 
 020  016  000  000  000  000  011  020  003  000  000  004  000  000  000  000 
 015  014  000  000  000  000  000  006  003  000  006  006  000  000  000  000 
 010  011  000  000  000  006  006  000  000  004  010  010  000  000  000  000 
 004  010  001  000  000  000  006  012  008  000  005  017  005  000  000  000 
 000  010  008  004  001  000  000  000  000  000  000  020  013  000  000  000 
 028  030  034  037  030  029  030  032  034  038  044  056  048  036  046  056 
 096  094  096  097  087  085  086  086  088  096  107  115  110  101  106  110 
 000  000  005  014  006  000  000  000  000  000  000  004  006  001  000  000 

Celda62

 004  009  008  000  000  000  000  015  014  000  000  000  000  010  016  000 
 005  008  009  000  000  000  000  008  014  000  000  000  000  004  022  004 
 005  002  007  008  000  000  000  002  010  000  000  000  000  002  024  010 
 010  000  004  016  000  000  000  000  008  000  000  000  000  006  026  008 
 016  000  004  018  002  000  000  000  003  000  000  000  000  014  030  007 
 014  000  010  016  000  000  000  000  000  000  000  000  004  029  039  015 
 004  009  018  012  000  000  000  000  000  001  000  002  018  036  036  013 
 000  016  019  007  000  000  000  000  000  001  006  009  014  024  022  003 
 000  020  016  000  000  000  000  000  000  000  008  016  018  020  014  000 
 002  026  017  000  000  000  000  000  000  000  010  016  020  020  014  003 
 002  020  010  000  000  000  000  000  000  006  012  012  015  016  012  008 
 003  020  008  000  000  000  000  000  006  019  015  004  006  013  014  010 
 002  018  004  000  000  000  000  004  014  016  004  000  000  012  020  013 
 056  058  042  041  047  056  070  068  065  056  048  048  049  057  074  066 
 110  108  102  104  112  122  132  124  118  112  111  111  112  120  132  115 
 000  000  000  000  000  006  012  002  000  000  002  000  000  007  021  011 

Celda63

 000  002  025  016  000  000  009  010  004  000  000  000  008  043  082  000 
 000  002  027  016  000  003  009  007  000  000  000  004  013  038  076  000 
 000  000  022  016  006  003  000  004  004  000  004  003  008  032  075  000 
 000  000  022  022  015  002  000  000  010  000  000  000  000  031  083  000 
 000  000  030  032  013  000  000  002  004  000  000  000  000  035  095  000 
 007  003  034  034  010  004  008  008  004  000  000  000  000  038  104  000 
 006  008  031  034  017  006  002  000  000  000  000  000  000  035  106  000 
 000  000  022  034  019  000  000  000  000  000  000  000  000  034  104  000 
 000  000  016  033  016  000  000  000  000  000  003  000  002  039  108  005 
 000  000  009  026  012  000  000  000  000  000  010  006  000  039  109  007 
 000  000  000  016  012  002  000  000  000  000  008  003  000  042  108  000 
 008  000  000  010  015  008  000  000  000  000  003  000  000  047  112  000 
 009  000  000  006  016  009  000  000  000  000  000  000  000  049  113  000 
 050  042  044  053  060  055  048  049  046  042  039  040  042  084  135  022 
 098  097  100  106  110  109  102  108  109  107  107  110  112  140  173  073 
 000  000  003  006  009  011  001  000  000  000  000  000  000  028  074  000 

