Celda0

 000  000  000  000  000  000  000  000  001  000  000  000  000  000  000  000 
 000  000  000  000  000  000  000  001  002  000  000  000  000  000  000  000 
 000  000  000  000  000  000  002  006  006  002  000  000  000  000  000  000 
 000  000  000  000  000  000  004  012  011  005  000  000  000  000  000  000 
 005  011  022  027  024  018  019  027  023  016  017  020  020  016  012  008 
 005  012  022  028  032  033  033  037  032  027  020  014  008  011  010  008 
 001  004  010  014  020  026  026  025  026  024  016  008  002  004  010  012 
 000  000  000  006  014  020  020  017  018  012  008  008  004  000  004  010 
 000  000  004  016  024  025  027  031  028  018  009  010  014  013  012  015 
 002  006  016  028  030  026  027  038  036  028  018  016  025  032  033  030 
 003  008  017  024  024  024  027  033  024  020  018  025  030  035  038  032 
 001  003  008  013  020  026  022  020  010  012  018  028  026  021  024  022 
 000  000  004  014  022  020  015  005  004  015  023  025  016  012  013  018 
 001  003  008  017  014  008  007  003  004  014  018  014  009  008  010  018 
 001  002  004  006  002  000  004  006  005  003  000  000  000  000  003  010 
 000  000  000  000  000  000  000  001  000  000  000  000  000  003  003  002 

Celda1

 002  000  000  000  002  001  002  003  000  000  000  001  000  001  000  000 
 004  000  000  000  004  002  004  006  000  000  000  002  001  002  000  000 
 003  001  000  000  004  004  008  008  000  000  000  001  004  005  001  000 
 000  003  003  003  002  002  005  004  002  000  000  000  007  010  004  000 
 001  002  016  024  022  017  007  000  003  002  001  000  006  014  010  004 
 006  002  020  024  012  004  000  000  010  009  004  002  003  015  012  000 
 014  014  023  025  009  000  000  000  010  004  001  002  003  012  010  000 
 018  024  030  030  011  002  000  000  008  002  000  007  012  018  011  001 
 018  022  028  030  016  012  010  010  014  010  012  020  023  023  016  011 
 022  016  022  025  018  018  021  022  024  023  029  035  030  025  018  012 
 020  014  023  023  014  015  018  020  018  017  027  032  022  020  017  013 
 014  010  022  021  014  012  010  006  000  002  016  013  000  000  001  005 
 020  014  018  018  011  012  008  001  000  004  017  008  000  000  000  000 
 026  026  016  015  004  006  007  004  004  013  023  009  004  000  000  000 
 016  020  017  007  000  000  001  003  003  011  016  005  004  004  002  000 
 001  004  008  007  000  000  000  002  004  006  010  004  000  000  000  001 

Celda2

 000  000  000  000  002  005  001  000  002  006  004  001  001  003  005  002 
 000  000  000  000  006  012  002  000  004  012  008  004  004  008  010  003 
 000  000  000  000  017  023  001  000  010  023  014  007  010  018  018  006 
 000  000  000  000  032  029  000  000  017  028  013  007  015  020  017  009 
 008  012  010  011  058  046  014  016  053  062  044  045  055  044  022  011 
 000  000  000  002  041  025  000  008  053  047  033  044  050  029  015  000 
 000  000  000  000  026  021  018  044  059  029  012  022  018  000  003  002 
 000  000  000  000  014  024  047  078  056  011  000  016  020  004  000  000 
 006  002  000  000  017  034  066  085  049  014  000  004  019  010  000  000 
 008  006  000  000  027  034  057  089  055  023  019  014  026  018  002  000 
 010  008  003  000  030  030  056  095  060  022  029  031  044  038  026  022 
 008  008  002  000  028  036  065  092  057  006  018  021  036  032  024  022 
 000  001  000  000  030  057  082  083  052  006  000  000  021  021  010  006 
 000  000  000  000  031  071  081  060  038  006  000  002  033  023  008  007 
 000  003  006  005  027  077  070  038  024  005  000  017  049  030  013  024 
 010  014  010  002  022  080  068  027  019  018  031  057  055  025  009  020 

Celda3

 000  000  000  000  000  000  001  001  000  000  001  001  000  000  000  001 
 000  000  000  001  000  000  003  002  000  000  002  000  000  000  000  002 
 000  000  000  002  000  000  008  004  000  000  002  000  000  000  000  004 
 000  000  000  000  000  000  008  002  000  000  002  000  000  000  000  007 
 008  014  022  021  018  017  008  000  000  000  002  000  000  002  004  005 
 006  000  000  004  013  016  010  004  006  006  000  000  000  004  002  000 
 000  000  000  000  001  000  000  002  007  008  005  000  000  008  000  000 
 004  003  007  007  000  000  000  000  000  001  008  013  015  022  010  006 
 000  006  018  012  008  002  000  000  004  011  018  026  037  037  027  026 
 004  015  014  004  006  008  010  011  024  030  027  024  028  020  020  024 
 022  023  009  000  003  010  015  021  035  035  023  016  011  006  006  010 
 021  021  012  008  006  008  013  025  035  026  012  010  012  012  009  009 
 006  015  012  008  004  006  015  025  023  010  004  006  013  013  013  014 
 013  018  008  002  002  019  033  026  017  010  009  007  007  004  010  014 
 037  032  020  012  010  028  030  020  024  026  024  017  004  000  002  005 
 037  032  031  030  024  021  011  010  018  025  025  020  006  000  002  000 

Celda4

 002  001  000  001  002  000  000  000  000  001  000  000  000  000  002  001 
 004  002  000  003  004  002  000  000  000  002  000  000  000  000  004  002 
 008  002  002  006  009  006  000  000  002  005  000  000  000  000  006  004 
 008  000  002  006  012  010  000  000  001  006  000  000  000  000  005  002 
 002  000  000  003  014  014  000  000  000  004  000  000  000  000  001  000 
 000  000  000  002  012  014  000  000  000  002  000  000  000  000  000  000 
 000  002  008  008  009  007  000  000  003  000  000  000  000  001  000  000 
 006  013  025  022  016  009  002  000  000  000  000  000  002  000  000  001 
 028  030  036  025  012  010  008  003  000  000  000  009  009  004  002  007 
 027  028  035  022  010  004  000  000  000  000  007  014  005  006  010  016 
 015  016  021  011  010  008  003  000  000  000  006  006  000  000  005  005 
 011  010  011  009  016  024  024  017  008  004  004  004  000  002  004  000 
 014  014  016  022  023  026  027  026  024  020  019  018  014  008  000  000 
 012  010  017  021  015  010  007  008  014  020  023  023  022  020  014  005 
 001  000  008  008  000  000  000  000  006  013  019  018  016  015  015  011 
 000  000  008  006  000  000  000  003  006  013  019  017  015  011  008  007 

Celda5

 000  000  000  000  002  001  000  000  000  000  001  001  000  000  000  000 
 000  000  000  000  004  002  000  000  000  000  002  003  000  000  000  000 
 000  000  000  002  008  002  000  000  000  000  006  006  000  000  000  000 
 000  000  000  006  007  000  000  000  000  000  006  004  000  000  000  000 
 000  000  005  012  010  004  003  000  002  009  013  004  000  000  000  000 
 000  000  007  018  015  003  000  000  004  012  011  007  002  000  000  000 
 000  000  004  016  016  011  000  000  008  011  001  000  000  000  000  000 
 000  000  000  007  014  020  008  000  007  004  000  000  000  000  000  000 
 006  008  006  001  010  022  015  004  000  000  000  000  000  000  000  002 
 010  012  012  009  006  018  017  007  000  000  000  000  000  000  000  001 
 001  004  008  004  000  012  016  006  000  000  000  000  000  004  008  008 
 000  004  000  000  000  006  012  006  000  000  000  004  006  009  008  009 
 002  008  000  004  005  000  006  007  006  002  004  010  010  002  000  000 
 000  009  006  006  012  014  010  010  013  008  004  006  008  006  000  000 
 001  006  010  000  002  010  010  009  012  004  001  000  007  010  006  000 
 004  000  006  002  000  000  000  000  007  004  003  004  003  001  002  006 

Celda6

 000  000  001  001  000  000  000  000  000  000  000  001  002  001  000  000 
 000  000  002  002  000  000  000  000  000  000  000  002  004  002  000  000 
 000  000  003  006  000  000  001  004  001  000  000  004  004  000  000  000 
 000  000  001  010  002  000  006  011  004  000  000  002  000  000  000  000 
 000  000  000  010  004  000  009  016  008  000  000  000  000  000  000  000 
 000  000  000  004  003  004  010  014  010  002  000  000  000  000  000  000 
 000  000  000  000  000  006  010  010  010  006  000  000  000  000  000  000 
 000  000  000  004  002  002  005  008  010  006  000  000  000  000  000  000 
 000  000  004  004  002  000  000  006  014  004  000  000  000  000  000  000 
 004  006  004  000  000  000  000  002  015  004  000  000  000  000  000  000 
 009  007  000  000  000  005  010  004  008  005  000  000  000  000  000  000 
 008  003  000  002  008  017  020  018  006  000  000  000  000  000  002  006 
 000  001  004  008  017  021  018  021  018  010  002  000  000  002  004  005 
 006  004  000  003  007  006  000  004  008  008  004  000  000  005  006  000 
 006  008  002  000  002  002  000  000  000  000  000  000  002  009  006  000 
 006  005  002  000  000  000  000  000  000  000  000  004  010  013  013  012 

Celda7

 000  000  000  000  001  001  000  001  002  001  000  000  000  005  009  000 
 000  000  000  001  003  002  000  002  004  002  000  000  000  012  022  000 
 000  000  000  004  008  006  001  004  006  002  000  000  000  023  050  000 
 000  000  004  009  013  009  000  002  006  005  004  000  000  029  068  000 
 002  005  007  010  014  009  002  004  011  016  014  008  012  047  083  011 
 006  007  008  010  010  008  006  010  013  013  006  002  004  038  071  005 
 000  006  012  012  010  010  010  012  012  014  007  000  000  032  067  000 
 000  002  015  017  014  013  012  008  008  016  014  000  000  030  074  000 
 000  002  016  018  011  009  010  009  010  019  019  000  000  028  079  000 
 000  005  018  016  002  000  011  016  014  020  019  000  000  032  087  006 
 002  013  023  013  000  000  015  026  021  016  012  000  000  049  097  012 
 008  016  020  010  004  011  030  035  028  019  009  003  008  054  087  002 
 004  009  013  008  004  015  028  030  022  011  006  008  009  043  078  000 
 000  004  010  007  006  014  022  020  009  002  002  005  002  038  077  000 
 000  004  008  004  006  018  022  015  004  000  000  010  007  039  078  000 
 012  010  011  007  006  014  020  015  002  000  000  013  014  043  079  000 

Celda8

 001  000  000  000  000  006  003  000  000  000  000  000  002  011  010  006 
 000  000  000  000  000  012  008  000  000  000  000  000  006  016  008  006 
 000  000  000  000  003  016  008  002  001  000  000  002  012  012  000  000 
 000  000  000  000  012  022  008  002  003  001  000  004  012  006  000  000 
 000  000  000  000  014  024  009  000  006  008  001  004  012  004  000  010 
 000  000  000  000  010  022  008  000  008  014  006  007  012  010  012  009 
 000  000  000  000  008  020  008  000  008  017  014  010  010  013  016  005 
 000  000  000  000  012  020  007  000  008  018  020  010  006  010  010  002 
 000  000  000  000  016  020  004  000  010  020  016  006  005  004  002  004 
 000  000  000  000  018  016  001  000  016  021  008  002  004  000  000  006 
 000  000  000  000  016  013  001  005  023  020  001  000  002  000  000  006 
 000  000  000  000  014  010  004  011  023  015  000  000  001  001  002  004 
 000  000  000  000  014  008  009  016  016  008  000  000  002  004  008  010 
 000  000  000  000  012  008  014  019  008  000  002  004  002  004  012  018 
 000  001  002  000  006  011  018  016  000  000  005  012  002  000  012  021 
 003  006  012  012  006  017  023  010  000  000  004  016  005  000  010  020 

Celda9

 006  010  014  013  008  002  000  004  008  006  002  002  000  000  000  000 
 014  024  025  018  012  010  008  006  006  006  003  000  000  000  000  009 
 007  018  018  014  014  012  008  004  001  000  000  000  000  000  000  006 
 011  004  001  005  012  012  008  000  000  000  000  000  000  000  000  000 
 007  000  000  000  002  005  004  000  000  000  000  000  000  000  000  000 
 000  000  000  000  000  000  000  000  000  000  000  000  000  004  010  016 
 000  000  000  000  000  000  000  000  000  000  000  000  000  010  019  014 
 000  000  000  000  000  000  000  000  000  000  000  000  001  010  019  000 
 002  000  000  000  000  000  000  000  000  000  000  000  001  013  013  000 
 009  000  000  000  000  000  000  000  000  002  006  005  009  018  001  000 
 010  002  000  000  000  000  000  000  000  009  012  008  014  013  002  000 
 008  005  000  000  000  010  016  015  010  004  000  000  006  006  000  000 
 009  006  000  000  002  012  018  016  006  000  000  000  003  004  000  000 
 014  004  000  000  003  006  000  000  000  000  000  000  000  001  000  000 
 016  002  000  000  008  004  000  000  000  000  000  000  000  000  000  000 
 014  004  002  006  004  000  000  000  000  002  004  004  002  002  003  000 

Celda10

 006  010  006  001  018  076  061  020  025  044  066  058  030  009  002  008 
 000  000  000  002  021  065  044  018  041  066  055  020  000  000  004  007 
 000  000  000  000  022  049  022  017  056  074  050  018  000  004  010  009 
 000  000  000  000  016  036  012  020  060  066  042  022  012  012  014  008 
 000  000  000  000  010  032  022  040  066  052  032  024  020  016  013  010 
 016  011  002  000  005  034  040  062  074  063  044  030  027  022  015  015 
 016  012  006  000  004  036  060  080  081  070  052  030  028  030  019  007 
 000  000  000  000  015  051  073  091  083  062  035  012  016  026  009  000 
 000  000  000  000  029  057  064  077  065  030  006  000  010  018  004  000 
 000  000  000  000  032  039  041  068  065  024  000  008  016  012  002  000 
 000  000  000  000  034  036  035  062  066  024  000  013  019  006  000  000 
 000  000  000  000  028  037  038  060  069  030  000  010  017  004  000  000 
 000  000  000  000  030  041  036  053  072  038  000  004  015  008  000  000 
 000  000  000  004  058  068  040  038  072  042  000  002  014  008  000  000 
 000  000  000  031  079  074  036  036  067  044  002  011  014  000  000  000 
 000  000  002  051  083  063  019  021  057  044  012  015  010  003  003  004 

Celda11

 016  016  020  028  029  020  003  009  021  013  002  004  002  000  000  000 
 012  012  000  010  017  022  021  006  015  018  000  000  000  004  002  000 
 004  009  004  000  000  013  024  024  006  010  000  000  000  006  012  008 
 000  001  000  000  004  010  009  018  014  004  000  002  005  008  010  009 
 002  000  000  000  013  020  004  000  004  008  016  017  018  013  009  008 
 006  000  000  000  017  022  008  000  002  010  015  011  010  006  003  008 
 000  000  002  004  013  020  012  007  014  016  008  004  002  002  004  008 
 000  000  000  004  009  014  016  014  008  005  002  000  002  010  014  012 
 000  000  004  004  004  009  014  014  005  000  000  000  002  002  009  009 
 000  000  004  014  014  012  008  006  002  000  000  002  004  003  000  000 
 000  000  000  016  022  018  009  002  000  000  000  004  003  006  000  000 
 000  000  007  015  020  019  006  000  000  000  003  008  004  006  000  000 
 004  006  008  007  012  016  008  000  000  000  001  006  004  002  001  000 
 000  006  010  006  006  010  008  001  000  000  000  000  000  000  005  012 
 000  004  008  003  001  006  006  008  010  005  004  008  006  005  017  025 
 002  001  004  000  000  005  004  007  019  020  017  018  020  025  038  034 

Celda12

 000  002  006  003  000  000  000  004  002  010  018  014  014  014  012  009 
 000  005  004  000  000  000  000  000  000  010  014  006  001  006  010  016 
 006  012  004  000  000  000  000  000  002  005  008  006  002  000  002  014 
 006  013  006  006  004  005  007  008  004  000  000  004  007  002  000  004 
 006  008  003  006  010  013  012  012  010  006  000  000  008  009  003  000 
 011  007  002  000  000  002  002  003  006  007  005  000  005  009  000  000 
 012  009  003  000  000  000  002  000  000  000  000  000  001  003  000  000 
 008  004  003  006  010  009  000  000  000  000  000  000  000  000  000  000 
 004  001  000  002  006  010  006  000  000  000  004  000  000  000  000  006 
 000  000  000  000  006  007  010  011  012  010  007  006  010  021  033  037 
 000  000  000  013  019  013  014  017  016  008  000  006  024  051  056  044 
 000  000  005  018  015  008  009  011  006  000  000  020  045  054  039  030 
 000  002  004  014  006  000  000  000  000  000  007  043  053  042  021  017 
 006  000  000  008  004  000  000  000  000  006  025  043  040  022  006  004 
 008  000  000  002  001  000  000  000  005  023  032  038  037  015  000  000 
 012  002  000  000  000  000  000  001  027  037  032  039  043  019  012  010 

Celda13

 012  018  016  008  003  000  000  000  010  018  020  012  002  000  000  000 
 026  031  027  019  013  009  004  002  025  038  028  016  007  000  000  000 
 021  018  010  006  008  005  002  012  041  040  012  006  006  006  004  004 
 002  000  000  000  000  004  012  033  045  021  000  000  000  000  000  000 
 000  000  000  000  011  016  030  043  031  002  000  000  000  000  000  000 
 000  000  000  009  032  031  027  022  006  000  000  000  000  000  000  000 
 001  004  010  031  038  022  006  000  000  000  000  000  000  000  000  000 
 013  032  032  028  017  001  000  000  000  000  000  000  004  004  004  012 
 031  033  014  001  000  000  000  000  000  000  004  014  019  016  012  024 
 028  012  004  000  000  000  000  000  000  000  006  018  023  024  021  022 
 026  004  000  001  000  000  000  000  000  000  002  004  016  028  030  021 
 028  028  028  024  023  026  023  012  000  001  006  006  000  005  013  013 
 020  030  040  042  039  036  034  034  030  020  005  003  000  000  000  000 
 008  018  029  029  030  030  032  037  040  036  025  017  019  020  017  012 
 004  017  021  016  022  027  028  030  029  026  024  025  039  042  044  044 
 012  025  030  029  035  033  032  028  024  024  028  030  041  041  040  053 

Celda14

 000  000  002  002  000  000  000  000  000  000  006  009  011  013  021  023 
 000  000  004  004  000  000  000  000  000  005  012  011  006  008  023  023 
 005  003  004  006  003  006  006  009  012  016  012  010  006  009  024  017 
 000  000  002  008  001  007  014  017  016  012  004  006  010  016  022  009 
 000  000  005  008  005  004  008  012  012  008  002  003  012  017  014  006 
 000  008  012  015  016  010  008  009  011  010  006  002  014  018  014  010 
 004  017  025  026  019  009  010  010  012  016  018  014  020  023  020  016 
 025  032  027  017  007  002  005  011  014  019  024  026  026  027  022  015 
 028  020  011  009  006  009  013  014  018  021  027  033  032  031  025  016 
 010  001  006  014  022  025  024  019  018  018  022  028  030  028  023  015 
 004  000  012  027  028  022  020  016  012  010  011  010  012  014  014  011 
 008  004  023  038  032  022  019  017  012  010  004  006  007  011  014  014 
 006  014  035  049  047  040  036  032  024  021  016  019  024  025  024  024 
 014  022  038  046  047  044  040  033  028  025  024  027  033  026  018  014 
 044  042  035  032  033  028  018  011  014  018  021  023  026  010  002  000 
 062  060  048  030  026  023  018  007  000  008  013  013  012  002  000  001 

Celda15

 022  017  017  018  016  018  018  013  002  000  000  012  014  046  080  000 
 015  014  018  021  018  021  023  016  006  008  015  017  015  051  086  006 
 006  011  018  018  014  017  016  008  007  015  020  019  021  059  088  006 
 003  010  018  015  012  012  006  002  007  017  020  020  021  054  081  003 
 006  015  015  010  009  007  002  002  012  020  019  018  014  044  077  004 
 013  014  007  002  002  002  000  002  017  019  012  010  005  036  072  001 
 013  007  000  000  003  002  002  004  017  011  002  006  007  037  070  000 
 008  002  000  000  007  010  008  006  012  007  000  000  008  044  076  000 
 010  010  010  010  014  015  007  004  001  003  000  000  006  050  083  000 
 012  016  016  016  016  015  004  002  000  000  000  000  004  050  086  000 
 007  009  006  008  010  010  004  003  006  006  005  005  010  053  089  003 
 015  014  007  004  008  006  000  000  002  008  008  006  014  063  103  019 
 026  024  016  012  015  008  001  000  003  002  003  007  023  067  097  011 
 015  016  018  021  024  018  012  010  015  016  016  025  029  053  078  000 
 011  016  024  024  020  019  023  032  055  062  055  046  028  041  071  000 
 021  021  018  012  008  014  030  057  089  086  070  059  045  051  088  020 

Celda16

 004  008  016  018  020  037  037  015  003  000  000  014  010  001  011  018 
 003  006  012  016  020  031  023  008  006  000  000  007  013  008  015  019 
 001  003  008  012  012  010  006  000  004  010  012  015  025  020  023  031 
 000  002  008  014  013  005  000  001  000  014  026  040  050  037  037  052 
 000  002  006  012  010  002  000  001  000  006  017  037  043  029  036  061 
 000  000  000  000  000  000  000  000  005  000  006  028  033  019  029  054 
 000  000  000  000  000  008  015  012  002  006  013  032  032  012  014  032 
 000  000  000  000  000  006  012  015  011  018  029  033  015  000  004  024 
 000  000  000  000  000  000  002  004  010  020  030  013  000  000  008  023 
 000  000  000  000  000  000  006  000  000  008  019  004  000  000  019  030 
 002  003  002  000  000  001  006  000  000  002  018  011  000  018  045  047 
 001  003  007  008  003  000  002  000  000  000  018  023  011  022  037  031 
 000  002  008  014  014  010  006  002  000  000  014  029  022  016  022  020 
 000  001  004  008  008  004  000  000  001  007  014  032  033  024  024  024 
 001  002  003  004  007  006  001  002  012  023  030  047  050  041  037  036 
 001  002  002  005  014  020  020  018  028  035  036  044  047  039  032  031 

Celda17

 012  012  016  010  000  000  000  000  002  004  004  004  000  000  000  000 
 012  016  021  007  000  000  000  004  004  000  000  004  004  000  000  000 
 030  023  011  002  000  000  002  004  003  000  000  005  006  000  000  000 
 051  032  018  006  001  000  009  007  000  000  006  002  000  000  000  018 
 058  032  027  020  015  013  017  006  000  000  011  007  000  000  010  054 
 049  023  022  020  022  025  024  012  004  006  024  014  002  002  029  063 
 032  016  020  022  022  020  016  010  010  020  034  013  004  010  052  055 
 032  019  004  014  012  004  000  002  012  031  027  010  010  024  062  035 
 026  022  006  000  002  006  006  008  013  032  017  012  021  046  053  013 
 017  012  013  008  008  018  018  011  010  026  011  016  030  056  028  008 
 035  031  029  025  019  012  009  002  012  033  012  018  045  041  018  008 
 021  019  011  004  006  000  000  000  020  038  014  022  040  014  008  012 
 012  008  000  000  001  000  000  000  031  038  006  017  018  000  000  002 
 021  013  004  000  000  000  000  000  028  045  022  015  004  000  000  000 
 032  021  018  023  022  012  002  000  018  044  032  016  000  000  000  000 
 026  014  012  017  020  016  009  008  029  052  031  010  000  000  006  010 

Celda18

 000  007  021  070  084  046  000  005  050  048  019  011  008  009  014  012 
 004  024  047  082  078  024  000  000  048  053  031  027  022  016  014  009 
 020  040  057  076  058  009  000  000  055  062  048  041  023  013  010  009 
 051  046  048  063  045  014  007  022  082  076  047  029  010  004  009  014 
 053  027  022  046  030  012  010  039  093  072  040  032  020  012  014  012 
 023  005  002  029  009  000  009  058  100  073  050  049  037  025  018  011 
 012  000  002  030  008  000  012  075  099  069  046  039  032  026  024  020 
 007  006  006  033  008  002  016  081  086  050  024  016  020  022  023  028 
 002  006  006  029  004  000  027  086  072  031  011  011  018  014  008  018 
 000  002  002  022  001  000  046  090  058  024  015  014  020  017  004  004 
 008  009  008  023  005  012  068  084  045  029  029  028  034  030  012  004 
 017  018  015  019  010  027  072  068  039  036  033  026  027  020  006  001 
 007  008  004  002  010  029  058  047  027  028  022  008  004  002  000  000 
 000  000  000  000  016  039  050  034  019  024  024  010  000  000  000  000 
 000  000  000  000  020  046  050  031  012  020  028  016  001  004  016  026 
 014  014  010  005  026  050  051  035  020  026  041  037  023  022  028  027 

Celda19

 004  000  000  000  003  014  017  029  046  043  023  013  014  016  023  018 
 004  002  001  007  017  025  031  043  044  027  009  005  008  006  006  003 
 012  012  010  015  022  025  029  028  014  004  004  005  008  004  000  000 
 016  013  009  014  020  019  018  012  006  004  008  007  000  000  000  000 
 008  006  008  013  013  010  012  008  003  003  010  010  000  000  000  000 
 006  008  011  008  003  008  010  005  000  001  008  012  000  000  000  000 
 018  016  015  012  011  017  013  000  000  000  004  010  000  000  000  000 
 030  027  020  018  024  035  026  017  010  008  003  000  000  000  000  000 
 026  026  018  012  021  031  022  022  016  012  008  002  000  000  000  006 
 007  010  012  010  013  015  000  000  000  000  000  000  002  004  015  041 
 000  000  004  010  009  007  000  000  000  000  000  000  000  010  030  068 
 000  000  000  006  008  004  002  008  016  016  006  000  000  002  044  064 
 000  006  010  011  009  005  005  010  016  013  000  000  000  026  055  054 
 014  025  026  022  015  010  006  005  000  000  000  000  010  056  067  049 
 027  029  029  025  022  022  018  006  000  000  000  018  054  073  059  033 
 023  021  016  018  022  025  022  010  000  000  016  041  066  052  028  017 

Celda20

 009  004  000  000  000  004  014  026  039  037  022  025  029  010  010  012 
 000  000  000  000  000  025  046  041  039  027  006  010  020  008  008  010 
 000  000  000  000  016  052  053  031  023  011  004  016  027  014  011  012 
 000  000  000  010  047  061  037  011  003  004  008  021  019  001  001  006 
 000  000  006  037  056  044  012  000  002  001  004  012  006  000  000  000 
 000  000  038  061  048  018  000  000  001  007  010  008  002  000  000  004 
 008  037  061  058  025  002  000  000  000  008  012  010  004  003  001  000 
 033  051  040  022  003  000  003  000  000  004  008  012  014  001  000  000 
 052  046  019  012  002  000  004  002  000  000  004  014  020  006  000  002 
 069  049  027  025  021  019  023  017  012  009  019  038  037  016  009  010 
 071  047  034  033  028  024  021  016  014  016  034  046  032  014  010  010 
 050  034  030  022  007  000  000  000  000  005  020  018  005  000  000  008 
 033  023  026  016  002  000  000  000  000  000  008  010  002  002  010  012 
 025  020  026  016  012  006  002  005  006  002  002  008  007  010  018  008 
 014  015  019  010  008  008  010  010  012  009  008  012  012  014  016  000 
 010  010  008  000  000  000  000  002  012  012  012  007  010  013  009  000 

Celda21

 014  034  045  044  043  035  034  034  033  035  038  038  044  043  037  040 
 014  039  050  040  029  019  020  024  028  030  028  028  037  038  032  027 
 017  037  041  024  007  000  000  002  006  008  011  014  023  023  016  010 
 015  029  029  012  000  000  000  000  000  000  004  011  014  008  000  000 
 009  018  021  010  000  000  000  000  000  000  000  007  002  000  000  000 
 007  014  016  005  000  000  000  000  000  000  006  007  000  000  000  005 
 004  010  010  000  000  000  000  000  000  002  014  016  008  010  010  015 
 000  004  002  000  000  000  002  002  008  010  015  017  010  015  016  016 
 002  000  000  000  000  002  010  013  006  004  003  012  004  001  007  011 
 012  011  010  008  006  001  012  012  000  000  000  010  006  002  006  004 
 011  009  005  002  002  000  009  008  000  000  001  007  006  003  006  008 
 010  008  004  000  001  004  007  002  000  000  000  007  008  008  004  002 
 008  008  009  011  014  018  014  009  008  007  004  011  018  017  010  005 
 000  000  008  018  024  024  020  012  008  010  012  013  017  012  002  004 
 000  000  011  014  016  014  014  012  010  011  011  007  008  006  000  000 
 000  006  016  010  006  001  003  010  016  016  014  010  002  000  001  011 

Celda22

 044  048  048  042  025  015  016  012  006  001  002  000  000  000  000  005 
 020  019  025  030  028  020  017  012  008  000  000  000  000  000  000  004 
 004  000  000  003  011  014  010  005  008  002  004  004  000  000  001  000 
 000  000  000  000  000  007  014  014  016  013  011  014  008  002  006  013 
 000  000  000  006  016  027  032  034  028  016  008  006  004  002  010  038 
 010  016  022  028  035  034  024  019  016  013  010  009  010  014  035  064 
 017  022  026  023  019  006  000  000  000  008  013  016  024  040  063  066 
 015  013  010  010  006  000  000  001  008  010  008  014  040  067  063  034 
 008  001  000  000  002  006  008  010  012  008  012  035  061  065  036  021 
 002  000  000  002  003  003  006  000  008  015  033  048  049  036  015  017 
 000  000  002  001  006  000  000  000  021  042  042  025  012  017  002  000 
 002  005  012  014  004  000  000  014  045  050  022  000  000  012  006  000 
 006  017  014  010  012  009  008  030  036  022  002  000  000  002  008  000 
 007  013  010  007  016  025  023  019  018  014  006  000  008  006  003  006 
 010  019  018  014  009  012  014  008  006  008  008  009  000  000  000  011 
 031  033  019  004  001  000  000  006  014  012  003  008  000  000  004  025 

Celda23

 021  009  000  000  010  026  041  064  068  046  032  038  046  056  089  029 
 016  004  000  003  034  051  046  036  020  006  000  008  022  040  070  024 
 008  000  000  027  062  059  032  016  001  000  004  004  003  028  052  015 
 019  020  035  065  071  046  018  015  006  000  007  014  016  034  047  012 
 059  064  066  062  043  017  000  000  002  002  010  029  031  037  042  010 
 074  058  044  029  017  004  000  000  000  010  018  029  023  023  029  002 
 045  015  010  015  017  012  003  000  004  008  007  013  018  024  030  000 
 005  001  001  005  012  019  026  028  020  011  006  008  010  024  036  000 
 006  000  012  014  012  014  023  027  025  024  026  032  028  035  042  004 
 014  011  024  017  013  017  015  018  024  034  047  051  044  039  045  014 
 003  004  021  016  016  025  024  022  023  030  044  039  033  030  041  022 
 000  000  025  028  027  033  030  022  020  021  026  011  010  016  032  019 
 000  004  030  035  027  025  019  010  012  011  007  000  000  015  022  010 
 000  005  025  030  017  009  002  000  000  000  000  002  010  019  015  005 
 011  015  027  028  018  005  000  000  000  000  000  007  016  014  008  002 
 030  032  040  035  018  003  000  000  000  000  000  010  016  010  006  000 

Celda24

 000  000  002  006  013  021  026  022  022  029  029  032  034  029  028  031 
 001  003  007  009  010  013  018  018  010  020  030  033  029  028  033  033 
 002  004  008  010  010  010  012  016  014  021  043  042  026  025  032  027 
 001  002  006  008  012  014  014  016  018  026  053  052  029  024  034  029 
 000  001  005  012  023  026  022  020  021  029  052  053  029  025  035  032 
 000  001  006  016  036  033  026  024  022  029  043  042  025  018  027  025 
 001  002  007  014  039  030  025  025  024  029  037  038  035  027  020  016 
 003  006  012  014  035  024  020  023  026  027  034  037  038  030  016  012 
 002  006  014  017  029  016  009  017  024  024  029  029  023  023  018  015 
 001  003  008  014  024  011  005  013  021  022  020  023  014  020  019  008 
 002  004  006  007  020  012  011  018  013  013  012  021  012  011  018  000 
 002  004  006  003  017  012  013  015  006  006  010  017  005  000  008  000 
 001  004  008  006  017  014  011  009  006  006  008  009  000  000  000  004 
 002  006  012  014  019  019  011  006  004  000  000  001  000  000  000  000 
 004  008  014  016  016  019  011  004  000  000  000  005  000  005  006  000 
 002  006  013  015  012  013  008  004  002  000  000  012  006  004  006  000 

Celda25

 024  008  000  000  000  000  000  002  040  067  047  026  020  025  028  027 
 016  003  000  000  000  000  000  000  040  067  047  032  030  031  026  023 
 002  000  000  000  000  000  000  006  060  082  051  024  022  021  018  020 
 006  003  004  011  017  016  018  041  098  101  055  021  016  015  017  022 
 016  018  018  016  013  014  025  074  108  087  041  020  016  011  011  010 
 016  024  028  018  002  000  018  070  075  046  019  016  017  012  004  000 
 011  020  026  020  002  000  024  053  040  022  011  000  010  014  009  002 
 003  002  009  013  004  000  032  057  032  014  016  010  000  006  008  009 
 004  000  000  000  000  000  048  072  034  006  014  019  006  003  004  006 
 005  000  000  000  000  000  071  072  027  010  021  029  016  007  006  002 
 000  000  000  000  000  026  083  052  011  006  016  023  010  002  002  000 
 000  000  000  000  000  062  072  027  004  008  016  018  006  000  000  000 
 000  000  000  000  024  066  042  008  000  008  016  016  004  000  000  000 
 000  000  000  000  043  055  023  004  003  009  012  014  006  000  000  000 
 000  000  000  000  054  050  020  006  007  007  006  012  008  000  000  000 
 000  000  000  016  067  048  014  000  002  002  000  005  007  000  000  000 

Celda26

 022  022  020  018  046  069  066  050  032  029  039  034  019  017  016  012 
 016  013  016  018  043  061  058  046  030  023  029  028  020  017  012  005 
 019  014  010  010  020  044  047  038  028  022  030  039  037  025  014  009 
 025  019  008  000  009  041  054  042  024  018  031  046  043  024  015  012 
 012  010  003  000  011  051  061  040  022  016  026  038  031  010  005  004 
 000  000  000  000  020  055  053  032  020  019  028  036  024  002  000  000 
 000  000  000  002  018  050  048  035  032  032  030  028  020  000  000  000 
 008  004  006  010  029  064  064  050  039  031  021  016  012  000  000  000 
 010  012  012  016  050  089  074  043  027  019  009  004  005  000  000  000 
 002  008  012  013  047  073  047  019  016  018  008  000  000  000  002  000 
 000  003  004  000  030  056  033  009  010  012  006  000  000  000  007  007 
 000  000  000  000  029  058  035  010  008  004  000  000  000  000  012  014 
 000  000  000  000  034  058  028  006  010  005  000  000  003  008  019  023 
 000  000  000  000  040  050  017  004  018  017  012  021  035  041  048  047 
 000  000  000  018  069  063  027  022  039  044  042  048  051  048  051  046 
 001  010  018  046  085  070  036  027  039  055  057  047  038  034  033  026 

Celda27

 014  010  002  005  010  012  010  002  000  004  035  054  043  017  003  006 
 011  006  000  000  000  000  000  000  000  015  047  039  016  004  000  000 
 009  006  000  000  000  000  000  000  000  031  045  019  004  000  000  002 
 004  000  000  000  000  000  000  000  012  043  037  004  000  000  002  012 
 000  000  000  000  000  000  000  000  030  044  022  000  000  004  008  017 
 000  000  000  000  000  000  000  025  051  045  020  008  012  014  009  006 
 000  000  000  000  000  006  030  063  066  049  029  019  022  018  010  005 
 000  000  000  000  010  026  059  072  058  036  022  017  015  016  016  020 
 000  004  006  009  015  034  050  048  029  008  004  009  007  013  020  026 
 003  012  017  018  018  024  024  018  010  000  002  010  007  008  018  028 
 002  008  016  022  021  013  010  013  010  004  006  014  011  005  011  025 
 009  011  013  018  018  013  011  012  010  010  014  021  017  007  007  016 
 023  027  024  018  013  009  011  014  011  017  024  024  014  006  001  013 
 039  037  029  018  011  006  007  009  007  020  026  014  001  000  000  011 
 034  031  020  012  013  014  013  014  013  022  019  005  000  000  000  008 
 018  016  007  006  014  020  019  016  017  021  014  002  000  000  000  002 

Celda28

 006  011  013  000  000  000  000  001  011  007  002  006  013  012  005  000 
 000  011  019  008  008  010  008  006  009  006  002  007  011  004  002  002 
 006  021  030  019  007  009  010  010  008  004  007  010  005  000  002  010 
 018  028  026  005  000  000  008  010  006  007  010  007  002  000  011  018 
 015  012  008  000  000  006  004  002  000  006  003  000  002  006  018  018 
 006  003  003  000  000  010  008  000  002  009  000  000  004  014  016  009 
 023  023  016  008  004  013  019  016  022  023  016  012  007  018  014  006 
 050  044  034  021  010  023  036  032  029  032  032  028  022  024  018  006 
 046  030  018  018  013  023  030  023  020  022  021  022  020  017  011  000 
 037  019  006  010  011  011  018  017  010  001  000  000  004  002  000  000 
 029  015  006  002  005  004  010  018  014  000  000  000  000  000  000  004 
 016  006  000  000  000  008  006  012  014  000  000  000  000  000  000  016 
 012  000  000  000  002  009  008  016  014  000  000  000  010  005  008  016 
 013  000  000  000  007  012  008  013  002  000  000  002  019  010  000  006 
 009  000  000  000  011  014  001  000  000  000  000  010  014  001  000  008 
 000  000  000  000  014  008  000  000  000  000  000  000  000  000  002  023 

Celda29

 004  010  014  008  003  000  000  006  013  017  020  020  014  010  017  034 
 005  009  008  005  002  002  002  000  002  003  010  020  027  030  036  036 
 011  007  003  003  003  000  000  000  000  009  012  008  020  030  027  015 
 012  004  002  000  003  000  000  000  000  012  019  012  007  004  003  000 
 011  006  002  000  000  002  000  004  009  020  016  009  008  003  000  000 
 004  001  000  000  000  005  004  010  018  017  001  001  006  002  000  000 
 002  000  000  000  000  010  012  008  008  004  000  000  004  000  000  000 
 000  000  000  000  007  017  017  006  000  000  004  010  010  006  007  011 
 000  000  000  007  026  027  018  007  001  000  000  009  008  010  015  018 
 000  004  011  018  024  021  014  005  000  000  002  012  011  011  016  018 
 009  014  014  010  017  020  011  002  000  000  010  023  019  012  010  007 
 024  013  013  011  022  026  011  004  002  006  020  027  020  012  010  002 
 019  004  010  012  027  031  015  014  014  022  028  024  016  012  013  010 
 018  005  005  011  030  030  013  014  018  032  026  013  009  011  010  015 
 022  012  004  009  023  017  002  001  009  019  008  004  000  006  005  006 
 034  015  002  002  016  013  000  000  006  009  000  000  000  002  008  002 

Celda30

 040  023  006  000  000  001  000  007  022  018  018  020  014  010  016  033 
 025  003  000  003  006  002  002  020  032  021  024  039  040  040  028  024 
 001  000  000  008  015  013  010  031  035  019  024  040  032  035  029  012 
 000  000  008  010  008  010  011  033  032  018  023  030  015  012  013  012 
 000  000  014  015  002  001  013  036  032  017  016  016  003  002  006  012 
 000  004  020  018  003  004  023  038  027  012  008  006  000  000  006  011 
 000  006  022  016  002  006  022  026  017  009  002  000  000  000  002  010 
 014  016  024  013  004  008  015  020  019  010  002  000  000  005  004  008 
 021  023  026  014  006  014  020  023  026  014  006  008  008  012  015  009 
 015  016  015  011  014  026  029  026  024  012  005  011  015  019  020  011 
 003  002  004  009  019  029  027  020  015  008  001  004  008  011  011  004 
 000  004  005  014  021  024  021  014  006  004  004  002  002  004  002  000 
 002  008  017  019  018  019  017  006  000  000  006  006  004  002  000  000 
 014  018  029  021  014  016  013  000  000  000  006  006  006  004  000  000 
 013  018  031  020  010  009  006  000  000  000  002  006  006  002  000  000 
 000  006  019  010  000  000  000  000  000  000  000  006  004  000  000  000 

Celda31

 028  031  037  029  018  010  007  008  012  014  018  022  016  008  006  000 
 017  024  022  012  010  012  011  012  019  023  022  020  015  010  007  002 
 006  020  025  018  008  004  008  011  016  016  010  008  008  008  007  005 
 008  010  021  024  016  004  003  007  008  006  002  000  000  002  003  003 
 015  017  025  024  016  008  005  003  002  001  000  000  000  000  000  000 
 014  022  033  028  011  005  008  007  002  000  000  000  000  000  000  000 
 010  018  023  015  008  007  011  009  003  000  000  001  002  002  002  002 
 010  014  014  003  000  005  009  006  003  000  000  001  001  000  000  000 
 009  009  009  000  000  004  004  002  002  000  000  002  000  000  000  000 
 007  004  002  000  002  005  004  000  000  000  000  004  000  000  002  000 
 001  000  000  004  002  002  002  000  000  000  000  000  000  000  014  000 
 000  000  000  008  004  000  000  000  000  000  000  000  000  008  036  000 
 000  000  000  005  000  000  000  000  000  000  000  000  000  029  056  000 
 000  000  000  000  000  000  000  000  000  000  000  014  033  063  082  019 
 000  000  000  000  000  000  000  000  000  024  050  063  063  077  084  027 
 000  000  000  000  000  001  016  033  054  065  064  059  055  065  068  024 

Celda32

 000  002  006  010  010  004  002  000  000  004  002  011  008  000  000  000 
 000  000  000  000  000  000  000  000  000  002  003  001  004  000  000  000 
 000  000  000  000  000  000  000  000  000  000  000  000  002  002  000  000 
 000  000  000  000  000  000  000  000  000  000  000  000  001  005  000  000 
 002  004  006  002  000  000  000  000  000  000  002  001  000  000  000  000 
 003  006  008  008  006  001  000  000  000  000  002  001  000  000  000  000 
 000  000  002  006  007  004  000  000  000  000  000  000  000  000  000  000 
 000  000  000  000  000  003  006  003  000  000  000  000  000  000  000  000 
 000  000  000  000  000  000  000  000  000  000  000  000  000  000  000  000 
 000  000  000  000  000  000  000  000  000  000  000  000  000  000  000  017 
 000  000  000  000  000  000  000  000  000  000  000  000  000  000  000  042 
 000  000  000  000  000  000  000  000  000  000  000  000  000  000  004  055 
 000  000  000  000  000  000  000  000  000  000  000  000  000  000  023  061 
 000  000  000  000  000  000  000  000  000  000  000  000  000  010  071  099 
 000  000  000  000  000  000  000  000  000  000  000  000  007  037  108  117 
 000  000  000  000  000  000  000  000  000  000  000  000  008  054  102  095 

Celda33

 000  000  000  038  079  050  010  000  000  000  000  000  007  000  000  000 
 000  000  000  059  091  044  003  000  000  000  000  000  009  008  003  000 
 000  000  000  084  093  035  000  000  000  000  000  008  016  014  002  000 
 000  000  027  083  070  028  000  000  005  012  019  023  029  023  008  000 
 000  004  051  066  054  028  001  000  002  017  017  016  025  015  006  000 
 000  023  050  040  038  027  005  000  008  014  004  002  014  000  000  000 
 000  027  034  020  026  026  012  003  012  014  004  000  007  000  000  000 
 004  038  033  024  029  032  026  021  022  021  011  004  000  000  000  000 
 028  057  049  036  037  042  037  027  019  013  004  000  000  000  000  000 
 051  061  052  035  028  031  028  016  004  000  000  000  000  000  000  000 
 052  046  039  023  012  020  020  005  000  000  000  000  000  000  004  004 
 061  056  043  018  007  015  014  001  000  000  000  000  000  004  006  005 
 062  058  042  016  008  014  008  000  000  004  000  000  004  008  006  006 
 084  066  038  015  020  033  022  014  010  008  000  000  004  002  004  004 
 087  060  033  017  028  033  016  012  010  004  000  000  007  006  001  001 
 056  032  018  010  023  026  008  000  000  006  006  004  008  017  007  003 

Celda34

 004  012  018  042  073  053  020  012  036  066  060  036  027  026  022  014 
 000  000  004  024  052  030  000  000  044  068  047  020  016  018  017  012 
 000  000  000  018  046  030  006  014  046  049  026  006  004  006  006  008 
 000  000  000  014  044  042  028  028  032  038  021  006  010  010  002  003 
 000  000  000  011  049  059  041  020  024  036  020  005  011  012  005  000 
 000  000  000  022  071  076  038  015  026  038  022  012  015  008  000  000 
 000  000  001  057  098  081  031  008  027  038  026  012  008  003  000  000 
 000  000  020  079  096  061  011  000  024  034  022  011  008  004  000  000 
 000  000  042  086  076  038  006  002  022  030  016  006  004  000  000  000 
 006  016  067  078  056  038  006  010  026  033  015  000  000  000  000  000 
 008  022  073  049  040  050  012  010  025  031  011  000  000  000  000  004 
 010  037  058  013  026  058  025  000  011  020  008  000  000  000  003  012 
 013  042  037  000  014  054  034  004  008  016  012  000  004  004  000  010 
 008  032  014  000  003  042  040  018  008  014  018  008  010  008  000  002 
 000  018  002  000  000  034  047  031  015  015  019  009  000  000  000  000 
 000  013  000  000  000  034  057  045  021  014  012  006  000  000  008  017 

Celda35

 006  003  000  000  005  012  012  007  006  009  006  001  000  000  000  000 
 004  000  000  000  000  001  006  004  000  006  008  000  000  000  000  000 
 008  006  004  002  000  000  001  002  000  000  009  000  000  000  000  000 
 008  010  011  013  010  000  000  000  000  000  002  000  000  000  000  000 
 000  000  002  004  004  000  000  000  000  006  002  000  000  000  000  000 
 000  000  000  000  000  000  000  000  002  008  008  004  000  000  000  000 
 000  000  000  000  000  000  000  006  002  000  000  000  000  000  000  000 
 000  000  001  000  000  000  000  002  000  000  000  000  000  000  000  002 
 000  002  006  001  000  000  002  000  000  000  000  000  000  000  004  028 
 000  006  015  019  017  012  008  002  000  000  004  009  010  008  021  044 
 015  034  047  041  024  017  010  004  000  000  001  002  008  012  034  049 
 019  034  036  018  004  002  002  002  004  004  000  000  004  016  034  034 
 020  025  018  004  000  000  005  006  007  007  002  000  006  013  018  013 
 019  024  016  010  012  008  008  004  000  000  000  000  008  011  012  004 
 016  018  011  017  025  009  000  000  000  000  000  000  008  018  022  013 
 033  023  006  013  024  010  000  000  000  000  000  000  008  022  022  008 

Celda36

 000  000  000  009  009  000  000  000  004  009  003  000  000  000  008  026 
 002  000  002  010  000  000  000  008  020  019  012  002  000  003  008  020 
 003  007  012  007  000  000  000  008  011  007  009  008  004  007  006  012 
 002  010  014  006  000  000  000  005  010  004  000  005  008  018  021  022 
 004  008  006  001  000  000  000  004  014  008  002  009  018  037  037  033 
 006  008  000  000  000  000  000  010  020  018  009  016  032  040  028  021 
 007  012  003  002  000  000  002  014  026  018  003  011  025  018  004  005 
 028  036  017  010  003  000  002  016  025  012  000  011  016  004  000  006 
 045  030  006  000  000  000  004  014  016  007  002  014  018  005  000  008 
 042  014  006  003  000  000  010  010  006  006  008  015  020  017  010  010 
 034  012  010  012  014  018  030  019  006  004  012  019  031  033  021  016 
 010  000  000  003  015  022  027  014  012  010  018  027  033  026  007  001 
 000  000  000  000  008  013  012  007  008  007  014  031  031  014  002  000 
 000  000  004  011  012  015  012  010  005  000  007  034  024  000  000  000 
 012  013  015  016  017  021  017  014  006  000  002  038  024  000  000  000 
 006  004  000  003  008  012  007  006  003  002  000  030  018  000  000  000 

Celda37

 026  003  000  000  013  019  004  004  014  009  000  000  000  000  008  004 
 024  003  000  000  008  023  014  005  010  002  000  000  000  000  004  001 
 022  008  000  002  008  018  017  012  008  000  000  000  000  000  000  000 
 027  017  010  016  019  019  016  016  006  000  000  000  005  002  000  000 
 034  025  016  016  010  000  011  016  003  000  000  000  000  000  000  000 
 022  015  010  006  000  000  010  014  000  000  000  000  000  000  000  000 
 009  004  000  000  000  000  006  002  000  000  000  000  000  000  000  000 
 006  000  000  000  000  000  000  000  000  000  000  000  000  000  000  000 
 006  000  000  000  000  000  000  000  000  000  000  000  000  000  000  000 
 001  000  000  000  000  000  000  000  000  000  000  000  000  000  000  020 
 006  000  000  000  000  000  000  000  000  000  000  000  000  015  035  053 
 000  000  000  000  002  000  000  000  000  000  010  026  036  047  056  060 
 000  000  000  000  000  000  000  000  000  028  050  051  042  038  038  041 
 000  000  000  000  000  000  000  004  043  063  057  036  019  016  019  022 
 000  000  000  000  000  000  003  038  062  059  037  024  016  017  018  016 
 000  000  000  000  000  014  039  054  057  045  021  016  016  016  016  012 

Celda38

 000  002  014  010  000  000  000  000  000  000  000  004  000  000  000  000 
 000  002  012  009  000  000  000  000  000  000  000  000  000  000  000  000 
 002  003  006  002  000  000  000  000  000  000  000  000  000  000  000  009 
 009  003  000  000  000  000  000  000  000  000  000  003  006  010  021  025 
 007  000  000  000  000  000  000  000  008  012  018  020  018  014  019  013 
 000  000  000  000  000  000  000  017  042  045  039  031  024  018  012  009 
 000  000  000  008  013  018  029  042  049  045  037  025  021  020  018  021 
 000  000  018  046  051  043  040  040  040  035  023  010  010  016  019  024 
 014  043  058  060  050  038  037  040  037  023  003  000  000  002  006  015 
 048  058  047  034  025  020  027  033  024  008  000  000  000  000  001  013 
 061  052  033  022  014  008  016  020  009  006  012  014  012  007  006  018 
 059  050  038  030  021  013  013  020  012  011  016  018  016  014  015  024 
 042  037  028  022  020  020  018  026  022  016  012  008  007  010  019  027 
 024  019  008  003  006  014  016  019  015  008  003  000  000  000  010  015 
 018  016  007  004  008  009  010  004  007  005  000  000  000  000  010  014 
 011  011  006  005  012  011  007  006  010  004  000  000  001  007  010  017 

Celda39

 000  000  000  003  023  038  048  054  057  055  045  041  042  047  046  012 
 000  003  015  028  035  038  038  034  033  029  019  018  018  019  026  000 
 013  011  015  018  020  023  020  013  016  014  004  002  005  015  028  000 
 016  010  012  014  022  025  012  001  005  004  000  000  000  014  034  000 
 009  010  020  027  039  038  011  000  001  000  000  000  000  016  039  000 
 010  016  029  037  044  035  010  004  000  000  000  000  000  016  040  000 
 023  025  028  029  029  019  006  006  006  003  000  000  000  016  040  000 
 025  018  016  021  021  011  004  006  006  000  000  000  000  019  040  000 
 011  002  002  019  021  012  007  007  002  000  000  000  000  022  045  003 
 004  000  004  020  011  002  000  000  000  000  007  012  008  022  048  002 
 004  000  000  023  012  000  000  000  000  004  011  012  006  014  050  000 
 008  006  001  017  014  000  000  000  000  000  002  000  000  010  049  000 
 014  014  013  014  015  004  002  000  000  000  000  000  000  009  048  000 
 008  014  016  018  025  013  008  004  000  000  000  000  000  011  049  000 
 001  008  012  010  016  004  000  000  000  002  001  000  000  010  052  000 
 012  006  006  000  004  000  000  000  002  009  010  006  003  007  053  000 

Celda40

 000  000  000  000  000  000  000  000  000  000  000  000  008  061  086  064 
 000  000  000  000  000  000  000  000  008  012  006  006  039  080  089  056 
 000  000  000  000  000  000  000  000  000  002  017  030  073  100  090  049 
 000  000  000  000  000  002  001  000  000  000  012  041  085  093  068  029 
 003  007  014  016  014  010  007  008  004  000  011  052  071  064  041  013 
 002  006  012  014  005  000  000  000  002  004  031  060  058  046  028  007 
 002  005  012  016  006  000  000  002  000  004  052  067  059  045  023  005 
 001  004  010  012  008  004  004  003  002  027  068  071  061  039  018  006 
 002  004  004  000  000  012  019  014  018  052  071  065  050  024  018  014 
 003  003  000  000  000  013  018  014  038  061  061  049  028  009  014  024 
 000  000  000  000  001  010  010  014  048  051  041  028  014  008  004  010 
 000  000  000  008  024  008  006  023  040  028  018  013  007  008  012  005 
 000  000  006  020  022  010  008  018  016  016  018  013  007  012  023  022 
 000  002  010  013  008  008  012  006  000  014  022  018  012  016  027  029 
 003  007  011  004  000  000  011  012  006  010  022  022  016  018  026  029 
 003  006  008  000  000  006  015  015  022  024  020  022  021  024  034  036 

Celda41

 023  011  013  013  025  026  009  004  009  010  012  011  016  029  012  006 
 020  017  025  031  043  040  020  013  012  003  000  000  008  026  007  006 
 022  024  032  034  032  019  002  001  000  000  000  000  016  033  008  009 
 015  013  022  020  012  004  000  002  000  000  001  009  039  040  010  006 
 008  002  014  014  008  002  000  005  005  011  018  030  044  024  000  000 
 006  004  008  014  011  008  009  011  014  014  020  027  028  002  000  000 
 002  004  003  015  022  020  011  008  012  011  010  014  013  002  000  000 
 000  001  011  028  034  024  008  002  007  007  002  005  006  004  010  011 
 010  011  029  034  030  019  008  004  006  008  002  000  003  000  002  008 
 026  022  030  021  011  008  000  005  009  011  000  000  000  002  000  000 
 020  019  014  006  000  005  004  006  007  002  000  000  000  000  000  000 
 008  016  014  010  008  010  021  020  014  003  000  002  010  005  000  000 
 018  023  028  027  023  024  034  026  018  012  002  006  004  006  001  000 
 029  028  029  030  028  026  024  012  010  015  010  005  000  002  006  004 
 028  021  017  020  022  020  010  000  000  010  017  011  002  000  006  005 
 026  013  010  012  012  010  004  000  002  000  010  015  008  002  002  000 

Celda42

 000  007  006  000  011  048  065  045  021  012  005  001  000  005  016  025 
 002  002  014  002  015  051  059  035  017  011  008  007  004  002  006  013 
 010  009  011  000  016  049  050  027  016  012  012  014  013  003  000  006 
 010  012  007  000  018  057  052  023  010  016  020  019  017  010  000  005 
 000  002  008  011  032  071  064  031  007  010  026  021  006  010  007  001 
 000  006  002  012  051  084  075  042  015  004  024  025  000  004  014  013 
 000  012  012  026  069  086  075  047  024  018  026  018  003  002  014  012 
 006  016  028  055  087  078  060  039  025  033  038  022  007  009  006  006 
 005  013  043  077  087  059  039  024  011  024  028  022  014  007  000  000 
 000  013  064  094  079  044  028  019  013  014  009  007  005  000  000  000 
 000  022  085  097  063  032  024  020  012  003  000  000  000  000  000  000 
 000  043  093  078  037  016  012  010  002  000  000  000  000  000  000  000 
 002  047  076  056  031  016  012  006  000  000  000  000  000  000  000  000 
 000  036  062  053  031  012  006  005  000  000  000  000  000  000  000  000 
 000  021  058  062  041  012  000  000  000  000  000  006  005  008  006  005 
 000  010  053  062  046  018  000  000  000  000  003  013  011  007  012  016 

Celda43

 028  014  008  007  010  004  009  004  006  005  000  000  008  022  020  004 
 010  000  000  001  000  000  018  017  008  008  004  002  008  019  019  006 
 000  000  000  004  002  004  015  018  000  004  006  007  012  024  029  016 
 000  000  001  010  003  000  007  016  001  000  000  005  011  023  030  011 
 000  000  003  011  003  000  001  010  006  000  001  013  012  015  024  006 
 007  006  006  009  005  006  008  005  005  004  020  025  010  002  024  012 
 004  004  006  006  007  010  008  006  000  018  033  017  004  000  026  022 
 002  002  005  004  007  013  011  009  004  020  025  000  000  000  026  026 
 002  002  005  004  006  013  008  002  000  012  021  000  000  000  022  020 
 000  004  003  000  003  008  005  000  000  003  013  003  000  000  017  007 
 000  005  002  000  004  003  000  000  000  000  006  006  000  004  014  000 
 004  006  002  002  002  000  000  000  000  000  002  003  000  008  018  000 
 006  012  004  004  000  000  000  000  000  000  000  000  000  012  028  002 
 007  018  006  002  000  000  001  005  008  007  000  000  000  016  034  006 
 014  019  004  000  002  000  000  004  007  004  000  000  000  019  028  002 
 015  007  001  000  006  006  000  000  000  000  000  000  000  018  008  000 

Celda44

 000  000  000  000  010  016  004  000  002  003  002  017  010  000  000  000 
 000  001  000  000  010  020  012  005  010  008  004  006  003  000  000  000 
 006  002  005  012  022  029  024  009  007  003  000  000  000  000  000  000 
 000  000  005  020  021  017  013  000  000  000  000  000  000  000  000  008 
 003  004  019  016  002  000  004  000  000  000  000  000  000  010  023  035 
 009  012  016  004  000  000  000  000  000  000  000  000  018  049  038  017 
 002  005  002  000  000  000  000  000  000  000  000  000  030  032  000  000 
 000  000  000  000  000  000  000  000  008  002  000  000  019  019  000  000 
 000  000  000  000  000  000  000  000  025  021  004  000  006  018  002  002 
 000  000  000  000  000  000  000  006  024  010  000  000  000  020  014  013 
 000  000  000  000  000  000  000  000  016  008  000  012  019  024  024  018 
 000  000  000  000  000  000  000  000  014  014  008  014  020  012  022  025 
 000  000  000  000  000  008  012  021  032  025  017  019  021  021  024  033 
 000  000  000  000  002  028  042  036  033  028  029  035  031  034  031  039 
 000  000  000  000  009  042  050  038  033  036  041  040  030  032  034  033 
 000  000  000  000  034  058  052  038  033  038  038  026  016  017  018  014 

Celda45

 000  000  000  008  020  035  047  050  050  041  019  011  011  009  012  008 
 000  000  012  023  031  040  041  038  039  031  013  006  010  012  015  010 
 008  022  031  033  041  044  038  034  029  016  007  002  009  014  014  011 
 035  049  038  035  042  037  030  028  017  007  008  006  005  004  002  000 
 046  032  022  016  026  020  015  012  004  004  008  006  002  000  000  000 
 012  000  000  003  018  018  014  008  004  005  007  005  002  002  004  003 
 004  006  002  012  029  029  020  010  006  010  014  015  013  009  009  010 
 008  015  019  029  034  025  011  002  000  012  022  021  012  008  006  008 
 023  032  027  025  021  012  003  000  000  013  020  011  002  002  002  002 
 020  023  016  013  015  009  002  000  000  008  020  016  002  000  000  000 
 017  020  018  014  013  006  002  005  000  000  010  017  014  008  002  002 
 022  021  014  015  014  002  000  006  000  000  000  014  022  018  010  000 
 026  020  016  013  014  004  000  000  000  000  000  012  026  026  020  004 
 032  029  029  020  010  004  000  000  000  000  000  014  028  030  021  003 
 032  034  028  020  008  000  000  000  000  000  000  014  030  035  020  000 
 019  027  014  007  004  002  000  000  000  000  000  010  028  040  025  003 

Celda46

 002  002  008  008  008  005  001  004  008  002  000  000  002  014  013  017 
 006  000  004  014  012  008  000  000  000  000  000  000  000  018  016  012 
 010  007  005  016  010  006  002  000  000  000  000  000  000  013  012  004 
 002  008  013  026  017  004  001  002  004  009  010  010  005  004  007  003 
 000  001  010  021  013  008  006  010  010  010  012  011  009  004  008  012 
 002  002  008  013  006  003  006  010  006  000  000  000  004  006  013  011 
 010  007  005  009  006  000  000  002  000  000  000  000  000  000  013  007 
 009  006  000  007  008  000  000  000  000  000  000  004  001  000  014  005 
 001  000  000  002  010  000  000  004  004  004  004  004  002  000  016  006 
 000  000  000  000  007  000  000  012  012  003  000  003  006  005  009  008 
 004  004  005  002  000  003  008  012  010  006  004  007  012  010  001  006 
 005  007  008  005  000  008  022  019  004  005  011  000  004  004  000  000 
 000  000  000  000  000  015  027  020  010  000  010  006  000  000  002  006 
 000  000  000  000  000  018  024  014  000  000  005  012  000  000  001  012 
 000  000  000  000  000  018  016  010  000  000  006  018  000  000  004  008 
 000  000  000  000  000  015  009  000  004  000  010  019  000  000  002  010 

Celda47

 014  000  000  000  004  002  009  014  013  009  006  004  008  019  061  009 
 008  000  000  000  014  027  024  028  022  012  004  000  000  017  059  012 
 003  003  000  000  020  025  014  010  010  012  012  004  000  020  057  008 
 004  006  000  000  022  029  009  000  000  002  012  012  006  028  065  007 
 008  000  000  000  016  031  014  000  000  000  002  009  014  039  070  009 
 000  000  000  000  002  032  026  000  000  003  000  001  011  041  066  010 
 000  000  001  000  000  034  037  010  002  005  004  008  016  045  061  012 
 003  003  002  000  000  037  041  016  019  020  016  012  012  037  049  008 
 000  000  000  000  008  045  046  026  027  017  006  000  000  026  039  003 
 000  000  000  000  008  041  046  026  015  005  000  000  002  033  038  001 
 000  000  000  003  012  040  049  020  002  001  000  000  004  034  037  000 
 000  000  006  015  021  036  037  004  000  000  000  000  000  031  040  000 
 002  003  014  016  011  016  019  000  000  005  002  000  000  030  046  000 
 010  005  015  005  000  006  006  000  000  012  004  000  000  032  051  000 
 000  000  016  000  000  002  000  000  000  014  007  000  000  033  053  000 
 000  000  019  002  000  000  000  000  000  010  012  000  000  032  056  000 

Celda48

 002  002  000  000  000  022  017  012  021  025  019  025  033  037  043  042 
 001  000  000  000  011  030  016  014  023  020  023  035  049  049  045  039 
 000  000  000  000  026  025  014  018  019  014  019  037  051  048  038  028 
 000  000  000  000  023  010  009  014  009  006  012  027  037  034  026  017 
 000  000  004  006  016  003  010  016  008  005  010  018  023  022  016  009 
 004  010  020  020  014  006  021  026  018  018  021  012  013  022  024  012 
 005  011  020  018  010  007  028  031  021  022  025  015  000  017  029  018 
 001  002  003  002  000  008  032  030  015  012  014  014  015  014  023  020 
 000  000  000  000  000  019  036  027  013  007  002  000  007  012  018  019 
 001  002  002  002  007  028  031  021  013  003  000  000  000  005  010  014 
 005  011  020  022  017  023  018  014  008  000  000  000  009  011  013  015 
 004  010  024  030  022  010  012  013  005  000  000  009  017  016  021  026 
 000  002  008  016  016  008  002  009  004  000  005  012  012  008  015  023 
 000  000  000  000  002  004  001  003  003  002  004  010  012  010  017  018 
 000  000  000  000  000  000  002  000  004  004  000  002  008  010  016  014 
 000  000  000  000  000  002  001  000  004  006  000  000  000  004  010  008 

Celda49

 028  013  007  004  002  000  000  000  000  000  000  007  012  010  003  000 
 024  008  002  000  000  000  000  000  000  000  003  000  003  009  000  000 
 014  003  004  002  000  000  000  000  002  010  002  000  000  000  000  000 
 010  011  014  018  012  006  001  000  004  002  000  000  001  000  000  003 
 011  021  021  019  018  014  008  004  000  000  000  000  000  000  000  002 
 010  018  010  000  006  012  014  014  007  000  000  000  000  000  000  000 
 012  016  006  000  000  000  004  010  010  004  000  000  000  000  000  000 
 016  011  000  000  000  000  000  000  000  002  006  010  008  003  000  000 
 022  012  002  000  000  000  004  000  000  000  003  006  006  004  000  000 
 019  010  000  000  005  004  000  000  000  000  002  000  000  000  000  000 
 006  000  000  000  000  000  000  000  000  000  000  000  000  000  000  000 
 015  000  000  000  005  000  000  000  000  000  000  000  000  000  000  000 
 014  018  014  001  002  005  002  000  000  000  000  000  000  000  000  000 
 000  000  008  012  004  003  005  003  000  000  000  004  008  004  000  006 
 000  000  000  000  012  013  004  000  002  000  000  000  000  002  002  013 
 000  000  002  002  006  010  004  000  000  000  000  000  000  000  008  015 

Celda50

 000  028  073  064  030  012  000  000  004  005  007  014  012  000  012  020 
 000  059  096  072  014  000  004  018  017  014  018  019  010  002  002  006 
 010  077  083  038  006  002  003  027  026  025  027  023  008  000  004  005 
 034  081  050  012  000  008  024  044  038  027  019  009  001  000  001  007 
 039  073  032  006  000  010  028  049  045  024  006  005  000  000  005  010 
 034  062  030  010  013  011  024  043  037  016  003  000  000  000  010  013 
 038  061  033  010  009  006  017  029  022  002  004  001  002  009  010  006 
 035  055  042  022  006  002  013  024  023  002  004  018  022  017  005  004 
 023  046  054  040  008  000  010  022  020  004  000  016  021  015  006  000 
 013  044  066  054  008  000  012  026  014  000  007  020  000  000  000  000 
 012  048  071  056  006  000  018  029  008  000  001  018  004  000  000  000 
 027  064  072  051  004  000  020  024  004  000  000  000  002  000  002  000 
 048  067  053  044  015  012  028  009  000  000  000  000  000  002  002  000 
 060  060  031  034  032  028  027  012  002  000  000  000  000  000  000  000 
 056  042  016  025  041  034  014  009  010  007  005  006  008  004  000  000 
 044  038  022  026  036  037  018  000  000  003  010  008  002  000  000  000 

Celda51

 016  004  000  009  007  006  000  000  000  000  000  000  000  012  000  000 
 010  006  000  012  006  000  000  000  000  000  000  000  000  014  006  000 
 000  000  002  009  004  000  000  000  000  000  000  000  000  021  018  000 
 000  000  008  014  006  002  002  004  000  000  000  000  000  017  016  000 
 004  006  010  012  004  000  000  002  000  000  000  000  000  006  014  012 
 009  009  008  004  000  000  000  000  000  000  000  000  000  012  027  041 
 008  010  005  000  000  000  000  000  000  000  000  000  015  055  067  048 
 010  002  000  000  000  000  000  000  000  000  000  021  069  086  060  032 
 004  004  000  000  000  000  000  000  000  000  012  058  073  056  027  024 
 000  000  000  000  000  000  000  000  000  011  042  053  038  026  020  024 
 000  000  000  000  000  000  000  000  000  012  036  030  017  019  024  030 
 000  000  000  000  000  000  000  000  000  008  024  027  024  027  027  032 
 000  000  000  000  000  000  000  000  008  024  043  046  037  034  033  036 
 000  000  000  000  000  000  000  000  020  056  073  059  039  029  025  024 
 000  000  000  000  000  007  008  014  063  085  077  053  029  016  006  008 
 000  000  000  001  000  000  006  031  078  073  058  041  019  012  006  000 

Celda52

 000  000  000  018  062  064  043  030  025  026  020  009  008  010  008  003 
 000  006  010  041  060  039  013  011  010  010  006  000  004  004  004  002 
 000  012  031  043  036  014  002  005  011  014  010  003  007  002  000  002 
 000  019  032  028  021  008  000  000  008  016  014  009  009  004  000  000 
 021  030  022  026  027  019  012  003  002  013  012  012  012  003  000  000 
 041  030  018  022  034  017  004  001  000  012  008  010  014  002  000  000 
 035  030  022  020  025  020  000  000  000  012  012  006  014  008  000  003 
 035  040  028  018  006  013  002  000  000  012  020  013  015  014  003  000 
 039  038  021  014  010  000  004  000  012  024  035  020  009  008  001  000 
 031  022  009  009  020  025  015  007  012  013  014  008  000  001  002  000 
 027  017  009  017  027  031  025  010  000  000  002  007  000  000  002  000 
 035  023  012  016  017  008  010  007  000  000  000  008  007  004  000  000 
 035  022  010  008  010  000  009  018  020  012  003  010  009  005  000  000 
 022  020  011  008  011  009  014  028  036  034  016  003  006  004  000  000 
 012  018  022  014  010  007  009  013  022  026  018  003  000  000  000  000 
 004  015  031  028  007  002  002  002  000  002  010  006  000  000  004  001 

Celda53

 010  021  007  000  002  002  000  000  000  000  000  005  022  040  030  008 
 013  015  002  000  000  000  000  000  000  006  008  002  014  032  024  009 
 008  002  000  000  000  000  000  000  004  008  006  000  006  024  018  007 
 000  000  000  000  000  000  000  000  005  004  001  000  000  022  021  006 
 000  000  000  000  000  000  002  006  002  006  006  010  012  020  022  004 
 000  000  000  000  000  000  006  016  007  004  008  018  028  021  017  003 
 000  000  000  000  000  000  007  018  016  000  002  008  014  012  000  004 
 000  000  000  000  005  006  001  012  018  000  000  002  000  000  000  004 
 000  000  000  018  016  008  000  004  016  006  000  000  002  000  000  000 
 008  017  021  022  005  002  004  005  011  009  000  000  000  000  000  000 
 005  018  018  004  000  000  006  010  009  010  003  001  000  000  000  000 
 008  007  009  002  000  000  006  002  001  008  000  000  000  000  006  004 
 012  022  000  002  000  000  011  004  000  006  003  000  001  004  023  018 
 008  026  004  000  000  000  012  011  000  002  003  000  012  018  022  006 
 000  014  010  000  000  001  008  015  000  000  002  000  003  004  000  003 
 000  000  008  006  000  002  003  010  000  000  002  004  000  000  000  008 

Celda54

 000  000  000  000  000  010  006  000  003  007  010  010  000  000  000  009 
 002  000  000  000  000  002  008  000  000  012  008  000  000  000  004  012 
 006  002  000  000  000  000  008  000  000  008  008  000  000  000  014  024 
 001  006  008  003  000  000  004  002  000  000  008  000  000  009  024  023 
 000  002  014  012  000  003  000  000  000  000  008  011  010  021  019  011 
 000  000  014  018  010  000  000  000  000  000  009  026  028  026  015  009 
 000  000  008  018  014  000  000  000  000  004  018  038  033  024  015  012 
 000  000  002  014  016  003  000  002  008  014  021  030  024  020  011  006 
 004  002  002  010  022  010  002  002  008  012  008  014  017  019  012  007 
 012  011  010  004  024  010  000  000  000  001  003  006  007  014  008  005 
 018  020  010  002  015  016  000  000  002  000  010  012  002  006  000  000 
 015  023  000  000  004  023  001  000  006  004  023  014  005  000  000  000 
 001  014  000  000  001  030  004  000  012  013  023  007  004  000  000  000 
 000  000  000  000  006  032  002  000  021  023  013  000  000  000  000  000 
 000  000  000  000  008  027  006  002  027  020  002  000  000  000  000  000 
 000  000  002  004  009  018  012  006  020  012  000  000  000  000  000  000 

Celda55

 000  002  020  004  000  000  000  000  000  008  016  006  000  028  057  000 
 000  000  019  009  000  000  000  000  004  020  022  014  005  027  055  000 
 009  002  016  016  000  000  000  002  014  025  019  010  003  022  050  000 
 004  001  013  022  002  000  000  005  020  023  013  006  002  022  048  000 
 000  000  012  024  000  000  000  004  027  034  015  010  006  028  053  007 
 005  007  016  017  000  000  000  006  030  037  016  000  004  026  050  003 
 014  014  013  003  000  000  002  023  041  028  012  001  000  023  048  000 
 008  009  002  000  000  000  006  027  032  011  004  009  007  025  048  001 
 001  000  000  000  000  000  000  018  016  002  002  018  017  022  042  000 
 009  000  000  000  000  000  010  016  012  000  004  028  020  016  038  000 
 012  000  000  000  000  004  020  024  016  004  007  031  018  014  044  008 
 002  004  000  000  000  008  025  031  018  005  010  027  015  018  049  008 
 000  006  000  000  002  026  036  032  015  000  004  016  010  022  052  000 
 000  000  000  000  014  040  036  024  014  002  000  010  006  022  052  000 
 004  002  000  006  036  054  037  020  014  004  004  004  000  021  056  000 
 000  000  000  016  050  056  031  016  008  000  002  003  000  022  066  000 

Celda56

 000  000  000  000  000  000  000  000  002  008  000  000  000  000  004  006 
 000  000  000  000  000  000  000  000  000  002  000  000  000  004  006  008 
 000  000  000  000  002  000  000  000  000  000  000  000  008  011  011  014 
 000  000  000  000  002  005  000  000  000  000  000  003  011  010  014  019 
 000  000  000  000  000  005  000  000  000  000  000  013  009  002  012  022 
 000  000  000  000  002  003  000  000  000  000  009  008  000  000  008  020 
 000  000  000  000  012  000  000  000  000  000  014  010  000  000  004  014 
 000  000  000  000  018  002  000  000  000  002  014  008  002  001  006  009 
 000  000  000  000  011  002  000  000  000  006  010  003  001  010  012  004 
 000  000  000  000  000  000  000  004  004  008  010  000  000  016  016  000 
 000  000  000  000  000  000  000  015  015  014  013  002  002  018  015  000 
 001  001  000  000  000  000  000  018  028  024  014  004  002  012  012  000 
 000  000  000  000  000  000  000  016  036  036  019  001  000  009  010  002 
 003  008  020  032  044  052  052  059  073  071  051  032  027  023  027  025 
 009  022  047  068  084  094  098  100  107  101  083  064  064  060  067  066 
 000  000  000  000  000  000  000  002  015  022  018  000  000  000  009  010 

Celda57

 004  003  008  010  002  000  000  000  000  000  000  000  000  000  001  002 
 011  011  007  006  001  000  000  000  004  000  000  000  000  000  000  000 
 016  006  000  001  000  000  000  000  003  000  000  000  000  000  000  002 
 014  000  000  000  000  000  000  000  000  000  000  000  000  000  000  012 
 016  000  000  000  000  000  000  000  000  000  000  000  000  000  000  026 
 016  001  000  000  000  000  000  000  000  000  000  000  000  000  000  040 
 011  002  000  000  000  000  000  000  000  000  000  000  000  000  000  048 
 005  000  000  000  000  000  000  000  000  000  000  000  000  000  003  048 
 000  000  000  000  000  000  000  000  000  000  000  000  000  000  012  054 
 000  000  000  000  000  000  000  000  000  000  001  000  000  000  009  040 
 000  000  000  000  000  000  000  000  004  004  001  000  000  000  013  030 
 002  005  006  004  000  000  000  007  012  011  005  000  000  000  014  028 
 000  000  005  008  010  012  012  008  004  002  000  000  000  000  010  024 
 024  029  034  040  044  047  046  038  032  032  034  038  044  048  044  053 
 064  068  070  068  068  068  070  070  072  073  076  084  093  100  102  110 
 007  008  006  000  000  000  000  000  000  000  000  000  000  000  000  009 

Celda58

 023  030  036  034  032  034  021  000  000  002  004  000  000  000  000  002 
 014  028  042  035  028  032  019  000  000  003  001  000  000  000  002  006 
 021  037  041  024  018  025  018  000  000  000  000  000  001  007  003  000 
 040  039  028  017  008  011  014  012  008  006  011  015  012  000  000  000 
 051  029  017  020  010  000  004  018  020  014  007  000  000  000  000  000 
 048  015  009  022  014  000  000  013  022  016  004  000  000  000  000  000 
 056  020  012  019  016  002  002  000  008  010  001  000  000  000  000  000 
 059  035  018  014  017  006  003  000  000  000  003  000  000  000  000  000 
 060  040  014  001  012  006  000  000  000  000  000  000  000  000  000  000 
 043  036  013  000  006  006  000  000  003  000  000  000  000  000  000  000 
 034  035  020  007  013  007  000  000  002  002  000  000  000  002  000  000 
 030  038  032  019  007  000  000  000  002  002  002  000  000  000  000  000 
 031  044  042  017  000  000  000  000  001  002  004  000  000  000  000  023 
 067  081  072  039  024  030  033  030  032  040  047  044  035  032  057  103 
 126  127  103  071  062  068  070  066  069  080  090  100  112  126  150  172 
 030  036  023  007  004  003  000  000  000  000  000  000  000  000  023  039 

Celda59

 014  022  021  006  000  000  000  037  066  052  047  039  016  010  010  006 
 002  000  000  000  000  000  000  045  062  051  049  040  016  009  008  010 
 000  000  000  000  000  000  027  067  074  058  043  025  004  002  007  010 
 000  000  000  000  004  031  066  083  083  062  030  002  000  000  000  007 
 000  000  000  006  040  070  072  071  074  054  014  000  000  012  014  000 
 000  000  000  031  070  075  053  044  046  028  000  000  000  012  022  000 
 000  000  012  049  071  063  037  028  030  022  000  000  000  000  013  002 
 000  002  006  035  059  050  027  021  019  018  006  000  000  000  002  000 
 000  000  000  036  060  043  016  010  010  014  012  000  000  000  001  000 
 000  000  000  044  065  040  010  002  002  007  014  003  000  000  005  008 
 000  000  014  053  064  039  012  001  000  000  007  014  000  000  004  020 
 004  015  040  060  057  036  016  002  000  000  000  014  004  000  000  018 
 036  048  045  049  045  030  018  004  000  000  000  004  001  000  000  012 
 114  094  068  069  073  056  039  029  028  036  041  040  030  020  027  033 
 155  122  095  100  108  090  074  071  068  076  080  082  082  080  090  091 
 033  016  000  010  024  013  004  007  000  000  000  000  000  000  011  011 

Celda60

 000  010  031  036  016  000  000  000  000  000  000  002  000  000  012  010 
 014  010  017  034  028  000  000  000  000  000  000  000  000  000  018  024 
 013  014  004  018  030  008  000  000  000  000  000  000  000  000  018  035 
 000  000  002  000  020  017  000  000  000  000  000  000  000  006  020  033 
 000  000  000  000  001  022  010  000  002  000  000  000  006  015  019  018 
 000  000  000  000  000  018  026  012  000  000  000  004  020  019  011  000 
 000  000  000  000  000  008  030  024  000  000  000  001  026  020  001  000 
 000  000  000  000  000  000  020  027  008  000  002  002  020  024  006  000 
 000  000  000  006  010  000  006  018  013  000  000  006  005  023  011  000 
 004  004  000  002  015  002  000  006  016  013  000  000  001  016  012  000 
 000  004  012  013  002  000  000  002  020  026  008  000  002  006  008  000 
 005  000  004  012  006  000  000  004  020  030  016  000  000  000  003  000 
 008  000  000  000  000  001  012  016  013  025  020  004  000  000  000  004 
 028  022  018  018  024  042  055  054  043  046  042  025  022  027  031  037 
 081  075  071  071  077  091  089  084  082  085  084  072  070  075  079  083 
 000  000  000  000  005  012  003  000  000  003  008  004  002  001  002  005 

Celda61

 007  004  000  008  001  000  000  001  000  000  000  002  000  000  000  016 
 013  016  006  000  002  002  003  000  000  000  000  001  000  000  000  016 
 015  012  006  000  000  010  016  000  000  000  000  000  000  000  000  008 
 012  000  000  000  000  010  028  004  000  000  005  000  000  000  000  002 
 007  000  000  005  012  002  022  010  000  000  002  002  000  003  000  000 
 000  000  000  009  008  000  006  012  000  004  002  002  006  003  000  000 
 000  000  000  000  000  000  000  010  002  004  010  000  004  000  002  002 
 000  000  000  000  000  000  001  018  009  002  008  004  000  000  008  004 
 000  000  000  000  000  004  012  029  019  016  005  003  000  000  016  011 
 000  000  000  000  000  010  015  024  017  014  013  000  000  000  017  016 
 000  000  000  002  006  014  012  010  014  000  004  002  000  000  008  020 
 000  000  000  010  011  008  008  004  009  000  000  000  000  000  000  014 
 000  004  004  008  010  000  000  004  000  000  000  000  000  002  006  002 
 038  038  039  034  035  031  032  036  034  028  024  025  034  044  050  048 
 079  072  075  079  079  078  074  072  073  079  084  086  093  093  094  096 
 002  000  000  000  000  003  002  000  000  000  000  000  007  005  000  000 

Celda62

 000  000  006  017  006  008  014  006  010  004  000  000  000  000  000  000 
 007  000  012  021  002  000  016  008  004  000  000  000  012  005  005  003 
 016  004  011  014  000  000  017  014  002  000  000  005  024  004  002  000 
 020  011  004  013  000  001  010  018  005  000  000  012  021  000  000  000 
 020  011  000  011  006  000  000  015  010  000  000  010  016  000  000  000 
 012  008  000  011  016  000  000  008  014  001  000  008  016  000  000  000 
 000  002  000  012  020  000  004  009  008  000  000  006  018  000  000  000 
 000  000  007  012  016  006  003  018  013  005  001  000  015  000  000  000 
 004  000  014  013  006  009  020  022  012  006  000  000  008  000  000  000 
 000  002  014  016  002  008  030  022  004  000  000  000  003  000  000  000 
 000  000  010  020  007  011  026  020  000  000  000  000  000  000  000  000 
 008  000  005  022  014  009  012  014  000  000  000  000  000  000  000  006 
 009  002  002  021  025  004  000  004  000  000  000  000  000  004  001  009 
 044  047  045  055  059  034  028  025  021  018  018  024  026  043  053  060 
 096  104  098  099  101  080  078  080  082  083  086  092  096  111  115  111 
 000  009  003  004  014  003  000  000  000  000  000  000  000  014  020  016 

Celda63

 000  000  000  025  052  046  016  000  000  000  006  000  000  022  076  000 
 002  000  000  029  049  043  020  000  000  000  010  006  000  020  076  000 
 000  000  000  030  044  037  016  000  000  000  010  010  000  021  071  000 
 000  000  000  034  045  036  010  000  000  000  008  011  000  026  074  006 
 000  000  004  038  045  034  008  000  000  000  005  009  000  032  077  010 
 000  000  010  035  040  036  009  000  000  000  004  008  004  043  078  000 
 000  000  012  030  033  033  009  000  000  000  005  006  004  048  085  000 
 000  001  015  032  028  022  005  000  000  000  006  006  000  047  089  000 
 001  008  020  039  027  006  000  000  000  000  006  003  000  048  090  000 
 008  010  014  029  017  000  000  000  000  004  010  000  000  048  090  000 
 017  011  009  026  018  000  000  000  005  010  008  000  000  042  092  000 
 019  008  007  022  015  000  000  000  008  012  010  000  000  039  092  000 
 018  006  000  016  010  000  000  000  004  012  012  000  000  040  094  000 
 062  052  046  046  041  034  036  040  046  052  051  039  038  077  122  027 
 104  094  095  095  095  089  090  094  101  104  102  093  094  123  147  060 
 009  000  000  000  003  000  000  000  006  006  005  000  000  028  063  000 

