Celda0

 000  000  000  000  002  000  000  000  001  002  001  000  000  000  001  002 
 000  000  000  000  004  000  000  000  003  006  002  000  000  001  002  004 
 000  000  000  000  006  000  000  001  008  013  004  000  000  002  004  009 
 000  000  000  000  004  000  002  004  012  018  005  000  000  002  007  015 
 000  000  000  000  001  002  006  005  008  016  009  000  000  003  014  020 
 000  000  000  000  004  002  004  002  000  012  015  000  000  008  025  021 
 000  000  000  000  011  002  000  000  000  010  018  000  000  012  033  023 
 001  004  009  008  010  000  000  000  000  008  018  000  000  010  030  023 
 002  006  014  017  007  000  000  004  000  006  016  000  000  002  026  026 
 001  003  008  013  010  003  000  007  002  008  019  002  000  000  023  028 
 001  002  005  006  006  007  006  004  005  012  021  006  006  002  020  025 
 002  004  006  006  008  011  010  004  009  017  023  010  013  017  034  030 
 000  001  004  010  014  014  012  010  016  022  023  011  011  020  039  033 
 000  001  004  008  010  011  014  018  021  023  020  010  006  012  029  024 
 001  001  000  001  004  010  016  018  016  017  017  014  010  008  015  012 
 000  000  000  000  002  006  010  012  010  006  012  016  010  006  004  012 

Celda1

 001  000  000  000  000  000  000  000  001  000  000  000  002  001  000  000 
 002  000  000  000  000  000  000  000  002  000  000  000  004  003  002  000 
 006  000  000  000  000  000  000  000  002  000  000  000  008  008  004  000 
 008  000  000  000  000  000  000  001  000  000  000  000  007  010  004  000 
 010  000  006  014  013  008  011  008  006  006  012  018  019  016  006  002 
 008  001  011  018  018  015  016  010  010  012  014  016  019  024  025  026 
 010  006  006  004  006  009  012  009  010  014  013  011  017  025  028  026 
 010  002  000  000  000  002  001  000  000  002  004  006  019  023  016  009 
 014  000  000  000  000  006  000  000  000  001  000  003  016  016  007  000 
 015  000  000  000  002  002  000  000  000  000  000  006  018  019  006  000 
 014  007  004  010  004  000  000  000  000  000  000  006  014  018  012  000 
 009  010  008  000  000  000  002  002  000  000  001  004  007  014  016  005 
 012  002  005  000  000  000  005  005  000  000  000  000  002  011  018  012 
 012  004  000  000  000  000  006  008  004  000  000  000  000  013  021  016 
 004  004  000  000  000  010  015  011  006  000  000  000  001  014  022  018 
 000  000  000  000  006  016  009  000  002  000  000  007  011  013  015  016 

Celda2

 000  000  000  001  000  000  000  003  002  000  000  000  000  000  000  000 
 000  000  000  002  000  000  000  006  004  000  000  000  000  000  000  000 
 000  000  000  002  000  000  000  008  007  000  000  000  000  000  000  000 
 000  000  000  000  000  000  000  006  005  000  000  000  000  000  000  002 
 002  001  000  000  000  000  000  006  002  000  000  000  000  000  000  004 
 020  007  000  000  000  000  000  012  004  000  000  000  000  000  000  002 
 026  022  014  004  000  000  009  023  011  004  000  000  002  000  000  001 
 014  022  022  019  017  018  023  028  010  006  007  008  002  000  000  002 
 000  002  006  011  017  021  023  021  007  006  010  006  000  000  004  013 
 000  000  000  000  007  015  020  016  011  008  008  002  000  000  012  010 
 000  000  000  000  000  009  017  014  010  005  002  001  000  002  017  002 
 000  000  000  000  006  011  007  000  000  000  000  000  006  010  020  003 
 000  000  000  005  015  012  000  000  000  000  000  000  006  017  015  004 
 000  000  004  008  014  004  000  000  000  000  000  000  000  013  004  000 
 000  000  002  004  005  000  000  000  000  000  000  000  002  012  000  000 
 005  000  000  001  001  000  000  000  000  000  000  000  010  016  000  000 

Celda3

 001  003  002  000  002  001  000  000  003  003  000  000  000  003  003  000 
 004  008  003  000  006  004  000  000  006  006  000  000  002  008  005  000 
 012  018  002  000  012  010  000  000  008  010  000  000  007  016  006  000 
 022  022  000  000  020  018  000  000  004  010  002  000  008  016  000  000 
 025  016  000  002  028  020  002  000  000  010  018  021  018  007  000  000 
 020  006  000  016  032  014  000  000  000  014  022  012  000  000  000  000 
 012  002  008  036  029  002  000  001  007  010  014  011  000  000  000  000 
 002  004  029  046  008  000  002  014  013  000  004  008  000  000  000  002 
 007  013  049  038  000  000  013  026  003  000  002  008  000  000  000  007 
 005  017  050  027  003  008  028  019  000  000  002  006  000  001  003  009 
 000  016  043  018  004  012  019  005  000  000  000  004  004  004  008  008 
 000  018  042  019  000  004  004  000  000  000  000  004  008  002  002  002 
 002  018  038  018  000  005  004  000  000  000  000  008  011  004  000  000 
 000  016  029  012  000  004  006  000  000  000  002  012  012  002  000  000 
 000  023  019  004  002  005  004  001  000  006  016  019  007  000  000  000 
 008  038  021  004  005  011  008  005  007  015  019  013  002  000  000  000 

Celda4

 000  000  001  001  000  000  000  000  000  000  000  001  002  001  000  001 
 000  000  002  002  000  000  000  000  000  000  000  004  006  003  000  002 
 000  002  004  004  002  000  000  000  000  000  000  008  014  008  001  003 
 000  008  006  002  003  002  000  000  000  000  000  008  018  014  004  001 
 000  012  006  000  002  003  000  000  000  000  003  004  015  017  006  000 
 002  011  003  000  000  006  000  000  000  000  002  000  008  014  006  000 
 004  006  000  000  002  007  000  000  000  000  000  000  002  006  002  000 
 008  003  000  000  004  007  000  000  000  000  000  000  000  000  000  000 
 009  000  000  000  006  008  000  000  000  000  000  000  000  000  000  000 
 006  000  000  000  008  008  000  000  000  000  000  000  000  000  000  000 
 001  000  000  004  008  005  000  000  000  000  000  000  000  000  000  000 
 000  000  004  009  006  002  000  000  000  000  000  000  000  000  000  000 
 000  000  004  000  000  002  000  000  000  000  000  000  000  000  000  000 
 000  000  000  000  000  003  000  000  000  000  000  000  000  000  000  002 
 003  002  000  000  000  000  000  000  000  000  000  000  000  005  006  010 
 009  006  000  000  000  000  000  004  000  002  009  011  008  008  007  012 

Celda5

 002  001  002  003  000  000  000  000  000  000  000  000  001  001  000  000 
 004  003  004  004  000  000  000  000  000  000  000  000  002  002  000  000 
 008  006  004  004  000  000  001  002  000  000  002  002  004  002  000  000 
 005  006  002  000  000  003  005  004  000  000  001  004  008  003  000  000 
 000  000  001  000  006  011  006  000  000  000  000  002  010  010  002  000 
 000  000  002  006  016  016  002  000  000  000  000  000  012  019  015  010 
 000  000  006  015  023  012  000  000  000  000  000  000  012  024  022  017 
 000  002  010  017  016  006  000  000  000  000  000  000  012  020  018  017 
 000  004  012  014  013  010  000  006  004  000  000  012  023  017  006  008 
 000  002  007  009  014  017  008  000  002  004  014  030  026  012  000  000 
 000  000  004  010  018  020  010  000  000  010  029  028  015  005  004  001 
 000  000  006  018  025  022  006  000  000  013  021  006  003  005  000  008 
 000  000  006  022  028  019  003  000  008  012  004  000  000  008  001  002 
 007  017  014  021  021  009  000  010  019  011  000  000  000  008  006  000 
 012  016  024  022  006  000  000  016  020  008  002  001  004  010  002  000 
 014  012  014  015  005  001  012  015  011  009  009  015  021  017  006  000 

Celda6

 000  000  000  000  001  001  000  000  002  002  000  000  000  001  000  000 
 000  000  000  000  002  003  001  000  004  004  000  000  000  003  000  000 
 001  002  000  000  004  007  004  000  005  006  000  000  000  006  000  000 
 000  003  000  000  004  010  006  001  002  002  000  000  000  006  000  000 
 001  001  000  000  004  010  006  000  000  000  005  004  000  000  000  000 
 008  005  000  000  004  010  006  000  000  000  009  007  000  000  000  002 
 011  000  001  000  004  010  007  000  000  002  010  006  000  000  000  005 
 015  005  000  000  002  008  006  000  000  002  010  006  000  002  007  003 
 014  016  010  001  000  004  006  000  005  011  012  002  000  001  002  001 
 010  028  023  005  000  001  004  004  002  002  000  000  000  001  002  000 
 002  032  030  010  000  000  000  004  004  000  000  002  000  000  002  000 
 007  021  028  016  002  000  000  001  002  000  001  008  000  000  002  001 
 002  002  018  018  004  000  000  000  000  000  002  010  001  000  006  004 
 000  000  008  014  002  000  000  000  000  000  006  012  007  006  008  002 
 000  000  000  006  000  000  002  000  000  004  014  014  010  007  004  000 
 000  000  001  000  000  000  002  000  000  008  018  014  007  004  001  000 

Celda7

 000  001  001  000  000  000  001  001  000  000  000  000  000  001  004  000 
 000  002  002  000  000  000  003  003  000  000  000  000  000  004  012  000 
 000  000  002  000  000  000  007  007  003  002  000  000  000  010  030  000 
 000  000  000  000  000  000  009  010  007  004  000  000  000  018  044  000 
 001  004  000  000  000  001  008  010  010  004  000  000  000  024  050  000 
 005  006  000  000  004  006  011  012  012  002  000  000  000  030  057  005 
 006  000  000  000  008  017  015  012  012  002  002  006  016  047  064  010 
 000  000  000  000  008  016  008  004  008  001  002  014  032  049  058  009 
 000  000  000  000  002  010  008  006  011  008  009  026  028  035  046  006 
 000  000  001  002  000  000  010  012  014  018  019  018  009  019  036  001 
 000  000  000  000  000  000  018  019  016  022  022  009  002  020  039  000 
 000  000  000  000  000  005  028  024  015  019  018  006  000  024  046  000 
 000  002  002  000  003  015  028  022  016  016  010  000  000  029  054  000 
 000  000  001  010  015  014  014  018  019  016  004  000  000  030  058  000 
 000  000  000  006  012  005  001  014  022  018  003  000  000  027  056  000 
 000  000  011  015  000  000  000  012  022  018  005  002  000  022  053  000 

Celda8

 000  000  000  002  004  002  004  007  008  005  011  014  001  000  000  014 
 000  000  000  000  000  000  008  009  009  010  019  015  000  000  000  016 
 001  001  000  000  000  004  017  015  012  012  023  012  000  000  000  016 
 001  001  000  000  000  016  024  013  007  004  016  006  000  000  000  016 
 000  000  000  000  000  021  032  008  000  000  017  000  000  000  000  020 
 000  000  000  000  000  018  036  008  000  000  022  006  002  011  013  029 
 000  000  000  000  004  027  041  003  000  000  024  012  000  012  018  020 
 000  000  000  003  024  047  043  006  000  000  019  009  000  006  011  001 
 000  000  000  004  034  041  024  004  000  002  017  004  001  008  008  000 
 000  000  001  003  028  023  005  000  001  000  014  008  011  010  006  000 
 001  003  006  007  026  018  002  000  000  002  016  014  011  004  003  009 
 002  004  009  012  031  020  001  000  002  009  020  015  007  000  004  014 
 003  006  008  008  029  016  003  000  006  015  015  007  003  000  002  008 
 002  004  004  000  022  005  000  000  000  009  004  000  000  000  000  001 
 000  001  002  000  018  003  000  000  002  009  000  000  000  000  000  000 
 000  000  004  004  008  002  000  007  019  018  008  003  002  004  002  001 

Celda9

 000  000  000  000  012  016  002  000  002  000  000  010  020  017  014  008 
 003  000  000  000  004  008  003  003  005  002  005  016  017  016  014  004 
 004  000  002  010  004  000  004  012  010  002  010  022  018  011  007  000 
 008  000  010  019  018  012  010  022  019  007  013  023  018  006  003  002 
 013  006  018  024  028  024  015  021  020  013  016  023  015  000  004  010 
 018  006  019  024  025  024  012  006  016  013  014  019  015  005  008  015 
 008  004  019  024  014  014  005  000  018  014  008  008  012  010  008  011 
 002  010  025  025  005  004  002  000  017  015  009  010  012  008  000  005 
 001  019  026  018  000  000  002  000  015  018  010  010  012  008  004  008 
 003  027  022  011  000  000  003  004  013  026  024  022  022  019  015  010 
 022  035  019  003  000  000  007  015  024  035  028  025  026  019  009  002 
 026  025  010  000  000  004  011  018  021  026  022  020  009  000  000  000 
 011  005  001  000  002  007  010  011  006  012  021  013  000  000  000  002 
 001  000  000  004  009  008  008  006  000  011  020  002  000  000  004  009 
 001  002  007  017  015  006  005  007  009  010  014  000  000  000  008  010 
 007  015  020  019  006  000  004  012  017  012  009  001  002  002  013  007 

Celda10

 004  000  000  003  000  000  006  010  000  000  000  000  020  014  000  000 
 000  001  004  006  006  006  006  006  000  000  000  000  039  005  000  000 
 000  004  007  014  012  004  000  000  000  000  000  018  043  004  000  000 
 004  006  007  012  004  000  000  000  000  000  000  038  032  000  000  016 
 014  014  004  006  004  000  000  000  000  000  000  048  028  000  000  030 
 023  022  016  003  004  000  000  000  000  000  000  050  016  000  000  038 
 024  020  020  016  009  000  000  000  000  000  011  036  000  000  000  041 
 018  008  012  014  006  000  000  000  000  000  007  015  000  000  017  043 
 010  000  000  004  001  000  000  001  000  000  000  000  000  010  043  045 
 002  000  000  000  000  000  000  000  000  000  000  000  006  042  053  029 
 000  000  000  000  000  000  000  000  000  000  000  000  024  063  042  005 
 000  000  001  000  000  000  000  000  000  000  000  004  046  064  021  000 
 003  004  002  001  000  000  000  000  004  008  007  016  058  052  009  008 
 009  008  000  000  000  000  000  000  000  004  006  025  055  038  012  024 
 009  008  000  000  000  000  000  000  000  000  000  031  050  033  022  036 
 002  003  000  000  000  000  000  000  000  000  001  045  054  044  042  042 

Celda11

 022  046  022  013  020  029  021  012  005  015  012  002  002  010  017  012 
 036  050  018  004  010  019  008  003  000  016  010  001  006  018  022  022 
 059  053  013  000  000  015  006  000  000  018  018  013  014  017  010  015 
 068  046  009  000  000  018  014  002  006  028  033  028  020  012  008  010 
 063  041  011  010  011  033  025  010  017  036  037  027  016  013  011  013 
 059  043  014  018  027  035  012  004  023  032  026  019  009  014  013  016 
 051  036  011  020  035  021  004  012  031  025  016  021  021  018  018  013 
 042  030  012  030  031  020  014  026  035  020  015  027  027  014  014  011 
 032  024  024  039  023  018  020  022  021  010  014  025  018  000  000  000 
 013  022  036  041  011  006  015  012  006  013  016  017  008  000  000  000 
 008  029  045  028  005  000  002  006  001  012  022  014  004  000  001  004 
 025  051  041  014  002  002  000  002  005  006  020  015  004  003  004  001 
 046  055  030  009  007  012  015  014  016  007  006  018  012  007  006  000 
 051  042  019  016  026  030  029  023  020  014  001  017  022  011  003  000 
 042  027  016  023  032  028  022  017  018  022  020  017  025  013  000  000 
 032  023  024  030  028  016  011  013  015  022  025  016  017  012  000  000 

Celda12

 008  006  000  000  000  000  000  012  004  006  012  020  022  016  016  022 
 009  002  000  000  000  000  002  016  009  002  005  010  017  021  027  035 
 013  001  000  000  006  008  008  017  009  000  000  000  005  020  034  039 
 018  014  001  000  001  009  013  019  013  006  004  002  013  029  032  025 
 020  024  012  000  000  004  013  019  019  014  016  014  026  034  018  002 
 013  017  014  006  000  004  011  016  018  015  016  018  029  028  003  000 
 005  002  006  007  004  007  010  012  014  010  008  011  020  013  000  000 
 004  000  002  007  008  010  008  010  013  008  004  008  008  000  000  000 
 000  002  004  009  014  016  009  002  011  012  006  001  000  000  000  000 
 000  002  004  010  022  029  026  014  000  012  011  001  000  000  000  010 
 004  003  005  012  034  036  032  024  009  004  008  000  000  000  006  041 
 003  006  012  020  035  024  015  014  010  001  000  000  000  000  028  041 
 000  006  015  024  025  003  000  000  004  000  000  000  000  017  030  023 
 000  000  002  013  010  000  000  000  000  000  000  000  011  032  025  006 
 000  000  002  008  006  000  000  000  002  002  000  000  023  032  020  014 
 000  000  000  010  015  002  000  006  008  006  002  000  026  037  017  012 

Celda13

 021  015  004  000  000  010  022  011  011  021  024  023  019  008  003  000 
 030  014  000  000  000  019  018  010  019  029  023  015  009  002  000  000 
 028  014  002  000  015  022  011  010  024  027  018  014  011  002  000  002 
 011  006  007  014  028  016  006  013  021  014  009  017  016  010  007  010 
 000  000  006  018  021  008  004  008  011  002  008  022  010  004  006  008 
 000  000  005  014  010  006  004  000  005  000  012  030  011  000  000  002 
 000  006  015  009  002  000  000  000  002  004  019  026  007  000  000  000 
 002  026  021  013  005  000  000  008  014  022  033  028  004  000  000  007 
 020  034  020  016  013  008  012  017  015  025  034  023  011  006  004  013 
 039  035  014  007  008  011  017  016  013  023  027  012  006  002  000  010 
 047  032  011  006  006  008  007  005  007  015  014  002  000  000  000  007 
 026  019  016  020  023  020  012  002  004  010  010  000  000  000  000  001 
 014  020  017  014  022  024  023  018  006  000  008  004  000  000  000  000 
 010  024  026  009  000  008  016  022  019  009  002  008  000  000  000  000 
 010  014  022  016  006  000  000  004  010  019  026  028  015  006  000  000 
 015  007  006  016  016  009  000  000  000  005  024  020  014  008  004  001 

Celda14

 000  005  002  006  005  005  009  008  007  006  016  010  002  003  003  000 
 000  010  009  003  008  009  012  008  006  002  012  009  000  001  003  000 
 004  009  010  003  005  011  012  006  005  005  014  012  002  000  000  000 
 012  009  005  006  009  008  008  006  005  006  014  005  000  000  000  000 
 006  005  008  010  006  004  005  002  003  000  004  000  000  000  010  006 
 006  006  010  004  000  002  011  002  000  000  000  000  000  008  018  006 
 010  012  005  000  000  000  016  007  000  000  000  000  000  020  017  004 
 010  012  004  000  002  008  023  008  000  000  000  000  010  028  017  010 
 012  006  004  005  012  025  030  012  009  008  010  016  032  034  021  016 
 008  000  004  009  018  025  020  008  005  010  022  035  037  026  014  012 
 008  000  002  007  015  018  002  000  000  001  030  034  022  011  003  010 
 008  000  000  006  016  014  000  000  000  019  036  017  012  012  014  018 
 006  006  004  014  020  003  000  000  007  048  036  010  014  022  027  023 
 009  014  015  020  013  000  000  014  048  060  029  010  014  025  024  023 
 020  028  017  008  004  000  016  039  059  046  020  016  019  020  013  014 
 026  027  004  000  002  012  041  050  041  023  012  013  015  011  006  006 

Celda15

 000  000  015  015  000  000  004  017  018  014  004  001  000  024  057  000 
 000  009  018  007  000  000  004  013  008  006  001  000  000  034  069  004 
 001  011  004  000  000  000  006  010  002  000  000  000  000  044  080  000 
 005  003  000  000  000  006  012  012  000  000  000  000  000  047  082  000 
 000  000  000  000  005  016  025  023  008  004  002  006  018  059  084  003 
 000  000  000  012  021  023  028  022  007  008  014  028  034  062  080  009 
 000  005  014  025  021  016  021  014  004  013  030  033  025  046  068  008 
 014  017  026  028  017  016  025  021  014  025  032  015  004  031  062  004 
 018  019  023  023  019  024  031  025  017  019  012  002  000  032  064  002 
 016  017  015  015  018  021  017  005  000  002  000  000  000  033  064  000 
 019  017  008  006  011  008  000  000  000  000  000  000  000  036  064  000 
 025  017  004  002  012  007  000  000  000  000  000  000  001  037  066  000 
 027  018  008  011  022  011  003  002  000  000  000  000  001  037  070  000 
 024  017  012  023  026  009  000  000  000  000  000  000  001  036  073  001 
 015  012  013  019  009  000  000  000  000  002  007  012  009  037  074  000 
 007  008  007  004  000  000  000  000  002  006  010  013  008  032  072  000 

Celda16

 001  002  002  002  000  005  007  016  028  021  016  012  010  010  007  004 
 000  000  000  000  000  013  018  020  025  014  012  012  016  020  018  014 
 000  000  000  000  005  017  015  011  016  005  006  010  024  027  025  022 
 000  000  000  006  014  015  008  009  015  002  004  006  019  015  010  013 
 000  000  000  000  008  003  006  012  015  000  002  002  010  006  000  001 
 000  000  000  000  006  001  006  012  012  002  000  000  005  005  000  001 
 001  002  001  000  008  002  002  006  010  007  000  000  002  003  000  003 
 002  004  008  010  017  006  000  000  011  011  007  004  001  000  000  012 
 000  000  000  000  008  000  000  000  014  014  010  006  000  000  000  018 
 000  000  000  000  006  000  000  000  018  019  012  004  000  000  003  013 
 000  000  000  000  003  000  000  000  016  022  016  002  003  010  009  011 
 000  000  000  000  001  002  000  000  005  022  018  003  008  020  018  014 
 000  000  000  000  004  009  006  004  000  016  018  008  014  024  022  018 
 000  000  000  000  005  008  007  000  000  010  021  016  026  032  025  015 
 003  006  008  000  000  002  006  000  000  006  026  023  023  026  017  010 
 000  000  000  000  000  000  000  001  000  008  026  022  020  024  016  008 

Celda17

 015  026  021  009  000  002  017  019  018  016  015  015  016  014  009  000 
 019  022  005  000  002  021  032  019  016  014  016  018  019  012  000  000 
 016  013  000  004  015  031  025  009  010  013  015  014  014  014  008  000 
 014  018  020  024  023  016  006  000  006  012  011  008  010  018  022  019 
 010  028  034  024  014  002  000  000  000  002  004  004  004  004  006  011 
 015  024  013  000  000  000  000  000  000  003  000  000  000  000  000  000 
 020  014  000  000  000  000  000  000  000  004  002  000  000  000  000  000 
 018  001  000  000  000  000  000  000  000  000  000  000  000  000  000  000 
 016  000  000  000  000  002  005  008  004  000  000  000  000  001  008  004 
 010  000  000  000  000  004  008  008  004  001  001  001  000  000  000  000 
 010  004  004  002  002  002  000  000  000  000  000  000  000  000  000  000 
 017  011  013  010  005  000  000  000  000  000  000  000  000  000  000  000 
 016  007  010  008  000  000  000  000  000  000  000  000  000  000  000  000 
 015  006  000  000  000  000  000  000  000  000  000  000  000  000  000  000 
 012  005  000  000  000  000  000  000  000  000  000  004  000  000  000  000 
 007  000  000  000  000  000  000  000  000  000  000  001  000  000  000  000 

Celda18

 000  000  000  000  000  000  000  000  000  000  018  055  058  054  049  038 
 000  000  000  000  000  000  000  000  000  004  028  050  051  047  035  023 
 000  000  000  000  000  000  000  000  000  006  032  041  039  035  022  012 
 011  000  000  000  000  000  000  000  000  014  037  035  029  034  028  020 
 010  000  000  000  000  000  000  000  000  024  036  025  024  039  044  033 
 000  000  000  000  000  000  000  000  000  034  036  020  025  048  051  027 
 000  000  000  000  000  000  000  000  007  044  046  027  024  044  041  012 
 000  000  000  000  000  000  000  004  038  066  062  035  026  045  038  009 
 000  000  000  000  000  000  004  031  065  077  067  040  035  055  048  022 
 000  000  000  000  000  004  026  062  073  069  059  038  036  055  053  032 
 000  000  000  000  006  020  054  074  061  051  044  027  024  040  045  029 
 000  000  000  000  011  037  066  069  048  043  036  017  011  022  030  017 
 000  000  000  000  021  039  055  050  038  041  031  008  002  015  026  018 
 000  000  000  012  032  036  038  033  033  036  020  000  000  014  022  018 
 000  000  000  025  042  046  045  039  040  035  012  000  004  015  020  016 
 000  000  000  036  054  064  060  043  038  030  003  000  006  013  016  015 

Celda19

 028  027  031  028  017  006  006  011  008  012  015  010  000  008  000  000 
 020  026  032  024  009  004  006  010  004  002  000  000  000  006  000  000 
 014  025  032  025  010  000  002  014  006  000  000  000  000  004  002  000 
 021  027  028  024  015  010  000  010  008  000  000  000  003  000  000  000 
 024  022  018  020  016  011  010  000  005  000  000  004  008  002  000  002 
 011  013  013  018  019  003  012  012  003  000  000  000  000  000  000  002 
 004  014  018  016  016  005  004  010  006  000  000  000  000  000  000  000 
 005  019  018  009  009  006  000  000  000  000  000  000  000  000  000  000 
 016  020  011  004  005  006  003  000  000  000  000  000  000  006  000  002 
 024  017  000  000  006  009  004  000  000  000  002  009  010  012  007  008 
 019  012  001  000  006  010  002  000  000  000  002  011  012  011  014  013 
 004  002  000  000  002  007  000  000  000  000  000  000  000  008  017  009 
 000  002  004  000  000  005  000  000  000  000  000  000  000  013  015  003 
 001  000  000  000  000  002  000  000  000  000  000  004  006  006  006  000 
 002  000  000  000  000  000  000  000  000  000  000  006  005  001  004  000 
 000  000  000  000  000  000  000  001  002  000  000  005  000  000  003  002 

Celda20

 000  000  000  008  022  012  000  000  002  004  005  006  025  036  021  008 
 000  000  000  004  021  015  002  000  000  000  003  012  025  024  018  012 
 000  000  000  000  012  014  004  000  000  000  000  017  024  015  006  009 
 000  002  003  000  000  012  005  000  000  000  015  031  025  015  005  001 
 002  006  008  006  004  008  000  000  000  012  034  032  014  012  014  012 
 008  002  010  016  016  010  000  000  000  033  046  018  004  000  008  012 
 010  008  006  010  009  002  000  000  018  066  047  007  002  006  004  006 
 010  012  001  004  002  000  000  000  054  079  042  018  010  007  009  013 
 011  012  000  006  005  000  000  026  080  074  031  019  018  014  020  023 
 015  015  009  010  009  006  016  068  087  054  016  012  012  011  016  016 
 014  015  009  002  000  010  039  085  072  029  008  008  008  005  004  004 
 004  006  000  000  000  008  050  066  040  007  002  002  004  004  000  000 
 000  000  000  000  000  020  039  033  015  000  000  000  000  000  003  008 
 000  000  000  000  010  035  031  016  010  000  000  000  000  002  014  024 
 000  000  000  000  024  045  032  013  006  000  000  000  006  024  023  016 
 000  000  000  006  035  045  025  006  008  006  010  014  027  038  013  000 

Celda21

 007  011  006  009  023  015  000  000  000  008  006  000  000  000  000  004 
 009  000  008  012  027  016  000  002  002  002  000  000  000  000  000  000 
 015  009  000  009  014  008  000  000  000  000  000  000  000  000  000  000 
 012  014  010  007  004  000  000  000  002  008  008  025  027  016  002  004 
 002  006  010  008  000  000  000  000  009  028  025  020  028  028  022  012 
 008  002  004  002  000  000  000  000  014  036  037  012  011  025  032  028 
 016  020  014  000  000  000  000  007  020  026  036  024  006  008  020  026 
 018  020  012  002  000  004  032  049  031  020  027  026  013  004  000  006 
 016  008  004  006  020  050  078  060  036  026  043  039  019  003  000  000 
 004  000  010  030  063  085  077  046  040  037  043  035  020  013  010  010 
 002  002  021  055  070  058  039  030  035  037  029  025  016  014  018  020 
 006  016  031  041  030  013  010  014  024  031  032  029  023  020  022  020 
 021  026  022  018  009  004  008  008  010  018  025  028  028  029  025  014 
 034  032  027  022  004  001  014  013  006  001  003  013  023  026  022  012 
 020  022  026  021  007  002  020  019  002  000  000  012  023  012  010  008 
 008  012  014  006  000  002  023  016  002  004  012  023  016  000  000  004 

Celda22

 022  023  000  000  006  036  049  031  015  007  002  000  001  001  003  007 
 011  016  000  000  013  042  033  008  000  000  000  000  002  004  005  012 
 008  010  004  005  023  031  021  002  000  000  000  000  005  010  012  008 
 012  015  020  027  028  015  005  000  001  002  000  000  009  014  011  005 
 012  015  019  022  014  001  000  000  004  011  006  016  029  028  017  006 
 016  015  018  015  005  000  000  010  023  027  019  023  029  022  010  006 
 024  021  018  008  004  004  012  027  035  028  019  018  013  006  000  000 
 015  020  020  014  009  012  019  022  019  013  014  018  015  008  003  004 
 009  017  015  012  010  009  014  014  010  006  006  014  018  014  012  012 
 015  010  006  007  009  015  026  023  010  004  006  010  010  000  000  000 
 014  002  000  007  018  036  047  034  017  000  003  010  010  004  000  000 
 012  004  007  019  028  040  040  020  012  002  000  009  008  009  010  006 
 006  006  015  022  022  022  012  000  000  000  000  008  012  025  020  010 
 009  012  012  008  012  014  004  000  000  000  000  009  020  023  006  000 
 014  019  012  000  009  010  000  000  000  003  015  025  028  016  003  000 
 012  016  015  010  011  007  000  000  002  023  032  029  024  015  010  010 

Celda23

 010  007  002  000  000  000  000  000  004  005  006  004  005  035  075  004 
 010  005  001  000  000  000  000  000  004  004  004  006  010  044  078  011 
 000  000  000  006  004  000  000  000  007  009  008  015  019  047  073  011 
 000  000  006  010  010  006  005  006  011  012  009  014  015  037  061  005 
 003  011  016  008  006  008  010  010  013  012  008  008  005  028  055  002 
 004  007  004  000  002  007  010  010  013  010  005  002  002  030  058  000 
 000  001  003  001  006  012  014  015  013  008  004  002  002  030  058  000 
 006  004  005  017  020  020  024  026  018  008  005  013  016  038  060  003 
 014  012  007  024  026  019  024  024  017  009  012  029  027  043  063  013 
 000  000  000  018  018  005  001  002  006  012  019  031  024  038  059  016 
 000  000  000  011  014  006  001  000  000  003  007  016  014  028  047  008 
 002  000  000  001  005  001  000  002  004  000  000  012  017  026  038  000 
 004  000  000  000  000  000  000  000  006  005  004  012  016  030  042  000 
 000  000  000  000  000  006  013  012  002  002  010  014  011  030  048  000 
 006  010  011  010  009  012  010  013  016  016  019  019  007  026  052  000 
 010  012  017  020  016  008  000  003  016  026  028  026  010  025  054  002 

Celda24

 000  000  000  000  002  000  000  002  003  006  018  021  020  022  016  012 
 000  000  000  000  008  005  008  013  007  000  009  021  022  018  015  014 
 000  000  000  000  006  010  006  005  004  004  002  018  024  017  010  010 
 000  000  000  000  000  008  012  009  002  008  008  011  023  020  006  004 
 001  001  000  002  008  019  021  012  004  004  008  002  019  022  006  002 
 001  002  003  008  031  038  028  013  006  011  007  004  012  022  009  004 
 001  002  002  002  032  033  022  022  022  024  013  008  005  024  016  011 
 002  003  002  000  030  030  025  028  029  027  022  018  010  025  026  015 
 002  006  012  013  031  031  018  005  008  014  019  025  022  027  027  007 
 002  007  019  026  029  019  012  001  004  012  006  016  024  018  014  002 
 001  003  009  016  019  005  000  000  018  024  012  000  009  010  000  000 
 000  000  000  003  009  007  000  000  026  033  014  001  000  000  000  000 
 000  000  000  000  002  000  006  010  025  031  018  004  000  000  000  000 
 000  000  000  000  000  000  000  008  008  020  024  012  000  002  000  000 
 000  000  000  000  000  000  000  006  001  006  027  023  003  000  000  000 
 000  000  000  000  000  000  014  012  010  002  021  028  009  000  000  000 

Celda25

 006  000  000  000  000  000  000  000  000  000  000  000  000  000  000  000 
 007  000  000  000  000  000  008  010  004  000  000  000  000  000  000  000 
 008  000  000  000  000  005  016  020  022  024  021  011  000  000  000  000 
 006  000  000  000  006  017  014  012  014  016  012  005  000  000  000  000 
 004  000  000  000  011  015  002  000  000  000  000  000  000  000  000  000 
 004  000  000  002  009  010  000  000  000  000  000  000  000  000  000  000 
 007  002  001  000  004  002  000  000  000  000  000  000  000  000  000  000 
 006  003  002  000  000  000  000  000  000  000  000  000  000  000  000  000 
 000  000  000  000  000  000  000  000  000  000  000  000  000  000  000  006 
 000  000  000  000  000  000  000  000  000  000  000  000  000  000  006  039 
 000  000  000  000  000  001  000  000  000  000  000  000  000  004  021  064 
 000  000  003  000  000  004  004  004  004  000  000  000  002  009  034  073 
 002  000  000  002  001  000  001  002  001  000  000  000  000  009  037  067 
 003  011  008  000  002  000  000  000  000  000  000  000  000  012  043  064 
 009  010  016  012  000  000  000  000  000  000  000  000  003  024  061  069 
 014  008  010  014  011  003  000  000  000  000  000  004  013  040  072  065 

Celda26

 000  000  014  049  064  077  059  027  020  019  000  000  002  008  010  013 
 000  004  033  053  071  080  048  010  005  016  002  000  000  003  004  010 
 000  007  039  049  070  073  036  006  004  013  004  002  004  004  000  002 
 000  023  040  048  068  063  029  007  010  015  009  006  007  005  004  003 
 008  025  033  048  064  054  030  013  008  007  006  001  000  000  000  000 
 015  028  032  045  055  045  028  010  004  000  000  000  000  000  000  000 
 022  033  032  044  054  040  020  001  002  002  000  000  000  000  000  006 
 033  048  037  032  050  045  020  003  000  000  000  000  000  000  000  006 
 057  068  040  023  042  047  020  004  003  000  000  000  000  000  000  001 
 085  082  041  019  035  044  021  005  000  000  000  000  000  000  000  000 
 097  077  031  018  022  034  024  008  000  000  000  000  000  000  000  004 
 086  051  016  006  002  024  028  012  000  000  000  000  000  000  000  000 
 061  020  000  000  000  020  031  016  000  000  006  008  002  000  000  002 
 043  011  000  000  000  020  036  022  002  000  000  000  000  000  000  003 
 037  002  000  000  000  018  040  024  001  000  000  000  000  000  000  002 
 031  006  005  004  001  014  040  022  000  000  000  001  000  000  006  009 

Celda27

 003  000  000  000  000  008  013  009  002  002  012  012  004  000  002  000 
 008  000  000  000  006  018  020  014  002  004  017  008  002  000  000  000 
 006  000  000  000  000  010  008  006  002  004  018  001  000  000  000  000 
 000  000  000  000  000  010  006  000  000  000  012  000  000  000  000  000 
 000  000  000  001  000  002  002  000  000  000  004  002  000  000  000  000 
 002  001  000  000  000  000  000  000  000  000  000  000  000  000  000  018 
 010  000  000  000  000  000  000  000  000  000  000  000  000  000  010  050 
 010  000  000  000  000  000  000  000  000  000  000  000  000  002  048  073 
 002  000  000  000  000  000  000  000  000  000  000  000  002  040  077  071 
 000  000  004  000  000  000  000  000  000  000  000  013  043  075  084  063 
 004  000  004  002  000  000  000  000  000  003  016  044  069  080  071  051 
 001  000  000  002  000  000  000  000  000  000  012  047  067  068  051  031 
 000  000  000  000  000  000  000  000  000  004  029  059  068  055  032  013 
 004  000  000  000  000  000  000  000  000  024  058  071  059  032  012  004 
 007  000  000  000  000  000  000  000  006  053  068  053  028  016  008  000 
 010  002  000  000  000  000  000  008  043  076  064  036  020  016  016  011 

Celda28

 000  000  000  014  043  043  018  004  010  012  019  030  035  031  006  002 
 000  000  010  039  054  047  024  014  020  022  019  024  022  021  012  011 
 000  007  041  050  050  046  032  025  026  024  016  012  015  016  014  016 
 007  038  050  036  032  038  035  026  019  016  010  008  014  012  012  016 
 027  053  048  031  032  043  041  023  009  009  007  006  007  002  004  016 
 050  065  057  045  045  049  040  019  012  009  002  000  002  000  001  009 
 071  071  059  045  039  035  024  011  010  008  000  000  002  003  004  005 
 070  060  046  033  025  016  005  000  000  000  000  000  001  005  004  004 
 053  044  036  028  018  006  000  000  000  000  000  000  000  006  006  005 
 046  041  034  025  014  000  000  000  000  000  000  000  000  006  005  005 
 042  037  027  018  008  000  000  000  000  000  000  002  003  002  000  002 
 023  018  016  013  004  000  000  000  000  006  002  000  001  000  000  000 
 013  014  012  010  007  004  000  000  000  012  008  000  000  000  000  000 
 004  010  009  008  012  010  000  000  000  012  006  000  000  000  000  000 
 000  007  008  005  012  012  000  000  005  010  000  000  000  000  000  000 
 012  015  020  019  019  015  007  008  014  007  001  000  000  000  000  000 

Celda29

 001  006  013  010  001  008  019  012  007  017  027  025  005  000  000  000 
 015  018  016  014  014  018  016  015  022  026  028  024  016  005  000  000 
 024  024  022  025  028  024  019  025  032  029  030  024  018  014  008  002 
 022  012  010  015  022  019  014  019  025  024  020  004  000  002  006  003 
 012  006  001  004  012  010  000  008  021  021  008  000  000  000  000  000 
 000  000  000  001  013  012  000  001  016  016  001  000  000  000  000  000 
 000  000  000  000  012  014  000  000  008  010  000  000  000  000  000  000 
 000  000  000  000  007  008  000  000  004  004  000  000  000  000  000  005 
 000  000  000  000  002  001  000  004  006  002  000  000  000  000  000  012 
 000  000  000  000  000  000  000  008  010  004  000  000  000  000  006  020 
 001  000  000  000  000  000  000  004  012  008  000  000  000  000  016  020 
 000  000  000  001  004  004  000  000  007  006  000  000  000  006  016  010 
 000  000  000  002  002  003  004  002  000  000  000  000  006  014  012  000 
 000  000  000  001  002  001  001  000  000  000  000  002  008  015  012  000 
 000  001  000  000  000  001  000  000  000  000  000  000  002  016  018  002 
 003  005  002  000  000  001  000  000  000  006  005  000  000  015  021  011 

Celda30

 006  008  010  014  019  016  011  010  014  025  019  012  014  016  017  015 
 001  000  000  002  015  010  006  006  010  005  004  014  018  014  010  006 
 000  000  000  002  011  000  000  000  002  000  000  015  022  018  010  000 
 000  000  000  012  017  002  000  000  001  000  000  012  018  016  012  000 
 000  002  004  021  025  014  015  006  000  000  000  005  010  011  014  008 
 000  001  003  018  023  008  012  009  002  002  003  000  002  006  013  012 
 000  000  000  014  018  000  000  006  007  004  001  000  000  000  006  007 
 005  000  000  011  012  000  000  002  009  006  000  000  000  002  000  000 
 014  000  000  007  007  000  000  000  000  002  000  001  002  004  005  002 
 016  002  000  004  003  000  000  000  000  000  000  001  000  001  004  006 
 010  004  004  004  000  000  000  000  000  000  002  002  002  001  002  002 
 002  007  010  006  000  000  008  010  004  000  000  001  000  000  000  000 
 000  009  014  010  008  008  009  004  000  000  000  000  000  000  000  000 
 000  007  016  017  015  010  002  000  000  000  000  000  000  000  004  000 
 000  004  018  024  021  002  000  000  000  000  000  000  000  000  007  005 
 012  027  040  042  027  006  002  000  002  002  000  000  000  010  016  013 

Celda31

 012  010  010  012  015  016  011  013  024  025  024  022  018  042  072  020 
 004  000  000  000  007  014  020  022  030  025  017  016  016  045  066  017 
 000  000  002  002  007  004  004  012  025  019  007  004  000  027  045  000 
 000  000  004  005  007  006  000  010  016  005  000  000  000  024  048  000 
 000  000  004  008  004  000  002  013  016  002  000  000  000  024  056  000 
 000  000  006  013  002  000  000  008  012  002  000  000  000  026  065  000 
 004  004  011  016  002  000  000  000  008  008  000  000  000  027  066  000 
 001  006  010  012  004  000  000  000  008  014  008  000  004  029  061  000 
 000  000  002  005  004  000  000  002  010  014  014  008  000  021  057  000 
 004  002  000  000  000  002  006  014  016  012  011  008  000  019  056  000 
 000  000  000  000  000  000  012  021  018  009  005  006  000  021  058  000 
 000  000  000  000  000  003  015  019  015  006  002  004  002  028  063  003 
 000  000  000  000  008  025  031  027  019  013  010  006  002  039  079  013 
 000  002  010  023  040  044  036  030  027  026  019  014  009  049  083  010 
 002  012  024  043  052  044  031  025  021  017  008  005  004  047  078  003 
 009  016  030  042  038  023  015  014  009  004  002  003  004  042  072  000 

Celda32

 001  002  004  004  002  013  021  011  015  018  013  021  015  000  004  004 
 004  008  013  010  008  020  019  009  016  026  022  008  016  008  004  006 
 002  004  004  004  004  015  012  011  021  024  025  012  006  016  000  000 
 000  000  000  000  000  010  012  017  021  012  014  011  000  018  006  000 
 000  000  000  000  002  013  022  024  014  000  002  007  004  010  010  000 
 000  000  003  008  021  029  031  022  006  000  002  012  016  004  005  000 
 002  004  007  010  032  035  026  011  000  000  004  012  016  008  000  000 
 001  002  003  004  032  029  014  007  001  000  000  000  004  002  000  000 
 000  001  005  009  031  018  003  005  004  000  000  000  000  000  000  000 
 001  004  012  018  023  007  002  000  000  000  000  000  000  000  000  001 
 001  004  009  010  003  000  003  000  000  000  000  000  000  000  000  000 
 001  002  000  000  000  000  002  000  000  000  000  000  000  000  002  000 
 001  002  000  000  000  000  000  000  000  000  006  006  004  004  000  000 
 001  002  000  000  000  000  000  000  002  000  000  000  000  000  000  000 
 000  000  000  000  000  000  000  006  011  000  000  000  000  000  000  000 
 000  000  000  000  000  000  000  005  011  000  000  000  000  000  000  000 

Celda33

 010  010  002  008  008  002  000  000  000  000  000  017  019  043  066  052 
 001  011  002  002  002  000  000  000  000  000  023  033  018  039  060  044 
 000  008  007  000  000  000  000  000  000  005  056  044  023  037  058  037 
 000  003  006  000  000  000  000  000  000  015  060  030  018  035  051  023 
 000  000  000  000  000  000  000  000  000  020  046  014  000  026  032  012 
 000  000  000  000  000  000  000  000  000  020  038  016  012  026  021  008 
 000  000  000  000  000  000  000  000  001  030  037  016  024  039  026  012 
 000  000  000  000  000  000  000  001  025  052  053  039  052  055  026  009 
 000  000  000  000  000  000  002  039  051  058  054  043  052  041  008  002 
 000  000  000  000  000  000  046  072  053  048  043  031  032  014  000  002 
 000  000  000  000  000  022  082  074  036  035  032  017  015  002  000  006 
 000  000  000  000  014  060  095  061  022  028  025  010  012  009  012  010 
 000  000  000  000  031  076  085  044  016  018  017  010  017  016  014  012 
 000  000  000  017  046  066  062  024  012  019  024  015  017  012  004  005 
 000  000  020  051  052  057  050  016  016  037  039  022  015  013  005  004 
 000  007  057  075  057  059  055  025  024  049  043  030  024  022  013  008 

Celda34

 023  008  012  017  018  015  031  014  000  000  000  008  008  003  007  006 
 016  002  006  015  020  015  020  008  000  000  004  017  018  004  000  000 
 005  000  000  000  008  009  008  008  003  008  017  025  015  000  000  000 
 000  000  000  000  000  008  007  010  002  006  018  020  004  000  000  000 
 000  000  000  008  008  014  014  010  005  009  016  008  000  000  000  000 
 000  005  011  019  007  008  012  013  012  009  003  000  000  000  000  000 
 007  012  016  010  000  000  005  013  012  002  000  000  000  000  000  000 
 009  007  006  000  000  000  017  014  008  002  000  000  000  000  000  000 
 008  000  000  000  000  000  024  024  004  006  001  000  000  000  000  000 
 007  000  000  000  000  000  026  031  000  000  000  000  000  000  000  004 
 006  000  002  003  006  010  032  028  000  000  000  000  000  000  010  032 
 005  003  008  013  016  012  014  016  000  000  000  000  000  000  036  068 
 006  004  008  012  014  004  000  008  000  000  000  000  000  023  063  077 
 004  002  004  006  004  000  000  002  000  000  000  000  004  044  067  065 
 000  000  006  002  000  000  000  000  000  000  000  000  028  058  065  056 
 004  002  006  000  000  000  000  000  000  000  000  010  048  072  067  049 

Celda35

 001  000  000  006  010  004  008  030  071  084  066  045  036  036  038  033 
 000  000  000  002  013  016  022  056  076  076  064  049  037  035  038  032 
 000  000  002  012  004  018  041  067  068  061  053  038  022  021  025  017 
 000  000  004  020  000  016  052  063  055  048  041  025  012  013  018  010 
 000  000  008  024  019  032  052  049  040  037  029  014  008  014  016  007 
 000  000  019  039  042  047  049  041  035  032  023  013  013  015  007  000 
 000  016  043  060  061  053  045  042  038  030  022  015  011  004  000  000 
 008  037  058  071  068  052  039  035  027  017  011  002  000  000  000  000 
 021  045  057  067  062  043  026  015  006  004  002  000  000  000  000  000 
 034  049  053  062  053  026  008  000  000  004  003  000  000  000  003  008 
 058  054  047  057  046  008  000  000  000  008  012  011  018  024  030  026 
 072  046  035  054  045  000  000  000  004  014  031  030  020  022  023  013 
 061  030  032  057  041  002  005  016  023  026  036  021  004  006  005  000 
 046  027  039  060  043  009  010  017  021  018  018  009  000  004  005  004 
 041  029  036  049  037  010  006  010  008  008  004  005  004  002  002  006 
 031  020  025  036  030  008  006  004  002  003  005  012  008  000  000  000 

Celda36

 029  026  034  035  030  025  017  012  010  003  005  009  008  005  004  006 
 022  022  031  033  024  020  016  010  002  000  000  000  000  001  000  000 
 005  009  020  020  010  008  010  007  000  000  000  000  000  001  000  000 
 002  001  008  008  002  000  000  000  000  000  000  000  001  003  000  000 
 002  005  004  001  000  000  000  000  000  000  000  000  002  008  001  001 
 002  006  000  000  000  000  000  000  000  003  002  000  005  021  019  017 
 003  003  000  000  000  000  000  000  008  015  019  020  031  042  031  026 
 000  000  000  001  001  000  007  012  010  011  020  030  037  042  035  035 
 000  000  002  012  018  016  019  016  008  007  024  028  030  039  043  041 
 010  012  016  031  030  020  016  014  014  020  040  036  028  036  044  035 
 018  021  023  026  019  005  002  006  020  037  047  035  021  024  034  025 
 008  016  017  008  010  002  000  010  027  034  027  012  004  013  025  019 
 000  017  008  003  005  004  000  014  026  017  000  000  005  014  022  015 
 005  015  000  000  003  009  005  018  023  012  000  000  008  021  021  008 
 005  003  000  000  005  014  014  021  021  006  000  000  011  020  018  003 
 000  000  000  000  015  024  020  023  019  004  000  006  006  012  014  004 

Celda37

 007  009  008  008  007  004  000  000  005  012  015  015  015  024  028  030 
 003  007  006  008  009  008  005  006  009  014  015  019  020  024  028  034 
 008  012  009  010  012  013  013  014  016  013  011  016  020  021  022  025 
 016  026  019  016  018  018  016  014  014  008  006  014  022  018  011  015 
 024  032  014  007  013  012  012  011  008  003  003  020  019  012  007  012 
 031  029  008  004  011  008  014  014  008  004  005  021  013  008  011  015 
 037  033  015  016  021  010  015  017  014  012  012  020  009  004  006  007 
 042  036  024  022  017  005  006  008  012  015  014  012  000  000  000  000 
 035  025  016  012  004  000  000  001  004  006  006  000  000  000  000  001 
 020  012  008  008  005  001  000  000  000  000  000  000  000  000  000  001 
 014  010  006  008  008  006  002  000  000  000  000  000  000  000  000  000 
 008  008  004  005  007  006  004  003  004  002  000  001  004  005  004  005 
 004  005  005  002  000  000  000  002  004  003  000  002  006  008  008  006 
 000  002  003  000  000  000  000  000  000  000  000  005  009  010  010  003 
 000  000  000  000  000  000  000  000  000  000  004  010  015  011  006  001 
 000  000  000  000  000  000  000  000  000  000  000  011  018  012  007  007 

Celda38

 034  041  041  031  015  006  008  008  007  008  004  000  002  013  026  025 
 036  030  016  005  004  002  004  002  000  005  009  012  014  025  032  028 
 024  012  000  000  007  002  000  000  000  006  000  014  024  030  025  020 
 018  009  000  002  009  003  000  000  000  006  006  008  016  015  015  022 
 012  003  000  004  007  002  000  000  000  005  016  012  005  007  021  033 
 008  000  000  002  002  000  000  000  000  006  021  016  006  019  035  028 
 000  000  000  000  000  002  005  000  004  017  029  021  011  022  026  003 
 000  000  003  007  008  012  015  011  020  038  041  026  007  012  017  000 
 000  000  000  005  008  006  010  017  035  045  034  016  005  000  012  008 
 002  000  004  002  000  000  008  017  024  020  002  000  000  000  004  014 
 000  000  004  004  000  000  008  019  022  016  004  000  000  003  004  013 
 005  000  000  004  001  008  011  011  014  014  011  006  004  006  010  014 
 004  003  000  004  016  022  022  016  010  013  016  010  012  012  008  008 
 000  000  001  006  025  020  007  006  004  017  025  015  010  006  000  002 
 000  000  008  016  023  012  003  000  000  022  030  012  002  000  000  005 
 010  012  012  016  016  004  001  001  006  022  026  006  002  000  000  002 

Celda39

 020  021  027  031  021  008  010  014  009  008  010  013  013  042  070  000 
 025  022  022  026  023  019  026  026  018  018  019  023  026  046  072  005 
 020  024  025  026  024  025  032  027  020  016  020  026  028  041  067  010 
 029  030  027  016  007  017  028  019  017  017  022  022  016  028  057  011 
 033  025  020  014  005  021  032  018  019  023  021  012  006  023  052  011 
 012  008  009  016  019  031  033  016  010  011  009  007  006  026  051  010 
 000  008  006  012  020  024  019  010  002  000  000  002  005  024  045  003 
 000  010  012  002  004  001  004  007  002  000  002  000  000  018  041  000 
 005  014  016  003  000  000  003  006  000  000  000  002  000  015  042  000 
 015  016  013  000  000  000  003  004  000  000  001  001  000  014  046  000 
 020  014  007  000  000  000  000  000  000  000  006  000  000  018  050  000 
 020  010  000  000  000  000  000  000  000  004  009  000  000  022  056  000 
 020  011  002  000  000  000  000  000  000  004  008  000  000  026  061  000 
 016  007  000  002  002  000  004  006  001  000  005  002  000  028  063  000 
 010  004  000  000  002  000  002  006  004  000  003  006  000  028  063  000 
 002  005  012  009  006  005  004  004  006  004  000  006  002  030  064  000 

Celda40

 000  000  000  000  000  000  000  000  004  001  000  000  000  000  000  000 
 000  000  000  000  000  000  000  000  000  003  000  000  000  000  000  000 
 000  000  000  000  000  002  018  017  019  013  004  002  004  000  000  000 
 000  000  000  000  008  026  036  022  014  006  002  005  004  000  000  008 
 000  000  002  007  018  026  020  004  000  000  000  000  000  000  000  039 
 001  002  003  003  010  006  000  000  000  000  000  000  000  003  022  067 
 001  002  002  000  004  000  000  000  000  000  000  000  000  018  056  075 
 000  000  002  002  000  000  000  000  002  000  000  000  004  047  072  060 
 000  000  000  000  000  000  000  000  011  000  000  001  036  068  061  029 
 000  000  000  000  000  000  000  004  019  002  000  019  065  068  034  002 
 000  000  000  000  000  000  007  027  027  012  012  039  064  040  010  000 
 000  000  000  000  000  000  018  032  022  015  016  034  034  022  008  000 
 000  000  000  000  000  006  020  024  012  012  012  019  016  014  010  007 
 000  000  000  000  004  013  017  019  007  010  014  012  004  010  011  007 
 000  000  000  000  019  015  012  018  008  008  014  008  000  005  008  004 
 000  000  000  004  033  016  008  014  014  010  002  000  000  000  006  003 

Celda41

 000  013  077  073  047  057  059  033  030  047  040  029  026  015  006  005 
 000  044  081  053  031  049  053  030  026  031  025  011  009  002  000  001 
 014  074  075  036  022  039  037  012  008  002  010  000  000  002  004  005 
 061  084  057  023  020  035  026  002  000  000  006  000  001  004  006  004 
 082  065  028  011  021  037  027  004  002  000  006  008  002  000  000  000 
 073  034  008  004  024  037  021  000  000  000  003  008  000  000  000  000 
 054  014  007  003  028  035  012  000  000  000  000  006  000  000  000  000 
 030  012  008  006  029  029  000  000  000  000  000  006  002  000  000  000 
 013  007  004  002  022  020  000  000  000  000  000  010  012  000  002  003 
 000  000  000  000  018  013  000  000  000  000  000  011  020  003  004  006 
 000  000  000  000  014  013  000  000  000  000  000  006  020  016  001  002 
 000  000  000  000  014  017  000  001  000  000  004  004  011  022  004  000 
 000  000  000  000  018  022  000  000  000  000  005  003  000  022  010  000 
 000  000  000  000  029  026  000  000  000  000  011  004  002  017  012  000 
 000  000  000  000  038  025  000  000  004  012  013  006  004  006  010  000 
 000  000  000  000  036  018  000  000  000  004  000  000  000  000  004  000 

Celda42

 006  004  000  000  000  000  000  003  000  000  000  028  063  078  059  028 
 006  004  000  000  000  000  000  004  000  000  000  042  077  071  034  000 
 003  000  000  000  000  000  000  000  000  000  004  067  088  059  022  000 
 000  000  000  000  000  000  000  000  000  010  035  087  087  045  012  000 
 000  000  000  000  000  000  000  000  005  020  048  083  069  025  002  000 
 000  000  000  000  000  000  000  000  013  015  037  062  044  008  000  000 
 000  000  000  000  000  000  000  000  013  014  030  046  030  006  006  020 
 000  000  000  000  002  006  007  000  008  020  038  044  026  011  017  033 
 003  002  002  003  004  006  008  004  004  030  052  045  021  014  021  031 
 002  000  002  000  000  000  000  000  006  043  058  040  015  014  026  026 
 000  000  000  000  000  000  000  000  017  056  056  032  014  020  034  026 
 000  000  000  000  000  000  000  004  037  060  044  024  021  033  040  030 
 000  000  000  000  000  000  000  002  038  046  031  028  035  038  033  027 
 000  000  000  000  002  000  000  000  034  038  035  042  040  025  014  018 
 000  000  000  000  010  000  000  000  035  044  045  041  023  012  012  024 
 000  000  000  002  014  000  000  000  034  049  044  026  012  010  014  026 

Celda43

 009  016  029  034  027  005  003  002  004  002  004  012  002  000  000  000 
 000  019  036  032  022  010  000  000  002  000  001  004  000  000  000  000 
 000  026  042  026  015  012  000  000  002  000  002  000  000  000  005  014 
 000  032  043  021  010  012  004  000  001  003  004  000  000  002  016  016 
 006  038  038  012  006  014  008  000  001  004  006  001  003  008  012  006 
 024  048  028  000  004  020  013  000  000  004  006  006  002  000  000  006 
 045  050  018  000  002  027  020  002  001  006  007  004  000  000  000  004 
 045  038  012  009  005  026  028  005  007  009  012  006  005  006  006  000 
 028  021  011  012  014  025  031  010  004  002  010  009  012  018  021  016 
 015  018  019  012  014  018  025  012  004  006  015  012  007  006  004  006 
 016  025  023  008  008  002  017  018  010  015  016  007  000  000  000  000 
 024  025  012  000  001  004  012  022  017  010  006  000  000  000  000  000 
 025  018  006  002  004  010  016  018  020  005  000  000  000  000  000  000 
 024  019  013  013  009  007  009  007  015  008  000  000  000  000  000  004 
 030  026  017  011  003  000  002  000  006  010  000  000  000  000  000  008 
 036  023  007  002  000  000  002  000  000  007  000  000  000  000  000  007 

Celda44

 000  000  000  012  026  027  020  022  016  008  006  009  000  004  012  006 
 000  002  003  015  025  022  015  016  010  004  010  011  005  003  011  004 
 011  006  000  014  024  018  007  007  008  004  007  006  008  009  009  000 
 012  010  006  018  029  016  000  001  008  009  006  000  000  002  000  000 
 003  010  014  018  019  010  000  000  005  010  004  000  002  006  002  000 
 005  002  006  000  006  006  000  000  000  006  000  000  005  014  009  000 
 012  004  000  000  000  002  000  000  000  001  000  000  009  020  014  000 
 010  004  000  000  000  000  000  000  000  001  000  000  012  017  010  000 
 005  001  001  007  008  004  000  000  000  001  000  002  010  008  002  000 
 005  002  002  006  006  004  000  000  000  000  000  002  008  002  000  004 
 000  000  000  000  000  000  000  000  000  000  000  000  006  008  008  011 
 000  000  000  000  000  000  000  000  000  000  000  002  008  014  019  016 
 004  000  000  000  000  000  000  000  005  006  006  010  010  014  022  020 
 010  000  000  000  000  000  000  000  009  015  022  032  033  030  031  031 
 013  000  000  000  000  000  000  009  029  039  043  043  037  030  033  042 
 012  000  000  000  000  000  010  033  046  047  041  030  018  013  023  038 

Celda45

 000  000  000  000  000  000  000  000  000  000  000  016  016  010  013  016 
 000  000  000  000  000  000  000  000  000  000  006  022  022  002  008  012 
 000  000  000  000  000  000  000  000  000  000  010  020  021  010  000  000 
 000  000  000  000  000  000  000  004  006  007  014  012  012  012  007  000 
 000  000  000  000  000  000  000  015  016  015  021  013  002  008  012  000 
 000  000  000  000  000  010  034  033  022  022  028  019  017  016  017  001 
 000  000  000  000  016  038  035  022  019  027  030  021  020  020  014  005 
 000  000  000  015  027  017  006  007  017  024  024  016  009  009  006  005 
 000  000  003  012  009  000  004  016  019  014  009  005  000  000  000  004 
 005  002  002  006  006  002  011  024  017  005  000  000  000  003  005  008 
 010  003  002  012  020  017  015  015  013  006  000  000  000  011  018  013 
 007  000  002  011  014  004  000  004  010  010  002  000  000  016  020  006 
 008  002  000  006  013  005  000  002  008  008  004  000  004  014  014  002 
 026  018  020  012  007  006  000  002  005  004  003  008  013  010  006  000 
 042  037  038  037  025  015  010  010  016  024  032  036  027  011  002  000 
 038  030  024  030  026  014  005  005  019  036  037  021  006  000  000  003 

Celda46

 018  017  014  013  016  012  010  005  008  022  022  002  000  000  000  000 
 011  011  013  012  017  016  016  016  014  022  020  000  000  000  004  002 
 000  000  004  006  006  008  006  012  011  009  013  000  000  001  008  000 
 000  000  002  000  000  008  004  000  000  000  005  000  000  008  008  000 
 000  000  008  000  000  005  008  005  001  002  000  000  000  012  010  000 
 000  000  013  011  010  009  012  016  013  014  009  002  000  008  012  009 
 002  002  023  026  018  017  018  021  014  010  012  011  006  002  013  018 
 006  008  027  028  016  012  010  009  004  002  008  011  010  009  022  022 
 006  008  028  030  016  009  006  001  002  000  002  004  008  016  021  006 
 010  009  029  028  011  002  001  002  004  003  000  001  004  011  000  000 
 016  011  019  018  004  000  000  000  004  001  000  000  002  000  000  000 
 008  002  005  014  007  000  000  000  002  000  000  000  000  000  000  000 
 000  000  000  010  012  002  000  000  000  000  000  000  000  000  000  012 
 000  000  000  004  013  004  000  002  000  000  000  000  000  004  015  017 
 000  000  008  011  016  005  000  002  000  001  002  000  002  019  021  003 
 005  006  008  006  001  000  000  002  002  000  010  017  022  031  018  002 

Celda47

 000  008  018  010  000  006  006  002  004  008  006  000  001  033  066  000 
 003  004  012  011  008  000  000  000  000  004  008  004  000  034  066  000 
 000  000  000  010  015  005  000  000  000  000  000  000  000  032  068  000 
 000  000  000  006  015  006  000  000  000  000  000  000  000  030  072  000 
 004  011  015  012  008  004  000  000  000  000  000  000  000  030  076  000 
 011  012  016  016  010  003  000  000  000  000  000  000  000  033  079  001 
 019  009  002  000  000  000  000  000  000  000  000  000  000  039  083  000 
 013  000  000  000  000  000  000  000  000  000  000  000  004  046  088  000 
 004  000  000  000  000  000  000  000  000  000  000  012  017  057  090  001 
 000  000  000  000  000  000  000  000  000  003  020  042  038  060  086  003 
 000  000  000  000  006  011  014  017  023  026  036  042  024  042  075  000 
 000  000  000  002  024  034  029  023  024  021  019  021  005  034  076  003 
 017  016  018  018  031  032  024  013  014  009  004  009  002  036  079  003 
 014  010  013  020  030  027  018  006  004  002  001  008  000  037  080  000 
 000  002  012  026  027  018  007  000  000  000  000  007  000  038  080  000 
 002  002  012  017  008  000  000  000  000  000  002  006  000  039  082  000 

Celda48

 000  000  000  002  041  021  017  013  017  010  000  000  003  004  002  004 
 000  000  000  004  036  010  010  008  016  014  006  014  020  025  023  017 
 001  001  000  000  036  010  000  000  013  014  001  004  014  022  026  022 
 002  004  006  000  025  012  004  008  014  009  002  001  006  009  008  010 
 004  009  014  007  012  014  013  012  009  002  000  006  015  012  000  000 
 004  008  012  010  018  028  023  011  001  000  000  006  021  019  000  000 
 001  002  004  006  028  035  017  004  000  000  000  006  023  026  000  001 
 000  000  000  002  033  033  012  008  006  006  004  006  021  026  003  000 
 000  000  000  000  026  022  007  015  018  018  018  013  019  020  006  000 
 000  001  004  002  019  026  016  017  018  019  021  020  016  013  007  000 
 002  005  012  015  020  027  026  016  006  010  015  016  012  008  005  000 
 002  005  011  016  025  037  031  014  000  002  006  007  006  002  000  000 
 000  002  005  009  026  036  024  011  002  002  000  000  000  000  000  000 
 002  004  010  016  035  036  017  009  006  004  002  000  000  004  010  012 
 003  006  013  016  030  026  009  006  003  001  000  000  005  015  020  014 
 001  002  004  002  010  013  000  001  000  000  000  000  003  010  007  003 

Celda49

 003  000  000  002  023  005  000  000  000  000  000  000  000  000  000  000 
 008  005  010  024  034  013  006  012  012  007  008  011  014  013  007  000 
 016  016  020  037  043  035  034  035  027  023  025  028  026  020  014  006 
 014  018  018  028  036  027  032  028  020  018  023  026  022  016  014  012 
 005  012  011  018  035  016  018  012  004  001  009  007  007  008  008  008 
 011  005  004  015  037  009  005  002  000  000  007  002  002  006  002  000 
 012  000  000  014  032  000  000  000  002  000  004  008  000  000  000  000 
 007  000  000  018  028  000  000  000  004  006  000  006  000  000  000  000 
 002  000  000  019  025  000  000  002  006  010  010  000  000  000  000  000 
 000  000  002  022  026  005  010  010  010  014  016  017  016  012  006  006 
 000  001  006  022  028  011  010  006  005  008  012  016  019  016  010  006 
 001  004  004  014  024  007  000  000  000  000  004  006  007  010  008  000 
 001  002  004  014  022  008  000  000  000  001  000  000  000  000  000  000 
 008  004  010  016  018  009  002  005  002  000  000  000  000  000  000  000 
 009  008  018  020  020  017  008  004  000  000  000  000  000  000  000  000 
 003  005  014  013  017  015  000  000  000  000  000  000  000  000  000  000 

Celda50

 000  000  000  006  018  000  002  008  039  049  040  018  007  016  020  025 
 000  000  000  006  020  000  002  023  048  048  034  011  002  018  028  028 
 002  006  009  009  018  000  002  040  048  036  031  015  008  020  028  028 
 008  004  006  007  010  000  024  059  037  013  024  026  025  032  030  014 
 003  000  000  000  005  020  061  067  020  003  025  037  033  030  017  000 
 000  000  000  000  008  037  070  045  015  010  034  044  032  018  008  006 
 000  000  000  000  018  046  052  012  000  013  038  035  024  009  000  006 
 000  000  000  002  030  055  038  004  000  016  026  019  020  010  000  000 
 000  000  000  015  041  046  026  000  010  023  014  012  015  009  002  000 
 006  005  011  044  038  026  024  008  014  018  011  016  012  005  008  005 
 008  014  025  058  020  000  024  030  016  004  004  016  010  004  014  014 
 000  007  036  046  009  000  020  048  021  000  000  014  012  008  016  019 
 000  000  030  016  000  000  012  050  026  000  002  017  024  023  020  012 
 000  008  026  000  000  000  008  038  032  015  024  038  045  034  016  000 
 000  014  016  000  000  000  015  031  042  040  032  039  042  019  004  000 
 000  016  002  000  000  012  028  039  056  047  024  023  018  000  000  000 

Celda51

 034  027  005  000  000  000  002  000  000  000  000  000  000  000  000  005 
 027  021  007  000  000  000  000  000  000  000  000  000  000  000  000  003 
 016  007  008  006  000  000  000  000  000  000  000  000  000  000  003  000 
 001  000  011  016  005  000  000  000  000  000  000  000  000  000  000  000 
 000  000  016  014  004  000  000  000  000  000  000  000  000  002  000  000 
 002  006  016  003  000  000  000  000  000  000  000  000  000  008  000  008 
 011  009  011  000  000  000  000  000  000  000  000  000  000  009  010  034 
 006  002  000  000  000  000  000  000  000  000  004  011  009  011  025  044 
 000  000  000  000  000  000  001  004  004  005  008  016  022  024  032  038 
 000  000  000  000  000  003  009  006  006  004  006  019  030  030  021  023 
 000  010  016  010  002  000  004  000  000  001  010  020  025  022  012  008 
 004  012  019  008  000  000  006  000  000  008  020  022  015  010  008  000 
 007  000  000  000  000  000  014  001  006  024  026  020  011  008  010  008 
 000  002  000  000  000  000  021  016  020  024  020  016  008  006  010  010 
 000  000  000  000  000  008  038  033  020  017  021  017  002  000  002  000 
 000  000  000  000  004  038  051  030  016  024  031  014  001  000  000  001 

Celda52

 006  000  000  000  000  005  027  049  050  044  033  015  006  014  023  036 
 000  000  000  000  001  022  044  051  040  032  023  012  006  021  036  041 
 000  000  000  004  020  038  047  037  017  012  010  006  012  034  045  040 
 000  000  015  026  028  035  033  013  000  002  010  005  016  032  036  026 
 002  021  039  030  016  022  022  006  000  000  007  019  018  018  019  016 
 030  036  030  012  000  016  018  005  002  000  000  027  030  011  010  012 
 046  030  014  000  000  012  016  008  008  004  002  020  034  014  006  008 
 039  022  016  012  008  017  024  018  014  010  014  008  022  016  008  012 
 026  020  026  023  021  022  029  021  013  010  014  014  005  008  012  020 
 024  024  030  018  020  020  028  017  006  003  004  010  012  010  019  026 
 028  027  023  008  009  014  021  008  001  000  000  002  013  019  032  036 
 030  032  018  006  000  006  005  000  000  001  002  012  018  017  025  029 
 027  032  017  006  001  002  000  000  004  008  008  016  017  005  005  013 
 014  030  018  008  004  001  000  001  008  012  006  005  008  000  000  004 
 000  025  022  010  011  010  012  012  008  007  004  000  004  004  002  000 
 000  020  024  013  016  020  014  010  007  000  000  000  002  010  008  002 

Celda53

 031  018  015  016  022  014  002  002  017  028  013  000  000  000  002  000 
 030  017  017  010  014  013  007  007  016  022  008  000  000  000  009  001 
 024  013  011  000  000  002  008  011  014  008  002  000  000  006  008  000 
 012  008  006  000  000  000  000  005  004  000  000  000  004  008  006  000 
 004  002  004  000  000  000  000  000  000  000  000  000  006  016  012  000 
 000  000  002  000  000  000  005  002  000  000  000  000  006  024  015  000 
 000  000  000  000  000  002  012  008  000  002  005  003  005  025  011  000 
 005  000  000  000  000  000  014  016  008  008  012  014  008  017  007  000 
 010  000  000  002  004  000  011  024  014  006  000  005  005  004  006  000 
 013  002  004  003  002  000  004  024  016  004  000  000  000  000  001  000 
 021  008  002  000  000  002  004  014  014  000  000  006  004  004  000  000 
 010  002  000  000  004  006  006  005  011  001  002  017  005  002  000  000 
 000  000  000  002  006  006  003  003  014  012  009  008  000  000  000  000 
 000  000  000  005  001  000  000  000  012  010  000  000  000  000  000  000 
 000  004  013  004  000  000  000  000  012  010  000  000  006  000  012  018 
 006  008  004  000  000  000  000  000  009  004  000  000  021  024  020  027 

Celda54

 003  002  000  000  000  000  002  004  006  007  010  014  021  025  015  010 
 000  000  000  000  000  008  016  019  017  009  001  000  008  008  002  000 
 000  000  000  000  001  019  032  023  007  000  000  000  007  002  000  000 
 002  006  005  007  012  019  021  014  000  000  000  001  007  000  000  000 
 000  001  003  007  010  002  010  016  003  000  000  000  010  000  000  004 
 000  000  000  002  006  000  000  018  009  000  000  000  017  005  004  022 
 000  002  002  007  002  000  000  020  012  000  000  000  020  016  008  024 
 000  004  009  008  000  000  000  021  015  001  004  006  016  019  012  016 
 000  006  015  007  000  000  008  026  018  003  007  011  016  013  010  014 
 000  008  022  008  000  000  006  017  010  000  000  000  004  004  002  012 
 000  010  025  008  000  000  003  008  003  000  000  000  008  002  000  008 
 000  003  018  007  000  006  012  006  000  000  000  004  009  002  000  004 
 000  000  008  004  000  010  019  008  000  000  008  015  011  000  000  000 
 000  007  014  006  000  010  021  012  002  005  014  019  017  014  008  002 
 020  032  028  017  007  006  021  016  004  000  008  013  017  018  017  013 
 029  029  017  008  006  004  020  018  005  000  008  020  017  006  006  002 

Celda55

 010  005  006  011  002  000  000  000  000  000  010  011  006  041  082  000 
 003  004  000  006  000  000  000  000  000  012  028  026  022  055  090  010 
 000  000  007  011  004  000  000  004  008  027  037  028  018  051  086  015 
 000  001  011  011  011  012  011  014  020  034  034  019  006  037  074  007 
 014  012  004  004  006  015  021  026  028  026  022  012  002  032  070  001 
 026  015  004  005  008  012  018  025  020  012  013  010  000  030  070  000 
 015  009  008  014  013  010  014  008  001  000  012  004  000  030  074  000 
 004  000  007  013  004  002  006  000  000  001  016  002  000  032  080  000 
 006  000  000  007  002  000  002  000  000  010  023  006  006  037  086  003 
 008  000  006  016  012  012  003  000  000  020  028  008  010  040  085  004 
 008  004  015  022  010  010  004  000  000  026  025  000  000  028  076  000 
 010  012  018  019  004  000  000  000  000  029  025  000  000  028  074  000 
 012  012  013  017  009  000  000  002  001  028  022  000  002  035  076  002 
 012  006  006  016  014  008  000  000  000  032  025  005  008  038  076  006 
 016  004  007  019  016  009  000  000  005  041  030  008  003  030  071  003 
 007  006  016  024  019  012  004  006  023  050  024  002  000  030  071  000 

Celda56

 000  000  000  000  002  013  007  000  000  000  000  000  004  010  003  000 
 001  002  004  002  000  012  008  000  000  000  000  000  000  010  004  000 
 000  000  000  000  000  010  004  000  000  000  000  000  000  006  002  000 
 000  000  000  000  000  010  006  000  000  001  002  004  002  000  000  000 
 000  000  000  000  000  013  012  000  000  008  011  013  008  000  000  000 
 000  000  000  000  000  012  016  004  004  014  012  008  007  000  000  009 
 000  000  000  000  000  008  013  006  014  021  009  000  002  008  012  022 
 000  000  000  000  000  003  007  008  022  026  008  000  000  010  019  020 
 001  002  002  000  000  000  002  008  025  027  008  000  000  011  018  014 
 003  006  007  002  000  000  002  009  024  026  006  000  004  022  014  012 
 002  004  005  004  000  000  002  014  025  022  002  000  015  024  008  008 
 000  002  006  010  008  000  002  020  025  012  000  008  023  016  002  000 
 000  002  008  014  014  012  014  033  020  000  000  022  026  010  004  000 
 004  011  026  038  043  048  061  070  044  030  026  057  048  024  026  035 
 008  020  043  060  069  076  092  089  074  073  076  096  079  060  066  073 
 000  000  000  000  000  000  012  006  000  000  001  020  013  001  008  016 

Celda57

 000  002  006  008  015  008  000  000  000  000  000  000  000  000  000  002 
 000  006  001  004  017  008  000  000  000  000  000  000  000  000  000  008 
 002  010  000  000  014  010  000  006  011  005  000  000  000  000  000  011 
 004  012  002  000  009  010  000  006  012  013  010  003  000  000  006  034 
 008  012  005  001  004  008  004  005  010  010  006  002  004  014  026  045 
 015  010  006  002  002  008  012  006  006  002  000  004  014  021  030  034 
 015  005  004  002  002  010  014  000  000  000  007  019  024  021  022  014 
 011  004  000  000  002  010  014  000  000  000  012  017  012  008  005  000 
 010  008  003  000  003  008  009  000  000  003  006  002  000  000  000  000 
 010  010  011  010  012  016  011  004  003  003  000  000  000  000  000  000 
 006  004  010  019  024  028  020  014  009  005  000  000  000  000  000  000 
 001  000  008  012  016  021  012  008  006  006  004  000  000  000  000  002 
 002  002  007  002  002  008  000  000  000  000  001  000  000  002  004  008 
 034  036  026  017  018  026  016  017  021  026  026  024  032  046  053  050 
 063  062  058  055  058  063  052  054  057  059  062  068  078  089  093  094 
 005  000  000  000  004  009  000  000  002  001  000  000  000  005  000  000 

Celda58

 020  023  006  007  026  042  044  043  048  035  010  008  006  000  000  000 
 034  021  014  023  051  051  037  022  018  024  008  000  000  000  000  000 
 030  015  016  036  060  041  018  000  002  020  010  000  000  000  000  010 
 029  010  012  039  055  026  010  000  000  018  012  000  000  000  000  016 
 020  004  000  026  033  009  006  010  008  024  020  006  004  004  003  026 
 010  000  000  021  030  016  000  018  024  030  021  004  002  004  012  042 
 000  000  000  014  028  024  005  009  015  004  005  000  000  004  030  057 
 000  000  002  008  026  026  015  000  000  000  000  004  000  019  047  057 
 000  003  021  033  035  022  013  000  000  000  000  020  019  035  046  040 
 008  029  043  041  030  019  004  000  000  000  004  029  029  027  023  020 
 021  052  044  026  016  008  000  000  000  004  023  035  025  020  018  020 
 033  040  012  002  000  000  000  003  018  034  045  040  015  004  016  025 
 028  018  000  000  000  000  006  022  039  054  048  036  022  002  010  030 
 055  030  018  024  036  046  064  077  087  082  071  066  064  062  054  070 
 093  081  078  084  087  097  111  113  107  095  090  089  094  103  106  112 
 000  000  000  005  005  009  017  015  007  000  000  000  000  000  000  009 

Celda59

 000  000  001  009  030  054  045  017  010  026  028  010  004  000  002  012 
 000  000  008  025  037  042  027  008  004  020  019  005  010  009  010  016 
 002  012  025  031  025  017  010  002  007  019  018  002  010  014  014  016 
 024  033  037  027  009  010  014  008  009  013  013  004  002  010  012  015 
 045  047  035  024  010  002  019  018  007  003  004  003  004  000  006  015 
 056  049  031  026  026  018  015  017  008  002  000  000  007  006  004  014 
 058  044  029  023  028  022  004  008  015  010  004  008  004  004  007  015 
 046  032  022  008  010  013  010  000  016  022  011  008  006  000  004  017 
 030  023  014  000  000  008  018  017  007  022  016  000  000  000  004  014 
 022  019  009  001  002  006  012  018  014  008  013  002  000  004  008  008 
 025  022  008  000  000  000  001  008  016  008  000  004  010  012  006  001 
 026  023  012  000  000  000  000  000  000  003  002  000  009  012  007  003 
 029  023  010  000  000  000  000  000  000  000  002  000  000  006  006  009 
 070  062  042  030  024  024  026  030  030  038  042  044  036  028  029  037 
 113  103  083  080  079  078  078  083  086  093  086  091  095  096  096  103 
 023  021  003  000  000  000  001  000  000  006  000  000  000  000  001  011 

Celda60

 016  013  020  018  018  020  012  001  001  003  000  000  003  010  009  000 
 024  015  010  022  018  012  010  008  003  000  000  000  000  005  004  002 
 019  020  010  018  019  008  006  010  008  000  000  000  000  000  002  006 
 015  024  022  012  016  010  007  008  004  000  000  000  000  000  007  015 
 022  026  029  020  018  011  006  003  000  000  000  000  006  010  020  025 
 024  016  022  021  013  006  000  000  000  000  004  010  012  010  006  012 
 018  004  006  010  006  000  000  000  000  004  012  009  000  000  000  006 
 019  006  000  000  000  000  000  000  000  000  010  009  000  000  000  000 
 016  004  000  000  000  002  000  000  000  000  002  006  000  000  000  000 
 007  000  000  000  000  003  000  000  000  000  000  004  000  000  000  000 
 000  000  000  000  000  000  004  000  000  000  000  004  000  000  000  000 
 000  000  000  000  000  000  008  010  000  001  000  000  000  000  000  008 
 006  000  000  000  003  004  010  012  000  000  000  000  002  002  009  015 
 043  043  050  058  061  062  062  058  044  044  051  056  063  069  071  070 
 110  107  101  102  102  102  104  101  098  098  104  109  117  121  120  115 
 021  015  003  000  000  000  001  000  000  000  000  001  006  009  008  002 

Celda61

 000  000  000  000  000  000  000  005  009  000  000  010  032  026  014  019 
 000  000  000  002  004  008  008  010  008  000  000  010  030  024  000  006 
 006  004  014  017  009  008  009  008  006  003  006  006  023  026  006  000 
 015  013  017  010  004  004  006  007  007  006  008  006  012  020  008  000 
 015  007  010  006  000  000  000  000  000  000  000  000  002  011  007  000 
 010  006  007  006  000  000  000  000  002  000  000  000  000  002  006  000 
 014  012  008  005  000  000  000  000  008  002  007  013  009  004  002  001 
 015  018  012  009  000  000  000  000  016  019  021  017  012  006  000  005 
 008  020  019  014  003  000  000  000  022  028  019  008  005  002  000  004 
 000  012  020  019  008  000  000  002  026  036  018  000  000  004  004  000 
 004  000  014  024  016  000  000  006  035  041  012  000  000  000  001  000 
 011  018  023  032  025  009  013  026  043  029  000  000  000  000  000  000 
 022  030  037  037  025  012  016  024  017  009  000  000  002  001  000  006 
 074  079  076  068  056  052  057  049  034  026  030  036  036  041  043  050 
 113  114  106  096  095  093  098  084  082  084  094  092  091  095  096  090 
 002  012  011  000  000  000  008  000  000  003  009  000  000  006  009  000 

Celda62

 018  010  002  000  005  008  023  026  016  012  020  033  022  002  000  000 
 004  002  000  000  006  011  023  026  015  010  025  034  016  000  000  000 
 000  000  008  012  016  019  019  014  010  007  017  018  000  000  000  000 
 000  006  010  018  025  025  016  005  008  010  015  012  000  000  000  000 
 000  015  018  014  018  014  011  008  013  012  012  010  000  000  000  006 
 000  014  026  016  006  001  004  008  013  010  012  010  001  002  009  021 
 000  012  025  019  008  000  000  001  006  003  009  013  006  008  008  010 
 002  012  021  014  002  000  000  004  005  002  007  011  000  000  000  000 
 006  008  018  009  000  000  003  009  009  004  004  008  000  000  000  000 
 000  006  021  012  000  000  004  012  012  008  004  004  000  000  006  012 
 000  003  024  019  000  000  002  010  014  015  018  013  008  008  014  012 
 000  002  024  022  000  000  005  009  016  029  034  025  022  017  014  006 
 008  012  029  015  000  000  006  007  015  032  037  024  022  018  010  004 
 052  055  066  045  033  032  054  052  058  076  074  050  040  041  038  036 
 094  096  102  086  086  092  108  098  100  112  102  075  064  065  068  072 
 000  001  009  000  000  004  018  009  011  024  021  004  000  000  000  000 

Celda63

 008  007  011  015  011  007  004  010  034  044  004  000  000  030  072  000 
 005  008  011  013  009  006  000  002  027  020  000  000  000  030  070  000 
 001  002  011  016  010  004  000  003  017  010  000  000  000  028  068  000 
 003  004  014  016  010  002  000  002  013  010  000  000  000  026  068  000 
 013  014  026  029  024  012  006  000  010  012  001  000  000  028  071  000 
 017  014  025  027  023  016  014  010  010  010  000  000  000  032  074  000 
 000  004  016  016  012  003  007  004  000  006  000  000  000  035  076  000 
 000  002  012  014  018  007  000  000  000  006  002  002  005  041  082  005 
 000  004  010  010  015  007  000  000  000  009  007  004  008  043  082  005 
 013  020  021  008  001  000  000  002  011  012  003  000  000  036  075  001 
 012  016  011  001  000  000  006  021  018  004  000  000  000  035  074  000 
 004  006  000  000  000  000  019  033  012  002  002  001  000  033  076  000 
 001  002  000  000  000  002  026  029  004  003  006  007  004  028  074  000 
 037  036  034  033  036  040  062  056  036  039  040  042  042  059  095  023 
 075  074  072  074  078  082  095  086  072  075  073  074  078  089  115  054 
 001  000  000  000  000  000  013  011  003  005  001  000  000  010  043  000 

