Celda0

 000  000  000  000  000  001  001  000  000  000  000  000  000  000  001  003 
 000  000  000  000  000  002  003  000  000  000  000  000  000  000  004  008 
 000  000  000  000  000  004  010  004  001  000  000  000  002  004  011  017 
 000  000  000  000  000  008  018  010  000  000  000  002  009  012  018  018 
 000  000  000  000  000  015  023  010  000  000  000  008  022  029  027  014 
 000  000  000  000  001  012  015  006  000  000  005  015  021  022  016  006 
 001  002  001  000  002  007  009  004  000  006  010  007  012  023  019  009 
 001  002  005  007  013  010  004  008  013  013  010  006  009  020  021  013 
 001  003  006  008  013  009  009  015  020  019  016  018  018  019  014  011 
 001  002  002  000  005  007  014  021  027  032  032  033  029  015  000  003 
 000  000  000  000  008  018  025  026  030  038  036  026  025  020  007  000 
 000  000  000  000  019  030  028  023  026  032  019  000  002  013  016  007 
 000  000  000  000  032  035  026  023  027  026  002  000  004  012  022  018 
 004  006  006  000  038  030  022  021  019  008  000  002  028  025  021  025 
 004  010  020  012  030  034  023  013  006  002  000  014  031  014  012  027 
 003  010  022  020  006  029  028  016  006  003  008  015  014  006  008  026 

Celda1

 003  000  000  000  003  002  000  002  004  001  000  001  001  003  000  000 
 007  000  000  000  006  004  002  005  008  004  001  000  002  008  000  000 
 011  000  000  000  010  010  006  010  014  013  005  000  002  020  004  000 
 006  000  000  000  007  014  014  011  012  016  009  000  002  029  014  000 
 000  000  000  004  004  017  027  019  005  005  008  003  010  035  019  000 
 000  004  004  000  000  018  026  010  000  000  002  014  024  034  008  000 
 006  006  002  000  000  017  024  008  000  000  000  016  032  026  000  000 
 003  000  000  000  000  012  018  006  000  000  004  014  028  026  000  000 
 002  000  000  002  001  006  014  005  000  000  008  018  021  026  002  000 
 003  002  000  001  005  007  013  002  000  000  008  022  022  024  008  000 
 005  008  002  000  001  006  011  000  000  000  006  024  031  030  005  000 
 004  010  002  000  000  006  012  002  000  000  008  024  032  026  000  000 
 006  010  003  000  004  015  014  004  000  000  006  020  030  026  004  001 
 019  009  006  009  014  013  006  000  002  000  004  022  030  028  010  002 
 032  022  012  013  007  000  002  000  000  000  001  026  032  029  016  004 
 035  030  019  009  000  000  000  001  000  000  000  029  032  028  022  001 

Celda2

 001  000  000  003  006  001  000  000  003  003  000  000  000  000  001  000 
 002  000  000  008  015  003  000  000  006  008  002  000  000  000  003  000 
 001  000  000  019  030  004  000  000  014  016  006  000  000  000  007  000 
 000  000  000  032  034  000  000  009  020  020  008  000  000  000  006  000 
 000  000  010  038  023  000  000  023  030  018  006  000  008  012  003  000 
 000  000  028  037  012  000  004  037  031  012  003  002  007  009  005  000 
 000  008  043  035  006  000  008  036  030  015  013  010  004  000  002  002 
 000  022  048  032  002  000  010  037  033  020  015  009  003  000  000  000 
 002  026  050  026  000  000  015  036  032  018  006  002  002  000  000  000 
 000  022  048  024  000  000  024  033  024  020  010  000  000  000  000  000 
 000  019  046  021  000  004  034  026  013  016  014  000  000  000  000  000 
 000  018  046  020  000  019  033  017  009  013  010  000  000  000  000  000 
 000  015  047  022  008  026  024  012  014  016  005  000  000  000  000  002 
 000  005  046  032  021  020  014  013  014  010  003  000  000  000  000  000 
 004  000  041  041  028  020  016  015  010  008  006  000  000  000  000  000 
 011  008  029  040  028  020  022  016  007  005  005  000  000  000  000  000 

Celda3

 000  000  000  000  000  000  000  000  000  000  002  000  000  000  000  000 
 000  000  000  000  000  000  000  000  000  000  004  000  000  000  000  000 
 000  000  000  000  000  000  002  000  000  000  002  002  000  000  000  000 
 000  000  000  000  000  000  004  000  000  000  000  001  000  000  000  000 
 000  000  000  000  000  000  005  003  012  022  019  004  000  001  000  002 
 000  000  000  000  004  007  005  000  000  002  011  014  008  000  000  000 
 000  000  000  005  012  012  004  000  000  000  000  010  018  012  002  000 
 000  000  000  004  006  000  000  000  000  000  000  000  006  010  005  000 
 000  000  003  002  000  000  000  000  000  000  000  000  000  000  000  000 
 000  000  000  000  000  000  000  000  000  003  000  000  000  000  000  003 
 000  000  000  000  000  000  000  000  000  005  000  000  000  000  001  008 
 000  000  000  002  000  004  002  002  000  004  000  000  000  000  006  010 
 006  004  000  011  001  008  012  010  004  006  007  010  012  010  010  008 
 000  004  006  008  011  008  016  014  008  015  014  008  010  012  008  002 
 000  000  011  009  014  002  008  010  012  019  009  004  006  006  000  000 
 000  000  008  014  012  003  004  010  014  015  006  004  003  000  000  000 

Celda4

 000  000  000  000  000  005  011  007  000  000  000  004  004  000  000  000 
 000  000  000  000  000  012  026  018  000  000  000  010  008  000  000  000 
 000  000  000  000  000  027  054  037  000  000  000  024  016  000  000  000 
 000  000  000  000  000  040  074  044  000  000  000  032  016  000  000  000 
 003  001  000  000  000  046  076  036  000  000  017  040  016  004  005  005 
 002  004  005  002  000  042  068  032  000  000  020  028  010  000  000  000 
 000  000  000  002  006  031  060  044  011  004  016  030  011  000  000  000 
 000  000  000  004  016  028  049  056  013  002  003  028  011  000  000  006 
 000  000  000  006  016  015  031  056  022  000  000  017  014  000  000  009 
 008  008  004  004  006  002  016  051  030  000  000  000  020  017  015  014 
 012  012  011  006  000  000  012  050  031  000  000  000  024  040  026  002 
 009  009  013  010  000  000  012  048  034  000  004  010  021  043  024  000 
 002  000  004  008  002  000  013  042  040  028  028  024  008  034  024  000 
 000  000  009  004  012  014  025  048  059  060  032  028  012  022  028  015 
 000  000  015  004  012  022  021  037  048  047  008  021  022  011  027  030 
 000  000  016  014  006  022  024  025  036  046  018  008  021  006  018  046 

Celda5

 002  004  001  000  000  000  000  001  001  001  001  001  000  000  000  000 
 002  006  004  000  000  000  000  000  002  004  002  002  000  000  000  000 
 000  006  008  004  000  000  000  000  005  009  004  000  000  000  000  000 
 000  000  010  013  000  000  000  000  004  012  001  000  000  000  000  000 
 005  003  004  014  006  000  003  010  009  012  000  000  000  013  008  004 
 000  000  000  004  002  006  003  000  000  000  000  000  005  018  004  000 
 000  000  000  000  000  003  009  004  000  000  000  000  005  018  012  002 
 005  000  004  004  003  000  001  010  008  000  000  000  005  022  033  026 
 010  002  002  000  004  006  000  005  013  000  000  008  023  034  035  018 
 000  000  006  006  006  014  014  002  006  006  006  019  023  018  019  012 
 000  000  018  024  017  017  018  013  003  007  018  024  012  000  006  007 
 000  009  035  032  014  008  008  013  018  024  031  022  002  000  000  005 
 008  030  041  027  003  000  000  010  022  034  028  006  000  000  002  010 
 027  042  037  018  001  000  000  011  026  024  012  000  000  000  010  016 
 042  039  020  008  006  004  005  015  015  004  000  000  000  002  008  010 
 043  020  003  000  002  005  004  006  007  000  000  000  007  028  016  000 

Celda6

 001  000  000  000  000  000  000  000  000  000  000  000  000  000  000  000 
 001  000  000  000  000  000  000  000  000  000  002  002  000  000  000  000 
 000  000  000  000  001  000  000  000  000  002  010  004  000  000  000  000 
 000  000  000  000  005  000  000  000  000  008  014  002  000  000  000  000 
 000  001  003  004  023  025  032  042  040  024  013  000  004  020  034  036 
 000  002  006  010  038  042  043  038  025  006  000  001  016  031  034  022 
 010  012  014  019  045  040  023  008  006  012  020  033  031  020  009  000 
 018  013  014  023  034  018  004  002  016  035  040  029  012  004  008  018 
 004  002  008  023  018  008  008  014  024  032  030  019  012  016  027  036 
 000  000  013  024  015  014  022  019  012  010  016  028  034  031  024  020 
 000  004  022  026  014  012  010  008  004  010  025  034  039  026  010  008 
 004  012  024  021  003  000  000  012  020  030  034  026  018  014  010  012 
 008  012  021  019  004  000  000  030  047  036  019  006  000  006  013  014 
 010  008  011  016  014  006  019  041  045  023  006  000  000  000  007  012 
 011  008  006  018  034  034  022  023  031  014  000  000  000  000  000  008 
 013  016  012  034  045  025  002  004  022  012  000  000  000  000  002  008 

Celda7

 001  001  000  000  001  000  000  000  000  000  000  001  000  007  014  000 
 003  004  000  000  000  000  000  000  000  000  000  001  002  020  035  000 
 009  010  000  000  000  000  000  000  000  000  000  000  010  048  077  000 
 014  014  000  000  002  005  000  000  000  000  000  000  018  072  105  000 
 033  019  007  014  025  026  021  019  020  018  017  013  023  077  112  000 
 011  011  020  029  026  018  013  011  014  020  028  030  023  069  110  000 
 000  015  026  028  023  018  012  008  010  018  027  033  030  075  118  008 
 018  019  022  025  022  016  009  005  008  015  020  027  034  080  119  017 
 034  027  031  024  010  004  007  012  018  022  022  024  029  067  103  016 
 026  031  025  009  002  000  012  027  030  030  030  032  028  050  087  009 
 016  020  016  012  007  010  023  034  027  029  036  038  028  039  080  007 
 013  010  011  014  012  014  023  020  015  024  032  026  019  033  079  012 
 012  008  008  009  008  008  010  012  021  030  015  006  008  036  081  018 
 013  012  010  010  008  001  004  018  037  024  002  002  010  042  073  012 
 012  012  009  008  006  000  004  034  040  012  002  011  016  030  050  000 
 006  002  000  000  000  002  023  043  035  013  010  012  005  007  044  000 

Celda8

 001  004  010  012  000  016  030  022  012  008  010  012  011  014  020  012 
 000  000  000  000  000  002  028  026  020  014  008  009  015  020  016  000 
 000  000  000  000  006  000  018  028  026  016  004  006  020  020  010  004 
 000  000  000  004  016  013  000  024  028  015  000  007  022  017  006  010 
 000  000  000  006  016  018  002  010  026  015  004  012  022  011  003  010 
 000  000  002  008  016  022  018  001  016  020  016  016  015  006  004  010 
 000  000  001  010  018  028  037  028  004  022  026  018  009  006  015  026 
 000  000  004  008  013  020  034  034  016  014  030  021  013  021  031  028 
 003  006  009  006  003  006  016  025  026  012  027  027  021  030  032  014 
 004  008  011  005  002  005  014  028  039  032  024  027  022  025  020  000 
 003  006  008  006  010  015  016  027  040  040  022  014  021  028  019  000 
 000  000  000  000  012  014  007  010  016  024  020  003  011  026  022  000 
 000  000  000  000  014  009  000  000  000  004  012  009  000  020  026  010 
 000  000  000  000  016  010  000  000  006  010  016  017  008  009  024  017 
 001  002  006  008  017  008  006  010  018  022  022  022  018  008  016  018 
 002  004  006  007  016  011  011  010  010  017  018  018  019  014  009  015 

Celda9

 016  020  020  012  001  000  000  004  000  005  000  026  032  028  024  000 
 000  006  012  008  000  000  001  013  009  010  005  022  034  030  018  000 
 000  000  000  000  000  000  017  029  009  004  001  027  049  040  012  000 
 005  000  000  000  004  018  034  024  002  000  000  032  057  035  004  000 
 010  002  000  005  014  021  019  004  000  000  000  035  053  022  000  000 
 012  012  009  008  010  010  004  002  002  004  000  030  052  028  003  006 
 022  015  010  002  005  006  004  002  004  004  000  017  057  045  000  000 
 013  000  004  008  004  000  000  000  002  006  000  005  067  058  000  000 
 000  000  002  013  007  000  000  004  013  017  018  010  070  058  000  000 
 000  000  004  014  004  000  000  019  027  019  025  020  065  054  000  006 
 000  000  006  014  004  004  009  024  014  000  000  006  048  054  002  008 
 000  005  021  029  023  020  017  013  002  000  000  000  042  054  000  000 
 004  017  026  029  025  016  014  004  000  000  000  000  042  052  000  000 
 010  016  021  018  010  000  000  000  000  000  000  000  043  053  000  000 
 010  012  024  022  010  002  000  002  002  003  008  011  053  060  005  002 
 008  005  018  022  014  010  006  004  003  007  014  015  056  065  010  002 

Celda10

 000  010  019  030  025  024  026  018  006  002  000  000  000  000  000  000 
 000  006  013  015  023  028  026  018  008  002  000  000  000  000  000  000 
 000  003  014  008  018  031  027  018  011  002  000  000  000  000  000  000 
 000  012  018  015  015  030  028  018  012  004  001  007  010  007  002  001 
 000  020  031  021  018  027  024  015  013  010  011  014  020  022  016  010 
 000  024  043  018  016  007  018  012  018  021  024  018  014  017  018  015 
 000  028  048  015  007  000  016  018  029  037  027  014  006  006  011  017 
 000  034  054  016  004  000  016  029  036  033  020  008  001  000  004  014 
 000  038  052  020  003  008  015  032  030  028  019  004  000  000  000  005 
 008  044  046  021  002  014  012  024  024  028  022  001  000  000  000  007 
 008  039  039  018  000  010  010  010  018  023  020  002  000  000  000  008 
 000  034  034  012  006  000  002  000  014  020  016  008  005  013  012  008 
 000  038  029  005  004  006  000  006  021  027  016  016  020  010  008  000 
 000  040  029  011  012  015  008  009  017  019  004  009  015  000  000  002 
 002  043  041  030  025  017  006  000  002  014  003  002  012  010  000  013 
 002  051  049  031  014  006  000  000  000  010  006  000  012  022  017  008 

Celda11

 000  003  004  006  004  004  004  008  008  006  002  000  000  000  000  000 
 000  004  006  000  000  004  000  000  000  000  000  000  000  000  000  000 
 000  001  000  000  000  004  000  000  000  000  000  000  000  000  000  002 
 002  002  000  000  000  005  000  000  000  000  000  000  000  000  006  025 
 006  006  010  012  008  002  000  000  000  000  000  000  000  004  028  033 
 012  014  018  019  016  006  000  000  000  000  000  000  006  027  035  024 
 020  022  015  007  001  000  000  000  000  000  004  016  030  033  023  011 
 019  014  000  000  000  000  000  006  010  010  014  026  031  020  009  008 
 000  000  000  000  000  000  015  019  020  020  019  023  019  011  010  014 
 000  000  000  010  011  012  031  020  022  024  021  012  007  004  008  012 
 007  010  014  015  017  018  029  013  017  024  023  014  004  000  000  002 
 017  006  002  002  010  015  015  004  009  016  018  016  008  000  000  004 
 014  006  000  003  010  012  006  001  005  007  006  008  006  002  002  013 
 011  008  004  010  012  012  008  004  002  000  000  000  000  000  010  017 
 017  010  001  004  010  014  011  004  000  000  000  000  000  000  009  006 
 006  002  000  004  015  014  009  002  000  000  000  002  006  006  007  001 

Celda12

 000  004  028  022  006  015  026  017  010  038  038  004  004  002  006  052 
 004  027  038  022  009  006  010  008  000  028  046  021  000  007  006  039 
 023  035  032  012  006  000  001  000  000  018  042  029  000  016  022  011 
 032  028  018  003  000  000  000  000  009  024  030  026  008  012  029  018 
 023  009  002  000  000  002  002  004  015  028  014  010  020  025  016  018 
 007  000  000  000  000  006  013  010  016  021  007  000  022  044  014  012 
 004  000  000  000  000  023  023  016  008  018  009  006  013  046  034  020 
 008  004  004  002  009  037  015  008  000  026  012  020  027  057  058  034 
 011  002  000  001  012  028  000  000  000  042  018  028  050  080  057  016 
 005  000  000  002  006  018  000  000  003  060  032  025  058  080  028  000 
 000  000  005  009  006  007  000  002  018  071  034  015  043  055  013  000 
 000  000  004  009  010  004  000  002  028  075  033  010  023  042  000  006 
 006  002  002  004  002  006  004  002  031  068  027  009  013  039  000  013 
 007  004  000  002  000  001  008  006  024  054  016  000  006  037  005  010 
 000  001  002  000  000  004  000  000  011  044  016  000  010  038  013  000 
 000  000  000  000  000  006  000  000  000  034  014  000  015  040  020  000 

Celda13

 048  013  000  000  000  000  003  004  004  000  000  000  020  026  014  008 
 043  018  000  000  000  000  005  008  000  000  000  000  027  012  006  026 
 026  024  014  006  001  001  000  000  000  000  004  016  026  010  009  028 
 000  022  024  013  007  006  000  000  000  000  010  016  012  010  014  015 
 002  012  026  017  011  010  000  000  000  002  011  006  004  007  009  008 
 018  006  019  018  013  012  002  000  000  011  020  015  013  013  010  003 
 040  030  003  016  016  012  000  000  008  032  035  027  019  016  014  006 
 036  036  016  010  020  009  000  001  024  039  032  016  008  005  003  000 
 006  028  032  008  013  004  003  016  025  024  018  002  000  000  000  000 
 001  000  020  011  000  002  014  030  022  014  012  002  000  000  000  000 
 000  010  000  010  002  000  026  036  018  006  006  001  000  004  006  013 
 000  008  000  001  014  006  024  035  017  006  004  001  002  019  029  014 
 024  010  000  000  003  014  010  024  018  012  010  006  016  027  019  000 
 020  013  000  000  000  005  008  007  015  020  021  013  011  014  010  000 
 002  006  006  002  000  000  006  012  010  020  027  014  007  010  008  002 
 000  005  019  026  020  008  017  027  028  024  018  010  004  010  008  004 

Celda14

 016  022  021  030  028  015  003  004  006  000  000  000  008  006  000  000 
 039  028  012  024  022  014  010  003  000  000  003  020  016  000  000  000 
 032  022  006  010  018  020  016  002  000  000  004  025  021  000  000  000 
 008  014  019  008  002  020  022  008  002  008  008  012  021  010  009  016 
 004  006  016  018  007  013  022  013  014  006  000  000  017  022  008  002 
 004  010  000  004  018  029  022  002  012  014  000  000  010  020  010  000 
 000  006  006  000  014  032  021  008  000  014  008  001  006  012  004  000 
 000  002  009  008  012  018  016  026  022  005  002  002  009  012  000  000 
 000  004  005  008  014  017  014  023  032  020  000  000  014  017  006  010 
 007  005  000  003  012  021  027  012  008  012  011  004  008  020  022  026 
 010  000  000  000  017  022  024  016  000  000  012  016  008  017  031  029 
 004  000  000  008  031  027  010  010  002  000  006  012  018  028  029  025 
 000  003  014  027  036  026  009  003  006  000  000  004  021  032  017  008 
 000  008  022  024  017  016  010  009  007  000  000  005  028  026  017  006 
 000  010  022  010  000  012  013  008  007  002  006  017  022  010  008  019 
 008  014  009  000  000  010  020  002  000  000  013  016  004  005  006  004 

Celda15

 000  000  000  000  000  012  042  039  027  014  006  000  000  001  046  000 
 000  000  000  000  000  033  046  023  009  006  000  000  000  010  060  010 
 000  000  000  000  008  042  034  002  000  000  000  000  000  036  073  015 
 004  000  000  001  017  034  030  006  000  000  000  004  024  052  068  014 
 008  007  011  020  022  020  018  008  000  000  000  024  037  046  061  017 
 001  016  019  025  021  014  004  004  001  000  014  032  029  037  055  012 
 000  010  019  018  015  006  001  000  009  024  032  026  018  033  048  000 
 004  013  012  009  004  000  000  000  016  029  016  005  002  024  046  000 
 021  015  005  008  002  000  000  010  028  015  012  009  000  016  048  000 
 023  014  011  009  006  003  009  032  023  002  003  012  000  019  058  003 
 017  014  012  004  004  014  023  023  000  000  004  002  000  032  076  011 
 014  004  000  000  002  021  025  012  000  000  019  014  006  043  077  003 
 012  009  000  000  014  029  024  024  018  012  021  008  008  035  069  000 
 000  008  010  008  017  020  014  014  022  018  006  000  000  025  064  000 
 014  000  016  018  015  014  013  003  012  019  008  000  000  026  068  000 
 014  016  016  011  012  017  018  012  004  014  019  013  008  046  089  017 

Celda16

 000  000  000  000  012  008  002  005  004  008  014  016  016  010  000  010 
 000  000  000  000  017  010  000  000  012  000  002  006  006  003  000  002 
 001  002  002  000  014  010  000  000  010  008  000  000  000  000  002  000 
 000  000  000  000  004  007  000  000  000  010  001  000  004  008  008  007 
 000  000  002  006  006  002  000  000  002  013  016  012  020  021  019  016 
 001  003  008  013  014  010  010  016  023  029  024  010  014  021  026  023 
 002  004  007  009  011  013  019  022  016  010  001  000  000  010  020  020 
 001  002  004  006  008  012  014  004  000  000  000  000  000  004  011  016 
 002  004  006  006  006  005  000  000  000  000  003  006  008  005  006  009 
 001  001  000  000  000  000  000  000  000  006  005  006  004  000  000  000 
 000  000  000  000  004  000  000  000  002  012  009  006  004  000  000  000 
 000  000  000  000  008  004  000  000  006  023  020  010  008  007  010  014 
 000  000  000  000  008  007  005  006  012  028  022  007  002  004  012  012 
 000  002  008  012  020  023  014  008  007  020  012  000  000  000  000  000 
 000  000  004  009  019  016  003  000  002  016  009  000  000  002  000  000 
 000  000  000  000  004  000  000  000  002  010  008  000  004  003  003  008 

Celda17

 012  006  011  016  019  020  010  000  004  020  023  013  049  060  006  000 
 018  017  006  004  018  026  012  000  019  027  021  002  043  054  000  002 
 018  021  006  000  014  025  017  012  026  001  000  000  048  058  002  004 
 012  014  010  010  014  016  022  018  014  000  000  000  064  063  005  006 
 012  006  009  013  008  013  024  017  000  000  000  000  062  046  000  000 
 012  000  000  006  010  019  026  014  000  000  000  002  062  040  000  000 
 012  006  002  001  012  022  021  012  000  000  000  000  057  034  000  000 
 018  018  016  010  010  018  015  008  000  000  000  000  051  026  000  007 
 012  013  010  002  000  018  016  003  000  000  000  002  042  016  000  019 
 000  002  002  000  000  022  025  013  014  017  014  004  032  007  000  028 
 003  006  005  004  004  029  037  025  016  014  004  000  024  000  000  036 
 013  008  006  010  017  033  031  020  000  000  000  000  022  000  000  046 
 007  004  004  012  016  012  014  019  000  000  000  000  019  000  000  055 
 000  004  008  010  007  000  002  014  000  000  004  019  010  000  008  057 
 000  006  010  010  008  003  000  002  000  000  000  007  000  000  013  046 
 010  008  004  007  013  016  008  000  000  000  000  004  000  000  014  035 

Celda18

 011  058  044  017  000  000  000  010  021  017  006  003  020  033  016  000 
 022  056  030  009  000  000  000  017  021  012  001  010  030  031  003  000 
 027  047  020  006  001  000  000  015  008  002  002  021  031  015  000  000 
 031  041  011  007  005  002  001  012  006  004  014  029  019  004  000  000 
 030  033  007  008  006  000  000  010  008  006  016  020  004  000  000  000 
 026  024  004  008  004  000  001  010  010  007  004  000  000  001  000  000 
 030  017  004  010  002  000  004  008  008  008  006  003  000  000  004  003 
 032  008  002  016  008  002  010  008  004  004  004  006  006  007  007  008 
 034  000  000  023  018  011  014  010  006  004  001  004  008  013  006  000 
 035  000  000  028  026  011  007  001  000  000  000  000  008  015  006  000 
 038  000  000  025  028  016  010  000  000  000  000  000  005  015  006  000 
 039  000  000  020  019  011  011  002  000  002  000  000  001  014  008  000 
 034  000  000  023  009  001  009  005  000  006  010  006  002  010  009  000 
 020  000  008  028  006  002  010  015  010  016  029  017  020  018  012  004 
 006  000  016  037  011  001  015  020  008  007  020  014  014  014  008  003 
 000  000  022  042  020  003  012  012  000  000  018  016  000  000  000  000 

Celda19

 000  004  007  015  020  010  008  007  006  008  012  018  020  016  008  002 
 007  010  006  008  012  003  007  012  014  013  014  016  018  018  012  006 
 016  011  000  002  014  000  002  009  012  010  008  010  014  016  011  005 
 016  010  000  000  014  000  000  004  008  007  004  004  006  006  004  004 
 008  006  000  001  009  000  000  004  012  013  008  002  000  000  002  006 
 000  004  002  007  006  000  001  005  008  012  007  000  000  000  006  008 
 000  004  008  013  007  002  000  000  000  000  000  000  000  002  010  009 
 010  006  008  012  003  000  000  000  000  000  000  000  004  008  004  007 
 005  006  000  005  001  000  000  000  000  000  000  002  009  002  000  000 
 000  000  000  000  000  000  000  000  002  004  000  000  000  000  000  000 
 000  000  000  000  002  002  000  002  001  005  000  000  000  000  000  000 
 000  006  001  000  002  005  000  000  000  000  000  000  000  002  009  014 
 000  010  000  000  004  006  002  000  002  000  000  004  021  027  028  024 
 012  014  004  002  015  017  015  012  006  004  006  022  033  026  024  020 
 009  004  000  006  016  011  012  011  010  011  015  024  025  019  019  020 
 008  002  000  000  004  005  014  008  006  013  015  010  012  016  017  022 

Celda20

 000  000  000  000  007  004  000  000  000  030  010  000  018  047  028  000 
 007  011  016  023  027  016  002  000  000  028  004  000  020  060  038  005 
 019  029  030  037  034  027  018  010  002  024  000  000  020  067  040  010 
 029  033  022  020  014  014  015  011  000  016  002  000  024  063  031  019 
 022  020  006  001  000  000  000  002  000  006  002  000  033  064  021  012 
 008  018  009  000  000  000  000  004  008  009  004  002  038  065  029  003 
 000  010  011  000  000  000  010  015  017  018  014  006  032  065  032  008 
 008  001  006  001  000  000  004  010  012  009  000  000  030  066  036  004 
 000  000  000  004  006  002  000  000  000  000  000  000  038  064  034  000 
 000  000  003  014  013  001  000  000  000  000  000  000  048  064  024  003 
 000  004  018  019  004  000  000  000  002  004  000  000  053  058  011  000 
 016  018  017  005  000  000  000  006  016  012  003  002  052  050  000  000 
 020  014  004  000  000  000  010  017  010  002  000  000  048  041  000  000 
 016  013  006  000  000  012  020  010  000  000  000  000  046  044  007  004 
 016  012  009  005  004  012  007  000  000  002  008  001  048  057  014  016 
 020  012  008  008  006  005  000  000  006  014  015  008  053  069  016  018 

Celda21

 000  008  020  030  030  021  018  022  016  018  010  003  002  007  006  006 
 010  016  016  016  018  014  000  011  008  000  000  000  000  000  004  010 
 006  012  005  000  000  002  000  000  002  010  010  003  000  000  002  012 
 008  000  000  000  000  004  010  009  000  003  024  016  000  000  000  012 
 008  000  000  006  012  016  018  024  022  001  018  024  000  000  000  011 
 000  000  009  007  010  015  014  014  020  020  004  014  004  006  012  012 
 000  000  016  012  000  000  000  000  005  026  030  004  000  018  022  015 
 014  011  001  002  006  000  000  000  000  010  020  010  000  024  026  016 
 013  026  018  000  000  012  002  000  000  000  000  000  000  022  026  015 
 004  014  022  017  004  010  012  000  000  000  000  002  010  008  020  018 
 018  006  001  012  022  016  004  000  000  001  008  024  039  033  010  020 
 024  015  000  005  022  028  022  010  000  000  012  035  048  054  043  027 
 024  020  000  000  008  016  022  022  014  006  018  024  024  039  056  040 
 022  023  000  000  003  002  010  020  027  029  027  013  017  030  034  035 
 033  041  017  010  005  009  017  024  034  040  038  030  023  028  000  012 
 031  051  028  029  022  031  039  041  040  037  034  036  032  019  000  002 

Celda22

 014  014  004  000  000  009  015  001  000  009  015  004  000  000  007  000 
 015  010  001  000  002  009  006  000  006  016  012  000  000  001  000  000 
 018  010  000  002  007  008  002  002  013  014  005  002  002  000  001  008 
 022  016  002  000  004  008  010  013  017  006  000  001  002  003  006  022 
 020  016  006  000  001  012  021  018  008  002  002  000  000  004  022  033 
 016  014  008  007  017  026  020  012  006  002  002  000  000  012  040  023 
 017  018  014  015  019  014  004  009  008  000  000  000  000  028  031  005 
 017  016  010  010  012  006  002  008  008  000  000  000  010  026  012  000 
 016  018  015  014  013  004  004  006  005  000  000  000  018  016  000  000 
 019  020  019  020  012  002  002  004  003  000  000  004  019  008  000  000 
 028  022  012  016  013  006  002  003  003  000  000  011  017  002  000  000 
 035  024  006  002  008  010  008  004  002  000  002  014  014  000  000  000 
 019  026  013  012  001  004  013  008  000  002  008  012  007  000  000  000 
 012  024  022  006  016  011  006  008  002  006  012  008  002  000  000  000 
 014  008  022  013  005  020  014  000  003  010  015  006  000  000  000  004 
 017  013  008  018  016  000  010  014  006  008  018  008  000  000  004  019 

Celda23

 000  018  025  012  000  018  022  016  012  005  016  028  037  071  089  016 
 008  025  022  026  021  017  018  015  016  013  000  022  040  062  070  014 
 025  026  012  016  026  025  017  004  010  016  014  018  025  036  052  014 
 033  021  004  000  007  012  012  001  000  016  034  028  009  014  039  006 
 021  001  000  000  000  000  000  000  001  017  041  031  004  012  038  000 
 002  000  000  000  001  000  000  000  012  054  050  010  000  020  045  000 
 000  000  003  004  006  000  000  000  031  062  023  000  000  028  052  000 
 000  002  010  010  007  000  000  001  042  040  000  006  009  029  052  000 
 000  010  018  013  002  000  000  019  036  029  000  008  024  045  065  016 
 008  016  015  005  000  000  008  023  024  018  008  002  011  037  058  017 
 009  016  012  002  000  006  016  018  019  018  010  005  006  022  040  002 
 006  014  012  006  003  010  016  018  018  015  008  003  004  022  040  000 
 006  015  015  010  006  010  016  018  020  016  008  002  000  020  041  000 
 011  017  014  008  004  010  017  016  017  018  010  006  003  020  040  000 
 021  020  007  002  006  015  018  012  014  014  008  012  012  023  039  000 
 024  006  000  000  013  024  016  010  012  006  003  016  017  022  040  000 

Celda24

 000  000  000  000  000  000  002  007  007  011  017  011  014  012  015  017 
 000  000  000  000  000  000  008  017  014  019  027  016  012  009  015  013 
 000  000  000  004  009  012  024  027  020  018  020  008  006  004  005  002 
 001  002  008  016  022  026  035  028  013  010  014  004  000  001  000  000 
 002  004  009  012  012  011  017  006  000  004  014  007  000  004  004  000 
 001  002  004  004  002  000  005  000  000  002  012  011  004  006  006  006 
 000  000  000  000  000  000  000  000  000  004  009  014  008  000  000  000 
 000  000  000  000  000  000  000  000  000  008  010  014  008  000  000  000 
 000  000  000  000  000  002  000  000  000  010  013  014  007  000  003  005 
 001  002  006  011  014  013  011  010  009  016  016  012  008  007  008  000 
 001  002  006  007  004  000  000  004  012  021  020  017  015  011  001  000 
 000  000  000  000  000  000  000  000  000  013  015  015  011  004  000  000 
 001  001  000  000  000  000  000  000  005  010  010  009  006  004  004  006 
 001  002  004  002  000  000  000  000  007  008  008  007  006  004  000  000 
 002  005  010  010  007  010  016  017  010  000  002  006  009  008  000  000 
 003  006  010  010  008  010  019  024  018  008  000  004  010  008  000  000 

Celda25

 020  016  010  008  012  018  018  006  000  000  000  008  000  000  021  024 
 016  022  024  018  011  010  014  014  003  000  000  010  000  002  038  027 
 000  000  008  012  006  002  008  018  023  019  011  016  006  022  051  026 
 000  000  000  000  000  000  003  017  032  039  033  031  025  036  050  024 
 000  000  000  000  000  000  003  010  022  030  030  031  037  042  046  024 
 012  016  014  010  012  014  010  007  012  020  022  022  031  030  029  013 
 007  011  010  008  012  014  012  008  010  016  016  006  010  010  006  000 
 005  000  001  000  007  004  004  000  000  004  007  000  004  008  005  004 
 004  000  000  000  008  000  000  000  000  000  000  001  003  004  002  012 
 000  000  000  000  006  000  000  003  004  001  003  008  007  002  000  016 
 000  002  000  002  000  000  000  014  019  016  014  014  007  000  000  018 
 000  004  002  000  000  000  004  013  016  014  014  015  014  008  000  020 
 004  000  001  000  000  002  015  009  006  008  013  018  023  022  012  016 
 000  000  000  000  000  012  018  004  002  004  009  014  016  016  010  005 
 000  000  000  002  002  010  012  000  000  000  000  001  004  008  006  000 
 000  000  002  000  000  008  012  000  000  000  000  000  005  012  012  009 

Celda26

 000  000  030  047  021  005  010  006  000  000  019  018  000  000  000  001 
 006  013  061  062  028  006  004  002  000  004  024  019  000  000  000  009 
 012  031  068  054  017  004  000  000  000  012  025  018  001  000  001  019 
 015  038  056  032  000  000  000  000  000  014  026  015  000  000  000  016 
 015  037  040  014  000  000  000  000  000  015  030  012  000  000  012  020 
 012  034  033  013  007  012  018  014  011  033  043  011  002  005  029  021 
 010  038  033  016  017  021  021  015  010  030  028  000  002  014  031  016 
 021  044  023  000  006  009  011  014  016  024  016  000  004  021  030  018 
 035  041  006  000  010  007  006  019  026  023  014  001  002  018  020  012 
 038  033  002  002  015  010  008  019  018  018  012  004  000  012  013  010 
 041  037  011  010  018  008  008  015  006  006  004  000  000  008  010  011 
 049  046  014  006  005  000  005  016  006  000  000  000  000  006  007  007 
 054  044  003  000  000  000  003  014  008  000  000  000  000  007  004  000 
 049  042  002  000  002  008  008  016  007  000  000  000  012  014  006  004 
 040  039  002  000  010  020  020  017  002  000  000  009  022  009  005  008 
 041  040  000  000  015  027  016  006  000  000  000  016  018  002  000  011 

Celda27

 009  000  000  000  000  002  020  016  001  002  005  002  004  023  023  014 
 017  007  010  016  018  015  024  014  002  006  005  004  007  025  025  003 
 025  016  023  029  028  028  025  010  000  005  007  000  004  016  016  004 
 016  011  018  018  011  010  007  002  000  000  000  002  011  014  006  000 
 016  017  021  012  002  000  000  000  000  000  000  001  012  012  000  000 
 015  023  023  007  002  000  000  000  000  000  002  008  012  007  000  000 
 012  020  015  000  000  004  008  004  000  000  004  004  004  002  000  004 
 015  012  006  000  000  002  006  002  000  000  006  006  005  001  000  006 
 008  003  000  000  004  003  000  000  000  001  004  012  018  011  004  004 
 006  000  002  007  007  000  000  000  000  000  005  020  021  008  004  000 
 008  000  000  003  002  000  000  000  000  000  009  026  024  000  000  000 
 005  000  000  004  002  000  000  000  000  000  015  022  016  000  000  000 
 000  000  003  008  000  000  000  000  000  002  019  012  000  000  000  002 
 004  004  008  010  000  000  000  000  000  000  009  005  000  000  000  004 
 018  021  017  013  004  004  006  007  006  004  000  000  000  000  002  002 
 015  013  008  002  000  002  004  002  000  002  000  000  007  016  019  012 

Celda28

 017  011  006  007  010  010  006  007  012  014  014  016  062  074  024  016 
 002  005  006  008  012  014  010  009  011  010  008  014  062  070  023  008 
 000  000  004  010  009  004  000  000  004  002  002  010  054  054  012  000 
 000  000  000  005  003  000  000  000  000  002  008  014  043  040  011  000 
 000  006  004  000  000  002  006  007  005  010  020  020  034  046  026  012 
 004  012  006  002  004  014  021  019  011  010  014  011  022  051  032  015 
 020  020  007  009  022  026  028  018  010  006  002  000  015  048  025  002 
 018  018  012  013  025  019  008  002  006  012  008  000  010  048  034  002 
 014  014  004  002  012  008  000  000  002  012  010  006  004  050  049  010 
 014  014  003  000  006  000  000  000  008  000  000  000  000  046  048  000 
 011  010  003  004  006  000  000  000  004  000  000  000  000  032  045  012 
 010  008  005  008  006  000  000  000  000  000  000  000  000  018  042  022 
 007  008  009  010  000  000  000  000  000  000  002  002  000  011  044  024 
 003  006  011  008  000  000  000  004  004  000  000  002  007  008  042  030 
 000  002  010  004  000  000  002  004  004  000  000  000  006  010  038  033 
 006  002  006  002  001  019  019  008  000  000  000  000  003  002  024  030 

Celda29

 016  043  023  026  031  037  039  039  030  026  018  018  026  025  016  016 
 004  034  021  004  016  018  017  019  006  010  011  014  018  025  026  026 
 000  022  024  010  005  000  002  013  004  000  010  020  015  012  011  010 
 000  014  026  019  010  002  000  004  004  000  003  011  003  000  000  000 
 006  020  045  040  022  012  010  008  007  009  010  002  000  000  002  004 
 014  034  056  037  016  012  012  012  014  017  012  003  000  003  007  008 
 009  027  040  016  003  000  000  000  004  007  002  000  000  002  002  000 
 003  012  032  014  004  000  000  000  010  007  000  000  000  000  000  000 
 006  000  029  014  003  000  000  001  013  000  000  000  000  000  000  000 
 000  000  026  016  000  000  000  010  012  000  000  005  000  000  000  006 
 000  000  024  018  000  000  004  014  008  000  000  002  000  000  004  016 
 000  000  020  024  000  000  006  012  004  000  000  000  000  000  013  020 
 000  000  012  030  008  000  006  010  003  002  000  000  000  005  027  020 
 004  004  000  030  016  000  000  007  010  012  007  008  013  024  032  013 
 001  008  010  030  016  000  000  002  019  025  013  011  018  026  021  006 
 000  000  010  024  012  000  004  004  016  026  019  002  000  004  004  002 

Celda30

 030  037  028  003  011  010  007  020  026  014  014  008  000  000  014  022 
 030  038  038  020  000  013  032  024  025  028  009  002  001  005  017  014 
 007  008  017  026  019  000  036  044  017  022  024  006  002  010  016  013 
 000  000  002  018  030  019  016  046  038  008  025  031  013  008  019  015 
 006  007  008  012  022  026  011  029  040  032  006  021  022  000  018  019 
 008  008  011  015  021  031  034  016  020  034  030  000  012  010  001  018 
 000  002  012  016  026  040  050  043  018  013  032  024  000  012  008  005 
 000  008  020  024  026  036  040  044  043  027  010  024  007  000  020  022 
 012  021  022  026  017  014  014  026  042  043  018  002  014  009  021  038 
 019  011  008  020  007  000  000  008  022  033  026  000  009  028  033  029 
 007  000  000  016  010  000  000  002  003  012  022  018  000  026  044  036 
 002  000  000  012  013  000  000  002  006  000  012  030  034  013  028  046 
 000  000  000  012  013  000  002  006  007  000  010  034  050  036  000  032 
 002  002  012  018  016  006  008  007  000  000  007  021  036  039  019  002 
 005  007  017  018  018  012  012  005  000  000  000  006  008  020  032  024 
 006  004  006  008  011  006  004  002  000  000  002  007  000  004  024  042 

Celda31

 006  000  000  002  022  028  018  013  013  000  002  020  009  016  046  000 
 000  000  000  013  033  027  019  016  006  000  005  016  000  014  054  000 
 000  006  011  030  038  023  014  012  000  000  009  005  000  021  064  001 
 000  000  000  020  020  008  007  006  002  006  008  000  000  033  077  008 
 000  000  002  015  014  009  006  004  006  006  002  000  001  053  084  012 
 007  000  006  010  011  012  008  004  006  002  000  004  020  060  076  006 
 015  013  006  005  012  013  006  004  004  000  002  014  023  046  063  000 
 009  011  006  008  016  010  001  004  004  000  008  018  017  038  064  000 
 032  004  004  018  018  003  000  009  004  002  014  018  007  033  066  000 
 038  034  016  023  016  000  002  014  002  003  017  015  003  031  066  000 
 012  034  037  030  015  001  002  013  002  002  016  014  004  033  067  000 
 020  000  024  028  012  003  008  014  002  000  012  012  006  037  070  000 
 036  012  002  008  009  002  006  009  004  010  016  010  004  038  072  000 
 036  026  020  006  001  010  002  005  008  018  019  013  010  043  078  005 
 014  022  026  021  007  016  020  006  014  019  012  010  012  049  085  012 
 035  017  017  025  027  015  017  020  008  018  016  006  001  038  073  001 

Celda32

 002  004  005  005  006  010  021  016  016  016  014  013  017  005  000  000 
 001  002  002  004  008  014  021  010  007  008  008  005  007  001  002  002 
 000  000  002  004  006  010  007  000  000  000  000  000  002  003  002  001 
 000  000  001  000  000  000  000  000  000  002  002  000  000  006  000  000 
 000  000  000  000  000  000  000  000  001  004  006  006  002  002  000  000 
 000  000  000  000  000  006  006  006  006  004  003  003  002  000  000  000 
 000  000  000  000  004  008  002  004  005  004  002  002  002  004  006  004 
 000  000  000  000  002  005  003  000  004  006  006  006  006  005  006  008 
 000  000  000  000  000  004  009  007  008  010  008  004  002  002  004  011 
 000  000  000  000  000  008  018  013  004  004  001  000  000  000  006  011 
 000  000  000  000  000  010  018  006  000  000  000  000  000  002  004  004 
 000  000  000  000  000  010  012  004  000  000  000  008  006  000  002  000 
 000  000  000  000  007  012  007  002  000  004  008  010  006  002  000  001 
 000  000  000  000  006  008  004  006  008  010  000  000  000  002  007  011 
 000  000  000  000  000  000  000  008  014  012  000  000  000  002  008  003 
 000  000  000  000  000  000  000  005  015  011  000  000  002  008  002  000 

Celda33

 002  002  000  000  000  006  009  000  000  000  000  003  010  011  018  023 
 003  000  000  000  005  007  004  002  000  000  000  004  013  010  016  020 
 001  000  002  002  008  004  002  004  000  002  002  002  011  006  008  004 
 001  000  008  012  007  000  002  008  002  000  000  000  008  000  000  000 
 002  004  004  010  012  010  010  011  001  000  000  000  006  000  000  000 
 004  008  011  010  012  020  022  014  004  000  000  000  004  000  000  000 
 007  018  019  012  012  018  019  016  011  007  002  000  002  000  000  001 
 010  019  015  007  008  013  010  014  013  008  006  004  002  000  000  002 
 013  014  010  006  005  009  008  008  009  004  002  002  002  003  004  000 
 009  000  010  012  009  012  010  001  002  006  008  006  002  004  006  001 
 000  000  008  021  015  016  006  000  000  003  012  011  006  007  005  003 
 000  000  008  023  024  012  000  000  000  000  000  004  005  005  000  000 
 005  012  018  023  024  007  000  000  000  004  000  000  000  000  000  000 
 013  013  011  017  017  000  000  000  004  011  002  000  000  002  000  007 
 000  001  005  013  010  000  000  000  013  010  002  000  000  006  004  014 
 000  006  008  009  005  000  000  000  019  012  006  006  008  017  013  016 

Celda34

 062  064  024  010  010  026  012  004  000  000  000  020  014  000  000  010 
 059  058  018  007  002  023  006  001  002  000  002  023  013  000  000  004 
 037  038  000  000  000  028  012  012  013  008  012  033  024  012  012  008 
 030  040  000  000  000  040  033  031  022  014  013  035  023  010  012  017 
 019  042  000  000  000  044  046  028  012  010  004  025  010  000  000  000 
 005  042  004  000  002  034  050  034  000  000  000  019  008  000  000  000 
 000  038  018  010  013  022  040  031  000  000  000  017  010  000  000  000 
 000  037  030  008  006  006  034  026  000  000  003  018  012  004  000  000 
 000  038  038  005  002  000  035  036  002  008  019  028  012  002  000  000 
 000  039  049  007  014  004  032  050  012  008  018  025  010  006  007  006 
 000  038  060  022  024  017  027  056  014  000  010  020  007  008  010  011 
 000  036  067  030  014  010  018  052  010  000  016  027  005  002  003  004 
 002  028  066  031  000  000  008  044  004  000  026  030  003  000  000  000 
 007  012  056  038  000  000  000  033  006  000  030  028  005  000  000  000 
 016  005  045  039  000  000  000  022  012  012  032  028  010  000  000  000 
 015  008  040  034  000  000  000  008  016  021  036  035  016  000  000  000 

Celda35

 010  000  000  000  000  000  000  000  000  000  000  000  015  027  017  008 
 008  000  000  000  001  000  000  000  000  000  000  000  022  025  004  000 
 000  000  000  002  012  002  000  000  004  004  000  002  024  021  000  000 
 015  006  000  006  018  002  000  000  002  008  008  013  033  020  002  004 
 006  012  020  024  022  000  000  000  002  004  010  014  029  014  004  006 
 000  000  018  026  015  002  000  007  002  000  000  000  014  009  000  002 
 000  008  012  008  003  000  006  015  006  000  000  000  004  010  008  004 
 000  013  010  000  000  000  010  008  003  006  008  010  009  010  012  012 
 000  004  002  000  000  000  016  010  000  006  012  010  010  011  017  016 
 000  000  000  000  000  006  020  010  003  000  000  000  000  005  013  009 
 008  008  008  004  000  005  020  010  009  005  000  000  000  008  010  004 
 012  023  028  024  017  009  010  006  009  010  000  000  000  010  010  002 
 000  013  016  021  028  034  024  007  002  006  000  000  004  010  009  004 
 006  012  000  006  018  032  034  028  020  010  000  000  004  010  010  007 
 010  019  002  000  010  021  022  026  028  028  028  020  004  002  012  010 
 012  018  000  000  014  012  004  009  014  021  028  028  021  009  005  006 

Celda36

 007  011  011  007  026  043  024  014  007  001  000  002  003  000  016  029 
 000  017  016  012  032  034  008  006  006  002  000  000  001  000  010  036 
 011  022  008  008  025  019  000  000  002  002  003  004  000  000  008  042 
 019  017  000  000  024  020  004  005  006  008  012  012  008  001  001  040 
 011  008  000  006  034  025  010  008  008  010  014  014  016  018  013  036 
 005  001  002  021  040  014  000  000  000  006  006  004  007  017  020  035 
 004  000  003  027  028  000  000  000  004  000  000  000  000  010  016  019 
 007  002  003  021  016  000  000  002  008  000  000  000  000  005  008  002 
 003  002  008  014  002  000  000  008  006  000  000  000  000  000  000  000 
 000  000  008  010  000  000  001  009  000  000  000  006  007  004  007  010 
 000  000  010  008  000  000  014  011  000  000  017  027  024  026  025  018 
 000  000  006  006  000  006  023  009  004  008  039  037  028  032  027  016 
 000  000  000  002  013  024  019  004  011  027  042  029  017  012  009  008 
 002  000  000  000  027  034  014  002  010  025  023  010  004  000  000  000 
 003  000  000  004  033  032  010  001  006  008  004  001  000  000  000  002 
 000  000  000  016  030  018  006  007  010  009  002  000  000  000  000  004 

Celda37

 008  004  008  013  006  000  000  007  008  014  022  010  000  001  006  005 
 026  010  002  004  003  000  002  008  003  003  021  016  000  000  008  010 
 030  000  000  000  010  000  007  012  000  004  031  034  014  012  009  009 
 034  000  000  000  024  018  018  009  001  019  046  039  014  012  010  011 
 030  000  000  002  036  033  010  002  005  032  042  021  002  004  007  009 
 029  005  010  023  052  034  000  000  007  026  023  008  000  000  002  004 
 024  011  025  036  054  033  010  010  013  014  011  004  002  006  009  004 
 024  023  022  022  038  026  016  021  023  017  008  007  009  011  009  004 
 026  032  010  008  024  022  011  016  020  024  030  038  041  039  031  020 
 028  031  002  003  022  025  010  010  018  023  028  036  042  042  039  038 
 014  026  002  000  024  031  014  014  027  023  011  016  027  025  020  018 
 002  018  012  006  036  049  029  022  030  011  000  010  024  012  000  000 
 008  008  018  024  054  064  034  022  018  001  000  011  030  012  000  000 
 010  007  015  035  057  044  004  002  002  001  008  026  034  004  000  000 
 008  002  006  043  048  022  000  000  003  001  011  023  016  000  000  015 
 002  000  000  037  047  021  000  000  008  008  002  004  002  000  001  038 

Celda38

 000  001  000  008  013  008  000  000  000  006  016  017  008  010  022  038 
 000  000  002  015  016  000  000  000  000  014  020  013  011  020  028  032 
 002  000  002  011  006  000  000  000  010  019  009  005  012  018  023  020 
 006  003  000  008  000  000  000  004  019  015  004  012  016  005  002  004 
 004  004  005  011  003  000  002  011  016  016  013  019  008  000  000  000 
 003  004  002  001  000  000  000  012  011  014  018  008  000  000  000  000 
 000  000  000  000  000  000  008  008  002  012  015  000  000  000  000  000 
 000  000  000  000  000  004  017  000  000  007  010  000  000  000  000  000 
 012  008  012  021  032  045  039  022  012  007  006  000  002  009  010  011 
 030  022  026  034  039  047  039  038  038  037  029  019  021  022  030  032 
 014  010  024  027  015  015  012  020  024  022  018  013  012  013  019  025 
 000  002  023  015  000  000  006  000  000  000  000  004  002  005  000  006 
 000  018  032  017  007  000  002  000  000  000  004  010  008  000  006  008 
 022  039  038  022  014  004  000  000  004  012  013  010  004  000  016  022 
 042  037  024  010  004  008  012  010  013  015  009  004  000  002  028  026 
 037  016  000  000  000  007  014  010  006  003  000  003  008  011  032  017 

Celda39

 047  041  022  012  028  026  004  004  002  008  022  013  000  036  074  000 
 035  042  040  020  010  024  014  000  000  001  020  018  005  038  075  001 
 020  034  046  038  014  010  014  002  000  006  009  010  010  046  078  000 
 010  032  034  042  033  011  004  007  009  010  001  000  003  054  088  000 
 001  020  009  026  040  034  011  003  012  012  004  000  000  051  096  000 
 001  022  010  002  023  037  031  010  002  008  009  000  000  044  098  000 
 006  022  012  000  000  018  038  028  000  002  012  001  000  044  098  000 
 014  018  006  000  006  004  016  025  010  000  010  004  000  050  100  000 
 030  020  002  000  010  016  000  018  030  020  000  006  007  058  104  002 
 047  036  029  030  033  036  026  038  060  066  052  030  021  063  101  001 
 031  023  022  029  035  048  054  055  070  080  074  048  017  046  096  000 
 006  004  008  008  009  027  036  025  033  044  046  038  020  032  094  000 
 007  002  006  006  004  018  022  006  000  000  009  026  036  046  097  006 
 014  013  005  000  000  008  009  006  006  000  000  006  033  060  113  040 
 012  012  011  008  007  000  000  001  006  000  000  000  000  054  105  045 
 003  004  004  005  012  017  016  010  002  000  000  000  016  048  072  007 

Celda40

 000  000  000  000  004  002  000  000  016  012  000  001  010  010  000  000 
 001  002  004  004  002  002  004  004  017  014  000  000  012  011  000  000 
 001  003  006  004  002  003  007  008  017  015  000  000  010  014  000  000 
 000  000  000  002  006  007  006  006  011  008  000  000  010  014  000  000 
 000  000  000  000  009  008  007  007  006  002  000  000  014  008  000  000 
 000  000  000  000  008  002  006  008  004  000  000  004  010  000  000  006 
 001  002  002  000  008  000  000  000  000  000  000  004  002  000  000  028 
 000  001  003  001  000  000  000  000  000  000  000  000  000  000  016  030 
 000  000  000  000  000  000  001  000  000  000  000  000  000  001  020  024 
 000  000  000  000  000  000  008  000  000  001  004  000  000  007  017  014 
 000  000  000  000  000  001  006  000  000  007  008  000  000  011  014  006 
 000  000  000  000  000  002  001  000  000  021  010  001  000  013  015  008 
 000  000  000  000  004  004  000  000  009  030  008  002  000  013  017  012 
 000  000  000  000  006  004  000  000  017  022  000  000  000  016  023  014 
 000  000  000  000  004  002  000  002  018  018  000  000  000  019  019  008 
 001  002  001  000  001  000  002  008  013  008  000  000  000  018  014  008 

Celda41

 000  012  012  006  002  000  000  000  029  019  012  011  008  014  010  006 
 000  016  016  006  000  000  000  012  030  010  003  004  003  006  004  000 
 001  017  019  006  000  000  001  021  016  002  000  000  000  002  000  000 
 008  028  021  000  000  000  012  015  002  000  000  000  000  005  000  000 
 022  021  002  000  000  006  012  000  000  000  000  000  009  011  002  000 
 026  014  000  000  000  016  008  000  000  000  000  006  024  008  004  000 
 029  004  000  000  007  012  002  000  000  000  000  012  020  000  000  006 
 017  007  006  007  005  000  000  000  000  000  000  008  015  001  000  000 
 006  000  000  002  000  000  000  000  000  000  000  000  006  001  000  000 
 004  000  000  000  000  000  000  000  000  002  000  000  000  000  000  004 
 006  005  000  000  000  002  000  000  000  010  001  000  000  000  000  008 
 015  011  004  001  000  001  000  001  004  014  000  000  000  000  000  009 
 012  003  000  000  000  000  000  008  009  007  000  000  000  001  000  008 
 008  001  000  000  000  000  003  010  008  000  000  002  011  012  004  002 
 006  000  000  000  000  012  020  011  008  002  002  009  011  009  006  005 
 008  000  000  000  008  029  019  004  004  004  002  006  001  005  010  014 

Celda42

 006  004  039  034  004  006  002  000  014  026  042  043  023  001  000  001 
 004  012  046  039  010  016  018  008  008  028  044  044  027  006  002  004 
 004  014  040  035  012  020  022  014  008  034  048  045  027  010  007  008 
 000  004  018  026  000  012  016  010  003  033  045  040  023  013  014  008 
 000  000  006  028  012  006  011  005  000  031  044  038  021  018  018  004 
 000  002  000  026  027  008  010  000  000  027  048  044  023  022  024  002 
 008  008  008  019  036  004  012  005  000  018  056  058  029  022  028  000 
 008  010  009  006  032  006  000  012  009  004  052  065  040  024  027  000 
 002  004  000  000  021  009  000  002  017  012  032  061  053  032  022  000 
 006  000  000  000  011  005  000  000  008  006  016  058  064  042  013  000 
 006  000  000  000  004  000  000  000  000  001  013  071  079  040  000  000 
 004  000  000  004  002  000  000  000  000  004  010  068  069  026  000  000 
 002  000  000  000  000  000  000  000  006  010  000  056  072  034  000  000 
 000  000  000  000  000  000  004  006  009  011  004  036  072  049  000  000 
 002  000  000  000  000  000  006  003  002  008  010  027  066  053  002  000 
 014  010  006  003  000  000  000  000  000  004  007  020  056  046  000  000 

Celda43

 012  008  000  002  019  006  000  000  000  005  012  018  022  020  011  000 
 005  000  000  013  021  000  000  000  000  003  005  008  012  014  013  007 
 002  000  001  022  018  000  000  004  006  009  012  008  008  008  008  006 
 004  000  004  024  013  000  000  006  009  016  022  014  011  006  004  005 
 002  000  010  027  006  000  006  009  004  012  021  012  011  010  009  008 
 000  000  024  036  010  005  012  008  000  008  016  002  008  014  014  014 
 000  000  038  037  012  012  015  005  000  008  017  000  006  010  012  015 
 000  002  044  026  002  009  012  008  008  018  022  006  006  006  007  014 
 000  011  038  022  006  004  000  002  011  022  019  006  004  004  006  020 
 000  012  027  018  008  005  002  004  011  012  004  000  000  000  004  035 
 000  016  023  016  004  000  002  008  016  012  002  000  000  000  006  047 
 006  025  030  025  009  006  005  011  013  010  000  000  000  000  026  051 
 012  036  040  029  010  012  014  016  016  016  006  002  000  007  049  041 
 011  038  041  023  004  006  009  013  027  037  026  021  020  035  051  024 
 014  046  041  016  000  000  007  021  045  050  030  026  026  034  030  009 
 024  052  042  015  001  002  016  034  046  031  008  009  016  019  008  001 

Celda44

 000  000  009  032  026  005  003  009  010  010  004  000  000  002  002  000 
 000  000  010  036  026  002  002  007  008  010  008  001  000  000  000  000 
 005  013  027  024  014  002  002  009  011  007  005  006  002  000  000  000 
 008  029  045  030  010  000  000  010  016  006  001  007  005  000  000  000 
 014  047  048  032  028  020  010  000  009  005  002  008  005  000  000  000 
 021  045  023  006  010  018  022  018  008  000  000  008  000  000  002  004 
 032  029  000  000  000  006  016  022  024  021  016  008  000  000  008  010 
 035  017  006  000  000  003  010  016  019  024  033  032  018  001  004  010 
 034  016  014  012  010  014  015  012  014  022  032  030  030  029  016  000 
 032  014  009  014  018  021  014  008  010  022  017  011  020  032  033  022 
 027  015  010  010  014  015  009  004  005  012  000  000  000  007  018  028 
 015  012  016  016  014  013  010  005  002  004  000  000  000  000  000  018 
 001  006  016  018  014  012  008  004  000  000  000  000  000  000  000  006 
 001  006  012  010  004  000  000  000  000  000  000  000  000  006  004  004 
 006  009  010  004  000  000  000  000  004  002  000  000  000  002  002  005 
 008  007  003  004  000  000  000  008  014  013  009  004  000  000  000  008 

Celda45

 000  000  000  022  046  032  008  000  002  006  000  002  006  004  020  033 
 000  000  000  010  048  042  015  000  000  000  000  007  020  020  018  018 
 000  000  000  006  047  046  018  000  000  000  000  012  028  022  010  010 
 000  000  000  004  044  048  022  000  000  004  009  024  023  012  003  012 
 000  000  000  000  039  054  026  000  000  016  021  016  007  002  004  018 
 000  000  000  000  032  058  032  000  001  016  024  014  003  000  008  022 
 000  000  000  000  022  055  039  012  009  012  016  016  006  000  006  020 
 000  000  000  000  013  048  046  029  011  000  009  020  010  000  000  018 
 002  003  000  000  008  040  046  036  018  002  008  022  011  000  000  016 
 014  018  009  004  010  034  038  031  022  014  014  020  010  000  002  018 
 034  036  026  019  018  030  026  021  022  028  026  017  006  000  005  017 
 028  025  021  020  021  026  009  012  026  038  034  013  002  007  011  014 
 006  002  003  012  025  023  006  004  032  044  032  010  004  012  012  008 
 000  000  000  006  029  020  012  002  035  042  024  010  010  014  010  006 
 008  010  007  004  031  018  020  012  031  038  022  010  012  012  006  003 
 015  010  006  004  036  019  019  014  021  039  035  029  019  007  004  005 

Celda46

 018  004  000  000  000  004  007  006  000  000  000  000  003  005  016  007 
 013  004  000  000  004  002  000  000  000  000  000  000  000  002  011  004 
 017  011  000  001  003  000  000  000  000  000  000  000  000  005  014  000 
 023  016  002  000  000  000  000  002  002  004  015  014  016  017  010  000 
 024  015  004  000  000  000  001  003  006  008  016  010  014  011  000  000 
 024  015  004  003  008  009  004  000  000  000  006  000  000  000  001  006 
 026  020  009  010  014  013  001  000  000  000  002  000  000  000  004  014 
 028  026  017  016  014  007  000  000  000  000  004  002  000  000  006  002 
 028  030  024  021  008  002  000  004  004  003  011  006  000  000  008  000 
 032  035  032  023  002  000  002  008  006  002  009  000  000  000  006  000 
 029  035  033  017  000  000  002  002  000  000  004  000  000  000  006  000 
 024  036  030  008  000  000  000  000  000  000  000  000  000  002  006  000 
 018  033  027  003  000  000  000  000  000  000  000  000  000  007  008  000 
 013  026  022  002  000  000  000  000  000  000  000  000  002  012  015  012 
 010  020  017  002  001  005  000  000  002  004  006  005  001  011  020  015 
 011  014  012  002  002  007  000  000  000  000  004  012  012  006  014  016 

Celda47

 000  000  000  000  013  011  012  010  012  016  014  009  016  050  072  000 
 000  000  000  004  016  000  001  007  013  013  014  016  020  047  070  000 
 000  000  000  006  014  000  004  020  020  012  008  010  011  043  074  006 
 000  000  000  009  011  002  009  025  016  013  010  010  009  040  071  003 
 000  000  005  013  011  002  005  012  000  001  002  004  006  036  067  001 
 008  004  008  017  007  000  002  012  000  000  001  005  006  036  067  004 
 014  006  012  021  002  000  000  012  003  000  009  014  012  039  068  008 
 002  002  021  022  002  000  000  009  008  003  010  013  010  035  064  006 
 000  000  025  012  000  000  002  004  009  012  011  004  005  035  063  005 
 000  005  023  002  000  004  008  008  019  022  006  000  000  035  059  003 
 000  010  018  000  000  000  002  006  021  016  000  000  004  033  053  000 
 000  014  016  000  000  000  000  006  014  006  000  000  007  036  055  000 
 002  015  014  002  000  000  000  007  010  002  000  000  007  038  058  000 
 010  014  011  000  000  000  000  008  006  000  000  003  013  040  063  003 
 005  010  010  000  000  005  010  018  011  006  009  012  004  031  061  000 
 010  010  007  000  004  012  025  025  014  008  008  002  000  026  064  000 

Celda48

 002  003  003  000  000  000  005  012  009  000  000  000  006  017  008  002 
 001  002  002  003  002  000  005  012  006  000  000  002  013  010  000  000 
 000  000  000  000  000  002  007  006  000  000  000  008  012  002  000  000 
 000  000  000  000  000  001  009  001  000  000  004  014  010  000  000  000 
 001  001  000  000  000  010  013  002  000  000  007  018  012  000  000  000 
 002  004  004  002  007  021  011  000  000  002  009  022  023  012  014  018 
 002  004  006  005  010  014  000  000  000  005  016  027  028  019  020  026 
 000  000  002  000  003  008  000  000  000  004  011  016  019  012  004  002 
 000  000  000  000  000  004  000  000  000  000  003  012  014  010  007  000 
 000  000  000  000  000  002  005  000  000  000  000  010  008  003  006  002 
 000  000  000  000  000  002  010  002  004  003  000  006  002  000  005  004 
 001  002  006  006  004  003  012  007  004  010  009  001  000  000  004  004 
 001  002  006  008  010  013  016  006  000  002  004  004  009  017  018  017 
 000  000  000  000  006  010  006  000  000  000  000  000  011  013  008  010 
 000  000  000  000  005  004  000  000  000  000  000  001  010  006  004  007 
 000  000  000  000  010  005  002  000  002  005  008  009  007  002  004  008 

Celda49

 004  000  000  002  023  023  002  000  005  015  017  012  008  016  023  020 
 000  002  008  015  021  006  000  000  013  022  030  028  024  022  021  012 
 000  007  020  028  020  006  002  006  017  014  010  014  014  008  003  000 
 000  010  028  035  021  006  003  006  013  007  000  000  000  000  000  002 
 006  020  028  029  014  000  000  004  012  004  001  000  000  000  002  007 
 028  031  025  020  009  000  000  002  011  005  001  001  000  000  000  002 
 030  023  018  016  002  000  000  002  006  002  000  004  006  002  000  000 
 000  000  004  007  002  007  011  010  006  001  000  006  009  001  000  000 
 000  003  006  010  006  000  002  001  000  000  000  006  008  002  001  007 
 001  007  006  010  012  002  000  000  000  000  004  006  006  006  005  010 
 004  010  008  008  008  000  000  000  000  000  008  006  006  011  010  008 
 004  012  011  004  000  000  000  002  002  004  008  008  016  018  011  009 
 016  020  021  009  004  000  000  002  009  010  007  017  028  022  014  012 
 010  011  015  010  012  011  006  000  010  015  016  025  025  013  008  009 
 002  000  012  012  004  006  006  010  025  033  036  032  017  006  006  002 
 000  000  012  016  000  000  006  027  040  044  045  032  016  008  002  001 

Celda50

 012  006  006  008  008  004  002  001  001  001  000  009  050  042  000  000 
 002  001  006  010  014  013  008  006  006  006  004  002  045  044  002  000 
 002  010  016  018  018  016  012  008  010  012  012  008  045  045  007  002 
 008  014  019  020  016  012  008  008  010  013  012  004  037  042  006  000 
 010  015  013  010  005  002  005  010  010  009  008  003  030  038  008  000 
 006  013  008  004  002  004  010  011  006  004  008  012  033  035  005  002 
 001  011  006  006  007  010  013  012  007  005  010  014  030  030  000  002 
 011  017  008  004  002  003  006  010  010  010  010  007  012  019  000  008 
 021  020  009  003  000  000  003  010  012  011  009  006  007  017  000  010 
 018  009  000  000  002  006  011  013  012  008  006  002  007  023  002  005 
 009  001  000  000  003  015  010  004  002  002  001  000  006  023  000  002 
 004  000  000  000  002  005  000  000  000  000  002  002  000  028  007  015 
 004  002  006  006  000  000  000  000  000  000  004  011  007  027  016  013 
 005  006  010  014  012  006  000  000  000  000  000  006  005  018  022  015 
 000  000  002  008  010  006  002  002  004  000  000  000  003  013  026  036 
 000  000  000  000  000  000  000  000  006  006  003  002  006  021  042  051 

Celda51

 034  057  041  015  000  004  020  027  023  008  000  000  006  010  004  000 
 038  059  040  012  000  007  014  016  016  004  000  000  012  006  001  000 
 035  058  038  010  002  010  008  009  012  002  000  008  011  000  000  000 
 030  054  038  011  006  012  006  006  009  000  002  012  008  000  000  000 
 028  046  035  015  010  012  008  012  011  004  004  008  002  000  000  000 
 028  041  030  016  012  012  012  019  015  002  000  002  000  000  000  000 
 030  038  024  013  011  012  017  020  014  005  000  000  000  000  000  000 
 040  040  020  010  008  012  019  016  006  004  005  002  000  000  000  000 
 035  037  023  006  000  008  019  015  003  002  010  008  000  000  000  000 
 038  043  025  002  000  004  020  020  013  010  007  005  000  000  000  000 
 045  054  022  002  000  010  032  038  031  016  007  000  000  000  012  017 
 053  054  019  001  001  018  033  030  018  001  003  004  008  024  024  020 
 043  047  012  000  000  019  028  020  012  000  000  008  019  030  021  016 
 045  048  004  000  000  026  038  028  010  000  000  006  014  021  016  011 
 059  049  006  001  002  034  041  027  010  006  000  010  011  016  013  003 
 057  033  001  002  011  034  030  022  002  000  004  015  018  019  011  000 

Celda52

 007  008  000  000  000  000  004  012  012  010  012  012  006  000  002  012 
 003  000  000  000  000  000  008  003  000  000  006  012  010  006  003  012 
 000  000  000  000  000  002  014  000  000  000  000  000  001  001  000  008 
 000  000  002  007  009  006  010  000  000  000  000  000  000  001  001  004 
 000  000  000  000  001  002  003  000  000  000  000  000  000  004  008  008 
 000  000  000  000  000  002  000  000  000  000  000  000  000  000  004  004 
 000  000  000  000  000  006  001  000  000  000  000  000  000  000  000  000 
 000  000  000  006  006  004  002  002  008  012  008  002  000  000  000  000 
 000  000  010  018  020  018  019  019  023  024  020  010  002  001  003  002 
 005  013  017  012  016  022  026  023  020  018  016  012  009  006  000  000 
 019  015  009  000  003  012  013  011  009  005  003  004  006  002  000  000 
 017  014  009  006  005  003  002  000  000  000  000  000  004  004  002  004 
 012  013  014  014  009  000  000  000  000  000  002  008  012  013  020  032 
 010  012  013  006  000  000  000  000  000  001  010  016  016  014  020  030 
 002  004  002  000  000  000  000  000  000  002  004  004  004  004  005  013 
 000  000  000  000  000  002  000  000  000  003  000  000  000  000  000  006 

Celda53

 011  000  000  004  038  015  007  006  006  040  042  034  018  014  015  024 
 006  000  000  011  031  006  000  002  000  037  049  034  015  016  014  020 
 000  000  000  026  022  000  000  007  014  031  040  038  028  014  016  012 
 000  000  005  034  011  000  000  003  012  013  022  032  043  028  011  016 
 004  000  011  028  001  000  000  002  000  000  012  020  040  047  020  004 
 000  000  015  022  000  000  003  001  000  000  012  012  021  046  040  012 
 000  000  022  014  000  000  003  000  000  000  014  007  002  030  046  028 
 000  010  023  005  000  009  006  002  001  002  012  006  000  010  034  038 
 004  022  017  002  005  012  006  006  008  006  007  006  000  000  014  038 
 000  025  012  003  003  008  000  000  001  006  005  004  000  000  000  028 
 014  030  011  008  006  006  000  000  004  011  012  004  000  000  002  010 
 037  039  018  020  021  018  016  017  019  025  018  007  000  002  008  004 
 057  044  029  026  026  022  019  018  018  025  019  016  012  017  016  014 
 045  035  029  020  018  018  014  008  002  013  012  022  024  023  016  015 
 017  018  019  008  010  012  012  006  000  014  009  016  018  012  008  008 
 006  012  014  002  006  009  010  009  006  016  017  005  006  006  006  008 

Celda54

 031  031  023  016  013  006  000  000  000  000  000  000  001  004  003  006 
 029  028  016  013  013  013  011  008  005  003  003  000  000  000  000  000 
 020  014  002  000  002  002  008  017  024  026  022  014  007  006  004  004 
 015  012  000  000  001  000  005  008  016  020  018  015  014  017  017  019 
 005  002  000  000  000  006  010  002  000  000  000  000  008  023  020  016 
 000  000  000  000  005  015  011  000  000  000  000  000  008  019  006  002 
 008  000  000  000  010  025  014  000  000  001  008  012  016  016  001  000 
 026  006  000  000  014  032  017  002  000  009  008  010  016  012  002  000 
 044  019  000  002  027  037  017  005  008  012  006  002  005  000  000  000 
 047  029  003  006  025  021  012  003  006  008  002  000  000  000  000  000 
 030  030  024  022  018  010  012  012  002  000  000  000  000  000  000  000 
 008  020  032  032  015  004  010  016  006  000  000  000  000  000  000  000 
 005  002  021  031  023  010  005  008  008  006  006  000  000  000  000  000 
 012  002  002  023  037  029  011  006  006  011  012  005  009  014  012  008 
 007  007  007  008  032  043  020  002  012  016  010  004  000  000  000  002 
 008  012  017  014  004  032  036  020  013  011  004  000  000  000  002  000 

Celda55

 007  016  015  000  000  004  015  006  002  000  000  000  000  023  066  000 
 000  013  024  010  000  004  010  000  000  000  000  000  000  026  069  002 
 000  002  021  016  004  007  011  000  000  000  000  004  006  036  072  006 
 018  016  021  008  002  006  017  011  006  014  017  019  014  036  068  006 
 017  024  035  024  010  000  018  020  008  009  017  019  016  034  066  007 
 005  018  025  020  020  020  020  012  010  012  014  010  010  028  059  003 
 001  012  012  006  014  024  030  022  002  005  021  024  005  018  052  001 
 000  012  011  002  002  004  011  013  014  004  014  024  010  026  057  000 
 000  011  006  000  000  000  006  000  000  004  001  002  000  037  074  000 
 002  009  000  000  000  000  006  002  000  000  000  000  000  043  092  000 
 002  005  000  000  000  000  002  000  000  004  000  000  000  048  102  000 
 001  003  000  000  000  000  000  000  000  006  002  000  012  076  117  015 
 000  004  000  004  010  013  012  012  010  016  013  010  023  073  102  010 
 008  019  015  016  018  022  025  024  023  028  020  012  014  051  082  000 
 006  019  008  004  004  014  016  017  015  018  012  010  003  044  082  000 
 002  008  000  000  000  008  001  006  010  011  009  012  011  048  092  009 

Celda56

 000  000  000  000  004  000  000  000  000  006  013  015  013  013  011  007 
 001  002  000  000  000  000  000  002  000  002  006  007  015  025  022  015 
 002  004  004  000  000  001  008  008  005  006  003  000  010  023  016  014 
 002  003  004  004  009  010  013  013  010  009  001  000  010  020  004  002 
 000  000  000  000  008  012  013  019  012  004  001  001  002  017  012  000 
 000  000  000  000  000  003  012  020  009  004  004  004  006  008  012  000 
 000  000  000  001  000  006  011  010  000  000  002  002  000  000  007  000 
 000  000  000  000  003  011  008  002  000  000  003  002  000  000  004  007 
 000  000  000  000  002  006  002  000  000  000  006  006  000  000  004  010 
 001  002  002  004  005  004  000  000  000  000  014  020  014  015  014  010 
 000  000  002  006  009  006  004  006  008  011  023  027  018  020  017  011 
 000  000  000  002  006  008  017  019  020  016  015  017  011  008  012  012 
 000  000  000  004  012  019  030  024  022  017  008  010  012  004  005  008 
 006  014  032  043  056  061  061  048  046  047  044  038  040  040  036  038 
 011  026  056  075  088  087  080  071  072  076  078  077  078  079  073  073 
 000  000  000  000  009  009  005  000  000  000  000  000  002  008  006  005 

Celda57

 000  000  008  013  000  000  015  035  033  029  028  018  014  016  013  008 
 009  008  006  004  000  004  026  027  014  010  012  009  005  010  016  018 
 008  008  009  006  003  017  027  013  007  009  008  008  012  009  007  011 
 002  002  000  004  006  017  019  007  006  010  007  006  015  012  000  000 
 000  000  004  000  002  013  019  014  011  010  008  009  015  008  000  000 
 000  000  004  008  004  015  028  025  014  009  012  015  015  003  000  000 
 000  005  004  009  010  019  028  016  000  002  011  016  015  008  009  011 
 004  008  010  020  026  027  019  005  000  006  009  012  012  008  009  010 
 005  000  008  030  037  027  008  000  002  010  008  008  015  011  000  004 
 000  000  014  031  029  012  005  002  005  008  000  002  016  020  007  004 
 005  000  020  030  019  000  000  000  007  007  002  002  019  026  019  012 
 012  012  029  031  017  000  000  000  006  004  006  021  039  044  031  011 
 012  016  023  022  014  000  000  000  006  004  007  022  031  032  015  004 
 044  046  042  045  037  024  024  028  031  034  045  050  046  038  020  020 
 078  074  072  076  070  064  066  066  067  075  083  078  069  058  046  053 
 005  000  000  005  003  000  000  000  001  010  015  010  007  004  000  008 

Celda58

 006  002  000  000  000  000  000  002  007  008  006  004  002  011  033  042 
 018  013  003  000  000  000  002  005  002  004  004  001  000  003  036  045 
 014  010  004  003  006  007  004  000  000  001  005  004  000  000  036  056 
 001  000  000  008  010  007  002  000  001  002  007  006  000  000  034  063 
 000  000  000  012  017  013  006  002  000  000  003  002  000  000  036  064 
 000  000  001  011  012  016  014  008  000  000  000  000  000  000  037  062 
 012  014  012  011  007  010  014  012  005  000  000  000  000  000  028  060 
 013  014  012  006  006  006  012  014  012  006  000  000  006  002  010  055 
 007  004  003  000  003  005  012  018  019  014  006  008  018  021  012  044 
 007  003  001  000  004  016  011  016  020  019  015  015  020  023  024  049 
 003  000  000  009  021  025  008  008  011  014  016  016  017  021  026  052 
 002  002  010  025  026  012  000  000  002  008  016  020  022  026  027  047 
 007  018  035  031  013  000  000  000  001  008  017  025  028  022  013  028 
 040  056  055  038  024  018  022  029  034  037  043  051  056  056  052  069 
 069  069  054  046  044  049  056  066  063  064  066  070  078  090  102  120 
 018  015  001  000  000  000  000  006  001  000  000  000  000  000  000  015 

Celda59

 039  014  000  000  010  026  020  016  004  000  004  016  022  023  016  013 
 034  006  000  000  018  027  022  010  001  002  008  013  019  024  024  022 
 040  005  000  000  026  035  021  002  000  003  005  010  022  028  019  016 
 044  006  000  001  032  036  010  000  001  008  006  003  018  028  024  018 
 040  001  000  006  038  034  006  000  002  012  006  000  009  020  023  019 
 034  000  000  014  046  036  006  000  000  011  012  003  007  012  014  009 
 036  000  000  022  052  036  010  000  000  009  018  014  015  010  002  000 
 042  000  000  028  050  030  015  011  004  013  020  017  013  003  000  000 
 042  002  000  040  045  020  018  022  011  006  013  016  010  000  000  003 
 038  006  018  052  047  021  021  028  015  005  010  012  008  004  002  002 
 042  019  034  058  043  021  030  037  020  012  020  014  000  005  012  003 
 033  015  036  056  038  023  036  033  014  018  029  018  012  006  017  004 
 015  005  031  053  035  023  030  018  009  025  030  012  011  007  011  000 
 056  049  077  093  068  053  054  046  047  056  047  028  028  028  027  019 
 105  100  122  127  099  083  083  081  081  077  064  054  055  058  058  057 
 004  000  022  033  015  004  008  011  011  007  002  000  000  000  000  000 

Celda60

 016  012  003  000  000  002  000  000  000  011  008  004  000  000  005  006 
 029  030  024  012  004  000  000  000  015  026  015  006  000  006  020  010 
 018  023  024  020  012  002  000  003  022  020  003  000  004  026  026  012 
 004  000  004  012  013  006  000  006  022  010  000  000  006  023  009  002 
 003  000  000  000  000  000  004  009  014  005  000  000  002  008  003  000 
 000  000  002  000  000  000  004  008  002  000  000  000  006  004  000  000 
 000  004  005  000  000  000  010  007  002  000  000  000  012  002  000  000 
 004  017  007  000  000  004  011  001  002  000  002  006  013  000  000  000 
 010  015  001  000  000  006  010  000  000  007  014  018  012  004  001  000 
 003  006  000  000  002  011  000  000  004  008  019  018  015  010  010  012 
 000  000  000  000  010  012  006  000  010  015  010  005  008  010  012  014 
 000  000  000  009  022  008  007  008  004  017  013  004  000  002  003  002 
 000  000  014  025  021  006  000  011  016  013  008  006  000  000  000  000 
 023  036  054  054  046  034  030  036  045  046  035  030  032  034  039  040 
 062  077  081  073  072  069  065  067  073  070  069  067  077  076  075  076 
 000  012  012  002  000  000  000  004  008  000  000  000  012  007  000  000 

Celda61

 001  009  015  008  000  000  000  002  006  017  020  004  004  006  008  012 
 002  004  014  012  004  000  000  000  000  011  020  006  006  003  002  003 
 005  000  010  012  006  000  000  000  000  010  022  004  008  006  002  000 
 004  001  006  013  007  000  000  003  001  004  028  006  008  012  010  006 
 000  000  002  014  010  000  000  000  000  000  030  016  000  007  006  002 
 000  000  000  012  010  000  000  000  000  000  027  024  002  000  000  000 
 000  000  000  005  007  000  000  000  000  000  016  027  009  000  000  000 
 000  000  001  000  000  000  000  000  000  000  003  027  014  000  000  000 
 003  002  002  002  000  000  000  003  000  000  000  025  018  000  000  000 
 012  005  000  000  000  000  000  002  000  000  000  022  018  000  000  000 
 010  002  000  000  000  000  000  000  000  000  000  016  018  000  000  000 
 000  002  004  000  000  000  000  002  000  002  000  008  020  000  006  003 
 002  012  020  012  000  000  000  004  003  000  000  000  024  009  003  000 
 044  051  050  044  037  040  048  048  046  044  048  046  066  054  042  048 
 077  077  072  074  081  088  092  092  093  094  098  100  114  102  090  099 
 001  003  000  000  000  001  000  000  002  000  000  000  015  010  000  000 

Celda62

 014  015  019  022  012  002  033  036  028  020  007  000  000  000  007  008 
 003  004  014  014  019  012  012  034  040  034  016  000  004  006  007  008 
 000  000  010  005  014  022  014  014  037  044  028  007  006  008  001  000 
 007  010  017  010  014  020  020  008  018  040  038  024  008  000  000  000 
 004  009  015  011  010  012  014  012  002  020  034  038  025  000  002  006 
 000  000  004  002  000  004  006  008  009  000  014  038  040  012  000  004 
 000  002  005  002  000  000  000  002  006  007  000  021  038  022  010  012 
 000  003  003  000  000  000  000  000  000  002  008  000  019  016  016  025 
 004  006  000  000  000  000  000  000  000  006  002  010  007  001  010  028 
 012  008  000  000  000  000  000  000  000  010  002  004  010  010  001  014 
 010  004  000  000  003  000  003  007  007  006  006  000  000  000  002  000 
 000  000  000  004  010  004  002  004  007  006  004  000  000  000  000  000 
 000  000  004  014  014  004  001  000  002  004  004  002  002  003  006  011 
 054  057  057  063  058  048  049  050  052  055  055  054  058  062  062  066 
 110  113  108  109  106  095  099  102  104  104  103  104  112  111  109  111 
 002  000  000  006  011  001  000  000  001  000  000  000  006  002  000  000 

Celda63

 001  000  000  000  003  007  002  003  008  010  016  018  022  057  098  012 
 000  000  000  001  010  010  006  006  005  012  025  023  024  050  086  005 
 000  000  000  004  015  016  013  007  006  017  027  018  012  031  069  000 
 004  004  008  016  028  026  017  006  006  016  017  002  000  019  064  000 
 015  008  010  019  028  021  009  000  000  010  009  000  000  019  065  000 
 007  001  004  012  017  008  000  000  000  005  002  000  000  024  070  000 
 010  003  000  002  010  008  000  000  000  000  000  000  000  034  079  006 
 021  008  000  000  004  010  006  000  000  000  002  004  004  041  080  002 
 032  012  000  000  000  010  010  007  004  005  009  008  004  042  080  000 
 030  017  000  000  001  009  003  003  012  018  018  008  000  040  084  000 
 012  017  004  002  021  020  007  000  010  023  018  002  000  046  092  000 
 000  010  022  024  022  007  000  000  004  018  010  000  000  054  101  000 
 012  006  022  030  022  004  000  000  000  008  000  000  000  062  110  000 
 072  072  077  066  044  028  028  034  037  038  034  038  051  109  145  031 
 116  120  122  112  098  090  088  096  102  108  108  114  126  161  172  071 
 000  000  001  000  000  000  001  000  000  003  000  004  011  044  071  000 

