Celda0

 000  000  000  000  000  000  000  002  004  002  000  000  001  005  004  001 
 000  000  000  000  000  000  000  003  010  006  000  000  002  012  009  002 
 000  000  000  000  000  000  000  002  018  014  000  000  004  026  017  002 
 000  000  000  000  000  000  000  000  020  017  000  000  006  033  018  000 
 000  000  002  002  005  009  011  010  026  023  008  013  022  042  019  000 
 000  000  000  000  005  014  019  016  029  024  010  012  019  027  009  000 
 000  000  000  000  008  008  016  014  018  011  000  000  005  010  008  002 
 000  000  000  000  016  000  002  001  005  006  000  000  010  012  011  007 
 000  000  000  000  020  000  000  000  000  002  000  000  016  022  014  004 
 000  000  000  000  024  000  000  000  000  000  000  000  021  030  016  004 
 000  000  000  000  024  000  000  000  000  000  000  000  020  030  018  008 
 000  000  000  000  021  000  000  002  005  000  000  000  012  025  024  018 
 000  000  000  000  014  004  000  006  008  006  006  006  000  020  034  033 
 000  000  000  000  010  010  004  007  004  004  010  016  015  028  047  046 
 001  002  004  003  012  025  012  009  002  002  010  018  022  033  051  050 
 001  002  005  006  015  034  019  015  008  004  010  011  016  026  042  043 

Celda1

 001  001  000  000  000  000  000  003  002  000  002  002  000  000  000  000 
 002  003  000  000  000  000  000  006  004  002  005  005  001  000  000  000 
 003  007  002  000  000  000  000  008  004  006  012  011  004  000  000  000 
 002  011  006  000  000  000  002  006  003  012  020  016  006  000  000  000 
 002  015  010  004  006  008  009  011  011  017  023  018  008  002  002  000 
 002  015  009  001  011  018  018  020  017  010  014  018  008  000  000  000 
 006  009  008  000  013  022  021  017  009  004  004  012  006  000  000  000 
 003  003  007  015  016  012  008  002  000  001  006  007  000  000  000  004 
 001  003  016  026  016  004  000  000  000  007  013  008  004  004  008  010 
 006  012  023  025  006  000  000  000  008  012  009  003  002  002  003  002 
 013  020  025  019  000  000  000  000  015  011  003  000  000  000  000  000 
 018  020  020  011  000  000  000  006  019  008  000  000  000  000  000  000 
 026  017  016  009  000  000  006  017  020  005  000  000  000  000  000  000 
 033  022  013  002  000  007  017  016  009  000  000  002  009  010  006  004 
 035  020  011  005  004  011  019  015  002  000  002  006  009  016  018  012 
 028  010  004  002  006  016  014  012  006  000  003  012  012  012  017  014 

Celda2

 000  000  000  000  000  000  000  000  000  001  003  000  000  001  000  000 
 000  000  000  000  000  000  000  000  000  002  006  000  000  003  000  000 
 000  000  000  000  000  000  000  000  000  003  011  000  000  009  002  000 
 000  000  000  000  000  000  000  000  000  000  010  000  000  014  008  000 
 000  000  000  000  000  000  000  000  000  000  006  000  000  013  012  000 
 000  000  000  000  004  004  002  002  005  007  013  008  006  007  016  010 
 000  000  000  000  008  010  005  002  005  008  018  012  007  002  020  014 
 006  004  000  004  003  005  004  004  006  010  028  020  018  008  020  014 
 010  008  006  005  002  001  007  011  013  019  038  026  026  014  012  016 
 002  005  008  002  000  000  008  014  015  017  033  017  014  006  002  020 
 000  002  003  000  000  006  000  003  002  001  021  004  000  000  000  020 
 000  004  000  000  000  006  002  000  000  000  022  006  000  000  000  020 
 000  000  000  000  000  004  000  000  000  001  022  008  000  000  002  027 
 000  000  000  000  004  003  000  000  000  000  020  012  000  004  002  026 
 004  002  002  004  004  000  000  004  007  004  016  014  000  006  006  026 
 008  007  006  006  001  000  000  006  010  012  017  013  002  007  009  025 

Celda3

 002  002  002  002  002  002  001  001  002  000  000  000  001  001  000  000 
 003  005  006  005  005  004  004  004  004  000  000  000  002  002  000  000 
 004  012  013  010  010  010  010  009  006  000  000  000  004  005  000  000 
 003  017  019  012  010  016  019  014  006  000  000  000  004  006  000  000 
 003  018  022  012  009  022  033  026  011  004  001  000  002  002  000  000 
 009  021  024  013  012  027  033  021  006  006  008  006  000  000  000  000 
 007  020  025  014  015  024  024  016  005  005  013  015  008  000  000  000 
 002  015  025  020  022  027  022  014  010  014  017  013  008  000  000  000 
 002  013  028  023  023  030  028  021  018  018  009  000  000  000  000  002 
 006  010  030  026  018  022  023  016  012  008  000  000  000  000  000  020 
 010  011  031  028  014  017  020  010  002  001  000  000  000  000  007  040 
 016  021  034  022  009  014  020  010  000  000  000  000  000  000  043  045 
 032  030  028  014  007  012  016  009  000  000  000  000  000  022  052  029 
 034  018  009  012  010  014  012  006  000  000  000  000  000  027  032  010 
 038  010  000  014  018  011  008  002  000  000  000  000  006  024  023  010 
 046  018  006  007  023  015  006  000  000  000  000  000  013  026  027  023 

Celda4

 000  000  001  003  002  000  000  000  003  001  000  000  000  001  003  000 
 000  000  002  008  006  000  000  000  006  002  000  000  000  001  006  000 
 000  000  005  016  011  002  000  000  010  006  000  000  000  000  010  000 
 000  000  010  016  010  002  000  002  012  009  000  000  000  000  006  002 
 000  000  021  013  002  002  001  004  011  013  011  013  012  010  004  004 
 000  003  012  004  000  001  004  004  007  014  014  005  000  000  000  004 
 000  013  011  003  001  001  005  003  001  009  012  004  000  000  000  002 
 008  018  014  011  008  007  008  002  000  000  006  001  000  000  000  000 
 021  020  013  012  012  015  014  010  004  000  000  002  000  005  007  000 
 033  023  012  011  014  021  016  012  006  002  000  007  023  023  013  001 
 034  020  011  012  016  018  011  009  008  008  006  018  033  016  008  000 
 022  013  009  008  007  006  002  004  008  010  012  024  034  010  008  010 
 006  003  002  000  000  002  000  000  002  006  011  023  033  014  015  018 
 000  000  000  000  000  002  002  001  002  002  004  013  018  006  006  013 
 000  001  000  000  000  006  005  002  002  000  000  002  010  012  000  012 
 014  007  001  001  006  005  002  000  000  004  002  000  003  023  020  016 

Celda5

 000  000  000  000  000  002  002  001  001  003  004  003  002  002  001  000 
 000  000  000  000  000  002  004  003  003  008  010  006  006  007  004  000 
 000  000  000  000  000  000  002  006  006  016  019  013  015  020  012  000 
 000  000  000  000  000  000  000  002  004  016  020  016  022  028  022  008 
 003  004  006  018  036  050  054  044  028  014  009  011  019  026  024  019 
 000  000  000  011  026  044  060  064  058  050  041  026  013  016  020  022 
 000  000  002  017  028  027  027  032  041  054  067  070  063  050  037  022 
 000  001  008  017  021  006  000  000  012  039  054  062  075  077  065  045 
 000  000  014  027  011  000  000  000  005  019  023  022  033  046  056  056 
 000  000  016  036  010  000  000  008  003  009  020  020  016  012  019  030 
 000  006  026  035  008  000  000  010  000  000  014  025  022  014  001  000 
 013  023  043  037  009  002  001  008  000  000  008  026  023  012  000  000 
 022  039  046  032  019  013  007  013  011  009  004  021  019  006  000  000 
 018  036  033  020  020  020  015  023  026  019  012  009  012  006  000  000 
 020  029  017  004  004  008  012  027  031  018  011  000  007  009  004  000 
 018  014  000  000  000  000  000  021  025  010  008  002  004  011  006  000 

Celda6

 000  000  001  000  000  000  000  000  000  001  001  000  000  000  000  001 
 000  000  000  000  000  000  000  000  000  002  002  000  000  000  000  003 
 000  000  000  000  000  002  000  000  000  006  006  000  000  000  002  008 
 000  000  000  000  000  004  000  000  000  008  010  000  000  000  002  010 
 014  006  000  008  013  021  016  016  016  019  020  013  014  016  013  012 
 022  014  005  001  004  008  003  007  012  011  005  001  002  000  000  002 
 012  012  010  007  009  008  000  000  000  004  001  000  004  004  000  008 
 023  004  006  008  010  008  000  000  006  002  000  000  006  008  010  015 
 046  027  007  004  010  007  002  004  008  000  000  000  008  012  010  010 
 036  034  028  020  010  002  005  009  004  000  000  000  004  013  012  010 
 004  014  026  034  032  022  012  003  000  000  000  000  002  007  005  009 
 000  000  000  008  020  028  029  025  017  008  000  000  000  000  000  006 
 000  000  000  010  004  008  020  030  046  056  052  034  014  000  000  004 
 000  000  000  012  012  008  006  009  020  038  051  056  052  042  030  018 
 000  001  007  017  008  006  006  010  014  002  000  023  044  060  068  064 
 000  006  025  028  016  008  000  001  008  010  008  001  006  023  041  052 

Celda7

 001  001  001  000  000  000  000  000  000  000  000  000  001  006  011  000 
 004  003  002  000  000  000  000  000  000  000  000  000  002  014  028  000 
 010  006  002  000  000  000  000  000  000  000  000  000  001  032  064  000 
 014  006  001  000  000  000  000  000  000  000  000  000  000  044  088  000 
 010  006  002  001  002  004  008  010  012  013  012  008  007  056  102  007 
 008  011  011  005  002  003  010  017  018  016  009  002  000  048  096  000 
 020  026  018  008  004  007  012  014  012  009  004  000  000  048  100  000 
 022  022  007  004  009  016  019  017  014  012  010  006  004  051  100  000 
 013  012  002  008  015  023  020  021  022  022  018  014  010  050  097  000 
 016  017  012  010  017  017  012  016  020  018  014  012  008  041  094  000 
 020  022  022  019  010  002  000  000  000  002  005  006  006  040  095  003 
 018  021  024  028  018  006  002  002  000  000  000  005  009  048  102  012 
 011  014  020  026  022  014  008  007  004  000  000  004  014  053  097  009 
 004  003  010  017  021  019  013  010  007  000  000  000  000  039  082  001 
 048  028  008  004  012  016  013  006  003  002  005  012  006  038  082  000 
 057  056  052  044  027  006  005  000  000  000  008  016  012  049  092  000 

Celda8

 000  000  002  005  014  034  019  013  011  005  006  004  006  013  024  032 
 000  000  002  006  011  026  014  000  006  004  003  007  007  002  013  030 
 002  004  010  014  010  016  015  000  004  004  002  013  008  000  004  028 
 004  009  019  023  014  004  017  004  010  006  000  013  004  000  000  027 
 002  006  012  016  010  000  020  012  011  010  001  010  004  000  000  027 
 000  000  000  000  000  000  018  024  000  012  008  004  006  000  000  024 
 000  000  000  000  000  000  009  031  004  005  008  002  008  002  003  017 
 000  000  000  000  000  000  000  026  015  000  000  001  010  004  008  015 
 000  000  000  000  000  004  002  012  015  000  000  000  008  001  004  008 
 000  000  000  000  008  014  012  000  010  010  000  002  002  004  000  003 
 000  000  000  000  006  012  010  002  006  018  000  000  000  002  002  004 
 000  000  000  000  000  000  006  006  000  019  004  000  000  000  008  006 
 000  000  000  000  008  000  002  010  004  010  008  000  000  002  013  008 
 000  000  000  000  009  007  000  004  003  000  010  001  002  006  011  006 
 000  000  000  000  006  007  000  000  000  000  008  015  001  001  002  008 
 000  000  000  000  005  003  000  000  000  000  004  024  010  000  000  010 

Celda9

 023  004  000  000  006  010  000  000  000  000  000  013  015  005  005  008 
 026  002  000  000  008  008  000  000  000  000  000  006  015  012  000  000 
 027  000  000  000  006  004  000  000  000  000  000  000  007  018  013  000 
 027  001  000  002  009  004  000  000  002  000  000  001  000  013  021  001 
 028  005  000  005  014  009  006  000  000  000  000  010  010  000  015  008 
 028  006  000  006  013  007  006  004  002  005  013  014  017  010  000  008 
 022  003  002  014  016  002  000  000  004  018  022  015  014  013  004  000 
 015  000  000  015  014  000  000  000  008  012  009  001  002  004  005  000 
 010  000  001  010  004  000  000  004  010  011  010  002  000  000  000  000 
 008  000  000  006  000  000  000  008  004  002  008  004  000  000  000  000 
 006  000  000  002  000  000  004  013  002  000  000  000  000  000  000  000 
 000  000  000  001  000  000  008  010  000  000  000  000  000  000  000  000 
 000  000  000  002  002  002  004  001  000  000  000  000  000  003  013  015 
 004  006  003  007  014  010  002  000  000  000  001  002  006  009  018  017 
 002  008  009  012  018  010  010  013  016  016  018  016  014  014  016  008 
 010  000  000  007  017  012  012  016  015  014  014  015  015  017  013  003 

Celda10

 011  012  011  008  006  002  002  006  011  012  013  017  012  016  012  014 
 006  008  010  008  005  002  004  011  012  012  010  027  030  025  014  000 
 000  000  003  008  004  002  004  006  000  002  006  032  031  016  009  002 
 000  000  008  004  004  000  000  001  000  000  004  026  016  000  000  000 
 000  000  010  000  000  000  000  000  000  000  007  023  011  000  000  000 
 005  004  004  000  000  000  000  000  000  000  010  020  003  000  000  000 
 008  006  000  000  000  000  000  004  001  000  012  021  000  000  000  000 
 002  007  001  000  000  004  004  004  002  000  014  024  000  000  000  000 
 000  010  006  000  002  012  008  002  000  002  023  028  002  000  002  002 
 000  011  014  001  011  023  015  012  012  010  025  019  000  001  008  014 
 000  008  020  012  018  024  017  013  014  012  017  010  000  000  004  012 
 003  000  018  024  015  010  008  000  000  000  012  005  000  000  000  004 
 014  004  008  026  017  008  008  000  000  000  014  002  000  000  002  004 
 016  012  006  020  012  003  008  000  000  000  020  002  000  000  010  009 
 008  014  013  020  013  005  009  000  000  000  017  001  000  000  016  010 
 002  010  010  007  013  017  019  011  006  006  015  000  000  000  016  013 

Celda11

 047  029  015  000  019  026  014  002  000  000  000  005  025  033  032  026 
 052  033  008  000  005  036  029  002  000  000  000  013  029  032  023  016 
 050  040  000  003  000  034  039  008  000  000  002  013  021  020  010  008 
 042  042  000  010  010  015  034  014  000  000  002  005  016  021  010  002 
 030  044  006  002  012  002  019  018  005  004  003  002  011  018  014  006 
 018  044  018  000  000  000  006  019  014  004  000  004  014  014  012  010 
 006  042  024  000  000  000  002  022  019  000  000  010  024  016  005  008 
 000  038  032  000  000  000  000  023  020  000  000  018  032  022  011  006 
 000  033  038  004  000  000  000  018  018  006  008  025  028  021  013  012 
 013  022  040  010  000  000  000  010  016  015  018  019  018  020  016  011 
 016  017  046  032  018  014  008  009  018  020  018  016  017  020  017  008 
 012  011  052  047  024  024  019  017  031  031  021  015  014  016  016  014 
 010  006  038  038  000  008  015  017  030  029  022  020  016  010  012  016 
 009  002  022  036  008  000  000  003  011  017  014  013  016  024  035  034 
 002  002  004  028  018  006  002  000  006  017  016  010  011  024  032  022 
 000  000  000  024  026  016  008  004  002  015  016  011  014  022  020  006 

Celda12

 012  008  006  005  003  000  002  004  006  007  004  000  000  030  030  009 
 005  002  006  006  003  003  010  011  008  005  002  003  006  033  026  006 
 006  000  000  001  004  007  011  005  000  000  000  006  018  037  020  000 
 002  000  000  002  002  003  002  000  000  000  003  010  027  039  023  012 
 000  000  006  006  000  000  000  000  000  000  002  017  036  040  019  012 
 002  000  007  006  001  000  000  000  000  000  005  029  042  030  008  002 
 006  004  006  004  004  004  000  000  000  000  016  035  031  004  000  000 
 002  006  005  003  007  006  000  000  006  012  022  027  016  000  000  000 
 012  014  010  005  006  006  002  009  016  015  016  016  007  000  000  000 
 016  023  020  012  001  004  008  012  009  002  004  012  002  000  000  000 
 007  009  006  008  006  002  008  009  002  000  006  014  001  000  000  000 
 006  002  002  000  010  016  007  000  000  002  012  015  001  000  000  000 
 008  000  004  007  010  014  016  009  000  004  013  012  002  000  000  000 
 018  010  010  011  014  012  012  017  018  013  012  006  000  000  003  011 
 011  012  012  013  018  015  010  016  020  020  024  021  013  005  004  012 
 000  004  002  003  009  011  008  013  016  019  030  027  024  018  011  003 

Celda13

 002  000  000  000  004  000  000  016  020  001  005  006  008  013  004  000 
 000  000  000  000  007  002  000  013  022  000  000  006  010  008  000  000 
 000  000  000  002  015  004  000  006  021  002  000  004  007  001  000  004 
 006  004  003  005  019  006  000  000  017  011  000  004  006  003  003  022 
 008  006  010  013  017  004  006  004  008  016  006  006  006  006  011  034 
 000  004  015  022  014  008  012  014  006  014  016  011  006  008  020  034 
 000  007  021  016  012  006  006  008  002  008  022  012  004  008  023  025 
 000  012  018  000  000  000  000  000  000  002  026  018  000  000  015  011 
 000  012  016  000  000  000  001  000  000  000  026  020  000  002  018  009 
 000  006  008  000  000  000  002  000  000  002  022  018  000  002  018  006 
 000  001  000  000  000  000  004  004  006  003  014  018  000  002  014  000 
 003  002  000  000  000  006  015  011  008  000  006  022  009  003  002  000 
 004  001  000  004  007  012  013  007  008  006  000  025  016  000  000  000 
 015  008  004  005  008  007  005  002  002  008  003  020  016  000  000  000 
 013  014  017  014  003  000  003  006  000  000  000  011  013  002  000  001 
 003  001  009  012  012  008  000  000  000  000  000  004  010  006  003  006 

Celda14

 000  019  037  026  017  012  006  000  001  012  014  004  000  002  004  012 
 011  035  039  021  018  013  010  009  006  010  012  000  000  005  012  004 
 025  034  028  013  014  014  015  016  012  002  006  000  000  005  014  006 
 030  022  016  006  005  011  014  012  008  002  000  002  000  002  010  005 
 028  015  011  006  000  002  002  000  001  004  003  000  000  000  003  003 
 019  007  005  003  000  000  000  000  002  008  005  000  000  000  000  000 
 002  000  000  000  000  000  000  000  002  006  004  004  006  009  008  000 
 000  000  000  002  000  000  000  001  007  004  008  012  015  014  016  014 
 000  000  000  009  006  000  000  009  013  008  014  017  014  012  015  017 
 000  000  000  012  011  002  009  021  020  013  014  010  004  001  002  006 
 000  000  000  013  013  010  012  014  012  006  002  000  000  000  000  000 
 000  000  002  017  014  006  008  010  006  000  000  000  000  002  002  000 
 000  004  007  015  011  005  008  007  002  000  000  000  000  008  011  010 
 005  014  016  015  005  008  014  007  000  000  000  002  007  016  008  003 
 007  011  011  012  011  013  012  004  002  006  006  008  009  003  000  002 
 011  007  002  002  000  000  004  006  004  000  002  002  000  000  000  000 

Celda15

 026  040  054  066  068  055  037  026  018  009  000  008  011  056  102  000 
 004  008  015  027  040  050  054  062  071  068  050  029  010  052  107  000 
 000  000  000  008  000  003  016  037  048  063  069  068  062  080  124  017 
 000  000  000  003  000  000  000  014  011  000  027  052  066  087  133  044 
 000  000  000  000  000  002  004  006  006  006  011  010  017  053  100  030 
 000  000  000  000  002  008  004  000  000  003  020  025  012  031  066  000 
 000  000  000  000  004  004  000  000  000  000  009  022  017  040  074  000 
 009  008  012  013  009  002  000  000  002  004  006  003  005  043  086  000 
 016  016  022  018  018  016  012  007  005  006  004  003  000  040  096  000 
 008  008  013  010  013  014  011  005  000  004  000  000  002  044  102  004 
 000  000  004  002  000  004  008  006  004  000  000  000  000  044  101  006 
 006  010  007  006  009  012  016  016  012  010  006  003  002  050  102  006 
 015  014  010  017  027  021  016  010  006  006  008  011  012  058  107  009 
 002  000  000  013  020  006  002  000  000  000  000  002  005  050  098  001 
 000  000  000  010  012  000  000  000  000  000  003  000  000  046  096  000 
 000  000  000  000  003  000  000  000  000  000  005  000  000  048  098  000 

Celda16

 000  000  000  000  005  000  000  000  011  016  008  022  015  000  000  007 
 002  004  006  006  007  000  000  003  009  018  016  014  017  002  007  005 
 001  001  000  000  003  002  002  005  000  005  008  001  016  008  002  002 
 000  000  000  000  008  002  006  005  001  002  002  000  014  016  000  003 
 000  000  000  000  016  007  004  002  000  002  003  000  008  026  009  006 
 000  000  000  000  022  012  000  000  000  000  007  010  002  029  018  004 
 000  000  002  002  022  012  000  000  000  003  011  022  021  027  021  004 
 000  000  001  002  020  008  000  000  002  005  006  018  022  015  017  009 
 000  000  000  003  025  010  002  000  000  005  006  000  006  002  011  016 
 000  000  002  006  029  008  003  000  000  002  012  002  000  001  005  019 
 000  001  004  006  019  000  000  000  000  002  016  012  010  010  000  012 
 000  000  001  000  009  000  000  000  000  007  023  018  008  010  000  000 
 001  002  001  000  002  000  000  000  000  014  018  010  000  000  000  000 
 004  007  008  000  000  000  000  000  004  016  012  005  002  000  000  000 
 002  004  004  000  000  000  000  000  004  014  006  002  006  000  000  002 
 000  000  000  000  000  000  000  000  004  010  002  002  010  004  006  009 

Celda17

 012  001  000  016  026  019  014  011  011  010  008  008  011  015  010  006 
 006  004  011  029  029  019  014  014  016  013  007  004  013  013  008  006 
 002  011  025  028  018  010  012  016  016  012  008  007  014  007  003  002 
 003  022  032  020  006  006  012  014  008  009  010  010  008  000  000  000 
 004  024  028  008  000  005  018  016  000  004  010  010  006  000  000  000 
 006  018  022  004  000  005  016  014  000  000  004  008  007  004  000  000 
 006  007  017  010  001  004  010  008  000  000  000  000  000  000  000  000 
 004  002  008  012  007  004  006  008  004  000  000  000  000  000  000  006 
 003  002  000  010  012  006  004  009  010  000  000  000  000  001  006  011 
 006  000  000  010  024  019  006  006  012  002  000  002  008  011  011  009 
 012  000  000  015  035  021  010  009  013  000  000  002  006  012  014  016 
 017  010  000  008  028  017  000  011  013  004  000  004  009  013  021  025 
 016  024  004  000  017  023  014  008  002  000  000  004  016  016  017  010 
 011  030  013  000  006  026  028  011  000  000  000  006  020  016  010  001 
 002  030  022  000  000  022  035  014  000  000  000  010  022  016  008  002 
 004  025  028  005  000  012  037  020  000  003  007  010  020  018  008  002 

Celda18

 004  008  012  006  014  018  010  005  002  002  016  006  001  000  010  012 
 004  006  012  013  009  018  007  000  000  001  013  000  000  000  004  010 
 000  000  004  008  004  012  008  000  000  000  014  000  000  000  001  011 
 000  002  004  010  010  007  006  000  000  000  013  000  003  003  001  018 
 000  010  012  012  014  014  011  005  004  006  021  008  008  006  004  022 
 006  016  009  004  006  011  012  006  002  007  024  008  006  005  006  023 
 010  011  000  000  001  006  007  004  000  006  022  006  007  008  009  025 
 011  007  002  005  005  004  001  000  000  006  028  002  009  013  014  030 
 009  013  015  013  009  002  000  000  004  012  036  011  012  015  016  033 
 010  021  018  010  007  004  001  000  006  019  039  014  010  010  011  033 
 019  018  004  000  002  006  007  004  002  007  025  008  005  006  005  027 
 018  004  000  000  000  006  008  004  001  002  024  016  006  008  004  020 
 004  000  000  000  002  005  004  002  004  005  026  029  008  006  000  016 
 000  000  000  000  004  000  000  002  006  006  029  038  010  004  000  014 
 000  000  000  002  000  000  000  004  007  004  029  045  014  010  001  012 
 000  002  004  004  002  000  000  006  006  002  026  043  006  008  004  011 

Celda19

 000  000  000  018  033  022  012  010  012  029  025  012  014  018  012  005 
 000  001  002  007  036  034  015  008  010  025  018  010  019  016  004  004 
 013  011  010  003  034  042  022  008  006  011  011  007  017  017  015  021 
 024  013  013  008  026  046  031  017  014  003  012  017  022  023  027  034 
 027  010  013  010  013  042  044  022  012  005  010  028  028  027  032  035 
 029  007  009  010  006  030  051  030  000  000  010  031  023  016  020  018 
 032  006  004  008  011  012  042  040  000  000  007  031  022  012  016  016 
 037  012  011  012  012  000  021  042  016  000  007  022  016  006  010  016 
 043  021  021  018  012  001  000  036  034  011  005  006  006  002  008  017 
 045  020  019  016  012  010  006  020  039  030  008  000  000  002  010  021 
 036  008  007  006  009  018  019  005  028  039  019  000  000  009  027  046 
 028  000  000  000  003  014  018  014  007  035  031  008  007  024  042  054 
 024  000  000  000  002  009  017  021  013  018  033  023  020  035  038  036 
 020  000  000  000  018  017  026  030  026  009  022  035  037  034  018  016 
 018  000  003  018  033  033  034  038  036  026  014  036  048  028  005  006 
 019  005  010  023  036  037  032  036  042  042  033  039  044  030  008  010 

Celda20

 006  007  002  000  006  014  012  000  005  007  015  010  013  021  022  012 
 008  006  000  000  004  017  016  000  000  000  006  004  000  004  016  018 
 022  014  006  000  004  016  012  000  000  000  004  004  008  009  000  006 
 032  024  018  017  022  021  003  000  000  000  000  002  010  012  003  000 
 026  020  018  016  018  011  006  004  004  004  003  000  008  009  005  002 
 006  002  008  007  003  000  000  002  006  008  008  009  009  004  004  003 
 011  002  000  000  000  000  000  000  003  010  011  014  015  012  009  002 
 018  009  000  000  000  000  000  002  012  014  016  018  018  019  016  007 
 022  014  002  002  005  002  002  014  015  012  015  014  013  014  013  009 
 026  019  015  012  000  000  003  016  007  005  008  005  004  001  002  005 
 047  034  023  006  000  000  009  010  000  003  006  003  004  000  000  000 
 044  024  007  000  000  000  012  007  001  003  002  000  000  000  000  000 
 021  004  000  000  000  000  008  008  007  005  000  000  000  000  000  000 
 016  004  000  000  000  003  008  012  010  003  000  000  000  000  000  000 
 010  004  000  000  000  000  012  019  010  000  000  000  000  000  000  000 
 012  000  000  000  001  002  010  012  000  000  000  000  000  000  000  006 

Celda21

 000  006  005  000  000  008  010  004  000  000  000  004  010  008  002  003 
 014  007  000  000  000  000  000  000  000  002  006  019  025  018  008  004 
 016  016  008  000  000  001  000  000  000  000  007  029  033  021  018  020 
 002  007  009  011  010  003  000  000  000  000  011  026  020  009  015  022 
 000  000  000  008  012  010  006  004  000  002  012  016  010  007  009  007 
 000  000  000  000  000  001  004  008  008  001  008  014  011  010  009  004 
 000  000  002  000  000  000  000  007  014  012  002  016  025  017  002  000 
 000  002  011  008  004  000  000  010  017  016  008  025  038  019  010  002 
 006  010  015  006  007  006  008  016  010  007  002  020  033  010  004  001 
 010  016  012  000  000  001  002  006  000  000  000  017  032  009  000  000 
 000  006  001  000  000  000  000  004  000  000  000  011  025  010  000  000 
 008  010  000  000  000  005  008  008  002  002  003  007  019  008  000  000 
 014  014  004  000  000  010  018  016  010  008  008  008  020  014  009  008 
 016  014  005  001  000  004  011  009  010  012  014  011  021  018  009  006 
 013  012  005  004  000  006  011  000  005  013  017  014  017  013  000  000 
 011  006  004  008  000  004  012  002  000  006  012  010  008  008  000  000 

Celda22

 008  006  002  004  002  000  000  006  010  000  000  000  000  000  000  000 
 005  002  000  000  000  000  001  008  010  000  000  000  000  000  000  000 
 023  018  012  006  001  000  004  010  006  000  000  000  000  000  013  018 
 023  023  025  026  024  020  021  025  017  012  012  011  010  018  025  020 
 008  011  017  022  023  022  022  025  016  014  016  014  010  011  012  005 
 005  006  000  000  002  004  010  013  008  009  010  008  006  003  008  006 
 000  004  002  000  000  000  006  005  000  000  000  000  000  003  008  014 
 000  000  000  000  000  007  014  010  000  000  000  000  000  003  010  019 
 000  000  000  000  000  008  023  016  000  000  000  000  006  011  010  009 
 000  003  006  008  008  004  018  014  000  002  011  009  014  016  010  002 
 002  004  004  010  016  016  006  003  000  004  016  017  012  009  004  009 
 004  002  001  004  004  005  004  002  003  001  006  012  012  016  014  002 
 006  003  001  002  000  000  000  000  004  004  004  000  000  010  019  013 
 006  007  006  003  003  004  000  000  007  006  000  002  000  000  010  011 
 000  000  000  000  002  003  006  004  002  008  004  000  004  006  004  000 
 000  000  000  000  000  000  001  010  012  013  014  006  004  000  000  000 

Celda23

 000  000  000  000  000  001  000  000  000  000  004  000  000  052  102  000 
 000  000  000  001  007  014  015  012  016  020  016  011  008  058  108  004 
 021  024  027  032  037  042  036  030  028  027  020  014  012  064  113  010 
 024  030  034  032  030  027  022  019  015  010  002  000  000  058  104  004 
 008  019  022  014  008  004  002  001  000  000  000  000  003  056  097  000 
 011  022  014  004  000  000  000  000  000  000  000  000  008  059  098  000 
 031  032  010  004  002  002  000  000  000  000  000  000  008  060  102  000 
 031  019  004  004  005  003  000  000  000  000  000  005  012  065  110  006 
 018  012  000  000  000  000  000  000  000  003  013  018  017  065  106  001 
 006  010  002  000  000  000  000  000  002  011  017  016  008  048  100  000 
 006  000  000  000  000  000  000  000  008  008  001  000  000  044  101  000 
 000  000  000  000  000  000  002  007  000  000  000  000  000  052  106  003 
 002  000  000  000  000  005  002  003  000  000  000  000  004  062  109  003 
 006  001  000  004  002  004  000  000  000  000  000  005  016  063  104  000 
 000  000  010  018  010  000  000  000  000  000  011  020  020  063  106  003 
 000  000  008  018  010  000  000  000  005  013  012  012  011  057  103  004 

Celda24

 000  000  000  000  000  000  000  000  004  008  000  004  014  008  000  008 
 000  000  000  000  006  001  004  007  009  010  002  003  014  008  000  006 
 000  000  000  000  010  012  013  018  018  015  008  004  012  008  004  014 
 000  000  000  004  022  026  021  020  018  014  009  004  008  012  017  020 
 000  000  002  008  030  028  016  010  012  012  012  008  008  021  027  028 
 000  000  001  004  021  016  008  005  006  010  014  016  012  029  034  032 
 000  000  000  000  014  014  008  002  001  003  007  009  008  027  036  030 
 002  004  005  004  013  013  010  002  000  000  000  000  000  022  028  016 
 003  006  012  014  017  008  005  004  000  000  000  000  000  019  024  012 
 003  007  013  012  006  000  002  004  000  000  000  000  000  010  014  010 
 002  004  006  005  002  002  006  005  002  006  012  010  003  000  006  011 
 000  000  000  002  007  015  016  012  012  020  022  018  011  004  003  017 
 001  002  002  006  018  023  018  016  021  028  022  020  015  010  018  037 
 001  002  006  008  019  019  014  018  023  023  014  012  012  011  023  037 
 000  002  004  004  008  012  008  010  013  009  002  002  004  007  020  031 
 000  000  001  000  002  014  011  004  000  000  000  000  002  006  017  027 

Celda25

 008  016  029  010  000  004  034  027  003  008  016  014  017  016  008  002 
 010  009  024  014  002  006  024  029  016  014  012  013  012  009  005  002 
 020  012  015  020  010  010  015  028  026  010  000  000  003  003  000  000 
 028  022  008  022  016  004  002  022  027  007  000  003  004  001  002  000 
 026  026  016  021  017  004  001  009  020  007  000  010  012  005  000  000 
 019  020  014  015  020  017  012  005  008  008  004  012  016  007  000  000 
 010  008  006  008  026  028  015  012  006  005  004  009  013  006  001  002 
 000  000  000  004  024  020  002  006  008  011  016  015  010  003  002  005 
 000  000  001  003  022  016  000  000  004  009  018  016  011  007  005  007 
 004  000  000  002  018  013  003  000  002  007  015  009  004  005  006  007 
 015  004  000  000  013  014  005  002  000  002  009  004  000  002  002  008 
 027  016  007  003  007  013  006  003  000  001  004  002  002  006  008  010 
 040  025  017  012  002  009  009  005  000  000  002  004  005  006  009  015 
 032  021  016  014  004  006  012  006  000  000  000  008  008  002  004  014 
 022  012  004  002  000  006  012  004  000  000  001  007  008  000  000  012 
 012  004  000  000  000  006  010  000  000  000  004  008  012  004  002  006 

Celda26

 000  002  004  000  000  000  000  000  000  000  021  046  008  000  006  016 
 000  000  000  000  000  000  000  000  000  000  012  042  018  000  011  023 
 000  000  000  000  000  001  004  002  000  002  002  035  024  000  012  022 
 000  000  000  000  000  004  010  006  000  002  005  031  027  001  002  009 
 000  000  000  000  002  002  010  008  000  003  005  023  028  003  000  004 
 000  000  000  003  008  008  008  009  008  008  005  014  030  010  003  000 
 000  000  001  002  004  008  009  010  008  001  000  002  033  019  000  000 
 006  006  008  006  003  004  006  002  002  000  000  000  034  025  000  000 
 008  002  006  010  010  008  005  002  000  000  000  000  032  028  000  000 
 007  003  004  012  018  016  008  006  006  004  004  006  033  034  010  006 
 014  015  012  012  014  012  006  002  000  002  004  004  023  032  008  000 
 018  016  010  006  002  000  000  000  000  000  000  000  014  032  015  000 
 016  008  000  000  000  000  000  000  000  000  000  000  007  036  031  014 
 018  011  000  000  000  000  000  006  007  001  000  000  004  042  050  018 
 020  014  000  000  000  005  012  016  015  010  008  010  014  045  045  008 
 018  014  005  003  010  012  012  010  009  012  014  016  014  031  033  003 

Celda27

 026  008  008  021  031  028  022  022  034  044  044  033  035  030  018  019 
 030  008  005  022  029  024  019  012  021  036  044  039  024  023  026  014 
 023  004  002  028  035  031  026  017  012  020  028  031  024  014  021  016 
 006  000  000  035  039  030  018  007  002  000  004  012  017  012  005  012 
 002  000  008  036  031  012  000  000  000  000  000  000  006  006  000  001 
 000  000  012  034  022  004  000  000  000  002  004  001  000  002  000  000 
 000  000  014  028  012  000  000  000  002  006  010  006  001  009  014  009 
 000  000  014  018  001  000  000  002  008  012  013  013  011  011  019  026 
 002  004  018  010  000  000  000  005  014  018  014  010  004  000  000  010 
 000  000  012  005  000  000  000  005  015  020  014  004  001  002  000  000 
 000  000  014  010  000  001  002  008  013  018  012  000  000  004  002  006 
 000  000  018  020  006  009  008  009  011  014  012  008  015  020  021  023 
 016  010  033  037  010  007  005  006  010  009  012  014  019  022  023  021 
 016  015  039  037  010  009  010  014  018  011  006  016  020  018  014  006 
 000  000  034  037  016  020  019  018  015  006  001  016  024  016  006  000 
 000  000  036  041  018  017  013  006  000  000  000  014  022  016  008  000 

Celda28

 017  009  000  000  004  010  012  008  001  000  000  000  000  000  000  001 
 003  000  002  000  000  010  012  008  004  000  000  001  001  000  000  000 
 002  000  000  006  003  000  009  016  011  000  000  000  000  000  000  000 
 007  000  000  002  006  000  000  020  020  002  000  000  000  000  000  002 
 013  006  000  000  000  006  008  011  024  014  006  010  007  004  001  002 
 009  014  000  000  000  004  016  009  016  024  010  008  014  014  014  012 
 000  012  004  000  008  009  004  008  000  017  022  010  000  009  014  015 
 022  008  004  000  006  012  002  000  000  000  019  021  010  000  008  004 
 017  013  006  003  000  002  008  001  002  005  003  016  022  016  000  000 
 008  012  006  003  006  004  006  012  004  016  016  000  014  031  012  000 
 016  020  011  002  008  019  018  014  008  011  020  018  000  028  024  000 
 021  021  016  006  014  014  018  011  004  010  004  015  017  004  014  000 
 014  014  015  010  011  011  007  008  000  006  005  000  008  000  000  000 
 002  005  010  008  002  012  000  000  000  000  003  000  000  000  000  000 
 000  000  005  006  000  009  004  000  000  000  000  000  000  000  000  004 
 000  000  000  001  000  002  010  000  000  000  000  000  000  000  000  008 

Celda29

 002  002  004  012  010  012  011  000  002  004  000  000  000  006  000  000 
 000  004  008  013  011  010  004  000  001  005  000  000  000  004  000  000 
 000  005  012  014  010  006  000  000  002  004  000  000  000  001  000  000 
 000  004  014  012  008  004  000  000  006  008  000  003  000  000  000  000 
 000  000  014  014  006  001  000  000  008  010  002  000  000  000  000  001 
 008  003  015  016  004  000  000  000  005  008  004  000  000  000  000  004 
 012  005  010  014  000  000  000  000  001  001  002  000  000  000  000  006 
 000  000  002  011  000  000  000  000  000  000  000  000  000  000  000  008 
 000  000  000  009  002  000  000  000  000  000  000  000  000  000  000  012 
 000  000  000  004  004  000  000  000  000  000  000  002  000  008  009  019 
 000  000  000  000  004  000  000  002  000  000  000  009  014  012  014  025 
 000  000  000  000  004  008  008  005  000  000  004  019  016  006  006  014 
 000  000  000  000  002  014  014  004  000  006  014  018  005  000  000  006 
 000  004  011  002  004  011  017  008  008  014  016  009  000  000  000  004 
 000  004  021  011  000  008  018  012  009  010  008  003  000  002  006  008 
 012  003  012  018  009  014  023  012  004  006  004  000  000  004  011  014 

Celda30

 000  000  000  000  002  000  000  006  015  020  021  009  000  000  000  000 
 000  000  000  000  003  004  006  009  009  008  002  000  000  000  000  000 
 000  000  000  005  005  005  007  005  002  000  000  000  000  010  012  006 
 000  000  000  000  000  000  005  002  000  002  000  000  004  007  002  000 
 006  000  000  000  000  000  006  002  002  008  006  000  000  000  000  000 
 005  000  000  000  000  006  009  002  002  008  006  000  000  000  000  000 
 002  000  000  000  004  015  013  000  000  001  000  000  000  002  006  000 
 006  000  001  008  015  014  006  000  000  000  000  000  000  014  013  002 
 016  016  020  017  011  005  000  000  000  000  000  000  008  021  012  000 
 033  034  028  017  012  006  000  000  000  000  006  016  024  021  009  000 
 040  030  010  002  002  000  000  000  000  009  026  026  017  009  003  000 
 025  014  001  000  000  000  000  000  008  026  029  015  007  000  000  000 
 020  012  002  000  000  000  002  015  020  024  019  002  000  000  000  000 
 018  014  004  000  000  002  016  016  011  014  010  000  000  000  000  000 
 019  016  002  000  004  007  005  000  000  009  007  002  003  001  000  000 
 020  020  010  010  011  004  000  000  005  010  005  002  004  003  002  004 

Celda31

 000  000  002  008  006  000  000  000  008  006  002  003  004  052  099  000 
 000  000  000  002  006  002  001  006  005  000  000  000  000  056  108  000 
 001  000  000  000  004  004  002  004  005  000  000  000  000  056  116  000 
 000  000  002  000  000  000  000  007  011  002  002  008  010  055  117  000 
 000  000  000  000  000  000  000  009  015  008  000  003  008  052  116  001 
 002  000  000  000  000  000  000  010  016  008  004  000  000  043  110  000 
 002  000  000  000  000  000  000  008  014  009  006  004  000  041  110  000 
 000  000  000  000  000  001  002  006  012  010  004  000  000  044  114  000 
 000  000  000  001  000  002  005  006  010  008  000  000  000  053  122  000 
 000  000  000  000  002  008  013  006  000  002  000  000  000  062  129  003 
 000  000  000  000  000  012  014  004  000  000  005  004  002  064  125  000 
 000  000  000  000  002  008  006  001  004  004  004  008  002  059  121  000 
 000  000  000  002  003  004  005  000  006  012  009  007  000  058  122  000 
 000  005  007  004  006  008  006  003  004  009  012  008  002  057  124  001 
 012  018  013  010  010  011  011  010  007  007  008  008  006  064  132  007 
 020  019  010  010  009  010  012  012  009  004  005  010  012  063  126  001 

Celda32

 000  000  000  000  000  014  016  005  000  000  000  000  002  004  010  019 
 000  000  000  000  000  012  016  004  000  000  000  000  000  000  002  012 
 000  000  000  000  000  008  012  004  000  000  002  006  000  000  000  004 
 000  000  000  000  003  005  008  002  000  000  000  006  000  000  000  000 
 000  000  000  000  004  002  003  003  000  000  000  002  000  000  000  000 
 000  000  001  000  002  000  000  006  004  000  000  000  000  000  000  000 
 000  000  001  000  000  000  000  009  008  000  000  000  000  000  000  000 
 000  000  000  000  000  000  000  007  008  000  000  000  000  000  000  000 
 000  000  000  002  004  007  006  000  004  000  000  000  000  000  000  000 
 000  000  000  000  003  004  002  000  001  000  000  000  000  000  000  000 
 000  000  000  000  002  000  000  000  004  007  006  006  005  006  004  002 
 001  000  000  000  004  000  000  000  005  010  000  003  005  008  010  007 
 000  000  000  000  004  000  003  006  006  011  003  008  008  010  015  013 
 000  000  000  000  006  000  002  009  014  020  013  012  012  013  016  016 
 000  000  000  000  007  001  004  013  019  020  012  008  006  010  010  013 
 001  002  004  003  006  004  008  014  014  010  006  004  002  005  001  004 

Celda33

 006  000  000  000  000  004  006  000  000  006  011  021  022  011  011  008 
 003  004  000  000  000  000  002  000  004  016  025  026  016  005  008  011 
 004  009  000  000  000  000  004  002  012  023  022  014  006  004  006  009 
 008  008  000  000  000  002  012  009  014  019  016  010  007  012  012  007 
 008  001  000  000  000  012  020  015  018  023  024  020  016  017  013  006 
 005  000  000  000  000  026  039  031  030  033  033  024  014  012  009  004 
 002  000  000  002  008  044  054  041  033  031  025  011  002  004  004  000 
 003  000  003  011  016  047  052  032  019  015  007  004  002  005  004  000 
 006  004  000  007  012  038  039  016  004  002  002  004  004  004  003  000 
 012  008  006  009  012  032  033  012  002  000  003  008  007  002  001  002 
 017  019  022  021  020  032  035  014  000  000  005  010  005  003  006  015 
 020  027  031  022  016  025  031  009  000  000  003  006  008  014  027  034 
 018  030  029  012  008  017  020  000  000  000  000  008  018  038  041  034 
 013  030  028  011  008  010  008  000  000  000  000  011  030  036  025  014 
 010  030  030  011  004  000  000  000  000  004  010  015  024  028  019  008 
 004  022  024  006  000  000  000  000  002  016  015  006  012  022  020  006 

Celda34

 010  014  012  007  004  008  010  010  012  016  018  016  011  014  023  000 
 012  014  012  008  004  010  019  024  023  022  020  016  008  004  022  009 
 011  015  008  006  010  017  022  018  020  019  019  016  011  006  031  031 
 008  017  010  004  009  018  014  000  000  004  013  019  020  014  034  037 
 003  012  004  003  002  016  012  000  000  004  009  016  022  015  025  036 
 001  007  004  000  004  006  002  000  000  016  023  010  014  010  014  036 
 000  002  007  006  006  000  000  000  002  022  032  011  006  004  004  030 
 002  014  018  008  000  000  000  000  012  027  031  010  000  002  000  016 
 005  013  006  000  000  000  006  013  023  027  024  010  000  003  000  002 
 009  009  001  000  004  008  012  019  024  021  015  009  000  002  000  000 
 022  019  011  010  008  009  012  016  017  011  004  006  000  000  000  000 
 035  026  016  007  002  002  003  006  007  002  000  000  000  000  002  000 
 026  012  004  000  000  004  001  001  004  000  000  000  008  000  004  000 
 005  000  000  000  004  008  004  000  002  001  000  000  011  000  000  000 
 000  000  000  002  004  002  000  000  000  004  000  000  005  008  000  000 
 000  003  005  000  000  000  000  000  000  005  000  000  000  008  000  000 

Celda35

 000  003  044  044  011  004  000  000  000  000  000  010  019  016  009  000 
 012  019  051  039  004  000  000  000  000  002  000  003  014  014  006  000 
 024  024  039  026  000  000  000  000  000  006  000  000  008  004  000  000 
 016  015  016  014  000  000  000  000  002  006  000  000  000  000  000  000 
 012  010  002  008  000  000  000  000  002  006  000  000  000  000  000  000 
 008  000  000  005  000  000  000  007  007  005  000  000  000  000  001  000 
 007  000  000  002  000  000  006  012  011  003  000  000  000  000  000  000 
 002  000  000  003  000  010  013  007  005  000  000  000  000  000  000  000 
 000  000  004  006  002  012  014  006  000  000  000  000  000  000  000  007 
 004  000  009  007  000  006  011  007  000  000  000  000  000  000  002  015 
 014  010  007  002  000  000  010  010  001  000  000  000  000  000  003  014 
 022  014  002  000  000  000  012  010  000  000  000  000  000  002  007  006 
 024  015  000  000  000  000  012  008  000  000  000  002  008  006  000  000 
 016  016  000  000  000  000  008  006  000  002  004  004  000  000  000  001 
 003  010  000  000  000  000  012  012  006  004  004  000  000  000  002  018 
 000  000  000  000  000  006  022  023  019  008  000  000  000  006  017  030 

Celda36

 000  000  000  000  000  000  012  008  000  000  000  000  000  000  000  000 
 000  000  000  000  000  000  012  014  000  000  000  000  000  000  000  000 
 000  000  000  000  000  000  008  010  000  000  000  002  010  012  010  010 
 000  000  000  000  000  000  002  001  000  000  004  008  014  014  014  016 
 000  000  000  000  000  000  000  000  000  010  021  016  015  016  014  011 
 000  000  000  002  000  000  000  004  016  024  022  011  008  014  014  010 
 002  009  016  014  006  000  002  025  025  015  008  009  003  009  017  017 
 017  029  021  012  007  010  020  027  013  003  002  008  012  014  018  020 
 028  022  001  000  006  016  024  021  009  006  010  020  027  024  014  014 
 020  003  000  000  004  016  023  019  013  016  024  028  026  016  001  000 
 003  000  000  000  008  014  016  012  012  018  024  017  005  001  000  000 
 000  000  005  008  009  012  007  002  002  009  008  000  000  000  000  000 
 000  004  011  008  011  014  004  002  001  002  000  000  000  000  002  004 
 008  017  017  015  018  014  006  006  002  000  000  000  002  005  007  002 
 027  026  021  019  016  008  004  002  000  000  000  000  004  002  005  007 
 031  023  016  015  008  002  000  000  000  000  003  006  003  000  002  008 

Celda37

 010  015  008  010  018  024  022  007  000  004  006  000  000  000  001  004 
 006  018  026  020  015  025  024  008  000  006  007  000  000  000  002  006 
 014  020  029  035  028  021  020  011  004  006  004  000  000  000  008  013 
 018  023  029  032  034  018  007  013  006  006  006  000  004  010  020  018 
 012  021  028  023  024  018  006  014  008  000  005  006  010  021  019  010 
 008  015  015  006  006  014  014  012  009  000  000  012  015  011  009  006 
 008  004  008  006  000  006  011  003  007  000  000  003  020  019  000  001 
 011  000  000  008  008  000  006  008  004  004  004  002  013  024  009  000 
 010  000  000  008  018  006  006  012  012  016  012  012  006  016  013  000 
 002  004  000  004  024  019  004  008  011  020  014  014  010  001  008  004 
 000  010  016  011  025  024  002  004  011  017  009  008  010  006  000  003 
 002  011  018  016  018  024  006  006  012  009  001  001  005  010  009  000 
 006  008  012  014  009  019  012  004  009  003  000  000  003  010  016  018 
 000  003  008  014  013  008  013  008  006  004  002  002  007  010  018  028 
 000  000  000  010  013  004  010  017  009  004  003  004  009  011  016  020 
 000  000  002  003  008  006  004  022  012  002  003  002  007  010  012  010 

Celda38

 010  013  005  002  003  001  000  000  012  014  004  000  000  000  000  010 
 006  008  004  000  000  000  001  004  018  016  002  000  000  000  000  013 
 010  010  010  004  000  000  000  005  013  010  000  000  000  000  005  012 
 012  015  016  008  004  000  000  004  007  007  000  000  000  000  012  008 
 009  014  008  000  000  000  004  009  012  010  002  001  002  001  010  005 
 004  011  006  000  000  002  011  020  024  016  010  008  008  003  006  006 
 000  004  003  000  000  009  015  021  026  018  017  013  009  003  000  005 
 000  000  002  004  011  013  007  010  019  015  016  016  014  009  002  001 
 000  002  005  005  012  009  000  006  018  010  004  011  015  016  014  014 
 004  008  008  005  010  010  000  002  014  012  000  000  006  014  020  025 
 014  015  007  008  017  014  002  000  008  009  000  000  000  004  013  024 
 014  022  013  014  017  007  000  000  003  006  000  000  000  000  006  020 
 013  018  022  014  006  000  000  000  000  004  000  000  000  002  010  020 
 025  010  020  020  005  000  002  004  003  000  000  000  005  014  015  019 
 024  018  008  021  012  000  000  004  012  013  008  007  015  015  010  011 
 014  022  018  016  014  000  000  000  006  011  011  007  008  004  001  006 

Celda39

 022  017  011  012  012  011  010  005  001  000  003  008  011  054  118  000 
 018  016  015  011  012  011  006  000  000  000  004  002  000  044  114  000 
 008  012  012  004  004  003  000  000  000  000  004  000  000  050  116  000 
 002  009  014  006  000  000  000  000  000  000  004  000  000  056  124  000 
 002  004  010  006  000  000  000  000  000  000  002  000  000  060  128  000 
 000  002  006  002  000  000  000  000  000  000  000  000  000  059  128  000 
 005  004  004  000  000  000  000  000  001  002  001  002  002  058  128  000 
 008  009  005  003  006  006  003  000  000  001  002  002  000  058  128  001 
 023  025  019  015  016  011  007  002  001  004  004  002  002  063  132  005 
 034  036  032  027  025  019  013  008  004  003  001  000  002  073  140  013 
 034  041  041  034  031  024  018  012  006  000  000  000  005  083  142  014 
 033  042  037  026  022  016  010  007  004  000  000  000  019  088  139  010 
 031  032  018  005  000  000  000  000  000  000  001  015  027  087  134  007 
 022  019  007  000  000  000  000  000  000  000  010  022  027  084  130  006 
 018  016  008  000  000  000  000  000  000  000  015  022  023  078  124  003 
 011  014  011  000  000  000  000  000  000  004  018  022  020  070  117  000 

Celda40

 001  002  006  007  007  001  006  010  004  000  002  005  006  004  000  000 
 002  004  007  007  004  000  002  008  006  004  002  004  008  008  004  002 
 002  004  005  003  000  000  000  008  010  010  007  004  006  008  008  006 
 000  000  002  003  002  000  000  010  017  016  009  004  004  003  002  000 
 000  000  001  003  004  006  006  013  014  012  007  000  000  000  000  000 
 001  002  002  001  002  006  006  004  010  012  008  000  000  000  000  000 
 001  002  004  002  000  002  003  000  006  012  004  000  000  000  000  000 
 000  000  000  000  000  000  000  000  003  010  002  000  000  000  000  006 
 000  000  000  000  000  000  000  000  000  006  002  000  000  001  005  013 
 000  000  000  000  000  000  000  000  000  002  002  004  004  006  009  015 
 000  000  000  000  005  003  005  009  010  005  000  008  004  002  008  012 
 000  000  002  003  009  005  006  010  008  002  000  009  006  000  007  010 
 001  002  005  004  003  002  006  006  000  000  000  008  006  005  012  011 
 001  002  002  000  000  001  006  006  000  000  006  010  006  010  019  015 
 000  000  000  002  008  013  018  016  011  014  019  018  012  018  023  017 
 001  002  002  005  019  023  026  024  021  023  024  021  016  016  017  011 

Celda41

 000  014  018  005  000  000  000  000  010  023  012  002  001  014  021  012 
 000  007  012  002  000  000  000  000  009  017  011  001  002  004  018  020 
 002  000  004  002  000  003  003  001  007  014  014  005  000  000  010  022 
 000  000  000  006  004  005  004  001  004  013  016  008  000  000  000  016 
 000  000  000  018  018  012  006  006  010  015  015  007  000  000  000  006 
 000  000  000  030  026  011  010  016  019  018  015  003  000  000  004  010 
 005  007  004  033  028  008  011  021  023  020  015  008  008  011  015  018 
 008  014  016  032  028  008  008  017  022  021  017  016  016  017  017  012 
 012  020  021  024  026  009  006  015  018  012  007  010  011  008  004  000 
 011  016  018  011  022  009  002  014  019  010  002  000  000  000  000  000 
 008  007  010  007  017  013  006  011  016  008  004  002  000  000  000  000 
 007  004  007  008  017  019  009  008  010  006  002  000  000  000  000  000 
 008  004  006  007  011  015  004  000  004  004  000  000  000  000  000  000 
 009  004  003  002  000  012  005  000  002  004  000  000  000  000  000  000 
 009  002  000  000  000  007  005  000  001  004  002  000  000  000  000  000 
 003  000  000  000  000  004  006  001  000  002  005  004  000  000  000  000 

Celda42

 002  004  003  000  000  000  000  000  000  001  000  000  000  000  000  000 
 010  002  000  000  000  000  000  000  000  000  000  000  000  000  000  000 
 016  002  000  000  000  000  000  000  000  000  000  000  000  000  000  000 
 020  011  002  000  000  000  000  000  000  000  002  000  000  000  000  000 
 019  020  009  000  000  000  000  000  000  000  000  004  000  000  000  000 
 019  020  012  000  000  000  000  000  000  002  000  002  000  000  000  000 
 016  010  007  000  000  000  000  000  000  000  000  002  000  001  000  000 
 003  000  000  000  000  000  000  000  000  000  000  004  000  008  012  006 
 000  000  000  000  000  000  000  000  000  000  000  004  006  008  017  012 
 000  000  001  000  000  000  000  000  000  004  012  012  015  006  010  008 
 000  001  000  000  000  000  000  000  000  003  010  012  005  000  000  000 
 004  002  000  000  000  000  000  000  000  000  000  002  002  000  000  000 
 001  002  000  000  000  000  000  000  000  001  003  002  005  008  008  006 
 000  002  000  000  000  000  000  000  002  007  006  003  004  010  012  009 
 000  001  000  000  000  000  000  000  003  006  002  000  006  012  018  019 
 000  000  000  000  000  000  000  004  002  003  004  008  026  024  030  030 

Celda43

 000  000  000  008  008  010  027  031  013  000  000  000  002  019  026  026 
 000  000  002  026  018  008  022  028  011  000  000  000  007  022  026  024 
 000  000  004  040  028  006  012  016  007  000  000  008  021  019  016  017 
 000  000  006  048  034  007  006  008  008  009  006  007  005  002  008  012 
 000  000  013  052  033  007  007  016  016  009  002  000  000  000  008  013 
 000  004  026  052  027  006  012  016  004  001  003  000  000  006  019  023 
 008  012  028  046  024  005  014  013  000  002  008  009  011  020  026  025 
 021  009  014  031  019  004  012  009  000  006  013  014  015  017  017  018 
 019  003  004  027  022  006  012  010  003  007  013  013  010  005  005  012 
 008  001  004  027  025  012  016  019  014  012  010  013  013  005  007  020 
 002  000  008  034  034  019  021  029  025  021  016  017  018  015  018  028 
 011  012  017  041  040  020  023  039  036  026  021  015  022  023  021  021 
 019  017  017  042  040  017  025  047  038  019  016  012  022  023  013  004 
 023  021  016  037  035  016  028  045  026  006  008  012  019  017  002  000 
 033  033  019  028  030  019  028  035  014  000  006  012  015  011  001  000 
 037  040  022  016  027  025  025  023  012  001  007  010  008  003  002  005 

Celda44

 020  006  000  006  000  000  000  000  000  000  005  012  014  018  020  016 
 016  002  000  004  000  000  000  002  002  008  013  020  021  024  026  022 
 014  003  000  000  000  000  004  014  014  016  021  020  016  014  012  012 
 012  006  000  000  000  003  015  018  017  020  019  012  005  002  000  002 
 013  008  000  000  007  015  015  012  016  018  009  005  000  000  001  002 
 021  012  004  004  010  013  010  008  015  016  000  000  000  000  006  017 
 022  014  012  014  016  013  008  006  011  014  000  000  000  001  023  037 
 021  020  018  021  019  012  008  008  011  009  000  002  010  024  040  038 
 023  025  019  018  016  012  008  012  014  014  010  011  016  026  026  016 
 031  024  010  009  008  010  008  008  012  015  011  008  007  006  008  010 
 032  016  000  002  003  000  000  002  012  010  000  000  000  000  008  013 
 018  006  000  000  004  000  000  004  014  004  000  001  000  000  010  014 
 008  002  000  000  000  008  005  010  009  000  000  007  004  000  006  010 
 000  000  000  000  000  012  014  014  002  000  000  009  005  000  002  007 
 000  000  000  000  002  011  016  013  000  000  000  004  000  000  002  008 
 002  000  000  002  006  010  012  010  000  000  000  000  000  000  006  010 

Celda45

 005  000  006  004  000  003  002  022  014  002  004  003  006  007  006  006 
 014  004  004  006  000  004  006  021  020  007  010  004  000  004  003  006 
 011  006  000  008  004  011  014  022  024  014  012  005  000  002  004  007 
 008  010  006  015  012  011  016  017  014  009  000  002  000  000  008  006 
 011  016  013  019  016  010  014  012  002  006  000  000  000  000  010  008 
 013  016  010  015  019  015  013  012  008  003  000  000  000  000  011  014 
 017  012  008  012  022  015  009  010  012  010  002  000  000  002  018  030 
 012  010  010  012  025  015  008  010  013  010  000  000  000  006  027  038 
 001  006  009  006  026  021  014  014  015  015  008  000  000  005  023  027 
 002  004  004  000  028  027  012  010  008  010  013  010  009  012  015  014 
 006  002  002  000  030  022  000  000  000  001  005  012  017  017  008  000 
 006  000  000  000  026  022  002  000  000  000  000  002  009  008  004  000 
 006  000  000  000  016  018  006  000  000  000  000  000  000  000  000  000 
 008  000  000  000  006  012  006  001  000  000  000  000  000  000  000  000 
 008  000  000  000  000  007  004  000  000  000  000  000  000  000  000  000 
 004  000  000  000  000  004  000  000  000  000  000  000  000  000  000  000 

Celda46

 004  014  020  010  002  000  000  004  013  004  006  005  000  002  003  005 
 009  000  004  002  000  000  000  002  016  017  000  004  004  006  014  017 
 012  004  000  000  000  000  000  000  011  022  010  000  006  012  019  019 
 013  007  000  000  000  000  001  000  002  016  016  010  008  011  014  014 
 014  012  000  003  003  003  004  004  006  008  016  018  014  008  006  010 
 015  014  002  005  004  002  003  007  008  009  013  017  017  009  004  008 
 025  016  000  000  000  000  004  006  001  001  009  012  016  014  010  011 
 025  008  000  000  000  000  002  006  002  006  012  014  012  016  016  012 
 010  000  000  000  000  003  001  000  001  014  020  013  010  016  018  008 
 009  000  000  000  004  008  002  000  000  018  028  017  007  012  016  008 
 006  000  000  000  004  001  000  000  000  020  030  019  008  007  010  008 
 002  002  000  000  000  000  000  000  006  025  024  014  006  006  006  004 
 000  000  000  002  000  000  000  005  014  020  012  005  006  008  003  000 
 000  000  000  003  000  000  000  000  004  008  002  000  004  008  002  000 
 000  000  000  002  002  000  000  000  002  006  000  000  000  006  004  001 
 000  000  000  000  000  000  000  000  000  003  000  000  000  001  003  004 

Celda47

 006  010  012  000  000  000  000  000  000  008  022  029  022  066  112  000 
 010  005  009  000  000  000  000  005  010  022  035  037  027  069  116  006 
 010  008  004  000  000  002  014  024  028  036  044  042  030  068  113  007 
 006  008  004  000  000  006  022  029  030  038  047  043  027  061  106  003 
 007  009  010  004  002  011  023  025  024  036  042  033  015  053  103  003 
 011  010  012  010  007  014  021  016  014  025  025  012  001  042  098  000 
 012  006  000  000  000  009  006  000  000  010  010  000  000  039  100  000 
 007  002  000  000  000  008  001  000  000  008  006  000  000  040  105  000 
 000  000  000  000  000  006  000  000  000  004  002  000  000  048  112  000 
 000  000  000  000  000  003  000  000  000  000  000  000  000  054  122  000 
 000  000  000  000  000  004  004  000  000  000  000  000  000  058  128  000 
 000  000  000  000  000  010  008  002  000  000  000  000  000  058  128  000 
 000  000  000  000  000  010  004  000  000  000  000  000  000  058  128  000 
 000  000  000  000  004  006  000  000  000  000  000  000  000  060  128  000 
 000  000  000  000  000  000  000  000  000  000  000  000  000  067  128  000 
 000  000  000  000  000  000  000  000  000  000  000  000  000  075  128  000 

Celda48

 001  002  004  006  020  021  021  017  012  012  012  011  008  005  007  006 
 000  000  002  005  019  017  012  003  000  000  000  000  000  000  004  004 
 000  000  003  006  017  010  006  000  000  000  000  000  000  000  005  002 
 000  002  004  004  006  003  001  000  000  000  000  000  000  000  008  002 
 001  002  002  000  000  000  000  000  000  000  000  000  000  000  010  004 
 001  002  002  000  000  000  000  000  000  000  000  000  000  000  012  006 
 000  000  000  001  000  000  000  000  000  000  000  000  000  000  014  011 
 000  000  000  000  000  000  000  000  000  000  000  000  000  000  014  018 
 000  000  000  000  000  000  000  000  000  000  000  000  000  000  014  023 
 000  000  000  000  000  000  000  002  000  000  000  000  000  000  010  024 
 000  000  000  000  000  000  000  006  006  000  000  000  000  000  004  018 
 000  000  000  000  000  000  000  008  008  000  000  000  000  000  000  010 
 000  000  000  000  000  000  000  006  006  000  000  000  000  000  000  004 
 000  000  000  000  000  000  000  001  004  002  003  001  000  003  006  014 
 000  000  000  000  000  000  000  000  001  008  009  006  006  010  010  015 
 000  000  000  000  000  000  000  000  000  012  013  010  007  005  006  011 

Celda49

 002  000  000  000  000  004  007  000  000  000  008  009  000  000  000  000 
 002  000  000  005  010  009  010  002  000  000  008  007  000  000  000  000 
 002  000  000  004  011  012  013  008  004  000  000  000  000  000  000  000 
 001  004  004  000  004  006  006  002  000  000  000  000  000  000  000  002 
 000  006  009  006  000  000  000  000  000  000  000  000  002  006  008  011 
 000  006  010  010  000  000  000  000  000  000  000  000  008  018  018  012 
 002  006  012  012  000  000  000  000  000  000  000  007  025  027  018  008 
 005  004  010  011  000  000  000  000  000  000  001  020  032  027  016  006 
 006  000  002  005  000  000  000  000  008  009  012  028  031  018  006  001 
 006  000  000  000  000  000  000  000  013  016  018  027  021  002  000  000 
 006  000  000  000  002  000  002  000  013  019  020  023  015  000  000  000 
 004  000  000  002  009  005  006  006  018  025  021  017  012  000  000  000 
 001  000  002  006  008  006  009  013  026  028  016  008  008  000  000  000 
 011  008  003  005  007  004  008  014  021  016  002  000  002  003  000  000 
 011  008  004  002  008  008  008  008  004  001  000  000  000  008  004  002 
 007  004  004  008  015  015  010  000  000  000  000  000  002  009  006  006 

Celda50

 000  000  000  000  000  000  006  010  005  002  013  029  040  027  028  028 
 000  000  000  000  002  004  008  012  008  006  019  031  034  022  021  024 
 000  000  000  000  010  017  019  019  014  014  023  029  029  021  016  020 
 000  004  006  006  022  028  027  027  024  023  030  033  029  020  007  012 
 006  006  010  014  029  032  027  027  026  025  033  034  026  017  002  005 
 006  008  012  019  029  027  022  023  022  022  031  030  020  011  000  000 
 004  006  011  018  019  017  020  021  015  011  016  016  008  000  000  000 
 001  002  008  011  009  009  015  014  006  003  012  016  006  000  000  000 
 000  002  010  011  009  007  008  010  002  000  007  016  007  000  000  000 
 000  008  011  009  007  002  000  004  000  000  002  012  004  000  000  000 
 007  009  003  005  007  000  000  000  000  000  000  005  000  000  000  000 
 012  010  000  000  006  000  000  000  000  000  000  001  000  000  000  000 
 012  006  000  000  004  001  000  000  000  000  000  000  000  000  000  000 
 009  001  000  000  002  001  000  000  000  000  000  000  000  000  000  000 
 009  000  000  000  000  000  000  000  000  000  000  000  000  000  000  000 
 010  000  000  000  000  000  000  000  000  000  000  000  000  000  000  000 

Celda51

 029  043  024  018  027  031  019  013  013  008  007  004  000  000  002  000 
 019  044  022  020  024  032  011  004  014  014  006  000  000  000  004  000 
 016  036  008  009  016  024  002  002  016  014  003  000  000  000  000  000 
 012  024  000  000  009  014  000  004  018  012  000  000  000  000  000  000 
 008  013  000  000  006  008  000  002  017  008  000  000  000  000  000  000 
 000  004  000  000  002  005  000  000  012  006  000  000  000  000  000  000 
 000  006  000  000  000  003  000  000  006  006  000  000  000  000  000  000 
 000  013  000  000  000  006  000  000  000  005  002  000  000  000  000  000 
 000  018  001  000  000  012  004  000  000  002  006  001  000  000  000  000 
 000  018  006  000  000  012  015  000  000  001  008  002  000  000  000  000 
 000  016  010  000  000  006  016  000  000  002  008  000  000  000  000  000 
 000  012  014  000  000  002  012  002  000  004  008  000  000  000  000  000 
 000  008  017  004  000  000  006  000  000  004  007  000  000  000  000  000 
 000  004  018  013  003  000  001  000  000  003  004  000  000  000  000  000 
 000  000  016  018  009  000  000  000  000  000  000  000  000  000  000  000 
 000  000  012  018  011  000  000  000  000  000  000  000  000  000  000  000 

Celda52

 002  000  000  004  010  011  008  004  000  000  000  000  000  003  010  009 
 000  000  000  003  012  010  004  000  000  000  000  000  004  010  011  006 
 000  000  000  000  012  010  002  000  000  000  000  000  009  013  008  001 
 000  000  000  000  010  012  003  000  000  000  000  004  011  012  006  000 
 000  000  000  000  008  012  002  000  000  000  000  004  010  008  004  000 
 000  000  000  000  006  012  003  000  004  004  000  001  006  006  000  000 
 000  000  000  000  003  010  006  003  006  008  000  000  002  002  000  000 
 000  000  000  000  000  006  006  004  006  008  002  000  000  000  000  000 
 000  000  000  000  000  004  004  002  004  008  005  000  000  000  000  000 
 000  000  000  000  000  003  001  000  002  005  005  000  000  000  000  000 
 000  000  000  000  000  004  002  001  000  000  002  001  000  000  000  000 
 000  000  000  000  000  004  006  004  000  000  000  000  000  000  000  000 
 000  000  000  000  000  004  007  005  000  000  000  000  000  000  000  000 
 000  000  000  000  000  000  003  004  004  003  000  000  000  000  000  000 
 000  000  000  000  000  000  000  002  004  004  000  000  000  000  000  000 
 000  000  000  000  000  000  000  000  001  002  000  000  000  000  000  000 

Celda53

 000  000  000  000  000  000  000  000  000  000  000  000  000  000  000  000 
 000  000  000  000  000  000  000  000  000  000  000  000  000  000  000  000 
 000  000  000  000  000  000  000  000  000  000  000  000  000  000  000  000 
 000  000  000  000  000  000  000  003  004  002  000  000  000  000  000  000 
 000  000  000  000  000  000  000  007  006  002  001  000  000  000  000  000 
 000  000  000  000  000  000  000  007  004  000  001  000  002  004  000  000 
 000  000  000  000  000  000  000  004  001  000  000  000  006  008  002  000 
 000  000  000  000  000  000  000  000  000  000  000  000  004  006  000  000 
 000  000  000  000  000  000  000  000  000  000  000  000  000  000  000  000 
 000  000  000  000  000  000  000  000  000  000  000  000  000  000  000  000 
 000  000  000  000  000  000  000  000  000  000  000  000  000  000  000  000 
 000  000  000  000  000  000  000  003  000  000  000  000  000  000  000  000 
 000  000  000  000  000  000  000  003  002  000  000  000  000  000  000  000 
 000  000  000  000  000  000  000  000  001  001  000  000  000  000  000  000 
 000  000  000  000  000  000  000  000  000  002  000  000  000  000  000  000 
 000  000  000  000  001  000  000  000  000  000  000  000  000  006  000  000 

Celda54

 002  004  000  000  000  000  000  002  002  000  000  000  000  000  000  000 
 002  008  004  000  000  000  000  004  004  000  000  000  000  000  000  000 
 000  006  006  000  000  000  000  001  006  000  000  000  000  000  000  000 
 000  000  004  002  000  000  000  000  007  000  000  000  000  000  000  000 
 000  000  003  000  000  000  000  000  005  000  000  000  000  000  000  000 
 000  000  000  000  000  000  000  000  000  000  000  000  000  000  000  001 
 000  000  000  000  000  000  000  000  000  000  000  000  000  000  000  002 
 000  000  000  000  000  000  004  000  000  000  000  000  000  000  000  002 
 000  000  000  000  000  003  006  000  000  000  000  000  000  000  000  000 
 000  000  000  000  000  002  000  000  000  000  000  000  000  000  000  000 
 000  000  000  000  000  000  000  000  000  000  000  000  000  000  000  000 
 000  000  000  000  000  000  000  000  000  000  000  000  000  000  000  000 
 000  000  000  000  000  000  000  000  000  000  000  000  000  000  000  000 
 000  000  000  000  000  000  000  000  000  000  000  000  000  000  000  000 
 000  000  002  001  000  000  000  000  000  000  000  000  000  001  000  000 
 000  000  004  003  000  000  000  000  000  000  000  000  002  002  000  000 

Celda55

 000  000  000  000  000  000  000  000  000  000  000  000  000  082  128  000 
 000  000  000  000  000  000  000  000  000  000  000  000  000  089  128  000 
 000  000  000  000  000  000  000  000  000  000  000  000  000  094  128  000 
 000  000  000  000  000  000  000  000  000  000  000  000  000  098  128  000 
 000  000  000  000  000  000  000  000  000  000  000  000  000  104  128  000 
 000  000  000  000  000  000  000  000  000  000  000  000  000  110  128  000 
 000  000  000  000  000  000  000  000  000  000  000  000  002  112  128  000 
 000  000  000  000  000  000  000  001  002  000  000  000  002  112  128  000 
 000  000  000  000  000  000  000  000  001  000  000  000  000  114  128  000 
 000  000  000  000  000  000  000  000  000  000  000  000  000  121  128  000 
 000  000  000  000  000  000  000  000  000  000  000  000  000  126  128  000 
 000  000  000  000  000  000  000  000  000  000  000  000  000  126  128  000 
 000  000  000  000  000  000  000  000  000  002  000  000  002  126  128  000 
 000  000  000  000  000  000  002  000  000  002  000  001  002  126  128  000 
 000  000  000  000  000  002  003  000  000  000  001  002  001  126  128  000 
 000  000  000  000  000  001  000  000  000  000  002  002  000  126  128  000 

Celda56

 000  000  000  000  000  000  000  000  000  014  015  013  010  000  004  014 
 000  000  000  000  000  000  000  000  000  016  018  017  014  000  002  013 
 000  000  000  000  000  000  000  000  000  015  020  022  016  000  002  012 
 000  000  000  000  000  000  004  010  014  023  021  023  017  000  004  013 
 000  000  000  000  000  000  000  007  014  025  026  028  019  005  009  011 
 000  000  000  000  000  000  002  000  004  017  022  025  018  009  009  003 
 000  000  000  000  000  000  006  003  004  014  018  018  010  005  003  000 
 000  000  000  000  000  000  012  014  011  018  025  019  005  000  000  000 
 000  000  000  002  002  000  015  016  014  022  027  017  002  000  000  000 
 001  002  002  003  004  001  014  018  013  013  012  008  000  000  000  000 
 000  000  000  000  000  000  012  021  012  005  006  006  000  000  000  000 
 000  000  000  000  000  000  013  022  005  000  002  002  000  000  000  000 
 000  000  000  000  002  000  018  016  000  000  000  000  000  000  000  000 
 008  019  041  056  069  075  088  071  056  051  050  050  048  046  048  052 
 016  042  096  128  136  138  142  128  128  128  128  128  128  128  128  128 
 000  000  000  000  008  010  011  000  000  000  000  000  000  000  000  000 

Celda57

 006  002  004  012  015  010  003  000  000  000  000  000  002  006  004  008 
 004  002  002  007  004  001  000  000  000  000  000  000  000  002  000  003 
 003  003  000  002  000  000  001  000  000  000  000  000  000  000  000  000 
 000  000  000  000  000  002  002  000  000  000  000  000  000  000  000  000 
 000  000  000  000  004  006  000  000  000  000  000  000  000  000  000  000 
 000  000  000  000  006  010  001  000  000  000  000  000  000  000  000  000 
 000  000  000  000  000  010  004  000  000  000  000  000  000  000  000  000 
 000  000  000  000  000  004  005  000  000  000  000  000  000  000  000  000 
 000  000  000  000  000  000  002  000  000  000  000  000  000  000  000  000 
 000  000  000  000  000  000  000  000  000  000  000  000  000  000  000  000 
 000  000  000  000  000  000  000  000  000  000  000  000  000  000  000  000 
 000  000  000  000  000  000  000  000  000  000  000  000  000  000  000  000 
 000  000  000  000  000  000  000  000  000  000  000  000  000  000  000  000 
 058  062  067  073  077  078  080  082  082  080  078  078  079  077  072  066 
 128  128  128  128  128  128  128  128  128  128  128  128  128  128  128  128 
 000  000  000  000  000  000  000  000  000  000  000  000  000  000  000  000 

Celda58

 008  000  000  000  000  000  000  000  000  000  000  000  000  000  000  000 
 000  000  000  000  000  000  000  000  000  000  000  000  000  000  000  000 
 000  000  000  000  000  000  000  000  000  000  000  000  000  000  000  000 
 000  000  000  000  000  000  000  000  002  003  000  000  000  000  000  000 
 000  000  000  000  000  000  000  000  002  007  001  000  000  000  000  000 
 000  000  000  000  000  000  000  000  002  008  000  000  000  000  000  000 
 000  000  000  000  000  000  000  000  004  008  000  000  000  000  000  000 
 000  000  000  000  000  000  000  000  002  004  000  000  000  000  000  000 
 000  000  000  000  000  000  000  000  000  000  000  000  000  000  008  002 
 000  000  000  002  002  000  000  000  000  000  000  000  000  000  008  004 
 000  000  000  000  000  000  000  000  000  000  000  000  000  000  004  002 
 000  000  000  000  000  000  000  000  000  000  000  000  000  000  002  001 
 000  000  000  000  000  000  000  000  000  000  000  000  000  000  002  001 
 060  058  061  069  080  092  102  111  118  122  125  126  128  128  128  127 
 128  128  128  128  128  128  128  128  128  128  128  128  128  128  128  128 
 000  000  000  000  000  000  000  000  000  000  000  000  000  000  000  000 

Celda59

 000  000  006  012  010  000  000  000  000  000  000  000  000  000  000  000 
 000  000  002  006  008  004  000  000  000  000  000  000  000  000  000  000 
 000  000  004  000  004  005  000  000  000  000  000  000  000  000  000  000 
 000  000  008  000  000  004  000  000  000  000  000  000  000  000  000  000 
 000  000  008  000  000  001  000  000  000  000  000  000  000  000  000  000 
 000  000  002  000  000  000  000  000  000  000  000  000  000  000  000  000 
 000  000  000  000  000  000  000  000  000  000  000  000  000  000  000  000 
 000  000  000  000  000  000  000  000  000  000  000  000  000  000  001  000 
 000  000  000  000  000  000  000  000  000  000  000  000  000  002  002  000 
 000  000  000  000  000  000  000  001  000  001  000  000  000  002  002  000 
 000  000  000  000  000  000  001  001  000  001  000  000  000  002  002  000 
 000  000  000  000  000  000  000  000  000  000  000  000  000  002  002  000 
 000  000  000  000  000  000  000  000  002  000  000  000  000  000  002  002 
 127  127  126  126  126  126  126  127  128  126  128  128  128  128  129  128 
 128  128  128  128  128  128  128  128  128  128  128  128  128  128  128  128 
 000  000  000  000  000  000  000  000  000  000  000  000  000  000  000  000 

Celda60

 000  000  000  000  000  000  000  000  000  000  000  000  000  000  000  000 
 000  000  000  000  000  000  000  000  000  000  000  000  000  000  000  000 
 000  000  000  000  000  000  000  000  000  000  000  000  000  000  000  000 
 000  000  000  000  002  000  000  000  000  000  000  000  000  000  000  000 
 000  000  000  000  000  000  000  000  000  000  000  000  000  000  000  000 
 000  000  000  000  000  000  000  000  002  000  000  000  002  002  000  000 
 000  000  000  000  000  000  000  002  002  000  000  000  002  002  000  000 
 000  000  000  000  000  000  000  002  002  000  000  000  002  002  000  000 
 000  000  000  000  000  000  000  002  002  000  000  000  002  002  000  000 
 000  000  001  000  000  000  000  002  002  000  001  000  002  002  000  000 
 000  000  001  000  000  000  000  000  002  001  001  000  000  002  002  000 
 000  000  000  000  000  000  000  000  002  002  000  000  000  002  002  000 
 000  000  000  000  000  000  000  000  002  002  000  000  000  002  002  000 
 126  126  126  128  128  128  128  128  129  128  126  128  128  129  128  126 
 128  128  128  128  128  128  128  128  128  128  128  128  128  128  128  128 
 000  000  000  000  000  000  000  000  000  000  000  000  000  000  000  000 

Celda61

 000  000  000  000  000  000  000  000  000  000  000  000  001  008  000  000 
 000  000  000  000  000  000  000  000  000  000  000  000  000  004  000  000 
 000  000  000  000  000  000  000  000  000  000  000  000  000  000  000  000 
 000  000  000  000  000  000  000  000  002  002  000  000  000  000  000  000 
 000  000  000  000  000  000  000  000  002  002  000  000  000  000  000  000 
 000  000  000  000  000  000  000  000  002  002  000  000  000  000  000  000 
 000  000  000  000  000  000  000  000  002  002  000  001  000  000  000  000 
 000  000  000  000  000  000  000  000  002  002  000  001  000  000  000  000 
 000  000  000  000  000  001  000  000  000  002  002  000  000  000  000  000 
 000  000  000  000  000  001  000  000  000  002  002  000  000  000  000  000 
 000  000  000  000  000  000  000  000  000  002  002  000  000  000  000  000 
 000  000  000  000  000  000  000  000  000  002  002  000  001  000  000  000 
 000  000  000  000  000  000  000  000  000  002  002  000  001  000  000  000 
 126  126  126  126  126  126  128  128  128  129  128  126  126  128  128  128 
 128  128  128  128  128  128  128  128  128  128  128  128  128  128  128  128 
 000  000  000  000  000  000  000  000  000  000  000  000  000  000  000  000 

Celda62

 000  000  002  002  000  000  000  001  000  000  000  000  002  002  000  000 
 000  000  001  000  000  000  000  001  000  000  000  000  000  002  002  000 
 000  002  002  000  000  000  000  000  000  000  000  000  000  002  002  000 
 000  002  002  000  000  002  000  000  000  000  000  000  000  002  002  000 
 000  002  002  000  000  002  000  000  000  000  001  001  000  002  002  000 
 000  002  002  000  001  002  000  000  000  000  002  002  002  001  002  000 
 000  002  002  000  001  001  000  000  001  000  002  002  000  000  002  002 
 000  000  002  002  000  000  000  000  001  000  000  002  000  000  002  002 
 000  000  002  002  000  000  002  000  000  000  000  001  000  000  002  002 
 000  000  002  002  000  000  002  000  000  000  000  002  002  002  003  002 
 000  000  002  002  000  000  002  000  000  000  000  002  001  000  001  001 
 000  000  002  002  000  000  002  002  000  001  000  000  000  000  001  002 
 000  000  000  002  001  001  001  002  000  001  000  000  000  000  000  002 
 128  128  128  129  128  126  127  128  126  126  128  128  128  128  128  129 
 128  128  128  128  128  128  128  128  128  128  128  128  128  128  128  128 
 000  000  000  000  000  000  000  000  000  000  000  000  000  000  000  000 

Celda63

 000  000  000  000  000  000  000  000  002  002  003  002  000  126  128  000 
 000  000  000  000  000  000  000  002  002  002  001  000  000  126  128  000 
 000  000  000  000  000  001  000  000  000  000  000  000  000  128  128  000 
 000  000  000  000  001  001  000  000  000  000  000  000  000  128  128  000 
 000  000  000  000  000  000  000  000  000  001  000  000  000  128  128  000 
 000  000  000  000  000  000  000  000  000  001  001  002  002  129  128  000 
 000  000  000  000  000  000  000  000  000  000  002  003  002  128  128  000 
 000  000  000  000  000  000  000  000  002  000  001  001  000  126  128  000 
 000  000  000  000  000  000  000  001  002  000  000  000  000  126  128  000 
 000  000  000  000  000  000  002  002  002  000  000  000  000  127  128  000 
 000  000  000  000  000  000  000  000  000  000  000  002  003  128  128  000 
 000  000  000  000  000  000  000  000  000  000  000  002  002  126  128  000 
 002  000  000  000  000  000  000  000  000  002  002  001  002  126  128  000 
 128  126  126  127  126  126  126  128  128  128  128  128  127  238  223  080 
 128  128  128  128  128  128  128  128  128  128  128  128  128  224  255  128 
 000  000  000  000  000  000  000  000  000  000  000  000  000  080  128  000 

