Celda0

 000  000  000  000  000  000  000  001  001  000  000  001  001  000  001  001 
 000  000  000  000  000  000  000  002  002  001  002  002  002  000  002  001 
 000  000  000  000  000  000  000  000  004  004  005  005  004  001  000  000 
 000  000  000  000  000  005  000  000  003  008  008  004  003  000  000  000 
 000  000  000  000  006  014  002  003  008  017  013  002  000  000  000  002 
 000  000  000  000  010  017  006  000  008  015  008  001  000  004  013  020 
 000  000  000  000  010  016  008  004  010  011  005  000  000  008  017  013 
 000  000  000  000  006  011  006  004  011  014  008  000  000  010  025  014 
 000  000  000  000  000  004  006  005  010  016  012  000  000  011  028  020 
 000  000  000  000  000  000  006  008  010  013  009  001  002  014  026  022 
 000  000  000  000  001  000  004  012  012  012  004  000  002  012  023  022 
 000  000  000  000  000  000  000  014  015  012  004  000  000  002  020  026 
 000  000  000  000  000  000  000  012  016  010  004  004  000  000  017  026 
 000  000  000  000  003  000  000  012  017  008  000  004  006  006  025  023 
 000  000  000  004  004  002  002  009  015  007  000  000  012  020  022  012 
 002  004  004  000  000  000  000  005  011  009  000  003  010  021  024  010 

Celda1

 000  000  000  000  000  000  000  000  003  001  000  001  000  000  000  000 
 000  000  000  000  002  001  000  000  006  003  000  001  000  000  000  000 
 000  000  000  000  005  004  000  000  009  008  000  000  000  000  000  000 
 001  000  000  000  007  007  000  000  010  014  004  000  000  000  000  000 
 010  008  010  008  008  007  000  000  010  020  008  001  001  001  001  003 
 018  006  002  002  004  005  000  000  008  024  012  000  000  000  000  000 
 005  000  000  000  002  003  000  000  010  023  012  000  000  000  000  000 
 000  000  000  000  002  001  000  006  018  024  009  000  000  000  000  000 
 000  000  000  000  001  000  004  014  020  013  002  000  000  000  001  000 
 000  000  000  006  003  004  015  019  014  002  000  000  000  000  000  000 
 000  000  005  022  013  014  020  009  000  000  000  006  000  000  000  000 
 008  004  017  022  013  014  008  000  000  000  000  010  000  001  005  006 
 015  005  005  006  004  001  000  000  000  000  001  013  001  000  002  006 
 010  008  006  000  001  002  000  000  000  001  004  015  006  006  004  003 
 001  008  007  000  000  004  004  000  000  000  002  010  003  007  010  011 
 002  010  004  000  000  006  008  003  004  000  000  006  002  000  008  015 

Celda2

 000  000  000  000  000  000  000  000  000  000  000  001  007  006  000  000 
 000  000  000  000  000  000  000  000  000  000  000  002  018  016  000  000 
 000  000  000  000  000  000  000  000  000  000  000  006  040  038  000  000 
 000  000  000  000  000  000  000  000  000  000  000  008  052  056  006  000 
 007  010  008  003  000  000  000  000  000  000  000  006  050  061  018  000 
 000  000  000  000  000  000  000  000  000  000  000  002  042  060  031  000 
 000  000  000  000  000  004  003  000  000  000  000  000  032  056  041  006 
 000  000  000  000  002  008  010  012  011  008  004  000  017  048  048  018 
 000  000  000  000  000  004  012  017  018  014  006  000  002  038  051  030 
 000  000  000  000  000  004  013  016  014  010  003  000  000  036  052  039 
 000  002  000  000  002  005  010  010  006  002  000  000  023  073  081  060 
 006  007  012  013  008  006  003  004  003  000  000  002  044  086  074  044 
 008  010  016  018  013  004  004  002  002  002  006  010  056  088  056  022 
 007  011  012  012  012  010  005  000  000  004  014  024  079  107  056  020 
 013  010  006  007  013  012  004  000  000  003  014  026  095  118  059  033 
 015  009  002  002  008  010  004  000  001  002  006  025  091  108  050  031 

Celda3

 000  003  002  001  003  003  002  002  000  000  000  000  000  000  001  002 
 000  008  006  004  006  006  006  005  000  000  000  000  000  000  002  004 
 000  018  016  010  012  014  012  008  000  000  000  000  000  000  000  002 
 000  031  029  017  016  023  021  006  000  000  000  000  000  000  000  000 
 012  061  064  037  031  037  028  011  010  010  011  012  016  026  030  025 
 011  050  043  013  012  019  011  000  002  008  010  006  001  004  017  029 
 008  042  042  016  010  012  007  004  001  002  004  002  000  000  006  018 
 012  038  040  020  014  012  008  008  006  001  000  004  008  006  006  004 
 024  040  034  016  014  017  016  019  015  008  008  016  024  020  005  000 
 033  038  029  012  012  020  028  030  016  010  016  026  035  034  020  006 
 041  036  029  020  018  022  034  033  011  008  017  028  026  030  028  023 
 025  028  034  025  017  021  032  029  009  006  015  012  002  008  016  021 
 017  031  036  020  012  019  026  024  014  009  005  000  000  000  002  008 
 025  046  044  024  021  026  022  018  018  011  000  000  000  000  000  002 
 028  057  050  028  031  029  012  012  019  010  000  000  002  000  008  004 
 018  050  038  014  022  015  000  004  018  010  000  000  008  009  006  000 

Celda4

 001  000  000  000  000  000  000  000  000  000  002  003  000  000  001  003 
 002  001  000  000  000  000  000  000  000  000  004  007  000  000  003  007 
 004  005  002  000  000  000  000  000  000  000  006  012  001  000  006  013 
 001  008  004  001  002  000  000  000  000  000  002  011  004  000  007  013 
 016  008  000  004  008  006  005  006  008  008  004  004  006  005  005  008 
 032  026  020  016  014  006  001  002  005  009  010  004  002  006  004  006 
 024  024  025  023  016  013  010  008  006  006  008  006  000  002  004  009 
 008  010  012  014  012  014  016  016  014  012  009  006  002  000  003  017 
 000  003  012  014  013  009  008  008  012  014  009  006  006  008  016  029 
 000  012  026  022  022  017  008  004  003  000  000  000  004  012  027  024 
 020  029  026  012  015  020  020  014  008  000  000  000  000  000  008  004 
 023  021  008  000  003  008  012  012  011  012  012  008  000  000  000  006 
 010  006  002  002  000  000  000  000  000  008  021  026  018  006  000  004 
 000  000  000  002  000  000  000  000  000  000  004  012  020  024  022  016 
 000  000  008  000  001  005  011  014  012  002  000  000  004  018  026  030 
 000  000  016  008  008  020  028  022  016  010  000  000  000  001  008  012 

Celda5

 001  000  001  002  000  000  000  000  000  000  000  002  001  001  002  000 
 003  000  003  006  000  000  000  000  000  000  000  004  004  004  005  000 
 008  004  008  012  000  000  000  000  000  000  000  008  010  010  010  000 
 013  009  011  013  000  000  000  000  000  000  000  011  015  014  012  000 
 014  012  008  008  000  000  000  000  000  000  006  014  012  014  012  000 
 011  009  006  004  000  000  000  000  000  009  013  006  008  018  013  000 
 011  006  008  008  002  003  006  010  009  007  000  000  008  019  010  000 
 015  006  013  015  008  018  025  022  009  000  000  000  009  014  008  000 
 013  006  013  012  008  019  019  018  010  000  000  000  007  008  010  004 
 003  003  009  010  016  018  004  000  008  010  010  006  003  008  010  006 
 000  004  003  006  016  016  006  000  000  006  012  010  005  008  008  008 
 012  012  001  004  012  010  006  000  000  000  000  002  001  003  004  009 
 016  013  004  008  010  006  006  002  000  000  000  000  000  000  000  008 
 013  000  002  011  011  008  010  006  002  002  000  000  000  000  000  008 
 028  018  002  004  007  008  014  012  010  008  000  000  000  002  002  011 
 014  016  017  016  012  005  007  012  017  012  000  000  000  006  019  020 

Celda6

 000  000  000  001  000  000  002  003  000  000  004  002  000  000  000  000 
 000  000  000  002  002  002  004  004  000  000  008  003  000  000  000  000 
 000  000  000  005  006  008  009  004  000  006  014  002  000  000  000  000 
 000  000  000  006  012  016  012  002  002  013  012  000  000  000  000  001 
 000  000  000  006  016  020  014  019  036  037  020  011  006  001  000  003 
 000  000  000  006  017  019  024  043  040  021  011  007  000  000  000  004 
 000  000  000  006  016  026  046  044  013  000  000  000  000  000  000  001 
 000  000  000  004  020  042  047  020  002  002  000  000  000  000  000  000 
 000  000  003  011  041  054  026  002  000  004  000  000  000  000  000  001 
 004  010  017  040  056  038  006  000  000  004  000  000  000  001  000  002 
 004  012  031  046  032  008  000  000  000  002  002  000  001  001  000  000 
 010  016  028  017  000  000  002  000  000  000  006  003  002  000  000  000 
 024  018  004  000  000  000  003  000  000  000  010  005  002  003  000  000 
 030  016  000  000  001  000  000  000  000  000  011  010  008  004  000  000 
 018  007  000  006  004  000  000  000  000  000  012  020  027  012  006  003 
 005  000  007  012  003  000  000  000  000  000  014  028  031  010  012  014 

Celda7

 001  002  001  000  000  000  000  001  000  000  001  002  003  004  004  000 
 003  004  003  001  000  000  001  002  000  000  004  006  006  008  011  000 
 008  010  008  003  000  000  004  005  000  001  012  015  010  014  026  000 
 014  014  010  002  000  000  006  006  000  004  017  019  006  016  037  000 
 019  017  005  000  000  006  017  015  009  010  014  014  002  018  043  000 
 016  012  000  002  012  016  016  011  003  000  004  010  005  022  044  000 
 012  007  000  006  022  018  009  002  000  000  000  014  010  022  046  000 
 010  008  003  006  021  019  003  000  000  000  000  013  008  026  053  000 
 014  014  005  005  012  014  000  000  000  000  003  006  000  030  062  000 
 014  008  000  000  004  006  000  000  000  004  011  008  006  030  063  000 
 010  007  002  000  000  004  000  000  001  019  020  013  010  030  056  000 
 000  008  008  000  000  004  000  000  006  019  011  006  003  020  049  000 
 000  010  015  002  000  000  000  004  015  013  004  007  003  017  048  000 
 000  011  014  004  000  000  000  012  021  008  000  008  006  023  052  002 
 007  017  011  002  000  000  003  016  018  005  000  008  008  028  056  000 
 016  015  006  001  000  004  008  006  010  005  004  008  004  028  060  000 

Celda8

 002  003  000  000  000  000  000  002  008  011  004  008  012  012  017  011 
 000  000  000  000  000  000  000  001  010  015  011  010  006  000  008  014 
 000  000  000  000  006  000  000  000  012  019  014  007  000  000  003  017 
 000  000  000  000  011  000  000  000  011  017  012  004  000  000  002  013 
 000  000  000  000  014  004  000  000  006  009  004  000  000  003  005  006 
 002  002  000  000  012  008  000  000  002  000  000  000  002  010  008  002 
 002  004  006  004  009  008  002  003  002  000  000  000  002  012  010  004 
 001  003  006  008  017  013  005  004  000  000  000  000  000  008  012  008 
 000  002  006  009  019  014  010  004  000  000  000  006  012  021  022  010 
 000  002  006  008  013  009  006  002  000  000  002  009  024  033  024  011 
 000  002  006  006  004  009  004  004  006  006  003  020  033  025  012  007 
 002  005  009  006  000  018  009  008  008  011  015  038  037  012  002  004 
 002  004  006  002  000  026  008  008  008  015  027  038  021  000  000  000 
 000  000  000  000  000  023  003  008  014  024  024  018  000  000  000  000 
 000  000  000  000  000  019  012  011  016  019  011  002  000  000  000  001 
 000  000  000  000  000  018  023  009  006  003  000  000  000  000  000  000 

Celda9

 010  011  000  000  000  006  004  002  006  002  000  003  002  000  000  006 
 014  006  000  000  002  004  000  002  005  002  000  006  003  001  000  000 
 014  000  000  000  008  006  002  004  004  000  004  012  009  004  001  000 
 012  000  000  004  010  008  006  008  005  004  011  016  006  000  000  000 
 008  005  002  006  009  006  007  010  010  006  009  008  000  000  000  000 
 005  009  010  010  005  002  006  010  013  013  008  002  000  000  000  000 
 004  010  015  014  003  000  001  006  014  017  008  000  000  000  000  004 
 005  010  019  016  002  000  000  000  012  018  012  000  000  000  000  000 
 004  014  027  014  000  000  000  000  008  021  020  005  000  000  000  000 
 004  021  021  002  000  000  000  000  008  028  026  002  000  000  000  001 
 004  016  012  000  000  000  000  000  013  030  022  000  000  000  000  000 
 006  012  005  000  000  000  000  006  014  020  018  005  000  004  003  000 
 002  003  002  000  000  000  006  012  007  010  020  016  002  000  000  000 
 000  000  002  000  000  004  018  015  007  012  021  017  003  000  002  004 
 004  002  004  000  008  013  024  019  018  026  024  009  004  004  010  008 
 008  007  007  006  009  010  016  013  014  015  005  000  002  011  005  000 

Celda10

 006  003  000  000  000  000  006  012  013  010  010  030  084  097  038  019 
 000  000  000  000  000  000  006  014  014  014  016  034  081  090  031  013 
 000  000  000  000  000  004  008  004  003  006  008  024  070  074  024  006 
 000  000  007  016  016  015  006  000  000  000  000  018  062  064  028  000 
 002  009  014  016  016  010  004  000  000  000  000  022  063  058  037  006 
 017  017  001  000  000  000  000  000  000  000  000  030  072  062  041  004 
 011  004  000  000  000  000  000  000  000  000  000  042  096  081  034  000 
 008  002  000  000  000  000  000  000  000  000  000  081  135  080  006  000 
 011  006  000  000  000  000  000  000  000  000  017  117  134  046  000  000 
 014  010  000  000  000  000  000  000  000  004  049  119  096  009  000  000 
 010  013  000  000  000  000  000  000  001  014  050  095  073  000  000  000 
 002  010  000  000  000  000  000  000  001  012  024  079  064  000  000  003 
 000  000  000  000  002  000  000  000  010  000  008  074  064  006  002  021 
 002  000  000  004  002  000  000  000  019  000  004  076  066  013  010  012 
 004  002  001  006  000  000  000  004  021  000  013  084  061  010  008  012 
 000  000  000  000  000  000  000  031  032  007  025  082  049  000  001  010 

Celda11

 011  036  029  001  006  002  000  000  014  010  002  004  013  007  000  000 
 014  033  027  000  000  000  000  000  008  010  009  010  012  002  000  000 
 016  023  018  000  000  000  000  000  000  012  017  010  004  000  000  000 
 006  000  008  000  000  000  000  000  000  012  021  006  000  003  000  001 
 000  000  006  004  000  000  002  002  000  006  020  010  000  004  002  000 
 000  000  006  010  000  000  002  006  000  003  018  014  000  002  005  000 
 000  000  002  009  000  000  000  008  008  009  018  010  000  005  011  000 
 000  000  001  004  003  000  000  006  014  015  012  005  002  008  005  000 
 000  000  000  000  004  008  010  012  016  012  009  006  002  000  000  000 
 000  000  007  008  012  018  015  014  011  004  010  010  000  000  000  004 
 004  016  026  016  010  014  015  011  008  002  010  012  001  004  010  013 
 014  026  025  009  004  007  015  004  002  000  013  010  000  002  005  000 
 016  009  002  000  000  007  013  000  000  000  010  004  000  000  000  000 
 000  000  000  000  000  004  004  000  000  000  005  000  000  000  000  000 
 000  000  000  006  008  000  000  000  002  000  000  000  000  000  000  000 
 004  004  010  014  002  000  000  002  006  000  000  000  000  000  000  000 

Celda12

 000  000  021  019  017  022  022  014  011  010  006  000  000  000  000  001 
 000  001  020  026  022  014  006  002  004  008  012  011  005  001  002  002 
 008  010  021  026  019  004  000  000  000  000  006  010  008  008  010  008 
 006  008  014  019  012  000  000  000  000  000  000  001  004  006  010  014 
 000  000  006  010  002  000  000  000  000  000  000  000  006  010  021  029 
 000  000  002  008  000  000  000  000  000  000  000  000  004  013  029  031 
 000  000  002  008  000  000  002  002  000  000  000  000  003  012  019  017 
 000  000  003  006  000  000  000  000  000  000  000  000  013  014  011  010 
 000  004  007  000  000  000  000  000  000  000  000  000  014  016  012  008 
 008  002  000  000  000  000  000  002  000  000  006  005  007  012  010  007 
 002  000  000  000  000  000  004  002  000  000  000  003  004  009  006  002 
 000  000  000  000  000  004  009  000  000  002  000  000  005  025  019  006 
 000  000  000  000  006  012  006  000  000  002  000  000  017  046  030  022 
 000  000  004  010  007  003  000  000  000  000  000  001  026  044  014  010 
 000  000  009  014  010  000  000  000  000  000  000  007  024  030  006  000 
 000  007  010  010  010  000  000  000  000  002  006  013  017  014  000  000 

Celda13

 000  003  014  023  028  027  018  010  012  008  000  000  001  017  025  018 
 002  004  006  013  012  011  012  015  018  006  000  000  003  012  014  016 
 006  005  004  003  000  000  000  008  019  018  018  020  021  020  021  026 
 014  009  003  000  000  000  002  014  015  006  010  020  036  035  033  034 
 028  019  008  001  000  002  012  014  010  001  000  016  026  019  020  021 
 026  024  018  014  012  010  006  002  005  008  010  015  012  004  000  000 
 010  012  011  010  008  007  002  000  005  020  023  006  002  006  000  000 
 000  000  000  000  000  002  006  008  014  030  013  000  000  006  001  000 
 000  000  000  000  000  000  000  008  025  023  001  000  000  004  001  000 
 000  000  000  000  003  000  000  012  018  002  000  000  000  003  002  000 
 000  000  000  000  004  003  008  015  005  000  000  000  000  000  003  000 
 000  000  000  000  008  019  018  008  000  000  006  014  014  003  000  000 
 005  000  000  000  024  028  010  002  001  005  017  016  023  020  011  002 
 006  000  000  015  038  022  001  000  004  012  021  022  018  021  019  014 
 000  000  002  040  038  009  000  000  009  017  026  024  009  008  008  012 
 000  000  023  045  020  000  000  003  015  023  025  013  000  000  000  004 

Celda14

 008  008  011  011  000  000  000  000  000  001  012  026  030  005  001  011 
 009  007  000  006  000  000  000  000  002  002  008  021  027  012  000  000 
 014  006  000  000  002  000  000  000  002  000  003  016  024  018  010  002 
 017  008  003  000  002  000  000  002  006  004  000  010  020  018  011  001 
 011  012  014  012  006  000  000  009  013  010  010  002  010  009  004  003 
 000  002  012  019  018  012  003  011  014  000  000  000  000  004  004  009 
 000  000  000  000  011  018  018  006  008  000  000  000  000  010  012  010 
 000  000  002  010  004  004  016  014  002  000  000  002  000  016  016  002 
 000  000  000  016  020  010  000  004  010  024  030  032  018  006  010  000 
 000  002  002  010  022  017  000  000  013  045  038  034  019  004  002  000 
 000  012  018  015  012  013  006  003  021  030  002  000  003  012  014  010 
 000  000  006  008  010  017  024  022  010  009  000  000  000  000  010  012 
 001  001  000  002  011  022  027  014  000  000  000  000  000  006  008  012 
 009  006  002  006  013  014  010  000  000  000  000  000  001  011  020  015 
 018  018  012  009  014  005  000  000  000  000  000  007  010  017  020  005 
 008  008  006  006  011  000  000  000  000  000  002  007  011  018  016  000 

Celda15

 012  004  000  000  000  002  000  000  004  007  006  006  002  032  068  000 
 000  000  000  000  004  000  000  000  003  006  006  008  005  039  074  003 
 000  000  000  002  003  000  000  000  005  002  008  012  011  039  069  000 
 000  000  000  000  000  001  000  002  005  003  007  015  009  034  066  000 
 005  007  002  000  000  008  008  002  002  002  009  015  008  033  066  000 
 012  008  000  000  000  016  013  003  002  001  004  008  004  034  069  000 
 006  002  000  000  009  019  014  008  005  000  000  004  000  036  074  000 
 000  000  009  012  015  014  014  010  004  000  000  000  000  036  081  000 
 000  004  017  019  012  010  015  008  000  000  000  000  000  034  086  000 
 000  006  015  017  016  018  017  002  000  000  000  001  000  030  088  000 
 008  011  008  010  019  027  018  000  000  000  000  000  000  026  089  000 
 010  011  012  017  026  024  010  000  000  000  000  000  000  028  094  005 
 014  006  004  013  024  017  000  000  000  006  006  000  000  033  096  004 
 011  004  000  012  019  010  000  000  000  007  008  000  000  042  099  006 
 000  002  006  007  013  010  000  000  000  002  004  004  002  050  099  008 
 000  000  009  010  003  002  000  000  000  000  004  011  012  050  089  000 

Celda16

 000  000  000  000  002  020  020  004  000  000  000  000  000  000  000  000 
 000  000  000  000  004  016  016  002  000  000  000  000  002  010  012  012 
 000  000  000  000  006  014  015  004  000  000  000  000  006  013  013  012 
 000  000  000  000  008  016  014  004  000  000  000  000  006  000  002  005 
 002  004  006  002  008  016  010  000  000  000  006  008  006  001  005  007 
 002  006  013  013  003  010  009  007  018  024  023  020  016  012  012  011 
 002  006  013  016  008  000  014  028  037  030  021  021  022  021  017  016 
 001  002  007  012  015  014  031  040  036  020  014  018  024  023  018  014 
 001  002  003  008  019  025  034  039  033  019  016  022  020  020  016  006 
 002  004  006  010  020  027  030  039  036  023  017  013  008  010  013  004 
 001  002  005  007  020  023  030  041  037  022  010  000  000  001  005  004 
 001  003  006  006  014  024  029  029  023  011  004  000  001  006  003  008 
 002  004  008  006  012  032  024  007  007  005  004  010  018  014  008  012 
 001  002  002  002  019  042  019  004  012  017  016  023  024  013  005  007 
 001  002  004  008  028  036  010  006  020  024  021  022  016  005  000  005 
 001  004  010  014  025  021  006  003  011  016  018  011  008  004  004  010 

Celda17

 006  010  012  012  007  008  009  008  007  004  000  000  001  012  005  000 
 010  016  022  021  014  011  008  004  005  002  000  000  000  009  002  000 
 014  021  023  016  010  002  000  000  004  004  000  000  000  006  000  000 
 006  012  015  009  004  000  000  000  002  008  005  008  014  024  025  026 
 002  006  016  013  004  000  002  010  014  019  018  020  028  034  030  024 
 009  016  029  017  008  003  006  011  015  019  017  015  013  009  004  003 
 022  038  041  016  007  000  004  010  012  015  008  002  006  008  008  006 
 022  035  028  014  010  006  003  020  027  020  009  002  004  017  024  019 
 006  014  003  000  004  010  014  037  039  021  012  009  021  035  031  019 
 000  012  002  000  000  006  022  043  038  015  013  016  035  040  028  015 
 000  006  002  001  004  012  031  042  029  011  014  019  037  036  018  005 
 008  008  013  015  022  027  035  034  017  009  014  018  026  020  000  000 
 016  023  033  028  029  031  033  026  011  010  014  013  008  006  000  000 
 015  021  026  019  021  027  029  020  006  003  002  000  000  000  000  000 
 015  014  013  014  019  025  023  010  000  000  000  000  000  004  002  000 
 018  018  015  025  024  020  013  001  000  000  000  010  012  005  001  000 

Celda18

 000  000  000  000  000  000  013  063  031  012  022  072  041  000  000  006 
 000  002  000  000  002  007  028  054  012  006  018  064  036  000  000  003 
 002  013  018  018  018  016  029  033  000  000  019  059  032  000  000  010 
 026  030  027  016  014  016  029  021  000  000  031  073  050  018  014  022 
 022  016  005  000  004  014  028  008  000  004  065  093  053  018  013  016 
 006  006  000  000  008  019  023  008  004  028  094  082  022  002  001  003 
 010  013  014  015  018  022  020  014  015  057  091  045  000  000  000  000 
 014  016  018  020  020  016  013  013  021  072  075  021  003  000  000  000 
 011  008  006  008  010  004  000  004  031  081  055  010  006  008  010  012 
 008  002  000  000  000  000  000  000  057  071  015  000  000  012  020  022 
 000  000  000  000  000  000  000  019  062  033  000  000  009  015  014  010 
 000  000  002  000  000  000  000  032  054  016  000  014  039  020  014  008 
 000  000  012  000  000  000  002  038  052  023  019  050  047  026  030  034 
 000  000  014  000  000  000  010  048  065  062  054  042  025  019  028  034 
 000  000  010  000  000  000  027  083  101  078  038  008  001  008  009  007 
 000  000  008  000  000  009  075  108  093  046  006  000  000  010  008  000 

Celda19

 007  014  022  012  000  000  000  004  006  000  000  000  000  000  000  000 
 010  022  026  008  000  000  000  002  004  000  000  000  000  000  000  000 
 029  041  031  002  000  000  000  000  003  002  000  000  000  000  000  004 
 034  029  009  000  000  000  000  001  000  002  000  000  002  006  014  019 
 016  010  002  000  000  000  002  005  005  002  000  000  002  008  020  022 
 006  002  000  000  000  000  001  000  000  000  000  000  000  003  012  015 
 004  002  001  002  002  004  002  000  000  000  000  000  003  004  014  016 
 005  006  005  006  008  011  005  002  000  000  000  000  006  006  012  016 
 014  016  013  008  010  013  008  005  004  004  003  007  018  013  008  012 
 021  022  021  015  015  014  008  004  004  008  009  018  028  013  006  011 
 011  017  024  022  022  017  008  003  004  010  014  027  031  014  014  024 
 016  018  018  014  011  009  004  003  007  006  012  030  028  014  014  025 
 035  021  006  002  002  000  000  002  004  002  006  020  018  012  013  017 
 026  014  002  000  006  000  004  008  009  007  006  014  014  007  010  004 
 004  002  004  005  011  008  008  013  021  020  016  014  015  006  000  000 
 000  002  008  011  011  005  002  008  019  014  013  009  013  006  000  002 

Celda20

 000  008  008  004  006  004  000  000  001  006  012  015  007  000  000  000 
 004  009  005  000  000  006  001  000  006  013  014  007  000  000  000  000 
 010  014  009  006  002  005  006  010  017  016  005  000  000  000  000  000 
 016  015  014  015  015  016  023  023  019  009  000  000  000  000  000  004 
 014  013  016  018  021  021  024  015  003  000  000  000  000  000  002  005 
 007  006  012  012  017  018  013  003  000  000  000  000  000  002  000  004 
 002  000  007  008  009  012  007  000  000  000  000  000  001  000  000  000 
 006  002  005  006  005  002  000  000  000  000  000  004  002  000  000  009 
 011  004  000  004  008  000  000  002  008  012  016  013  000  000  000  022 
 015  004  000  003  008  000  002  007  012  019  023  017  002  000  000  042 
 023  006  002  005  011  007  010  010  010  012  010  000  000  000  015  059 
 020  010  004  002  009  006  004  006  004  000  000  000  000  000  038  061 
 010  003  000  000  007  008  003  000  000  000  000  000  000  000  048  042 
 000  000  000  000  002  006  006  000  000  000  000  000  000  012  054  030 
 000  000  000  000  000  004  005  004  002  001  000  000  000  029  064  036 
 003  004  004  004  007  011  011  014  010  002  000  000  000  044  062  024 

Celda21

 000  000  033  028  000  000  000  011  023  025  014  000  000  000  000  000 
 000  010  031  012  000  000  013  028  032  022  004  000  000  000  000  004 
 000  023  029  012  008  016  030  036  030  012  006  000  000  000  000  011 
 008  033  037  024  020  022  023  022  013  000  000  000  000  010  018  021 
 015  051  048  024  013  009  005  006  008  000  000  000  002  011  016  014 
 032  062  040  013  006  008  006  000  002  003  000  006  006  002  001  002 
 039  051  013  004  008  019  016  011  002  006  006  009  010  004  001  002 
 044  037  000  000  011  021  013  012  006  006  007  000  000  002  004  008 
 053  030  000  000  010  014  000  000  002  004  002  000  000  000  006  010 
 055  020  000  000  014  013  000  000  006  008  008  010  010  017  019  011 
 045  004  000  006  020  013  004  010  012  010  016  021  029  035  029  018 
 030  002  000  011  027  020  006  006  006  004  014  021  021  024  020  018 
 008  000  003  018  033  022  004  001  000  000  010  016  004  002  002  002 
 002  000  002  019  034  024  008  006  005  005  007  011  000  000  006  000 
 008  002  011  022  033  027  012  011  008  008  008  000  000  000  004  003 
 004  004  015  022  030  025  006  009  010  012  011  008  002  000  000  006 

Celda22

 001  001  004  005  003  000  000  006  010  010  006  003  013  019  013  006 
 006  008  011  009  003  004  012  020  015  011  009  006  015  018  006  000 
 012  007  009  010  012  018  029  024  018  014  015  018  022  016  004  000 
 012  004  004  009  016  024  024  014  012  012  014  016  016  011  002  000 
 007  003  003  010  015  014  005  000  000  001  006  006  004  000  000  000 
 002  002  006  007  007  003  000  000  000  000  000  000  000  000  000  000 
 007  013  013  006  002  002  000  000  002  002  002  002  001  001  000  000 
 016  022  018  014  006  000  000  004  012  014  014  014  014  012  008  003 
 011  008  004  008  010  008  007  008  012  020  019  020  020  018  011  003 
 002  002  000  000  004  012  019  016  012  018  014  012  008  004  002  000 
 008  000  002  000  003  011  022  018  012  010  003  001  000  000  000  000 
 011  003  004  004  006  014  017  008  006  003  000  000  000  000  000  004 
 004  000  002  006  003  006  005  000  000  000  000  000  000  004  026  045 
 000  000  000  010  008  004  000  000  000  002  000  000  000  022  052  050 
 000  000  000  010  010  000  000  000  000  006  007  002  023  045  040  016 
 000  000  000  004  004  000  000  000  000  016  028  040  033  021  008  000 

Celda23

 005  004  004  001  000  000  000  000  000  000  010  017  011  046  089  000 
 004  003  000  000  000  000  000  000  000  000  010  017  011  050  100  010 
 000  000  000  000  000  000  000  000  000  000  006  014  016  061  107  008 
 000  000  000  000  000  000  000  000  000  000  009  020  022  063  102  000 
 000  000  000  000  000  003  004  004  004  012  025  025  015  056  100  000 
 000  000  000  000  000  004  006  011  019  031  031  016  003  052  098  000 
 000  002  001  000  002  008  017  030  037  033  020  010  006  048  096  000 
 002  004  010  014  024  031  040  044  031  018  008  010  016  055  100  006 
 000  005  016  037  053  049  039  027  014  006  003  012  013  055  102  014 
 000  019  040  052  050  030  016  001  000  000  001  005  003  044  091  006 
 007  040  046  032  013  001  000  000  000  000  000  000  002  050  091  000 
 034  046  024  008  000  000  000  000  000  000  000  000  002  055  094  000 
 048  027  004  000  000  000  000  000  003  004  003  002  001  056  097  001 
 031  011  000  000  000  000  000  000  000  002  002  002  003  058  096  000 
 010  008  004  000  000  001  000  000  000  000  002  006  006  052  092  000 
 000  000  000  000  000  002  002  000  000  001  007  016  016  047  088  000 

Celda24

 000  000  001  006  018  018  005  002  008  018  018  004  008  011  014  018 
 000  000  000  000  017  017  004  000  006  021  022  008  003  011  017  017 
 000  000  000  002  014  009  000  000  003  022  022  012  000  003  012  013 
 001  002  003  004  007  006  000  000  003  019  018  010  004  000  000  002 
 001  003  006  004  000  002  000  004  014  018  009  006  004  004  003  000 
 002  004  008  008  007  007  007  011  015  005  000  005  004  002  004  004 
 001  002  004  010  015  014  006  005  006  000  000  006  004  000  002  008 
 000  000  001  004  008  004  000  004  008  004  012  016  006  000  000  010 
 000  000  000  000  000  000  000  005  013  010  012  012  008  004  004  014 
 000  000  000  000  000  000  000  006  011  006  005  002  002  007  016  022 
 001  002  002  002  003  000  000  007  011  004  006  006  003  010  026  020 
 001  002  004  008  008  002  000  008  008  004  011  012  005  010  021  006 
 000  000  000  000  000  002  004  007  002  002  018  014  000  004  008  000 
 000  000  000  000  000  000  006  004  000  004  019  014  000  001  004  000 
 000  000  000  000  006  000  002  005  012  023  028  011  000  000  000  000 
 000  000  000  000  014  010  007  008  019  025  017  005  002  000  000  000 

Celda25

 016  018  021  030  017  007  005  000  000  000  000  016  018  000  000  000 
 015  015  014  010  000  000  004  000  000  000  000  015  018  000  000  000 
 013  012  006  000  000  002  004  000  000  000  000  011  016  002  000  000 
 005  004  003  000  000  004  002  000  000  002  002  008  016  004  000  000 
 001  000  000  006  008  005  000  000  000  007  012  017  022  004  000  000 
 000  000  000  005  004  000  000  000  000  007  016  015  013  000  000  002 
 004  003  002  000  000  000  000  002  016  012  012  008  000  000  000  000 
 007  002  000  000  000  000  000  008  024  011  000  000  000  000  000  000 
 009  000  000  000  000  008  012  007  020  010  000  000  000  000  000  000 
 008  000  000  000  002  010  014  008  009  004  000  000  000  000  000  000 
 006  000  000  000  003  003  005  006  003  000  000  000  000  000  000  000 
 001  000  000  000  002  003  000  004  007  002  000  000  000  000  000  000 
 000  002  002  000  000  002  000  004  002  000  000  000  000  000  000  005 
 000  000  000  002  002  000  000  000  000  000  000  000  000  000  000  033 
 000  000  000  000  000  000  000  000  000  000  000  000  000  000  011  068 
 000  000  000  000  000  000  000  000  000  000  000  000  000  000  037  092 

Celda26

 000  000  008  000  000  041  093  088  052  020  002  000  002  008  008  000 
 000  000  008  000  000  066  088  055  026  012  006  008  003  002  007  002 
 000  000  010  000  027  092  080  034  015  008  008  011  000  000  006  010 
 000  000  013  019  063  102  058  011  008  009  008  006  000  000  005  016 
 002  002  012  030  075  083  018  000  008  012  004  000  000  001  001  012 
 002  000  014  050  084  060  000  000  012  017  004  002  008  011  009  000 
 000  000  037  082  084  037  000  000  012  020  007  008  015  011  008  003 
 000  006  057  079  055  014  000  000  026  033  019  017  017  004  000  000 
 000  004  050  057  038  006  000  013  046  040  020  017  010  000  000  000 
 000  011  053  065  049  012  010  033  048  028  010  008  000  000  000  004 
 000  050  068  077  052  009  003  026  031  012  005  006  002  000  000  013 
 042  073  051  054  027  000  000  024  026  011  007  008  007  009  009  014 
 066  057  017  033  021  000  005  030  031  017  006  002  003  012  018  010 
 077  042  012  040  031  010  014  032  027  011  000  000  000  004  016  016 
 093  041  018  041  028  010  012  027  018  005  000  000  000  000  004  007 
 081  024  006  025  018  005  011  027  014  000  000  000  000  000  000  000 

Celda27

 002  002  003  004  002  000  003  008  003  000  000  004  018  019  016  017 
 000  000  001  001  000  002  010  004  000  000  002  011  028  032  025  024 
 000  000  004  002  000  003  013  000  000  000  006  018  031  033  018  014 
 006  000  000  000  000  002  015  004  000  000  006  022  033  027  004  003 
 008  000  000  000  000  001  014  010  000  002  012  029  031  020  000  000 
 005  000  000  000  000  000  012  014  000  004  016  027  020  013  002  000 
 000  000  001  006  004  000  011  016  001  004  014  018  011  009  006  000 
 002  007  008  007  006  006  010  014  006  004  009  014  010  009  004  000 
 006  007  003  002  005  007  005  010  010  000  002  014  021  011  000  000 
 014  002  000  000  002  002  002  005  012  003  000  020  030  005  000  000 
 018  003  001  000  000  000  004  016  020  006  004  026  020  000  000  000 
 018  002  000  000  000  002  011  018  014  008  015  023  005  000  000  000 
 011  002  000  000  000  006  008  009  009  019  023  011  000  000  000  000 
 002  000  000  000  000  007  008  010  021  030  014  002  000  000  000  002 
 002  000  000  000  001  004  006  018  030  018  000  000  000  000  000  000 
 000  000  000  005  006  004  011  029  027  006  000  000  000  002  004  000 

Celda28

 016  014  010  009  011  010  011  014  005  000  000  000  003  058  053  009 
 018  014  014  012  010  008  008  007  000  000  000  007  025  070  049  008 
 006  004  009  012  012  013  010  002  000  000  000  009  041  068  036  007 
 002  002  004  009  012  017  014  008  000  000  000  005  048  053  020  006 
 002  002  000  002  009  016  014  016  010  004  004  025  063  047  018  014 
 000  000  000  000  008  016  010  011  008  006  014  054  072  039  018  016 
 000  000  000  005  014  017  002  000  000  000  012  069  066  025  016  010 
 000  000  000  007  016  011  000  000  000  000  033  084  060  026  016  006 
 000  006  004  006  011  006  000  000  000  000  063  094  044  016  013  010 
 000  000  000  002  004  000  000  000  000  010  090  085  013  000  000  006 
 000  000  000  003  002  000  000  000  000  035  101  054  000  000  000  000 
 000  000  000  004  003  000  000  000  000  064  084  028  000  000  000  000 
 000  001  001  001  003  000  000  000  008  069  054  005  000  000  000  000 
 000  000  000  000  000  000  000  000  020  070  038  000  000  009  000  000 
 000  000  001  000  000  000  000  000  043  079  032  000  000  011  000  000 
 000  002  006  000  000  000  000  002  065  076  014  000  000  008  000  000 

Celda29

 000  000  011  019  026  021  006  010  016  016  013  012  013  016  015  009 
 002  000  010  020  024  021  008  004  008  007  004  006  011  015  019  020 
 004  001  008  020  024  018  008  002  000  000  000  000  003  004  003  002 
 010  012  009  017  020  012  004  008  002  000  000  002  000  000  000  000 
 017  018  016  023  014  003  002  012  010  000  002  000  000  000  000  000 
 014  012  016  023  013  006  005  012  012  000  000  000  000  000  000  000 
 004  004  015  023  020  021  015  005  006  000  000  000  000  000  000  000 
 000  001  014  022  020  019  014  003  000  000  000  000  000  000  007  033 
 006  004  015  018  007  000  000  000  000  000  000  000  006  022  051  076 
 007  005  010  008  000  000  000  000  000  000  005  021  033  049  069  069 
 000  000  002  000  000  000  000  000  000  025  040  040  037  042  045  031 
 000  000  000  000  000  000  000  017  042  053  044  025  019  025  022  004 
 000  000  000  000  000  005  025  045  054  046  024  012  008  017  012  000 
 000  000  000  016  026  034  039  039  034  022  010  012  010  014  009  000 
 000  000  021  051  054  041  028  019  017  014  004  012  016  018  012  004 
 010  032  059  068  049  024  012  005  010  016  012  011  013  015  012  010 

Celda30

 000  000  000  000  000  000  000  000  000  032  060  040  002  000  001  000 
 014  005  000  000  000  000  002  019  038  065  062  013  000  000  000  000 
 002  004  004  000  000  000  026  051  063  063  040  003  000  000  000  000 
 000  000  000  000  004  029  057  065  051  029  014  006  008  012  012  014 
 000  000  000  006  030  064  073  050  020  001  000  004  010  014  015  019 
 000  000  014  041  060  073  056  019  003  000  000  006  013  016  017  023 
 010  030  052  061  059  046  020  002  002  002  004  008  014  018  020  027 
 058  062  051  043  034  012  000  000  002  004  002  006  008  010  015  020 
 071  048  028  020  017  000  000  004  004  002  000  006  006  002  005  009 
 041  028  022  016  012  000  000  014  007  006  000  007  010  002  001  004 
 008  010  018  019  013  011  013  018  006  006  008  013  016  008  008  016 
 000  000  006  012  012  015  014  006  000  002  009  012  019  022  028  035 
 000  000  002  008  011  012  009  001  000  004  011  012  028  037  034  027 
 004  008  008  011  015  014  008  005  006  013  010  008  027  029  012  001 
 004  010  011  012  012  010  008  011  012  012  004  002  018  017  002  000 
 007  012  009  006  004  004  008  014  013  006  005  008  015  010  004  004 

Celda31

 000  000  000  000  000  007  011  009  010  010  016  015  014  045  094  008 
 000  000  000  000  000  011  010  004  004  005  011  009  009  048  097  013 
 000  003  010  012  010  014  007  000  000  004  017  024  024  061  097  017 
 025  036  033  035  031  022  017  014  014  018  035  040  031  057  089  018 
 037  043  034  037  039  033  024  020  018  017  034  035  026  057  090  023 
 036  035  026  024  026  024  016  008  007  011  035  046  051  080  096  031 
 031  028  020  012  010  009  006  002  009  033  057  064  062  069  069  017 
 020  020  010  000  002  009  015  016  034  054  057  044  031  033  040  000 
 012  015  004  002  009  021  030  032  042  046  032  013  014  034  043  001 
 013  018  013  019  032  027  027  028  029  030  018  004  008  036  048  001 
 026  025  022  030  029  016  011  014  021  026  016  008  012  037  048  000 
 035  024  017  017  008  003  002  005  021  023  014  014  022  041  051  004 
 023  018  013  008  000  000  001  007  019  016  012  021  028  039  049  009 
 007  014  012  009  002  000  001  007  019  016  013  024  028  035  045  012 
 010  012  002  002  000  000  002  009  022  022  022  031  032  036  043  015 
 010  011  002  000  000  000  008  017  024  023  024  032  031  031  034  011 

Celda32

 000  000  000  000  023  022  013  010  007  012  000  000  000  000  000  000 
 000  000  000  000  030  024  006  000  000  010  002  000  000  000  000  000 
 000  000  000  000  030  028  008  000  000  006  006  001  000  000  000  000 
 000  000  000  000  026  028  010  000  000  002  007  003  004  000  000  000 
 000  000  000  000  020  026  010  000  000  002  006  002  008  003  004  001 
 000  000  000  000  016  020  008  000  000  006  006  003  012  011  005  004 
 001  002  002  000  010  014  004  000  004  012  006  006  013  009  000  002 
 002  003  002  000  005  009  004  000  014  015  004  008  015  006  000  000 
 000  000  000  000  004  010  013  023  028  013  002  012  018  004  000  001 
 000  000  000  000  008  019  031  030  019  007  006  023  023  004  000  000 
 001  003  006  006  015  026  030  018  007  006  013  027  015  000  000  000 
 003  008  014  013  012  020  020  013  010  010  014  012  000  000  000  000 
 001  003  007  009  008  016  017  018  015  009  003  000  000  000  000  000 
 000  000  000  004  011  018  018  019  014  005  001  000  000  000  001  003 
 000  000  002  009  014  013  015  018  014  008  004  006  008  008  008  010 
 000  001  004  008  012  010  011  014  014  010  002  001  003  006  008  007 

Celda33

 000  004  004  000  000  000  000  000  000  000  000  000  000  004  053  077 
 000  004  006  000  000  000  000  000  000  000  000  000  000  012  061  076 
 000  000  003  000  000  000  000  000  000  000  000  000  006  044  087  095 
 000  000  000  000  000  000  000  000  000  000  000  000  028  081  096  077 
 000  000  000  000  000  000  000  000  000  000  000  000  053  090  066  036 
 003  000  000  000  000  000  000  000  000  000  000  012  066  079  031  014 
 006  006  000  000  000  000  000  000  000  000  000  026  081  070  008  005 
 006  008  004  000  000  000  000  000  000  000  000  039  087  058  000  003 
 002  002  000  000  000  000  000  000  000  000  000  048  080  050  000  005 
 000  000  000  002  000  000  000  000  000  000  001  052  070  048  008  003 
 000  000  000  008  008  004  004  004  000  000  019  061  069  043  011  000 
 000  000  004  010  012  012  014  009  003  009  041  069  067  036  007  002 
 001  004  004  002  002  005  004  000  000  016  043  055  048  022  004  004 
 008  012  009  000  000  000  000  000  000  021  028  034  038  022  012  017 
 012  010  005  000  000  000  000  000  006  030  029  040  048  037  028  027 
 004  000  000  000  000  000  000  001  026  055  055  064  065  049  036  026 

Celda34

 055  016  002  020  018  004  009  019  005  000  002  002  000  000  000  000 
 062  030  014  022  020  004  000  010  007  000  002  000  000  000  000  000 
 083  051  030  024  019  001  000  006  012  003  000  000  000  000  000  002 
 060  033  018  018  010  000  000  006  011  002  000  000  000  002  013  026 
 036  022  006  009  009  008  008  010  007  000  000  000  011  019  021  021 
 037  029  008  008  010  010  008  004  000  000  000  004  012  016  013  011 
 036  024  000  000  002  000  000  000  000  000  000  000  000  004  012  018 
 039  026  000  000  000  000  000  000  000  001  000  000  000  008  012  012 
 034  021  000  000  003  000  000  000  001  003  003  008  008  007  010  002 
 022  016  000  002  014  008  006  002  005  005  006  009  014  009  006  002 
 016  019  016  022  027  014  010  006  008  003  000  005  004  011  011  005 
 016  025  021  016  014  004  008  012  008  002  000  002  006  000  000  000 
 016  024  018  010  006  000  000  004  003  000  000  000  006  006  000  000 
 022  015  014  012  006  000  000  000  000  000  000  000  000  006  000  000 
 024  012  006  012  007  000  000  000  000  000  000  000  000  001  000  000 
 013  004  003  009  006  000  000  000  000  002  003  000  000  000  004  000 

Celda35

 000  000  000  011  018  020  027  034  020  000  000  000  004  010  012  013 
 000  002  018  036  040  034  026  017  008  000  002  004  002  001  001  004 
 008  023  041  047  038  021  005  000  006  008  004  007  006  002  000  000 
 029  034  037  030  015  000  000  000  011  015  002  006  008  008  008  003 
 020  024  023  017  006  000  000  000  014  016  001  000  000  004  005  000 
 017  020  017  017  012  008  004  004  011  014  002  000  000  002  002  000 
 023  020  016  016  008  012  014  016  019  018  015  015  016  009  004  000 
 009  010  013  013  003  008  014  022  026  026  030  022  020  010  000  000 
 000  009  015  014  003  001  004  017  017  016  022  010  008  000  000  000 
 000  015  026  016  002  000  000  010  006  002  007  000  000  000  000  000 
 001  019  025  007  000  000  000  007  008  002  002  000  000  000  000  000 
 000  018  021  006  000  001  004  000  006  002  000  000  000  000  000  000 
 000  014  015  010  008  000  003  000  000  000  000  000  000  000  000  000 
 000  010  008  010  016  005  000  000  000  000  000  000  000  000  000  000 
 000  007  005  005  012  005  000  000  000  000  000  000  000  000  000  000 
 000  006  008  000  000  000  000  000  000  000  000  000  000  000  000  000 

Celda36

 012  009  005  000  000  000  000  025  074  051  000  000  000  010  018  028 
 004  000  000  000  000  000  000  040  065  019  000  000  000  027  062  068 
 000  000  000  000  000  000  006  050  049  005  003  022  040  063  073  052 
 000  000  000  000  000  000  022  062  045  016  024  040  046  050  046  030 
 000  000  000  000  000  000  038  074  054  034  030  024  022  026  030  030 
 000  000  000  000  000  010  064  085  055  024  005  000  005  021  027  025 
 000  000  000  000  000  036  094  082  031  004  000  000  012  028  028  017 
 000  000  000  000  000  074  102  054  005  000  005  006  024  044  041  026 
 000  000  000  009  044  093  088  029  000  002  016  020  038  055  044  021 
 000  000  006  044  082  093  071  021  006  009  028  037  047  048  023  000 
 000  000  042  087  084  064  040  007  004  014  035  047  043  027  008  000 
 000  012  080  085  041  013  006  003  002  012  028  036  023  010  000  000 
 000  044  083  046  004  000  003  004  007  010  019  028  020  008  002  003 
 000  052  054  029  005  005  012  011  012  010  012  022  020  012  010  006 
 011  042  042  027  014  013  010  006  011  009  003  014  018  014  012  008 
 020  045  046  038  018  006  006  010  015  004  000  006  014  011  012  010 

Celda37

 046  054  056  045  022  005  002  003  005  015  018  012  007  008  011  016 
 052  038  030  018  005  001  002  004  004  011  018  014  010  016  024  022 
 026  017  016  010  006  006  008  008  009  011  015  018  019  024  027  019 
 021  018  014  012  009  011  012  012  012  015  020  023  023  022  021  018 
 031  022  011  008  006  005  008  008  008  013  017  020  022  022  019  017 
 023  014  004  003  000  000  007  006  008  007  007  013  019  018  013  010 
 013  009  000  000  002  002  006  014  008  002  002  014  016  013  010  004 
 018  009  001  004  008  010  006  016  004  000  000  014  014  010  008  000 
 016  008  004  006  008  012  011  013  002  000  000  006  010  007  006  000 
 000  000  005  008  008  011  016  014  006  004  010  010  000  000  008  010 
 000  002  006  010  012  011  014  016  014  014  018  015  004  000  013  025 
 000  009  003  003  007  010  013  011  013  013  009  002  000  004  040  047 
 009  004  000  004  006  007  009  006  007  004  000  000  000  017  056  043 
 000  000  000  005  010  008  003  000  000  000  000  002  012  031  046  015 
 000  000  000  007  009  004  002  002  000  000  000  011  019  024  022  006 
 000  000  002  012  005  000  000  008  005  000  006  010  012  010  004  000 

Celda38

 016  013  005  003  004  008  010  011  008  004  005  011  014  008  005  007 
 020  014  008  005  009  010  011  007  001  000  002  009  015  017  013  007 
 020  018  012  008  013  010  010  007  002  000  006  014  018  014  009  004 
 020  022  018  014  014  008  008  007  008  012  022  024  013  002  000  000 
 014  018  018  014  006  001  000  002  011  019  029  020  007  000  000  000 
 007  000  000  005  004  000  000  000  010  020  018  008  005  006  006  004 
 004  000  000  000  004  002  000  004  018  014  008  006  008  009  008  008 
 000  000  006  010  000  000  004  015  020  008  008  012  017  014  009  008 
 000  006  011  012  000  000  000  016  014  005  010  025  024  022  016  016 
 010  012  012  007  000  000  004  012  007  003  019  033  023  022  021  022 
 026  020  009  000  000  000  006  011  006  006  020  028  012  016  016  014 
 030  014  001  000  000  004  010  005  003  008  024  026  002  000  004  000 
 012  000  000  001  005  017  021  010  002  006  020  021  006  000  000  000 
 000  000  000  006  011  022  025  013  008  000  010  012  008  002  000  000 
 000  000  009  014  012  018  018  003  000  000  004  007  009  007  004  006 
 000  004  017  015  006  006  008  000  000  000  006  010  007  008  012  007 

Celda39

 007  004  000  000  000  009  018  020  019  016  019  026  021  017  020  002 
 004  000  000  000  008  015  017  014  010  011  021  025  014  010  016  000 
 005  005  008  012  019  012  010  010  005  008  021  023  010  007  018  000 
 004  007  012  021  020  004  003  010  009  010  020  022  007  004  018  000 
 001  010  013  017  012  008  002  005  010  014  019  020  008  006  019  000 
 000  014  018  012  006  008  012  010  010  010  012  012  010  014  026  000 
 010  023  021  008  000  000  004  014  023  015  000  003  014  026  034  001 
 010  021  016  003  000  000  006  018  034  028  021  008  015  032  037  000 
 016  017  007  000  000  000  006  026  030  012  015  013  016  028  034  000 
 022  017  008  000  000  000  003  024  030  001  000  000  007  023  031  000 
 012  014  016  009  000  000  003  013  022  003  000  000  014  033  046  016 
 000  001  004  008  002  000  008  008  012  003  000  006  027  043  049  015 
 000  004  004  000  002  002  009  011  009  008  010  020  026  035  036  000 
 000  000  004  000  000  009  011  012  010  009  014  011  004  025  036  000 
 014  012  003  000  000  008  015  014  007  010  012  000  000  022  040  000 
 006  010  008  004  000  007  010  007  003  004  006  000  000  024  045  000 

Celda40

 000  000  000  001  010  009  006  008  015  011  000  000  000  004  003  000 
 001  002  004  005  013  006  005  003  015  014  000  000  002  005  000  000 
 002  004  006  006  011  005  006  006  014  013  000  004  004  000  000  000 
 001  003  006  007  008  007  008  010  010  008  004  004  004  000  000  000 
 001  004  010  013  011  009  009  007  003  002  008  001  000  000  000  000 
 001  002  004  005  003  000  006  000  000  000  012  000  000  000  000  000 
 000  000  000  000  000  000  010  002  000  000  015  000  000  000  000  000 
 000  000  000  000  000  000  014  006  000  002  008  000  000  000  000  000 
 000  000  000  000  000  003  010  008  008  006  000  000  000  000  004  000 
 000  000  000  000  002  002  000  008  020  004  000  000  000  012  012  010 
 002  004  006  009  008  000  000  006  019  000  000  000  025  014  005  008 
 000  001  004  007  003  000  000  004  010  000  000  018  022  000  000  000 
 000  000  000  000  000  000  000  004  014  020  020  018  002  000  000  000 
 000  000  000  000  000  000  004  015  031  032  020  012  001  000  000  005 
 000  000  000  000  012  014  015  029  035  021  007  004  000  000  000  010 
 000  000  000  000  026  028  032  038  029  005  000  000  000  004  010  020 

Celda41

 000  000  000  000  000  000  000  020  056  080  071  065  056  042  032  017 
 000  000  000  000  000  002  021  040  072  081  060  047  039  030  021  008 
 000  000  000  000  000  016  047  056  068  062  039  032  032  024  011  001 
 000  000  000  000  006  042  070  060  053  040  020  024  032  020  005  001 
 000  000  000  000  015  065  073  044  035  024  007  019  028  008  000  000 
 000  000  004  007  038  067  044  017  023  014  000  018  028  003  000  000 
 000  000  014  029  051  047  014  014  026  010  000  016  028  004  000  000 
 000  006  030  046  050  031  008  014  026  007  000  016  028  003  000  000 
 000  021  055  057  044  023  006  010  026  009  004  014  024  000  000  000 
 022  063  079  059  033  013  002  004  024  016  000  005  016  000  000  000 
 033  084  070  036  014  008  004  003  015  020  000  000  013  004  000  000 
 052  070  030  006  002  012  007  001  004  020  001  000  013  008  000  000 
 049  038  000  000  000  014  006  000  001  020  004  000  012  007  000  000 
 046  031  000  002  001  010  000  000  007  024  005  000  010  003  000  000 
 040  030  004  001  000  001  000  000  016  027  003  000  010  002  000  002 
 035  025  007  000  000  000  000  000  020  028  004  000  012  008  006  008 

Celda42

 006  000  000  004  004  000  000  000  000  002  006  000  000  000  006  000 
 006  001  000  002  004  000  000  000  000  000  001  000  000  000  004  000 
 004  006  003  007  009  004  003  003  000  000  000  000  000  000  000  000 
 004  008  008  004  005  000  000  000  000  000  000  002  001  000  000  000 
 002  004  001  000  002  000  000  000  000  000  000  002  002  000  000  000 
 000  000  000  000  000  000  000  000  000  000  000  000  002  000  000  000 
 000  000  000  000  000  000  000  000  000  000  000  000  002  000  000  004 
 000  000  000  000  000  000  000  000  000  000  000  000  000  000  000  007 
 000  000  000  000  000  000  000  000  002  000  004  000  000  000  001  008 
 000  000  000  000  002  000  000  000  007  007  000  000  000  002  007  012 
 000  000  000  004  006  001  000  000  006  008  000  002  008  008  005  008 
 000  000  000  004  004  002  000  000  004  008  002  009  006  000  000  008 
 000  000  000  004  004  002  000  002  009  008  007  004  000  000  000  004 
 000  000  000  008  010  003  003  006  004  000  006  000  000  000  000  000 
 002  000  000  007  014  006  000  000  000  000  002  006  000  004  004  000 
 008  008  008  001  009  008  004  000  000  000  000  010  004  000  000  000 

Celda43

 000  004  006  000  000  000  000  000  000  000  000  000  000  000  000  000 
 000  001  002  000  000  000  000  000  000  000  000  000  000  000  000  015 
 000  000  000  000  000  000  000  000  000  000  000  000  000  000  003  062 
 000  000  000  000  000  000  000  000  000  000  000  000  000  000  046  088 
 000  000  000  000  000  000  000  000  000  000  000  000  000  014  052  078 
 000  004  008  008  004  000  000  000  000  000  000  000  000  023  060  077 
 002  004  009  008  003  002  000  000  000  000  000  000  025  047  070  085 
 004  001  000  000  000  000  006  004  000  000  000  006  042  041  057  075 
 004  001  000  000  000  000  000  000  000  000  000  012  030  019  038  056 
 002  000  000  000  000  000  000  000  000  000  004  016  014  018  039  046 
 000  000  000  000  000  000  000  000  000  000  005  012  000  019  046  051 
 000  000  000  002  003  000  000  000  000  000  007  003  000  026  074  071 
 001  000  002  006  003  000  000  000  000  000  010  000  002  051  095  071 
 002  008  007  008  004  001  000  000  000  000  015  002  017  066  081  043 
 004  020  007  002  001  003  000  000  000  004  028  022  036  059  050  032 
 006  015  000  000  000  000  000  000  000  016  048  046  041  044  028  020 

Celda44

 038  073  068  032  006  002  006  016  020  004  001  000  007  008  013  010 
 075  098  052  006  006  010  018  024  025  013  010  012  012  011  014  015 
 108  095  029  004  021  034  027  024  023  012  004  008  008  004  008  017 
 107  079  020  012  032  034  018  015  015  005  000  002  000  000  003  019 
 077  045  004  006  029  026  010  008  006  000  000  003  002  000  009  018 
 052  024  010  012  029  021  000  002  004  002  006  012  012  015  020  015 
 042  007  016  029  033  011  000  000  007  012  021  031  029  023  017  011 
 033  003  024  041  030  002  000  000  008  019  033  037  019  011  004  006 
 032  014  029  031  022  000  000  003  020  032  043  026  000  000  000  006 
 038  028  015  017  017  000  000  015  032  040  034  011  000  000  004  008 
 047  034  008  009  011  000  004  027  032  021  007  000  000  000  011  010 
 047  025  008  007  005  000  008  030  031  012  000  000  000  002  017  012 
 032  014  010  010  010  010  021  029  021  008  000  000  000  005  020  014 
 009  004  012  016  015  015  016  012  012  006  001  000  000  004  018  013 
 012  008  016  017  012  006  001  002  008  008  000  000  000  003  012  011 
 016  016  022  018  008  002  000  002  009  008  000  000  007  011  011  009 

Celda45

 000  000  012  025  010  004  000  012  017  014  015  012  012  012  008  002 
 015  021  034  036  017  014  014  027  031  025  018  014  012  010  009  010 
 022  028  032  025  010  010  014  029  034  028  016  010  004  000  000  003 
 026  025  023  011  005  006  016  024  028  020  006  002  000  000  000  000 
 023  024  018  001  000  006  018  017  017  008  000  000  004  005  002  000 
 011  019  019  008  000  008  017  013  007  002  000  004  012  014  010  004 
 010  008  012  015  009  008  012  008  001  000  002  013  014  015  013  012 
 008  006  003  012  012  010  014  010  000  000  005  015  006  003  006  010 
 002  000  000  006  012  012  014  010  002  000  004  012  006  000  006  008 
 000  000  000  005  012  015  011  006  004  002  001  005  010  012  017  018 
 000  000  002  010  011  014  011  004  004  003  000  003  016  019  004  008 
 000  000  006  007  002  007  012  008  004  002  000  006  014  013  000  000 
 000  000  008  010  000  000  011  012  003  001  005  008  008  002  000  000 
 000  000  006  008  000  000  010  012  000  000  008  008  002  000  000  000 
 002  000  004  004  000  001  008  009  000  000  006  004  000  000  000  000 
 008  007  002  002  003  000  000  006  002  000  000  001  000  000  000  000 

Celda46

 004  019  019  008  000  000  001  000  000  000  012  016  003  003  012  010 
 016  023  010  000  000  000  000  000  000  006  017  017  000  000  006  004 
 007  008  001  000  000  000  000  000  000  011  018  012  000  000  000  000 
 000  004  003  000  000  000  000  001  004  005  001  000  000  000  000  000 
 000  003  006  003  000  000  006  006  002  000  000  000  000  002  005  010 
 000  004  004  000  002  004  005  004  000  000  000  000  003  010  018  023 
 010  006  000  000  006  010  000  000  000  000  002  006  004  011  019  014 
 007  002  000  000  011  007  000  000  000  000  007  006  000  005  018  012 
 002  000  004  006  010  000  000  000  003  011  007  001  000  000  012  012 
 014  012  009  005  006  004  007  008  008  012  002  000  000  000  008  013 
 012  008  000  000  003  000  007  012  002  005  004  000  000  000  012  013 
 000  000  000  000  000  000  002  000  000  000  008  000  000  002  022  008 
 000  000  000  000  000  000  011  000  000  003  009  000  000  006  014  000 
 000  000  000  000  000  004  017  007  000  002  000  000  000  015  017  001 
 000  000  000  000  004  012  017  010  000  000  000  000  000  028  029  018 
 000  000  005  010  014  011  008  007  000  000  000  000  025  042  028  008 

Celda47

 000  000  000  000  000  008  004  000  000  000  000  000  000  031  052  000 
 000  000  000  000  002  006  000  000  000  000  000  000  002  040  060  004 
 000  000  000  000  004  005  000  000  000  000  000  000  013  055  069  009 
 000  000  000  000  006  004  000  000  000  000  000  002  016  045  058  000 
 011  008  005  006  015  006  000  000  000  000  004  008  008  033  058  000 
 019  015  012  012  012  004  000  000  000  000  012  013  000  022  056  000 
 001  000  000  000  000  000  000  000  004  016  028  017  008  035  069  014 
 000  000  000  000  000  000  006  008  022  031  024  010  012  041  065  013 
 000  000  000  000  000  008  031  032  030  026  016  015  024  044  059  010 
 000  000  000  007  024  046  053  034  016  014  014  025  037  051  060  016 
 000  000  000  023  044  048  033  009  002  004  008  022  032  041  049  014 
 000  002  017  046  047  026  005  000  000  002  002  012  018  025  033  001 
 001  018  047  052  035  009  000  000  000  000  000  006  014  027  038  000 
 016  043  046  031  016  010  006  001  002  000  000  000  009  030  042  000 
 023  029  019  008  006  008  012  010  003  001  000  000  004  030  047  000 
 005  014  014  006  000  000  000  001  000  000  002  005  004  024  049  000 

Celda48

 000  000  000  000  038  046  044  036  015  000  000  000  001  013  021  023 
 001  003  010  018  051  048  038  018  000  000  000  002  006  013  020  023 
 005  012  025  030  045  036  026  010  000  000  000  006  005  006  012  022 
 005  012  024  026  032  025  018  006  000  000  003  003  000  000  014  025 
 003  007  012  012  019  017  014  007  004  006  003  000  000  002  027  027 
 001  002  004  006  017  015  014  016  013  014  014  008  002  011  038  022 
 000  001  006  014  024  016  016  022  020  017  017  014  013  023  036  010 
 000  002  008  016  021  012  017  022  016  008  006  005  008  019  019  002 
 001  002  002  000  004  005  017  017  004  000  000  000  002  012  004  000 
 001  001  000  000  006  009  013  005  000  000  000  000  002  013  001  000 
 000  000  001  000  003  015  016  002  000  000  000  000  016  015  004  000 
 002  004  005  001  000  016  016  002  000  000  000  003  031  010  003  002 
 001  002  000  000  000  015  012  000  000  000  000  017  027  000  000  000 
 000  000  000  000  002  013  003  000  000  000  002  018  012  000  000  000 
 000  000  000  000  008  010  000  000  000  004  011  013  001  000  000  000 
 000  000  000  000  011  012  007  012  010  006  014  012  000  002  006  008 

Celda49

 027  014  006  000  000  000  000  000  016  026  010  005  017  007  000  000 
 025  018  012  008  006  004  006  006  012  026  024  017  012  000  000  000 
 023  019  018  015  014  012  010  008  011  035  037  016  004  000  000  000 
 019  014  008  004  004  007  008  008  007  033  033  004  000  000  000  000 
 015  012  006  000  000  004  003  002  000  027  031  000  000  000  000  002 
 008  010  011  009  008  006  002  002  002  022  030  004  000  000  002  018 
 000  005  011  012  008  005  006  010  014  028  035  014  008  007  010  026 
 003  002  001  004  003  004  008  014  018  018  027  015  006  002  003  018 
 008  003  000  000  001  004  007  016  010  000  017  017  000  000  002  020 
 010  000  000  000  000  000  008  010  000  000  008  020  000  000  004  020 
 012  000  000  002  000  002  007  002  000  000  000  018  000  000  008  020 
 008  000  000  000  000  004  006  000  000  000  000  019  012  010  007  016 
 001  000  000  000  000  000  002  000  000  000  006  028  026  016  010  009 
 000  000  000  003  004  006  006  002  002  004  009  022  019  002  004  008 
 000  000  001  011  015  020  020  014  010  006  000  016  020  000  000  002 
 008  008  012  015  019  020  012  006  004  003  000  009  021  005  000  000 

Celda50

 000  002  004  006  001  004  005  000  000  000  000  010  008  000  000  000 
 000  000  000  000  005  006  000  000  000  002  001  006  008  000  000  000 
 004  006  002  000  008  011  012  008  008  011  010  005  003  000  000  000 
 000  007  008  003  010  010  010  013  012  012  012  010  004  000  002  001 
 008  006  010  008  006  010  006  012  012  006  004  002  000  000  000  001 
 024  014  014  012  006  010  015  009  006  000  000  000  000  000  000  000 
 022  010  011  014  014  010  014  004  000  000  000  000  000  000  000  000 
 008  000  000  006  007  000  009  002  000  000  001  004  002  000  000  002 
 010  000  000  000  000  000  008  001  000  000  000  004  002  000  004  016 
 012  000  002  002  002  004  011  000  000  000  002  000  000  000  006  016 
 012  000  004  008  012  014  009  000  000  002  000  000  000  000  010  006 
 015  009  012  016  017  012  003  000  003  005  000  000  000  003  007  002 
 018  023  021  014  010  000  000  000  000  000  000  003  005  000  002  004 
 018  020  012  000  000  000  000  002  000  000  000  000  000  000  000  004 
 010  012  010  000  000  000  000  000  001  000  000  000  000  000  000  000 
 000  004  006  000  000  000  000  000  001  000  000  000  000  000  000  000 

Celda51

 008  008  000  000  000  000  000  000  000  039  071  052  033  027  013  012 
 006  000  000  000  000  000  000  000  006  060  063  036  020  014  010  017 
 002  000  000  000  000  000  000  000  033  057  036  026  022  017  021  028 
 000  000  000  000  000  000  000  002  044  040  018  028  039  028  019  014 
 000  000  000  000  000  000  000  007  032  024  023  054  061  027  004  007 
 000  000  000  000  000  000  000  002  030  033  049  072  058  016  008  015 
 000  002  000  000  000  000  000  000  040  064  069  064  038  008  006  016 
 010  012  006  002  001  000  000  023  076  087  065  047  022  000  000  009 
 018  015  015  013  008  003  008  054  095  079  048  035  015  002  006  017 
 008  008  015  014  004  003  020  079  094  060  034  029  018  013  020  038 
 000  002  006  003  000  000  044  088  077  040  026  027  021  017  026  036 
 000  000  000  000  000  004  056  075  047  021  021  020  010  007  013  021 
 000  000  000  000  000  006  052  058  033  021  021  010  002  004  011  028 
 000  000  000  000  000  010  051  064  047  031  020  009  006  012  028  052 
 000  000  000  000  000  024  068  079  054  029  016  014  019  026  043  059 
 000  000  000  000  000  042  092  079  040  019  013  014  018  025  040  048 

Celda52

 020  025  023  014  005  000  002  005  009  008  002  005  018  020  018  016 
 031  031  014  007  008  004  001  002  005  008  007  011  014  010  004  003 
 028  018  007  003  009  007  000  000  001  011  014  012  012  016  010  007 
 012  012  006  002  005  004  001  000  003  016  031  030  028  035  032  022 
 010  011  008  002  000  000  002  008  016  028  042  040  034  038  036  024 
 022  016  008  001  000  000  007  025  030  035  047  044  034  034  029  012 
 021  011  002  000  004  008  019  036  039  039  047  047  040  036  023  008 
 016  011  008  011  024  025  031  047  049  041  040  041  038  031  016  010 
 026  023  017  025  040  037  035  047  049  038  031  029  026  018  004  010 
 038  029  023  028  039  036  031  038  042  034  026  021  016  016  004  000 
 026  018  022  027  033  035  031  032  037  033  025  015  003  005  006  000 
 018  019  031  034  036  038  028  023  029  028  017  002  000  000  001  004 
 038  039  043  041  038  029  012  008  014  012  004  000  000  000  000  004 
 056  041  035  038  033  016  005  001  008  007  000  000  000  000  000  000 
 046  020  017  028  024  016  012  005  000  000  000  000  000  000  000  000 
 031  009  010  019  014  009  010  008  002  000  000  000  000  002  000  000 

Celda53

 013  006  000  001  000  000  000  003  009  000  000  000  000  000  000  000 
 002  003  002  002  000  000  000  001  014  000  000  000  000  000  000  008 
 008  013  013  011  012  012  012  008  014  000  000  000  004  000  004  022 
 024  025  020  016  015  014  013  011  007  000  000  000  010  014  014  011 
 021  018  014  008  004  002  002  000  000  000  000  000  012  028  012  000 
 006  000  000  000  000  000  000  000  000  000  000  004  011  024  014  000 
 000  000  000  000  000  000  000  000  000  000  001  004  010  022  019  008 
 000  000  000  005  001  000  000  000  004  003  006  007  016  035  041  022 
 012  009  006  010  000  000  000  006  008  004  010  019  023  033  027  004 
 008  008  003  000  000  000  000  006  012  010  017  022  014  011  006  000 
 000  000  000  000  000  000  000  006  018  024  020  008  000  001  000  000 
 000  000  000  000  000  000  004  006  005  012  008  000  000  000  006  000 
 000  000  000  000  003  004  000  002  002  000  000  000  000  008  020  009 
 000  000  000  014  015  008  000  000  000  002  000  000  007  029  027  004 
 000  000  004  008  000  000  000  000  000  010  010  009  014  020  009  000 
 000  002  012  006  000  000  000  000  003  029  034  020  012  000  001  000 

Celda54

 010  016  013  012  010  002  000  000  005  000  000  004  026  025  007  000 
 026  015  000  000  003  002  000  000  008  004  003  005  016  018  004  000 
 018  000  000  002  010  000  006  014  029  028  020  020  019  017  008  003 
 000  000  000  008  013  007  008  027  041  036  032  034  030  019  008  000 
 000  000  000  014  014  012  017  026  028  022  022  019  018  011  002  000 
 000  001  009  029  027  015  012  016  012  005  005  000  000  002  006  007 
 010  016  030  040  019  000  008  014  008  006  006  001  000  000  004  008 
 014  012  022  012  000  000  010  010  000  004  014  004  000  002  000  002 
 000  000  008  000  000  008  026  012  000  000  018  008  000  000  000  009 
 000  002  008  000  000  023  024  000  000  000  015  012  000  000  000  014 
 000  011  019  012  013  017  014  000  000  000  008  013  000  000  004  013 
 002  019  023  016  012  002  008  000  000  000  006  015  007  005  014  026 
 002  011  023  013  002  000  004  000  000  000  009  020  016  013  022  032 
 000  004  024  020  000  000  002  000  004  012  024  029  024  025  030  024 
 002  005  019  020  002  002  003  005  011  023  028  026  023  025  021  004 
 000  005  014  017  009  006  008  007  013  020  021  019  017  014  009  000 

Celda55

 000  010  016  011  002  000  000  000  000  002  005  000  000  020  048  000 
 000  012  016  011  002  000  000  000  000  007  006  000  000  022  049  000 
 004  013  013  010  004  002  000  000  002  012  003  000  000  026  050  000 
 000  008  008  008  010  000  004  003  000  012  000  000  000  026  048  000 
 001  006  008  008  008  003  000  006  007  006  000  000  002  033  055  009 
 009  015  023  019  006  000  004  002  008  002  000  000  010  045  064  016 
 016  023  027  019  014  008  004  006  002  005  006  008  020  048  063  011 
 014  020  018  013  013  018  010  004  002  004  010  014  017  038  055  000 
 023  019  012  004  000  007  012  006  002  000  002  013  011  032  052  000 
 030  028  009  000  000  000  001  002  000  000  005  010  005  029  050  000 
 032  034  009  000  000  004  000  000  000  000  008  012  007  026  046  000 
 039  036  010  003  006  001  002  006  012  010  010  010  006  028  049  000 
 036  025  006  000  006  008  016  017  022  020  015  015  009  032  055  004 
 011  004  003  001  000  000  011  013  011  011  007  006  000  026  052  000 
 000  000  002  005  002  000  006  010  000  000  000  000  000  024  053  000 
 000  000  000  007  012  002  000  004  000  000  000  000  000  028  055  000 

Celda56

 001  002  006  009  023  026  024  023  021  014  015  010  000  000  010  010 
 001  003  008  011  023  025  024  016  018  016  009  002  000  004  014  014 
 002  004  010  012  019  020  017  002  004  008  006  000  000  013  023  020 
 001  002  006  008  016  018  009  000  000  000  002  000  004  023  023  012 
 000  000  000  000  009  008  000  000  000  000  000  002  012  023  013  004 
 000  000  000  000  010  006  000  000  006  001  000  000  010  014  006  000 
 000  000  000  000  008  000  000  006  013  001  000  000  012  013  004  000 
 001  002  005  006  010  002  000  008  012  000  000  000  012  014  009  000 
 003  007  013  010  003  000  002  007  003  000  000  005  010  012  012  000 
 000  002  004  002  000  000  000  004  000  000  000  012  011  008  008  000 
 000  000  000  000  000  000  006  000  000  000  007  018  015  014  004  000 
 000  000  000  000  000  001  010  000  000  006  012  014  015  013  003  000 
 000  000  000  000  000  004  010  000  006  013  003  007  015  007  000  000 
 004  008  018  026  034  038  040  036  042  038  032  033  041  027  024  029 
 008  020  044  064  074  077  077  074  074  067  068  071  078  065  066  069 
 000  000  000  000  000  000  002  004  006  000  000  003  011  000  000  000 

Celda57

 014  016  014  009  013  008  000  000  000  000  000  005  018  008  000  000 
 015  016  014  008  005  002  000  000  000  000  000  004  014  006  000  000 
 014  010  008  007  001  000  000  000  000  000  000  005  012  004  000  000 
 001  000  000  001  000  000  000  002  004  002  001  005  016  009  005  007 
 000  000  000  000  000  000  000  002  002  000  000  006  022  015  009  006 
 000  000  000  000  000  000  000  000  000  000  000  006  026  018  008  004 
 000  000  000  000  000  000  000  000  000  000  000  004  030  019  004  004 
 000  000  000  000  000  000  000  000  000  000  000  005  028  018  000  000 
 000  000  000  000  000  000  000  000  000  003  004  007  022  016  000  000 
 000  000  000  000  000  002  000  000  000  010  009  002  014  015  004  000 
 000  001  000  002  006  005  001  002  009  016  005  000  007  012  006  002 
 000  000  000  000  000  002  000  000  007  003  000  000  002  006  003  004 
 000  000  000  000  000  001  000  000  005  000  000  000  000  000  001  006 
 034  033  032  034  045  042  042  040  039  035  036  036  032  028  029  038 
 072  074  078  080  087  080  081  084  084  082  082  083  085  086  089  095 
 000  000  000  000  007  002  000  000  000  000  000  000  000  000  002  008 

Celda58

 000  000  002  000  000  000  000  000  006  004  002  000  000  000  000  000 
 000  001  000  000  000  000  001  004  011  008  009  008  005  004  002  000 
 005  011  009  006  000  000  003  007  008  004  007  009  008  007  002  000 
 013  014  005  001  000  000  003  006  002  000  000  000  000  000  000  000 
 004  002  000  000  000  000  007  000  000  000  000  000  000  000  000  000 
 000  000  000  000  000  004  010  000  000  000  000  000  000  000  000  000 
 002  000  000  000  000  004  010  000  000  000  000  000  000  000  000  000 
 000  000  000  000  000  002  006  000  000  000  000  000  000  000  000  000 
 000  000  005  006  002  000  000  000  000  000  000  000  000  000  000  000 
 000  001  004  006  007  002  000  000  000  000  000  000  000  000  000  000 
 000  000  000  002  000  000  000  000  000  000  000  000  000  000  000  000 
 004  000  000  000  000  000  000  000  000  000  000  000  000  000  000  021 
 006  000  000  000  000  000  000  000  000  000  000  000  000  000  002  048 
 035  024  018  020  030  038  044  047  045  042  046  054  058  061  073  110 
 086  080  080  084  092  102  110  114  116  116  118  122  127  128  136  158 
 001  000  000  000  000  000  000  000  000  000  000  000  000  000  008  023 

Celda59

 000  000  000  000  005  073  103  067  023  014  009  007  014  027  040  042 
 000  000  000  000  035  089  094  051  011  010  013  011  019  034  041  034 
 000  000  000  014  066  086  071  032  002  004  016  020  026  032  030  018 
 000  000  000  050  081  071  051  022  000  004  025  034  029  022  018  010 
 000  000  018  071  076  055  040  019  000  015  043  043  029  013  008  004 
 000  004  052  075  060  037  028  020  008  025  045  038  020  004  000  003 
 000  033  061  059  036  022  024  023  013  022  034  024  009  001  002  010 
 001  038  049  038  022  018  026  026  018  020  026  014  003  008  014  006 
 004  043  050  033  015  017  031  033  021  019  022  005  000  012  024  010 
 013  052  062  041  018  020  036  033  015  013  019  004  000  008  026  015 
 037  080  075  039  013  017  030  029  013  007  015  008  000  003  020  015 
 074  089  060  017  004  014  024  024  015  009  014  013  014  021  018  006 
 074  058  029  008  003  014  022  022  020  026  033  032  030  024  016  010 
 102  075  062  053  052  064  075  077  074  072  066  055  046  037  035  039 
 135  115  118  115  108  114  120  115  103  093  082  069  061  059  061  063 
 014  007  016  015  007  013  022  021  013  010  009  004  001  003  005  000 

Celda60

 027  011  011  014  008  000  000  000  000  000  000  000  000  008  006  000 
 017  006  006  006  002  000  000  000  000  000  000  000  000  008  010  000 
 007  004  004  002  000  000  000  000  000  000  000  002  006  005  003  000 
 000  002  006  002  000  000  000  000  006  010  008  004  000  000  000  000 
 000  000  003  005  006  003  000  000  004  009  003  000  000  000  005  021 
 002  000  000  010  012  000  000  000  000  000  000  000  000  014  034  032 
 003  000  000  014  012  000  000  000  000  000  000  000  008  019  016  004 
 000  000  000  010  008  000  000  000  000  000  000  006  004  000  000  002 
 000  000  000  002  004  000  000  000  000  008  012  016  004  000  000  017 
 000  000  000  000  000  000  000  000  000  012  017  018  007  000  015  042 
 004  001  000  000  000  000  000  000  000  026  034  028  013  004  018  038 
 004  004  000  000  000  000  000  000  016  044  042  025  010  008  020  031 
 000  000  000  000  000  000  000  005  028  035  018  006  002  012  021  021 
 036  025  018  021  033  044  048  050  059  051  035  031  043  051  046  038 
 066  065  065  070  080  084  086  084  086  081  076  080  087  083  067  062 
 000  000  000  003  005  000  000  000  003  005  006  011  017  014  000  000 

Celda61

 000  000  008  004  000  000  002  013  032  042  030  010  006  000  000  004 
 000  000  008  010  012  012  019  033  041  026  006  000  000  006  016  021 
 000  002  018  019  012  008  016  027  018  005  000  000  000  009  027  035 
 011  033  027  007  002  006  014  013  000  000  000  003  010  019  023  018 
 040  038  018  004  000  006  018  013  000  000  000  002  013  014  006  006 
 022  003  000  006  012  014  021  012  002  000  000  004  014  004  000  008 
 000  000  001  014  026  028  023  009  006  008  010  006  008  000  000  010 
 002  008  021  015  012  013  012  004  006  007  008  012  010  003  000  005 
 029  028  017  000  000  001  000  004  002  006  004  006  014  019  016  006 
 042  026  014  002  000  002  001  004  006  000  004  014  016  015  018  014 
 032  017  016  012  006  007  011  006  008  010  009  017  016  001  008  015 
 022  010  006  012  015  017  013  004  004  014  021  023  015  002  000  007 
 018  014  002  010  020  020  010  000  002  018  024  022  016  007  002  000 
 034  033  028  026  036  040  036  032  031  046  047  039  038  036  034  032 
 062  064  056  053  057  056  059  062  062  073  071  057  052  054  058  062 
 003  010  006  007  009  000  000  000  000  013  017  005  000  000  000  000 

Celda62

 007  006  012  015  012  004  001  000  007  014  013  009  007  006  008  000 
 024  022  019  014  008  004  000  000  002  010  017  014  005  000  004  004 
 031  024  017  011  007  004  001  002  000  000  018  023  012  000  000  006 
 013  009  004  004  007  006  002  000  000  000  014  028  018  000  000  002 
 002  002  000  001  004  000  000  000  000  000  007  025  022  004  000  000 
 014  000  000  000  005  000  000  000  002  007  004  016  023  013  002  007 
 022  004  000  000  003  003  000  003  002  004  008  013  018  020  007  006 
 017  010  000  000  002  008  005  001  000  000  004  006  006  018  012  000 
 006  014  004  000  002  010  004  000  000  004  009  000  000  013  014  001 
 006  009  008  000  000  009  009  000  000  006  010  000  000  008  008  000 
 016  004  003  000  000  004  014  000  002  000  006  000  002  002  000  000 
 010  004  000  000  000  002  016  011  000  000  000  004  004  000  000  000 
 000  002  004  000  000  001  014  015  000  000  000  002  003  000  002  006 
 030  036  043  045  042  038  041  040  026  026  026  026  029  037  051  049 
 066  069  072  076  078  077  073  075  064  066  070  072  077  088  092  077 
 000  000  000  000  000  000  000  007  001  000  000  000  004  014  014  000 

Celda63

 002  000  000  010  022  011  008  006  000  000  000  000  006  034  056  000 
 000  000  000  010  028  018  006  011  009  001  000  000  008  036  056  000 
 000  004  010  017  028  018  007  000  006  011  012  006  004  035  058  000 
 007  000  008  016  021  012  006  000  000  000  006  003  000  035  062  000 
 006  006  002  009  008  006  000  000  000  000  000  000  000  038  066  001 
 000  010  014  006  000  000  000  000  000  000  000  000  000  044  071  003 
 007  010  015  002  000  000  000  000  000  000  008  010  011  038  064  000 
 000  000  002  000  000  000  000  000  000  004  015  018  006  030  062  000 
 000  000  000  000  000  000  000  005  016  011  010  014  006  030  062  000 
 000  000  000  000  004  006  014  024  021  009  007  015  016  042  068  008 
 000  000  000  011  022  018  019  021  014  010  012  024  028  049  070  013 
 000  001  011  026  019  009  010  008  004  004  011  020  023  043  061  006 
 006  013  024  021  006  004  005  000  000  002  008  010  014  036  054  000 
 040  043  048  037  027  027  026  019  019  028  033  031  032  052  067  012 
 069  073  074  066  064  063  060  057  060  069  070  065  065  080  084  033 
 000  006  007  000  000  000  001  000  000  008  009  005  007  025  037  000 

