Celda0

 000  000  000  000  000  000  002  002  001  000  000  000  000  000  000  000 
 000  000  000  000  000  000  004  006  003  000  000  001  000  000  000  000 
 000  000  000  000  000  000  005  014  008  000  000  003  000  000  000  000 
 000  000  000  000  000  000  000  014  012  000  000  004  000  000  000  000 
 003  007  016  026  034  038  034  025  014  000  000  004  001  008  014  014 
 002  006  014  021  027  028  032  026  010  000  000  005  004  004  009  009 
 001  002  006  008  012  010  015  015  004  000  000  008  007  006  000  004 
 000  000  000  000  003  000  002  002  000  000  000  008  008  012  002  002 
 000  000  000  000  002  002  000  000  000  000  000  005  010  016  009  004 
 000  000  000  000  000  000  000  000  000  000  006  006  016  022  013  002 
 000  000  000  000  000  000  000  000  000  000  000  001  012  015  008  000 
 000  000  000  000  000  000  000  000  000  000  000  004  010  010  008  006 
 000  000  000  000  000  000  000  000  000  000  000  005  010  005  007  012 
 000  000  000  000  000  000  000  000  000  000  000  002  008  003  003  011 
 001  002  002  000  000  000  000  003  000  000  003  002  002  004  000  004 
 000  000  000  000  000  000  000  004  002  002  004  004  001  004  000  000 

Celda1

 000  002  003  002  000  000  000  000  000  000  003  006  003  000  000  000 
 000  004  007  006  000  000  000  000  000  000  006  013  008  002  000  000 
 000  009  014  012  001  000  000  002  000  000  012  024  020  006  000  000 
 000  012  020  013  000  000  000  000  000  000  012  022  023  010  000  000 
 014  031  039  025  010  008  006  001  000  008  020  019  014  010  001  000 
 010  029  029  009  004  009  012  007  000  010  018  014  007  004  006  000 
 006  022  012  000  000  013  020  024  014  000  020  021  009  001  004  002 
 007  014  004  000  004  025  027  024  024  018  016  021  013  000  000  000 
 008  003  000  000  012  031  022  008  018  026  023  018  006  000  000  000 
 002  000  000  010  012  022  017  000  005  016  021  016  006  000  000  002 
 000  000  000  017  010  012  016  000  000  000  002  006  005  003  000  007 
 000  000  000  017  005  002  010  001  000  008  006  000  000  000  008  014 
 002  000  004  018  003  000  000  000  003  015  012  000  000  000  008  012 
 010  001  006  017  004  000  000  000  014  028  018  006  006  006  011  005 
 012  010  011  012  000  000  000  007  038  045  031  024  023  014  003  002 
 008  014  012  008  000  000  003  023  043  040  025  016  014  008  003  003 

Celda2

 001  001  000  000  000  000  000  001  000  000  000  000  000  000  010  014 
 002  002  000  000  000  000  000  002  000  000  000  000  000  000  025  034 
 000  000  000  000  000  000  000  001  000  000  000  000  000  000  055  068 
 000  000  000  000  000  000  000  000  000  000  000  000  000  012  074  082 
 000  000  000  000  000  000  000  000  000  000  000  000  000  060  109  097 
 003  008  008  005  000  000  000  000  000  000  000  000  018  058  080  066 
 000  014  026  024  012  000  000  000  000  000  000  000  027  074  072  055 
 000  011  023  025  020  011  006  008  010  008  004  004  036  095  076  057 
 007  024  014  006  009  009  014  024  025  021  016  011  043  099  064  051 
 014  024  014  000  000  002  014  022  020  022  022  010  039  087  048  050 
 018  016  006  000  000  004  010  001  000  008  012  004  034  080  043  053 
 010  006  000  000  000  000  000  000  000  000  004  005  027  072  044  052 
 003  000  000  000  007  004  000  000  000  000  000  008  029  066  044  042 
 002  000  000  000  008  005  000  000  003  000  000  000  027  070  051  024 
 000  002  006  001  000  000  000  006  010  000  000  000  028  069  048  006 
 002  005  010  014  007  000  008  020  002  000  000  000  039  073  036  000 

Celda3

 007  000  000  002  000  000  000  003  008  008  003  000  000  000  002  006 
 015  000  002  006  000  000  000  005  020  020  008  000  000  000  004  014 
 026  000  006  016  000  000  000  002  036  042  018  000  000  000  008  028 
 022  000  011  030  002  006  005  000  028  044  026  000  000  000  010  029 
 027  006  013  048  024  020  030  036  020  013  020  010  004  012  025  022 
 018  010  011  047  016  006  017  028  022  000  004  027  030  025  022  009 
 028  014  008  040  018  000  000  000  000  000  000  027  038  035  022  000 
 046  016  009  026  015  000  000  000  000  010  028  021  020  034  031  003 
 049  008  002  014  012  000  000  000  000  033  048  038  008  018  030  010 
 046  000  000  008  006  000  000  020  054  061  044  041  030  006  015  013 
 043  000  000  004  000  000  000  054  071  043  017  021  029  024  002  009 
 035  000  000  000  000  000  038  073  053  016  000  000  010  020  017  004 
 022  000  000  000  006  039  070  062  031  009  000  000  000  004  014  012 
 004  000  000  016  058  072  056  032  019  013  007  004  000  000  002  009 
 000  000  010  065  080  053  022  014  022  025  016  014  010  002  000  000 
 000  000  048  079  052  013  002  013  027  026  010  014  020  018  004  000 

Celda4

 006  002  000  000  000  001  000  000  000  000  000  000  000  000  000  000 
 014  004  000  000  000  001  000  000  000  000  000  000  000  000  000  000 
 029  009  000  000  000  000  000  000  002  006  000  000  000  000  000  000 
 030  010  000  000  000  000  000  000  007  018  000  000  000  000  000  000 
 015  003  000  000  000  000  000  000  010  028  005  004  005  005  008  018 
 000  000  000  000  000  000  000  000  006  024  007  000  000  006  009  010 
 000  000  000  000  000  000  000  000  000  010  004  000  000  006  008  006 
 000  000  000  002  000  000  000  000  000  000  000  002  001  000  000  000 
 000  000  000  006  002  002  000  000  000  000  002  008  005  000  000  000 
 006  000  004  010  002  000  000  000  000  000  010  008  000  000  000  000 
 014  006  005  008  001  000  000  000  000  000  011  004  000  000  002  006 
 016  016  014  004  000  000  000  000  000  000  004  002  000  000  002  006 
 009  024  015  006  000  000  000  000  000  000  000  005  000  000  002  006 
 003  020  018  000  000  000  005  004  000  000  000  008  000  000  005  011 
 003  004  012  000  000  010  016  010  004  002  004  015  004  000  002  014 
 000  000  001  006  011  020  013  008  014  022  026  038  028  024  014  011 

Celda5

 000  003  002  002  002  001  000  000  000  001  001  000  000  000  000  003 
 000  005  004  004  006  004  000  000  000  002  003  000  000  000  001  006 
 000  002  004  008  014  013  000  000  000  006  006  000  000  000  006  012 
 000  000  000  004  016  018  002  000  000  008  006  000  000  000  014  012 
 026  024  012  000  006  010  000  000  000  013  003  000  000  004  021  003 
 010  008  010  010  001  000  000  000  003  018  002  000  007  029  012  000 
 001  000  002  005  000  000  000  000  007  016  004  012  041  025  006  000 
 000  004  005  002  000  000  000  000  019  028  020  035  034  003  002  008 
 001  012  012  008  004  000  000  000  038  055  042  034  016  000  002  015 
 000  006  010  011  012  006  002  019  062  065  036  028  018  012  015  030 
 000  000  000  004  007  008  013  044  068  050  020  023  030  030  029  038 
 000  000  000  000  000  006  018  046  049  033  023  026  028  030  029  033 
 000  000  000  000  000  014  026  038  032  027  027  024  016  018  020  024 
 003  000  000  000  006  029  031  029  027  027  024  016  003  004  014  019 
 008  000  000  000  026  036  020  016  023  032  028  012  003  006  014  014 
 006  000  000  002  033  024  006  006  020  033  030  014  005  009  017  006 

Celda6

 002  000  000  000  000  000  000  000  000  000  000  002  001  000  000  000 
 004  000  000  001  001  000  000  000  000  000  000  004  004  000  000  000 
 006  000  003  006  004  000  000  000  000  000  000  009  012  002  000  000 
 000  000  010  014  008  000  000  000  000  000  000  010  016  004  000  000 
 000  004  018  018  006  000  000  000  000  001  010  020  022  005  000  001 
 000  010  020  012  000  000  000  000  005  009  004  009  008  000  000  000 
 003  018  013  004  000  000  000  000  004  011  007  006  004  000  000  000 
 018  012  001  000  000  001  005  011  008  006  002  000  000  004  004  000 
 022  010  002  000  001  010  012  010  010  008  005  002  000  008  009  007 
 024  018  014  014  018  023  019  012  012  012  011  012  012  016  018  021 
 026  022  019  021  033  040  036  030  026  020  014  012  012  013  021  029 
 022  021  023  030  048  056  050  047  042  035  027  021  018  018  027  031 
 020  024  030  040  056  056  042  038  040  040  038  034  031  031  039  036 
 018  022  028  038  047  040  023  019  023  028  032  034  034  039  047  040 
 008  008  014  023  026  019  007  004  006  012  020  026  028  034  036  028 
 000  000  004  006  008  008  003  000  000  000  008  017  022  022  017  009 

Celda7

 001  002  001  000  000  000  000  002  003  002  002  001  000  004  010  000 
 001  004  003  000  000  000  000  004  006  005  006  003  000  012  026  000 
 000  008  008  000  000  000  000  003  006  010  013  009  003  028  056  000 
 000  005  011  004  000  000  000  000  000  008  017  016  012  042  074  000 
 004  003  003  000  004  008  004  004  006  010  016  016  016  047  079  000 
 008  011  006  000  005  014  010  000  000  016  024  017  009  046  082  000 
 005  006  006  006  007  016  011  002  004  016  018  009  004  044  084  000 
 004  004  008  014  023  035  031  020  018  021  015  003  000  044  084  000 
 010  009  014  022  035  045  039  029  026  028  019  007  001  044  086  000 
 022  018  019  026  036  041  030  023  025  033  026  020  014  048  088  002 
 028  024  026  028  031  029  016  014  022  029  024  026  026  055  092  009 
 026  024  026  025  025  021  011  010  016  015  008  014  021  051  088  014 
 025  020  017  017  022  021  016  016  016  012  007  008  010  038  074  008 
 028  020  018  022  022  017  021  027  028  027  026  024  018  034  065  002 
 026  024  028  032  016  008  025  033  029  030  028  028  025  034  066  008 
 010  012  022  019  006  006  032  025  006  005  006  006  006  020  061  010 

Celda8

 000  000  000  000  000  000  003  002  002  006  002  000  000  000  000  000 
 000  000  000  000  000  004  008  000  000  008  006  000  000  000  000  000 
 001  001  000  000  000  010  014  000  000  006  008  000  000  000  000  000 
 001  003  004  000  000  008  016  003  000  005  005  000  000  000  000  000 
 000  000  000  000  000  000  013  009  006  004  000  000  004  002  002  006 
 000  000  000  000  002  004  006  010  012  004  000  000  013  014  006  003 
 000  000  000  000  015  025  018  002  012  008  000  007  034  032  016  006 
 002  005  011  018  041  036  028  010  008  015  009  020  048  040  024  018 
 005  012  024  026  039  019  018  014  013  023  017  025  042  025  012  017 
 004  009  017  016  012  000  001  008  004  012  012  014  020  008  000  000 
 000  000  002  000  000  000  000  002  000  004  011  012  012  004  000  002 
 000  000  000  000  000  001  000  002  002  003  007  002  001  002  004  012 
 000  000  000  000  000  007  000  000  014  029  025  014  002  000  004  012 
 000  000  000  000  000  004  000  000  008  026  014  008  004  000  000  006 
 001  002  002  000  000  000  000  000  017  011  000  000  000  000  000  000 
 000  000  000  000  000  000  000  000  014  008  000  000  001  000  000  001 

Celda9

 010  016  008  002  005  011  023  032  041  037  019  004  000  004  010  013 
 016  023  007  000  016  037  034  028  036  036  014  001  000  002  010  012 
 017  028  012  004  020  030  017  009  020  021  002  000  000  000  011  006 
 011  026  017  009  018  026  018  010  017  016  000  000  000  003  015  008 
 014  023  014  008  012  016  016  018  023  018  001  000  000  012  018  011 
 011  015  004  004  008  007  012  026  032  022  000  000  013  018  019  018 
 007  008  000  000  010  002  010  034  042  021  000  006  024  018  018  022 
 010  005  000  000  005  002  010  037  044  019  003  016  025  013  012  017 
 019  016  014  012  002  002  012  031  037  022  016  024  022  010  008  012 
 011  016  016  015  011  009  022  027  026  023  022  024  014  003  005  016 
 008  003  007  009  010  006  012  016  018  020  021  017  006  001  010  022 
 015  006  000  000  000  000  003  010  015  022  022  014  005  010  035  046 
 012  006  000  000  000  000  000  001  018  034  035  033  032  043  055  040 
 004  003  002  000  000  000  002  008  034  062  063  048  035  028  020  009 
 000  000  006  002  006  016  021  024  046  064  051  022  006  004  004  000 
 000  000  006  006  014  028  025  015  023  038  032  010  001  002  002  000 

Celda10

 009  006  008  017  020  013  010  018  000  000  000  000  042  074  030  000 
 008  006  008  014  018  019  013  004  000  000  000  000  036  062  020  000 
 004  006  006  006  010  015  012  000  000  000  000  000  030  047  012  014 
 008  010  009  003  001  006  006  000  000  000  000  000  024  041  016  021 
 016  018  016  009  004  005  002  000  000  000  000  000  018  046  037  034 
 018  022  020  016  013  008  001  000  003  000  000  000  014  057  068  038 
 014  018  015  012  009  004  000  002  004  000  000  000  019  082  095  038 
 009  006  000  000  000  000  000  004  004  002  000  000  034  109  103  033 
 004  000  000  000  000  000  004  008  006  005  008  011  053  115  085  019 
 008  000  000  000  000  003  004  002  000  000  004  011  053  100  066  016 
 012  000  000  002  000  000  000  000  000  000  000  000  039  085  064  025 
 024  008  003  000  000  000  000  000  000  000  000  000  042  083  066  028 
 004  000  000  000  000  000  000  000  000  000  000  004  064  096  070  030 
 000  000  000  000  000  000  000  000  000  000  003  012  082  100  069  036 
 000  000  000  000  000  000  000  002  004  004  007  023  082  084  057  036 
 000  000  003  010  014  014  010  006  000  000  011  043  075  058  048  032 

Celda11

 000  019  064  054  018  002  005  012  022  018  002  009  022  027  016  000 
 019  041  043  029  016  012  010  012  021  018  000  002  010  018  017  002 
 042  041  022  018  028  028  014  008  018  019  002  000  000  000  004  010 
 039  029  012  021  042  039  016  007  016  017  002  000  000  000  000  016 
 015  012  015  030  045  042  018  006  014  014  000  000  000  000  000  009 
 008  002  025  039  040  036  016  000  005  010  002  000  000  000  000  000 
 018  014  048  057  055  050  023  004  000  004  004  000  000  001  000  000 
 026  032  055  054  051  044  015  007  004  004  013  018  017  010  003  000 
 022  040  045  034  032  026  001  000  004  018  026  021  009  004  007  012 
 021  036  023  006  017  024  010  000  011  020  017  010  004  004  008  018 
 021  020  006  004  000  021  025  017  017  017  020  022  022  019  018  020 
 017  016  003  012  016  018  031  026  020  027  039  042  035  030  024  020 
 020  025  028  029  038  030  026  029  029  039  046  041  027  023  017  014 
 033  043  049  048  046  048  032  025  038  045  040  024  008  005  004  004 
 037  045  047  046  041  046  045  026  040  048  034  008  000  000  000  006 
 033  039  039  037  032  025  034  031  029  046  030  000  000  000  004  015 

Celda12

 000  000  003  024  032  015  005  008  018  028  033  054  043  041  029  014 
 000  012  027  039  027  004  002  008  014  020  023  049  037  034  028  016 
 004  018  038  031  006  000  003  008  008  009  010  033  023  018  020  018 
 025  010  038  028  000  000  004  009  007  006  006  020  018  006  010  010 
 024  012  020  031  008  005  007  004  002  002  002  009  020  000  000  000 
 000  004  000  025  021  014  010  000  000  000  000  000  020  000  000  000 
 000  000  000  011  026  020  010  000  000  000  000  000  015  000  000  000 
 000  000  006  004  019  023  010  000  000  000  000  000  008  000  000  024 
 014  020  031  034  027  032  024  014  014  010  004  000  000  004  013  034 
 026  035  040  044  039  037  034  023  028  024  014  004  000  017  034  030 
 022  034  036  034  038  028  017  007  008  009  004  000  000  032  056  041 
 020  026  022  014  020  019  004  000  000  000  000  000  000  052  082  055 
 013  015  008  000  000  004  002  000  000  000  000  000  008  078  095  051 
 004  005  001  000  000  000  002  000  000  000  000  000  044  098  085  038 
 007  006  001  000  000  000  005  002  000  003  000  016  089  100  060  030 
 016  012  004  000  000  002  006  006  000  005  000  049  110  081  035  026 

Celda13

 002  000  012  035  043  026  018  022  030  034  025  010  012  022  030  010 
 010  020  050  064  053  048  052  050  047  046  032  016  018  036  047  030 
 018  053  078  060  043  058  065  054  052  049  038  028  021  036  043  024 
 020  070  069  026  020  044  042  028  031  032  028  022  012  011  021  000 
 027  065  032  000  000  022  016  002  002  002  002  000  000  000  017  010 
 036  044  005  000  002  020  014  006  004  000  000  000  000  000  014  020 
 042  028  000  000  006  019  014  008  004  000  000  000  004  010  018  026 
 043  012  000  000  009  021  013  006  005  007  014  024  032  039  037  036 
 033  015  014  022  035  039  027  018  019  025  033  039  041  044  039  026 
 022  016  011  020  035  036  028  020  016  020  031  035  025  022  016  011 
 025  014  003  010  023  023  018  011  006  009  025  022  000  000  000  000 
 037  026  012  011  018  012  005  000  000  006  026  018  000  000  000  000 
 031  030  028  021  016  006  000  000  000  010  026  018  000  000  000  000 
 020  026  032  032  018  000  000  000  006  017  026  018  000  000  000  000 
 011  018  021  022  019  013  007  000  008  020  022  016  000  000  000  000 
 010  001  001  002  010  016  020  020  012  010  016  014  002  000  000  000 

Celda14

 002  000  004  005  005  006  001  000  000  006  008  006  010  012  008  001 
 022  010  000  002  004  004  000  002  010  013  008  002  004  005  002  000 
 025  022  014  008  002  000  000  008  023  022  012  007  009  002  000  000 
 004  013  016  015  012  009  011  022  028  023  017  015  014  008  008  012 
 000  005  014  018  018  018  022  030  028  019  013  011  013  016  022  031 
 002  008  019  027  031  032  034  038  029  014  006  008  014  018  025  035 
 018  017  026  034  038  041  041  042  032  024  014  014  020  021  023  029 
 028  026  030  032  027  028  029  032  028  030  030  022  022  014  008  008 
 019  019  020  013  003  003  010  014  012  018  028  028  016  000  000  004 
 004  009  013  003  000  004  006  002  000  004  009  017  014  002  000  000 
 000  000  005  002  001  006  006  000  001  014  013  000  004  008  012  013 
 000  000  000  004  008  006  003  000  004  018  016  000  000  010  016  016 
 000  000  000  006  016  015  014  016  021  024  010  001  000  000  002  004 
 000  002  005  006  023  027  029  030  026  020  008  000  000  000  000  000 
 004  006  010  007  020  028  022  015  008  004  000  000  000  000  000  000 
 006  002  004  006  016  026  019  006  000  000  000  000  000  000  000  000 

Celda15

 000  000  006  000  000  015  036  009  000  000  000  000  000  018  056  003 
 000  003  003  000  002  026  028  000  000  000  002  000  000  025  064  004 
 000  008  004  000  014  024  015  000  000  000  000  000  000  037  074  008 
 016  023  018  017  023  014  007  000  000  000  000  005  018  053  076  010 
 038  044  039  033  026  014  009  006  008  012  018  031  038  060  074  013 
 042  047  041  035  027  022  020  018  016  017  022  034  035  053  068  013 
 036  039  035  031  024  017  012  009  007  010  021  029  027  046  064  013 
 012  016  015  020  018  012  004  000  000  002  020  027  024  041  055  006 
 014  018  009  000  000  004  003  000  000  004  017  016  006  022  042  000 
 004  018  016  003  000  000  000  000  000  000  012  012  002  020  045  000 
 006  006  014  007  000  000  000  000  000  000  000  002  002  030  056  000 
 014  008  004  004  004  000  000  000  000  000  000  000  007  043  066  003 
 004  003  000  000  003  000  000  000  000  000  004  012  026  063  081  011 
 000  000  000  000  000  000  000  001  000  002  014  024  034  061  075  008 
 000  000  000  000  000  000  006  016  009  003  016  022  018  041  059  000 
 000  000  000  000  000  000  016  030  020  012  017  013  006  028  054  000 

Celda16

 000  000  000  000  000  000  000  000  000  001  000  010  017  008  000  004 
 000  000  000  000  006  010  000  000  000  000  000  020  027  015  005  006 
 000  000  000  002  018  019  010  020  030  032  030  044  046  033  023  020 
 001  005  017  030  041  036  037  044  054  056  056  063  058  049  043  036 
 004  011  028  042  048  041  050  052  042  040  039  040  036  041  037  025 
 004  010  024  036  037  031  038  036  022  016  008  000  005  018  014  004 
 003  007  014  018  018  014  018  024  012  010  001  000  004  020  015  005 
 001  001  000  000  000  000  002  016  000  000  004  002  000  016  020  013 
 000  000  000  000  004  000  000  010  004  000  000  002  008  016  020  016 
 000  000  000  000  010  000  000  000  004  000  000  000  012  026  032  036 
 000  000  000  000  014  000  000  000  000  006  006  015  024  027  039  054 
 000  000  000  000  020  008  002  011  012  028  034  033  028  029  048  056 
 001  000  000  000  027  022  012  022  029  044  047  034  024  030  044  034 
 003  006  007  000  030  032  024  021  021  032  036  021  015  020  027  017 
 003  009  021  024  035  037  027  014  005  013  019  006  002  008  018  011 
 001  006  020  036  042  040  026  014  008  012  014  004  000  008  014  003 

Celda17

 010  014  011  007  014  028  024  009  010  029  032  011  009  021  028  027 
 012  019  019  013  005  016  025  023  018  039  054  048  048  055  051  038 
 023  027  030  030  022  002  018  036  032  043  059  054  052  051  033  021 
 038  041  043  045  040  025  008  034  040  045  048  039  037  029  012  006 
 030  039  036  038  036  034  028  038  037  046  051  040  034  020  000  000 
 016  026  020  020  026  032  032  037  042  043  044  038  032  021  000  000 
 011  016  012  012  022  028  025  016  030  037  032  028  023  019  008  000 
 012  016  016  012  011  020  022  014  021  028  023  015  008  013  015  005 
 015  019  017  008  000  000  012  018  015  022  024  010  000  006  022  022 
 041  041  031  012  002  000  005  013  010  006  024  016  000  002  026  036 
 054  047  041  034  032  026  018  010  006  000  018  024  002  001  028  038 
 038  029  031  024  026  022  014  010  016  024  029  031  011  002  023  037 
 009  011  014  000  000  000  000  012  036  048  044  036  029  022  016  024 
 003  006  006  000  000  000  010  043  059  049  044  032  038  033  028  002 
 002  000  000  000  000  020  056  058  048  031  028  025  029  025  022  015 
 000  000  000  000  019  047  051  027  013  005  006  011  008  008  002  010 

Celda18

 031  031  030  032  031  023  012  002  000  000  018  074  070  041  049  044 
 037  038  037  032  024  014  006  002  000  006  056  098  064  036  054  058 
 020  026  025  016  004  000  000  007  013  018  081  112  057  044  055  064 
 006  005  000  000  000  000  002  011  018  024  095  120  049  042  047  067 
 000  000  000  000  000  007  012  010  010  019  099  115  040  036  042  064 
 000  000  000  000  012  020  016  002  000  021  091  094  034  029  029  042 
 000  000  005  012  014  011  004  000  000  038  085  072  032  014  014  012 
 000  006  008  006  002  000  000  000  000  069  092  058  036  002  006  000 
 019  013  010  006  000  000  000  000  010  094  095  039  026  017  014  012 
 023  004  004  007  004  000  000  000  033  108  088  016  009  034  016  026 
 013  000  000  000  000  000  000  000  063  124  083  012  000  047  029  020 
 008  000  000  000  000  000  000  006  089  135  073  012  000  048  048  002 
 006  000  000  002  000  000  000  013  099  127  051  011  003  036  056  000 
 000  000  000  000  000  000  000  018  096  108  033  009  014  014  049  012 
 003  000  004  005  000  000  000  028  091  094  032  007  017  008  038  024 
 008  004  008  012  008  000  000  047  095  082  036  001  012  009  026  034 

Celda19

 036  039  040  034  024  010  014  019  012  037  030  000  000  000  010  012 
 041  038  041  035  025  010  003  003  003  024  024  000  000  000  010  004 
 044  038  042  038  029  012  006  002  000  014  018  000  000  004  009  005 
 048  038  041  038  025  009  010  014  008  000  014  009  000  010  012  009 
 041  028  034  033  015  000  006  016  016  000  006  019  016  011  010  010 
 024  017  029  030  010  000  002  008  014  010  000  020  028  019  004  003 
 018  016  027  028  010  000  000  000  004  016  014  008  028  026  010  000 
 024  020  021  021  010  000  000  000  000  014  024  012  014  027  016  000 
 018  026  018  012  008  000  000  000  000  005  020  018  000  018  020  000 
 006  022  018  006  007  000  000  000  005  004  008  021  020  003  013  003 
 012  008  020  007  002  000  000  000  010  012  004  020  040  038  015  000 
 008  000  021  012  000  000  000  000  012  016  016  018  030  034  020  002 
 000  004  018  016  000  000  000  009  015  020  020  012  000  000  000  003 
 000  006  008  018  005  018  020  019  013  012  012  004  000  000  000  007 
 002  006  000  019  021  021  024  017  003  000  000  000  000  000  000  012 
 002  004  000  016  034  016  004  000  000  000  000  000  006  006  005  005 

Celda20

 012  008  008  008  008  007  004  004  000  000  024  073  099  051  015  013 
 002  004  010  016  014  006  000  003  005  000  045  088  076  024  003  000 
 002  008  010  010  007  002  000  005  014  018  065  091  055  011  000  000 
 011  012  011  004  000  000  000  006  015  021  058  071  043  016  011  010 
 015  010  008  002  000  000  000  001  008  016  040  050  042  030  018  010 
 003  000  000  000  000  000  000  000  008  024  038  026  037  043  023  000 
 000  000  000  000  000  000  000  000  014  049  045  025  018  042  030  002 
 000  000  000  000  000  000  000  012  042  062  037  032  016  028  034  014 
 000  000  000  000  000  000  000  028  063  053  016  020  020  014  035  021 
 000  000  000  000  000  000  000  041  066  036  006  008  012  000  031  026 
 000  000  000  000  000  000  002  052  061  026  012  003  001  000  022  034 
 000  000  000  000  001  000  016  070  063  019  008  006  000  000  010  042 
 002  000  000  000  006  022  060  093  071  025  002  000  000  000  000  037 
 017  016  004  000  000  035  085  092  065  022  008  000  000  004  007  016 
 020  018  004  000  002  046  074  061  036  011  007  002  000  002  006  000 
 004  000  000  000  010  058  059  030  006  000  000  003  000  002  000  002 

Celda21

 008  000  000  000  000  006  017  026  026  015  006  012  008  002  004  002 
 000  000  000  000  002  002  014  024  032  033  027  027  028  021  020  015 
 000  000  000  003  015  020  023  024  026  032  033  026  027  022  020  018 
 009  009  012  018  026  027  026  021  016  018  022  020  010  008  002  003 
 010  008  008  012  014  016  018  014  012  012  014  015  010  000  000  000 
 000  000  000  004  006  014  016  012  008  010  006  005  007  004  000  000 
 000  002  000  004  008  013  016  014  004  000  000  000  000  000  004  006 
 005  009  008  005  011  016  015  012  003  000  000  000  000  000  002  007 
 001  001  008  008  011  016  010  003  000  000  000  000  000  003  000  002 
 002  004  002  004  003  012  008  000  000  000  000  000  000  009  008  000 
 006  005  006  000  000  006  004  000  000  000  000  000  000  006  012  001 
 018  000  000  000  000  003  003  000  000  000  000  000  000  000  010  004 
 028  000  000  000  000  006  008  005  004  000  000  000  000  000  006  007 
 028  005  000  000  000  007  012  012  004  000  000  000  000  001  005  006 
 018  013  000  000  000  006  014  016  003  000  000  000  003  013  015  013 
 004  014  000  000  000  008  012  014  004  000  000  006  021  022  016  016 

Celda22

 004  002  000  000  014  017  010  000  000  000  000  002  000  000  000  000 
 006  000  000  006  017  015  000  000  000  000  004  000  000  000  000  000 
 009  002  000  017  026  017  008  008  006  001  000  000  000  000  000  000 
 000  000  002  024  031  017  013  021  024  012  000  000  000  003  014  024 
 000  000  004  026  027  011  006  008  008  000  000  000  000  014  028  034 
 002  008  010  020  028  010  000  000  000  000  000  001  012  011  012  013 
 010  018  022  013  014  008  000  000  000  000  000  020  015  000  002  000 
 008  015  016  006  000  000  000  000  000  000  017  025  008  001  000  008 
 004  003  000  000  000  000  000  000  006  016  020  015  004  010  016  028 
 000  000  000  000  000  000  010  018  024  021  011  006  005  013  030  045 
 000  000  000  000  010  018  034  033  028  018  004  000  012  023  031  038 
 000  000  005  011  017  020  029  029  025  018  008  002  018  026  020  019 
 001  006  015  012  012  012  021  028  027  020  017  014  027  024  012  016 
 007  013  012  004  008  013  023  027  026  017  022  018  020  011  004  012 
 014  018  013  004  010  019  022  017  017  010  016  016  004  002  001  010 
 019  023  015  008  012  018  012  004  009  012  006  012  005  000  002  008 

Celda23

 000  000  000  000  000  006  034  044  029  018  017  011  007  028  054  002 
 000  000  003  018  027  040  056  051  031  020  020  015  010  031  059  009 
 006  014  030  042  041  046  050  039  023  017  018  011  006  035  061  012 
 030  031  040  043  035  035  034  025  016  013  010  005  013  044  062  015 
 030  024  030  037  034  035  030  019  013  010  005  012  034  054  056  012 
 012  012  025  042  046  046  032  016  009  007  008  027  050  050  042  007 
 001  014  038  052  054  047  028  018  008  006  012  035  040  027  026  001 
 014  033  046  046  040  023  008  008  006  009  025  034  017  017  030  000 
 038  043  037  025  012  005  000  000  000  010  028  020  000  009  034  000 
 048  041  026  010  000  000  000  000  000  016  020  006  000  004  036  000 
 038  028  014  006  002  000  000  000  010  019  012  000  000  008  038  000 
 018  008  002  000  000  000  000  000  024  028  006  000  000  021  052  012 
 016  004  000  000  000  000  000  006  030  025  006  006  006  031  052  008 
 018  008  000  000  000  000  000  014  029  015  000  002  004  026  042  000 
 018  012  000  000  000  000  000  020  026  008  000  000  000  019  038  000 
 014  010  002  000  000  001  006  022  018  002  000  000  000  018  038  000 

Celda24

 000  002  014  032  042  038  028  023  023  024  015  000  000  012  012  000 
 000  002  009  021  042  042  036  027  028  025  012  002  000  013  013  000 
 003  006  014  019  041  035  036  026  009  011  000  005  002  010  014  009 
 005  011  020  020  028  020  016  016  000  008  008  006  010  008  021  026 
 003  008  018  019  014  008  000  002  002  000  024  007  014  012  031  033 
 003  007  014  018  014  001  000  000  019  023  026  015  012  020  032  030 
 004  008  016  018  014  007  000  010  028  038  015  014  018  030  029  025 
 002  006  011  010  008  009  006  018  030  024  015  004  037  041  026  012 
 000  000  000  000  000  008  010  008  028  000  013  012  046  037  008  007 
 000  000  000  000  000  007  015  008  020  003  008  022  037  032  000  006 
 000  000  000  000  005  009  016  020  006  007  000  014  016  020  014  008 
 000  000  000  002  020  016  013  018  015  002  006  005  008  008  018  008 
 000  000  000  006  030  015  008  008  010  006  004  012  004  000  008  013 
 000  000  000  011  030  008  004  004  007  008  005  012  002  000  000  010 
 000  000  000  017  026  000  000  004  008  010  010  008  000  000  000  000 
 000  000  000  015  033  002  000  000  002  010  014  010  002  000  001  002 

Celda25

 000  004  019  029  029  031  028  012  004  001  000  000  000  004  000  002 
 006  027  040  027  010  008  014  007  006  004  000  000  000  002  002  005 
 017  031  029  007  002  001  002  002  010  006  000  000  007  012  008  006 
 021  018  012  000  000  004  005  003  017  018  010  008  018  012  002  000 
 018  010  007  000  001  009  010  010  020  022  010  010  015  006  000  000 
 018  014  010  004  004  018  009  006  007  014  000  000  008  004  000  000 
 023  014  012  008  012  026  009  004  000  006  000  000  012  008  000  000 
 023  012  012  013  016  020  003  004  001  000  000  000  016  013  000  000 
 017  012  010  016  012  002  000  000  004  000  000  000  014  012  000  000 
 014  012  007  008  007  000  000  000  000  000  000  000  010  008  000  002 
 008  004  010  002  000  000  000  000  000  000  004  006  010  009  003  002 
 000  000  006  002  000  000  000  000  000  009  015  014  008  009  000  000 
 000  000  000  000  000  000  000  008  030  030  021  016  011  002  000  000 
 010  000  000  000  000  000  018  040  041  022  015  012  010  000  000  000 
 014  008  000  000  004  023  041  039  018  003  004  004  000  000  000  000 
 011  014  002  004  008  028  033  011  000  000  000  000  000  000  000  000 

Celda26

 002  000  002  004  006  003  009  083  110  079  032  000  007  009  012  037 
 004  000  002  000  000  002  035  115  114  060  020  000  000  003  000  036 
 006  000  000  000  000  000  055  126  091  018  004  000  000  000  000  032 
 000  004  002  000  000  000  070  119  051  000  000  002  000  000  000  023 
 000  006  010  000  000  012  081  097  020  000  000  006  000  000  000  008 
 000  000  000  000  000  022  094  085  006  000  000  010  000  000  000  000 
 000  000  000  000  000  034  091  070  004  000  006  014  003  000  000  000 
 000  000  000  000  004  090  117  060  006  002  012  020  011  006  008  012 
 000  000  000  000  041  135  126  059  024  014  015  025  020  017  022  024 
 004  000  000  000  064  133  096  032  022  012  009  022  022  015  018  017 
 000  000  000  000  070  107  061  001  004  004  006  021  023  010  004  003 
 000  000  000  002  080  087  054  008  000  000  004  016  018  003  000  000 
 000  000  000  048  109  079  032  012  000  000  006  012  016  006  000  000 
 000  000  006  105  132  062  004  008  006  002  004  005  013  012  000  000 
 000  000  038  134  119  028  009  000  010  000  000  002  010  014  000  000 
 000  000  066  138  087  000  000  000  006  000  000  002  008  013  002  000 

Celda27

 009  006  008  010  031  016  000  000  000  000  000  000  012  013  010  000 
 026  011  018  009  012  006  000  000  000  000  004  000  008  011  010  000 
 042  012  014  002  000  000  000  000  012  012  010  000  000  008  010  000 
 046  012  000  000  000  000  004  013  025  008  004  000  000  003  008  000 
 036  015  000  000  000  000  012  015  014  000  000  000  000  000  004  000 
 016  019  000  000  008  003  011  009  006  004  000  000  003  000  000  000 
 000  022  020  012  020  015  015  000  000  011  000  003  002  000  000  000 
 004  015  038  015  013  015  013  009  008  022  014  009  002  000  000  000 
 018  000  038  032  000  001  000  000  006  018  011  006  002  000  000  000 
 018  010  020  038  003  000  000  000  000  007  006  000  000  000  000  000 
 009  013  000  026  013  000  000  000  000  000  000  000  000  000  000  000 
 000  003  000  008  020  006  000  000  000  000  000  000  000  000  002  012 
 000  000  000  000  026  022  001  000  000  000  000  000  004  007  014  024 
 000  000  000  000  026  033  002  000  002  010  026  034  026  012  012  036 
 000  000  000  000  016  034  014  000  009  021  027  026  014  002  009  045 
 000  000  000  000  004  030  032  013  009  010  002  000  000  000  021  055 

Celda28

 000  000  000  000  020  058  056  028  002  000  000  000  000  000  000  000 
 000  000  000  007  050  061  038  020  002  000  000  000  000  000  000  000 
 000  000  000  041  056  036  012  006  000  000  000  000  000  000  000  000 
 000  000  012  053  037  003  000  000  000  000  000  000  000  000  000  001 
 000  000  027  049  019  000  000  000  000  000  000  001  003  000  004  010 
 000  000  036  052  016  000  000  000  000  000  003  006  017  021  020  029 
 000  000  039  048  018  000  000  000  000  000  010  025  041  035  026  040 
 000  015  049  037  014  000  000  000  007  022  038  049  048  028  018  030 
 002  034  042  022  006  000  002  015  031  044  051  050  037  014  006  017 
 019  046  040  016  003  012  024  028  039  043  036  029  022  013  008  012 
 030  053  042  019  015  033  037  025  022  020  013  013  017  014  015  006 
 054  068  051  030  030  042  033  010  002  008  011  016  022  017  017  014 
 069  074  054  038  040  043  025  010  007  016  025  027  028  024  020  026 
 069  065  049  039  039  037  022  018  022  035  036  029  029  029  023  028 
 053  043  037  028  025  027  020  018  027  037  030  022  025  026  019  014 
 032  022  034  020  016  021  017  015  024  029  022  017  019  019  012  002 

Celda29

 000  011  000  000  000  008  014  017  012  010  014  022  031  030  024  024 
 000  008  005  002  010  015  025  040  041  026  025  025  036  040  035  029 
 000  004  015  013  026  035  045  055  046  024  025  023  036  042  034  020 
 010  012  020  037  043  041  046  052  039  018  021  021  029  037  024  006 
 025  026  025  052  055  039  038  045  035  018  016  014  022  034  016  002 
 036  020  016  051  059  037  031  038  029  016  008  005  018  030  008  002 
 032  014  008  040  053  033  021  023  013  005  000  000  016  020  000  000 
 020  018  014  029  048  030  007  004  000  000  000  000  021  014  000  000 
 011  016  016  013  036  032  012  004  000  000  000  008  030  013  002  004 
 009  004  011  008  017  027  018  008  004  000  008  020  031  013  009  010 
 008  002  014  019  011  012  016  016  012  003  004  012  016  005  000  000 
 013  017  016  026  024  008  010  023  018  004  000  002  010  006  000  000 
 022  023  021  019  021  015  007  028  017  000  000  000  006  007  004  000 
 026  018  018  011  013  017  014  027  015  000  000  000  002  005  012  006 
 016  012  008  006  010  021  020  017  017  007  016  030  032  024  018  011 
 004  002  000  005  013  024  028  013  020  007  014  043  038  032  014  001 

Celda30

 023  020  012  015  022  017  010  002  000  014  006  000  004  000  002  007 
 024  014  015  030  035  026  018  010  002  005  011  000  000  001  000  007 
 016  013  026  044  040  027  024  020  018  008  006  006  008  014  010  008 
 004  010  035  043  032  020  022  022  023  019  008  021  017  024  024  018 
 003  019  035  029  021  012  016  016  015  014  010  019  015  013  021  022 
 004  023  024  010  012  001  000  004  004  006  008  006  014  000  008  014 
 000  019  014  001  006  002  000  000  000  000  004  000  011  007  000  002 
 004  021  013  000  000  000  000  000  000  000  000  002  004  007  004  000 
 018  025  012  002  000  000  000  000  000  000  000  004  002  000  000  000 
 017  014  002  000  000  000  000  001  002  002  002  004  000  000  000  000 
 004  007  000  000  000  000  000  003  000  000  000  000  000  000  000  000 
 000  004  000  000  000  000  000  000  003  000  000  000  000  000  000  000 
 000  002  001  000  000  000  000  000  006  000  000  000  000  000  000  000 
 002  000  002  000  000  000  000  002  002  000  000  000  000  000  002  019 
 004  005  004  000  000  000  000  000  000  000  000  000  000  000  022  036 
 000  000  000  000  000  000  000  000  000  000  000  000  003  019  034  035 

Celda31

 006  005  006  002  000  005  008  013  009  000  000  000  000  019  045  000 
 003  002  008  006  002  002  002  000  002  000  000  000  000  020  056  000 
 016  022  020  012  004  000  000  000  000  002  000  000  000  022  066  000 
 031  028  018  015  008  000  000  000  000  000  000  000  000  031  079  008 
 024  008  000  000  000  000  000  000  000  000  000  000  000  057  096  020 
 008  000  000  002  000  000  000  000  000  000  000  002  023  078  097  021 
 000  000  000  000  000  000  000  000  002  003  013  023  041  072  079  011 
 000  000  000  000  000  000  000  002  016  029  033  030  031  051  061  002 
 000  000  000  000  000  000  000  015  039  045  034  022  024  050  066  012 
 000  000  000  008  002  010  022  038  050  044  030  027  040  067  076  026 
 000  000  000  020  027  028  035  045  044  036  035  045  055  065  061  020 
 000  006  028  039  036  029  029  031  026  025  036  045  039  036  033  005 
 014  043  046  033  025  018  016  014  012  014  024  030  018  018  022  000 
 045  058  041  024  017  011  012  022  019  017  023  022  014  018  026  000 
 047  047  027  016  016  018  020  030  036  034  040  041  023  017  024  000 
 032  025  010  006  016  039  039  035  041  042  043  041  026  019  027  006 

Celda32

 001  002  000  004  036  012  000  000  000  004  010  010  006  003  004  010 
 000  000  001  000  027  019  000  000  000  005  000  000  006  010  010  017 
 000  000  000  000  016  015  005  000  000  010  003  000  015  024  018  017 
 000  000  000  000  010  002  004  000  002  014  014  022  037  029  018  002 
 000  000  000  000  007  000  000  010  010  019  026  028  028  007  002  000 
 002  004  005  000  003  000  000  020  021  023  020  018  016  000  000  000 
 001  002  003  002  001  002  006  027  023  013  010  012  012  000  000  000 
 000  000  000  000  002  002  011  024  016  006  002  012  018  015  020  020 
 000  000  000  000  004  004  010  015  016  015  016  033  049  044  034  034 
 000  000  000  000  010  020  023  022  030  039  044  055  060  049  031  032 
 000  000  000  000  020  045  050  039  041  047  046  042  037  028  010  012 
 000  000  000  000  038  069  055  031  026  027  019  011  008  006  000  000 
 001  000  000  000  048  063  028  006  008  014  013  012  006  000  000  000 
 000  000  000  000  052  052  015  000  002  012  013  014  006  000  000  000 
 001  001  000  000  054  048  004  000  000  008  016  015  004  000  000  000 
 002  004  005  002  050  040  000  000  000  004  013  011  002  000  000  000 

Celda33

 022  021  004  000  002  024  019  000  000  000  000  000  000  000  000  000 
 030  018  003  000  002  022  012  000  000  000  000  000  000  000  000  000 
 029  015  004  000  007  018  000  000  000  000  000  000  000  000  000  000 
 021  004  006  004  009  012  000  000  000  000  000  000  000  000  000  000 
 022  006  008  022  020  005  000  000  000  000  000  000  003  000  000  000 
 020  018  004  020  020  008  000  000  000  000  000  000  000  000  000  000 
 013  024  006  000  000  000  000  000  000  000  008  012  000  000  000  010 
 006  018  005  000  000  000  000  000  000  002  014  017  004  000  000  031 
 022  008  000  000  000  004  012  014  010  006  006  004  000  000  005  052 
 026  016  015  019  022  024  024  018  008  000  000  000  000  000  021  058 
 011  006  012  014  018  018  013  005  000  000  000  000  000  000  034  049 
 000  000  008  008  000  000  000  000  000  000  000  000  000  005  045  044 
 000  000  000  010  004  000  000  000  000  000  000  000  000  032  065  043 
 000  000  000  007  006  000  000  000  000  002  000  000  000  067  076  026 
 000  000  000  006  007  000  000  010  016  010  000  000  025  086  067  009 
 002  000  000  010  010  004  008  009  001  000  000  000  052  087  049  007 

Celda34

 000  001  095  137  063  000  000  000  004  000  000  003  006  010  005  000 
 000  014  116  125  036  000  000  000  009  004  000  000  000  004  006  000 
 000  044  119  088  012  000  000  000  014  010  000  000  000  000  009  010 
 000  069  104  062  002  000  000  010  020  002  000  000  000  000  020  041 
 012  092  088  047  006  000  004  008  000  000  000  000  008  030  051  056 
 051  102  075  035  008  000  000  000  000  000  000  008  042  052  045  029 
 082  098  055  021  003  000  000  000  000  003  012  030  051  044  019  003 
 090  076  024  006  000  000  005  006  014  018  019  030  042  030  003  000 
 075  041  006  000  004  012  022  017  015  015  018  030  039  026  006  002 
 051  020  000  000  014  030  029  011  004  008  027  038  038  024  011  009 
 037  025  013  019  036  033  018  006  006  019  040  042  029  016  012  012 
 033  031  025  029  031  015  008  016  021  031  047  041  020  012  010  014 
 021  022  023  023  012  000  007  024  030  031  044  037  018  012  008  012 
 000  022  028  012  000  000  006  030  032  029  037  032  014  011  005  004 
 000  022  030  009  000  000  008  029  039  032  028  021  004  004  000  000 
 004  027  025  001  001  008  021  034  044  033  014  010  000  000  000  000 

Celda35

 000  000  000  000  006  027  044  026  002  000  000  000  000  000  047  054 
 000  000  014  031  036  039  046  022  000  000  000  000  000  014  066  037 
 007  024  043  050  039  028  029  018  002  002  000  000  000  039  074  018 
 043  041  042  032  018  016  015  024  012  014  002  000  000  050  065  002 
 039  023  018  010  007  012  008  016  013  011  004  000  000  056  056  000 
 012  006  006  006  007  010  003  006  020  000  000  000  000  054  048  006 
 005  009  012  009  004  002  000  000  023  000  000  003  015  063  037  006 
 002  011  014  011  006  000  000  000  016  006  000  010  044  079  046  014 
 002  010  012  010  005  000  000  000  004  010  000  016  072  089  050  034 
 004  011  011  008  001  000  000  000  000  008  000  023  085  076  031  028 
 005  008  012  005  000  000  000  000  000  000  006  036  073  036  000  000 
 010  000  014  004  000  000  000  000  000  000  020  054  054  009  000  000 
 015  008  010  004  000  000  002  000  000  000  032  066  046  000  000  000 
 012  013  010  007  001  000  000  000  000  000  040  070  040  000  000  000 
 002  012  009  004  000  000  000  000  000  002  046  066  038  000  000  002 
 000  006  006  000  000  000  000  000  000  022  053  049  036  000  004  016 

Celda36

 014  008  036  028  022  025  021  019  021  021  017  012  006  008  010  000 
 005  004  034  036  035  030  023  020  015  012  006  000  000  006  014  004 
 001  015  042  045  040  023  012  011  008  006  000  000  000  011  021  012 
 002  030  050  045  033  014  002  007  007  000  000  000  000  018  025  016 
 000  035  046  033  020  008  000  003  004  000  000  000  021  032  020  014 
 005  030  035  021  010  004  000  000  003  003  006  023  030  016  002  010 
 010  028  033  025  013  003  000  000  006  015  023  024  011  000  000  008 
 004  019  030  031  020  008  004  011  015  018  016  006  000  000  000  004 
 018  002  020  030  027  018  013  009  004  004  006  000  000  000  002  002 
 027  018  000  014  028  034  028  013  000  000  000  000  000  006  008  002 
 008  016  013  000  017  042  042  022  003  000  000  000  001  009  014  004 
 000  000  015  026  019  029  045  035  015  010  009  002  000  002  018  009 
 004  006  018  037  046  033  035  040  023  002  000  000  000  000  013  013 
 017  032  035  038  041  042  025  022  018  006  000  000  000  000  007  018 
 029  044  035  025  020  027  027  006  002  002  000  000  000  000  006  021 
 036  043  025  010  015  018  030  027  009  000  003  000  006  006  002  020 

Celda37

 002  002  000  008  026  025  028  020  011  006  005  029  019  014  008  000 
 004  010  008  011  035  027  020  020  002  005  008  024  015  000  000  001 
 006  014  017  013  031  022  006  014  004  000  012  014  014  000  000  009 
 012  012  016  010  015  022  002  005  006  000  014  008  009  012  000  005 
 014  005  008  003  000  019  016  000  008  000  011  010  006  014  004  000 
 018  006  000  000  000  018  026  000  008  003  000  014  005  006  000  000 
 014  006  000  000  000  016  028  000  000  000  000  012  000  000  000  000 
 004  000  000  000  000  016  020  000  000  000  000  004  000  000  000  000 
 000  000  000  010  008  008  009  000  000  000  000  000  000  000  000  000 
 000  000  000  015  010  000  000  000  000  000  000  000  000  000  000  002 
 000  000  000  012  004  000  000  000  000  000  000  000  000  000  000  052 
 000  000  000  012  000  000  000  000  000  000  000  000  000  016  054  078 
 000  000  004  016  001  000  000  000  000  000  000  000  007  076  093  067 
 000  000  024  039  016  006  000  000  000  000  000  010  069  112  085  038 
 006  006  029  027  000  000  000  000  000  000  002  054  100  093  047  011 
 010  004  017  010  000  000  000  000  000  003  046  094  092  047  006  000 

Celda38

 000  004  000  000  000  000  000  000  000  000  014  006  016  028  034  028 
 000  002  000  000  000  000  000  000  000  010  035  027  018  026  030  026 
 004  000  000  000  000  000  000  000  011  044  043  022  011  018  027  034 
 002  000  000  000  000  000  000  000  035  044  024  013  009  021  035  049 
 000  000  000  000  000  000  002  025  041  028  008  013  026  038  048  058 
 000  000  000  000  008  017  033  044  036  018  016  036  053  051  047  049 
 000  000  000  000  027  041  046  039  019  014  037  063  065  045  031  031 
 000  000  006  037  048  043  040  028  012  024  055  068  052  024  020  016 
 004  023  049  055  039  023  026  029  029  045  061  055  031  008  010  012 
 040  064  065  044  019  012  019  036  046  054  052  038  020  008  012  014 
 077  074  051  023  012  017  027  040  045  045  034  022  016  010  012  014 
 070  049  026  010  011  024  036  035  031  042  022  010  008  000  000  004 
 038  020  013  009  007  017  030  022  013  036  034  012  000  000  002  004 
 015  014  022  017  008  006  029  014  006  020  039  024  000  000  000  008 
 005  022  034  019  012  004  024  026  000  001  028  036  010  002  001  008 
 003  028  034  014  014  019  018  023  012  000  008  038  028  000  000  000 

Celda39

 022  018  010  009  032  051  038  030  024  030  025  015  006  013  030  017 
 025  019  014  023  033  033  016  014  008  022  026  013  006  015  031  018 
 039  031  024  025  018  016  011  000  012  014  022  014  012  024  030  010 
 052  039  030  020  002  008  018  015  018  022  026  021  020  029  024  000 
 052  034  028  022  012  000  023  038  034  029  024  028  025  022  018  000 
 040  021  016  018  020  019  028  043  039  021  022  019  009  006  012  000 
 027  010  006  010  016  018  010  031  038  010  004  000  000  000  014  000 
 020  012  006  010  008  003  000  012  035  028  002  000  000  000  018  000 
 017  015  015  012  011  004  000  000  020  043  026  001  004  000  020  000 
 014  009  011  004  011  017  015  008  000  041  045  004  000  000  024  000 
 009  000  006  015  002  016  020  016  002  018  044  014  000  000  030  000 
 002  000  000  021  012  000  001  000  000  000  026  024  004  015  034  001 
 000  000  000  018  012  000  000  000  000  000  006  033  037  035  040  004 
 000  000  000  004  005  000  000  000  000  000  000  030  056  048  036  000 
 000  000  000  000  000  000  000  000  020  030  021  008  048  054  044  000 
 000  000  000  000  000  009  019  026  034  034  024  001  027  058  060  000 

Celda40

 000  000  000  000  038  028  000  000  000  002  009  008  006  008  004  004 
 000  000  000  000  026  016  000  000  000  002  010  020  034  048  051  039 
 000  000  000  002  029  018  016  025  030  024  031  041  044  044  036  016 
 000  002  008  014  041  035  040  035  028  020  019  021  016  018  016  000 
 003  006  008  006  028  023  022  007  003  002  000  009  004  010  016  003 
 004  007  008  000  021  018  012  001  000  000  000  000  001  010  018  007 
 002  006  012  010  012  013  007  001  000  000  000  000  003  015  018  007 
 000  002  007  014  014  003  000  000  000  000  000  000  002  016  014  006 
 000  000  000  004  008  006  000  000  001  000  000  000  000  014  012  010 
 000  001  002  000  000  000  000  000  002  002  000  000  000  013  016  031 
 001  002  004  000  000  000  000  000  006  004  002  010  021  033  036  049 
 000  000  000  000  000  000  000  007  010  004  007  026  043  048  053  054 
 000  000  000  000  000  000  004  015  012  010  025  049  051  047  046  035 
 000  001  004  005  004  004  018  027  018  020  037  054  042  025  017  007 
 002  005  010  012  010  014  030  035  025  026  029  035  014  000  000  001 
 003  006  011  011  012  025  033  032  024  018  012  014  008  000  000  004 

Celda41

 012  018  016  009  002  000  000  000  000  000  000  009  080  082  034  006 
 029  020  006  000  000  000  000  000  000  000  000  049  096  065  017  004 
 008  000  000  000  000  000  000  000  000  000  008  078  084  032  004  005 
 000  000  000  000  000  000  000  000  000  000  029  078  053  004  000  006 
 000  000  000  000  000  000  000  000  000  000  048  073  033  000  002  009 
 000  000  000  000  000  000  000  000  000  002  072  082  027  001  010  013 
 000  000  002  006  006  004  000  000  000  029  099  079  014  000  013  015 
 006  004  012  020  020  012  000  000  000  053  091  049  002  000  014  012 
 022  026  012  016  016  007  000  000  003  063  063  032  007  000  010  010 
 046  023  002  000  000  000  000  005  036  071  049  024  016  007  007  002 
 040  004  000  000  000  000  000  012  053  067  043  024  024  024  023  020 
 027  004  000  000  000  000  000  008  046  049  030  019  028  034  029  024 
 013  009  012  008  000  000  000  018  041  039  024  023  035  033  018  004 
 002  004  011  009  000  000  008  034  053  048  033  034  035  020  006  000 
 000  000  000  000  000  010  029  054  069  058  036  030  021  005  001  000 
 002  000  000  000  000  026  051  058  066  048  020  013  010  004  008  010 

Celda42

 004  020  022  004  006  019  029  032  034  028  010  005  000  000  000  000 
 002  014  026  006  005  021  031  019  014  022  011  006  004  000  004  004 
 008  005  026  014  008  027  033  014  002  015  017  008  004  000  000  000 
 012  008  022  021  021  029  029  018  010  010  016  008  000  000  000  000 
 012  007  024  036  025  016  019  014  006  004  007  003  000  000  000  000 
 012  008  025  039  013  002  015  018  003  000  000  001  000  000  000  000 
 012  012  018  033  006  000  008  016  005  000  001  006  000  000  010  020 
 002  010  004  024  010  000  000  010  005  003  007  011  007  008  021  027 
 000  000  000  010  014  000  000  005  006  012  011  008  012  014  015  019 
 000  000  000  001  012  000  000  003  008  017  012  000  012  023  018  015 
 018  013  007  001  008  000  000  006  005  014  008  000  010  028  022  012 
 025  020  013  008  012  013  017  020  014  004  002  000  010  029  026  010 
 004  004  007  013  025  028  027  026  022  016  006  002  013  025  026  009 
 000  000  008  016  027  024  023  024  022  024  018  010  012  018  024  010 
 000  008  012  010  011  010  017  021  016  020  020  013  004  010  017  012 
 012  013  012  005  002  011  021  019  007  010  014  015  008  000  007  010 

Celda43

 004  000  000  000  000  000  000  000  001  039  045  021  026  016  010  028 
 000  000  000  000  000  000  000  000  000  042  036  007  010  029  028  026 
 000  000  000  000  000  000  000  000  000  055  047  020  010  026  037  023 
 000  000  004  010  003  000  000  000  015  078  064  030  024  014  029  024 
 000  006  007  006  000  000  000  000  032  098  069  024  026  018  010  019 
 011  012  004  000  000  000  000  000  059  106  059  013  023  031  024  008 
 016  010  003  000  000  000  000  005  076  099  041  002  016  034  038  024 
 016  012  010  007  008  008  004  017  085  083  021  001  008  016  024  026 
 012  011  012  010  012  014  010  028  092  068  005  000  013  014  000  006 
 010  000  004  005  006  007  008  035  091  053  003  000  004  010  002  000 
 012  004  000  000  000  000  001  048  087  036  000  001  001  000  000  000 
 008  009  000  000  000  000  000  071  084  018  000  000  000  002  003  000 
 002  009  000  000  000  000  008  090  073  010  000  004  000  001  006  010 
 000  006  000  000  000  000  030  094  055  006  000  002  002  006  005  004 
 004  005  000  000  000  000  039  086  036  000  000  000  002  008  010  002 
 010  008  000  000  000  000  041  074  026  000  000  000  000  009  011  006 

Celda44

 034  033  022  013  027  032  030  034  025  009  014  028  026  022  002  008 
 018  016  023  024  030  026  013  020  022  010  008  028  017  020  008  000 
 007  009  024  027  020  012  002  000  013  014  000  030  016  000  006  000 
 014  012  020  024  019  012  005  000  002  015  007  012  020  000  000  002 
 022  018  013  016  018  016  007  000  000  003  008  000  007  004  000  000 
 022  026  012  007  012  017  010  000  000  000  001  000  000  006  007  000 
 011  028  022  011  004  010  010  002  000  000  000  000  000  000  015  000 
 012  014  030  016  000  002  003  002  000  000  000  000  000  000  006  001 
 014  000  018  028  016  005  000  000  002  000  000  000  000  000  000  002 
 000  002  000  021  034  022  000  000  000  000  000  000  000  004  000  000 
 000  000  003  000  032  036  010  000  000  000  000  000  000  002  004  000 
 000  000  016  019  010  030  023  004  000  000  000  000  000  000  000  000 
 010  013  022  032  025  002  018  012  000  000  000  000  000  000  000  005 
 014  023  022  026  032  020  000  002  000  000  000  000  000  000  004  018 
 004  013  013  013  018  018  002  000  000  000  000  000  010  027  030  027 
 006  009  008  000  000  000  000  000  000  000  000  004  033  042  026  012 

Celda45

 013  010  010  000  000  000  000  000  000  031  070  083  044  000  000  000 
 011  017  004  000  000  000  000  000  023  052  057  042  018  000  002  020 
 002  016  000  000  000  000  000  015  051  048  024  020  014  008  023  044 
 000  004  000  000  000  000  018  054  058  025  002  009  020  026  041  044 
 000  000  000  000  000  007  054  073  043  010  006  003  022  032  036  033 
 000  000  000  000  000  040  081  065  024  010  018  012  009  033  042  032 
 000  000  000  000  025  067  073  039  014  017  020  025  010  018  048  042 
 000  000  004  030  057  068  045  017  014  018  014  014  018  000  037  048 
 000  000  037  058  064  050  023  013  006  009  020  006  000  000  008  042 
 002  023  054  057  049  029  014  015  008  000  007  011  000  000  000  027 
 012  037  047  041  030  013  009  009  005  000  000  000  000  000  000  010 
 012  034  043  038  019  001  000  000  000  000  000  004  001  003  012  009 
 002  016  042  052  026  000  000  000  000  000  016  028  030  022  012  006 
 020  005  029  055  032  000  000  002  010  023  034  038  040  034  014  000 
 026  023  001  035  034  006  000  023  046  039  030  035  035  040  030  012 
 007  012  011  005  030  030  029  052  049  019  007  025  030  032  036  026 

Celda46

 016  034  029  011  011  021  020  005  014  000  000  024  035  002  000  000 
 037  036  021  009  010  011  012  000  001  010  000  005  023  008  000  000 
 042  027  012  009  013  006  002  000  000  007  010  000  006  010  000  000 
 031  016  008  010  015  003  000  000  000  000  011  008  008  014  002  008 
 020  009  005  008  006  000  000  000  000  000  000  019  026  015  005  008 
 016  006  004  000  000  000  000  000  008  032  030  009  032  014  000  012 
 016  002  001  000  000  000  000  008  038  042  036  006  012  016  002  015 
 020  000  000  000  000  001  016  031  038  015  008  000  000  016  011  015 
 032  009  003  008  017  027  020  014  008  000  000  000  000  007  014  014 
 045  032  018  016  016  018  004  000  000  000  000  014  024  010  001  012 
 046  052  026  003  003  012  008  000  000  000  001  016  030  028  010  001 
 028  056  037  004  000  000  010  011  007  002  000  010  024  036  031  008 
 002  039  045  021  000  000  000  017  019  017  008  007  019  032  038  026 
 000  015  040  039  004  000  000  008  026  036  026  009  010  012  023  029 
 000  001  022  038  026  000  012  006  020  044  041  010  000  000  000  012 
 010  000  010  022  034  019  008  026  033  030  034  018  000  000  000  000 

Celda47

 000  000  000  000  029  044  038  022  012  011  010  001  004  060  075  000 
 000  000  006  029  054  043  014  000  000  000  010  012  000  056  087  000 
 010  022  017  031  045  021  006  000  000  006  022  028  015  040  093  000 
 024  014  000  014  028  008  004  000  006  011  019  027  020  018  091  000 
 006  000  000  014  030  018  002  000  004  018  000  007  012  004  084  000 
 006  000  000  014  032  031  000  000  000  027  000  000  004  010  079  000 
 015  000  002  014  028  035  000  000  000  029  008  000  000  006  083  012 
 024  012  004  012  024  030  000  000  000  020  010  000  000  010  083  012 
 030  024  005  008  022  029  002  000  000  000  010  000  000  024  085  005 
 032  030  006  000  021  038  017  002  000  000  012  000  000  028  086  000 
 029  038  012  000  010  047  034  000  000  000  015  010  000  020  082  000 
 018  050  030  012  000  036  046  000  000  000  013  023  000  014  077  000 
 002  056  052  018  012  003  042  019  000  000  008  032  007  022  084  009 
 017  047  062  002  008  000  024  036  000  000  008  043  010  025  085  012 
 016  019  054  019  000  000  001  038  000  000  005  050  008  019  080  009 
 002  000  026  032  000  000  004  023  006  000  000  050  020  028  074  001 

Celda48

 002  004  008  012  018  032  028  020  011  003  004  000  002  000  000  006 
 000  000  004  010  021  025  014  005  002  000  000  004  000  004  012  017 
 001  002  004  006  010  006  002  000  000  000  002  005  008  008  019  018 
 000  000  000  000  000  000  006  002  000  000  012  004  000  000  017  013 
 000  000  000  000  000  000  010  009  000  000  012  012  000  000  016  016 
 000  000  000  000  000  000  010  013  002  000  006  014  000  000  011  014 
 000  000  000  000  000  000  006  012  015  005  003  008  002  000  000  004 
 000  000  000  000  002  011  019  019  028  026  019  016  009  002  000  000 
 000  000  000  000  010  015  020  017  027  025  011  016  012  004  000  000 
 000  000  000  000  026  024  017  010  014  013  006  001  001  000  000  004 
 000  000  000  000  039  033  014  004  002  003  008  008  000  000  000  023 
 001  002  004  006  043  026  008  001  000  000  006  010  000  000  011  047 
 001  002  004  000  034  020  008  002  000  000  004  004  000  000  031  055 
 001  002  001  000  030  017  006  001  000  000  000  000  000  016  046  050 
 001  002  006  006  028  016  002  000  000  000  000  000  015  042  050  039 
 002  006  013  017  031  009  000  002  006  002  000  006  048  062  043  024 

Celda49

 006  000  000  000  016  053  043  033  040  025  004  005  012  016  021  016 
 010  002  004  013  042  050  018  004  022  013  003  012  022  022  020  012 
 010  008  010  014  037  021  000  000  024  017  007  019  023  013  010  006 
 000  000  000  003  016  002  000  004  036  022  008  020  019  004  004  008 
 000  000  000  002  011  000  000  022  046  016  002  021  023  010  002  005 
 000  000  000  012  020  009  008  035  042  003  000  024  027  011  008  000 
 000  000  014  028  030  008  004  029  028  000  000  026  031  003  008  000 
 000  008  025  037  024  000  000  026  024  000  000  024  034  013  000  000 
 004  031  043  037  012  000  000  026  018  000  000  022  034  019  000  000 
 035  051  046  027  000  000  000  026  014  000  003  022  030  018  000  000 
 052  050  038  019  006  000  000  021  010  000  006  020  024  013  000  000 
 052  037  027  012  010  012  014  014  002  003  010  014  016  007  000  000 
 044  027  017  005  006  011  016  012  000  003  018  015  008  000  000  000 
 034  016  008  002  000  000  005  006  000  000  028  024  006  000  000  000 
 019  006  002  001  000  000  005  000  000  000  030  032  008  000  000  000 
 007  002  002  000  000  000  007  000  000  000  027  036  012  000  000  002 

Celda50

 014  012  010  004  000  021  028  016  004  004  008  013  012  004  000  000 
 012  012  009  004  002  031  029  008  000  000  000  004  009  010  005  000 
 005  007  006  004  004  034  024  000  000  000  000  000  004  010  012  008 
 000  000  000  000  000  027  018  000  000  000  000  000  000  001  004  009 
 000  000  000  000  000  022  018  000  000  000  000  003  000  000  000  000 
 000  000  000  000  000  016  016  000  000  000  000  004  000  000  000  000 
 000  000  000  000  000  012  018  000  000  000  003  005  004  000  000  000 
 000  000  000  000  000  008  022  008  000  000  003  006  006  000  000  000 
 000  000  000  000  000  002  023  021  005  000  000  004  004  000  000  000 
 000  000  000  002  012  010  016  024  013  002  002  000  000  000  000  000 
 000  000  000  013  021  024  021  021  016  007  000  000  000  001  000  000 
 000  000  005  016  006  011  014  015  011  008  000  000  000  004  000  000 
 000  000  008  021  004  000  002  001  002  004  000  000  000  006  000  000 
 000  000  008  022  004  000  004  002  000  000  000  000  000  000  000  000 
 002  008  018  027  009  004  000  000  000  000  000  000  000  000  000  000 
 006  009  017  017  004  004  006  000  000  000  002  009  000  000  000  000 

Celda51

 012  014  000  000  000  000  045  073  022  000  000  000  005  006  002  000 
 006  019  006  000  000  000  045  074  022  000  000  004  021  010  000  000 
 000  018  012  000  000  001  042  076  024  001  002  011  021  003  000  000 
 008  010  012  000  000  000  047  072  026  000  003  008  018  000  000  003 
 002  000  010  000  000  000  050  058  022  000  000  008  014  000  000  006 
 000  000  006  000  000  011  060  048  013  000  000  004  008  000  000  004 
 000  000  000  000  000  016  071  046  002  000  000  006  006  000  000  000 
 000  000  000  000  000  014  069  047  000  000  000  012  006  000  000  000 
 000  000  000  000  000  016  058  040  000  000  007  020  010  000  000  000 
 000  000  000  000  000  022  052  028  000  000  010  024  012  000  000  000 
 000  000  000  000  000  028  054  027  000  000  006  020  010  000  000  000 
 000  000  000  000  000  031  059  034  000  005  005  010  004  000  000  000 
 000  000  000  000  000  036  062  035  007  000  000  000  000  000  000  000 
 000  000  000  000  000  044  066  028  004  004  000  000  000  000  000  000 
 000  000  000  000  000  050  067  018  000  004  000  000  000  000  000  015 
 000  000  000  000  000  047  060  008  000  000  004  000  000  009  038  063 

Celda52

 004  012  014  000  000  000  000  000  000  000  000  017  035  024  002  000 
 000  008  014  000  000  000  000  000  000  000  023  030  015  012  004  000 
 000  000  002  000  000  000  000  000  000  012  047  027  000  000  011  014 
 004  002  000  000  000  000  000  000  002  050  052  011  000  002  011  030 
 010  010  008  000  000  000  000  000  027  060  030  002  005  017  014  022 
 004  000  000  000  000  000  002  016  051  047  010  006  016  024  020  011 
 000  000  000  000  000  011  040  054  055  036  008  006  011  023  016  023 
 000  000  000  000  009  058  070  049  031  020  004  004  008  024  023  022 
 000  000  000  002  055  088  053  020  010  002  000  003  012  021  022  018 
 000  000  000  044  091  076  018  004  004  001  000  000  006  006  016  025 
 000  004  030  083  086  046  005  008  012  012  010  000  000  001  008  028 
 000  018  067  081  054  024  005  009  013  016  015  005  000  000  006  024 
 000  035  064  042  018  016  006  006  011  012  010  008  006  002  006  016 
 019  046  030  008  010  018  014  008  016  014  008  008  014  016  018  018 
 048  044  014  006  018  021  021  015  010  012  008  006  010  013  011  014 
 068  034  000  006  028  024  021  018  000  000  000  000  000  000  000  008 

Celda53

 000  004  026  031  027  038  043  048  030  000  000  025  024  010  021  028 
 002  033  039  046  034  022  045  048  020  000  000  022  032  001  000  018 
 040  054  033  027  030  018  026  054  032  000  000  006  026  014  000  006 
 046  038  010  012  025  032  012  038  040  008  000  004  006  015  012  000 
 045  030  006  019  028  036  030  006  029  023  010  004  009  000  015  015 
 034  038  020  026  030  029  034  022  002  020  029  020  013  012  000  023 
 018  030  033  028  018  012  024  026  011  004  031  039  011  010  009  012 
 024  011  025  034  030  008  004  016  019  012  020  036  023  000  008  008 
 021  023  006  023  033  020  000  002  016  019  020  024  018  006  000  010 
 016  024  024  002  019  026  009  000  004  016  014  025  016  004  006  001 
 034  015  022  017  000  016  017  007  000  006  010  016  019  011  004  002 
 042  030  004  020  015  000  010  018  020  006  000  006  020  002  002  000 
 032  038  018  010  022  008  000  014  026  022  002  000  017  010  000  000 
 014  028  034  008  007  015  007  000  013  030  022  000  006  015  003  000 
 006  008  030  026  000  008  018  010  000  021  034  012  000  011  012  002 
 005  002  009  026  004  000  011  020  014  000  028  026  007  004  010  008 

Celda54

 020  002  010  017  026  026  012  014  028  010  002  020  009  000  000  000 
 026  014  014  037  040  018  010  022  017  000  000  008  028  001  000  000 
 025  030  022  053  053  030  012  011  024  000  002  000  021  012  000  000 
 015  033  031  046  048  021  029  016  010  008  000  006  000  006  004  000 
 000  021  028  022  036  016  015  030  019  000  000  000  000  000  010  019 
 014  004  018  014  016  024  007  013  020  010  000  000  000  000  003  026 
 023  010  003  014  008  015  020  003  008  016  014  005  004  012  015  017 
 010  016  012  006  016  006  016  016  000  010  018  024  026  028  028  019 
 002  008  025  017  009  010  000  019  008  005  020  031  034  032  030  026 
 010  006  020  029  004  002  000  014  023  009  016  014  013  018  026  030 
 006  011  002  024  015  000  000  009  034  018  000  000  000  005  022  027 
 000  002  003  007  014  000  000  003  028  020  000  000  000  017  018  009 
 003  000  001  000  004  008  000  004  004  018  009  000  000  016  022  000 
 001  002  000  000  000  012  012  000  000  012  026  000  000  000  012  004 
 000  001  004  000  006  000  008  000  000  000  032  017  000  000  000  006 
 000  001  010  007  000  000  000  000  000  000  022  026  000  000  000  003 

Celda55

 000  000  000  032  028  000  000  000  006  000  000  043  026  040  077  000 
 000  000  004  014  038  012  000  000  006  004  021  052  032  049  083  005 
 000  000  007  008  022  024  000  000  000  030  047  053  028  050  084  006 
 002  000  000  014  024  028  008  016  006  040  061  041  011  042  081  003 
 000  005  000  021  022  018  000  002  006  043  069  032  000  040  082  000 
 010  000  000  018  016  000  000  000  000  043  070  025  000  037  084  000 
 010  000  000  000  015  002  000  000  000  044  063  020  000  032  086  000 
 000  000  000  000  001  010  000  000  000  042  058  019  000  030  090  000 
 016  006  006  010  008  008  000  008  006  028  050  024  000  032  093  000 
 030  025  015  008  006  002  006  007  008  009  043  032  000  033  092  000 
 030  026  014  001  000  000  010  001  005  000  036  038  001  030  089  000 
 014  014  006  000  000  000  010  006  000  009  030  034  003  030  087  000 
 000  000  000  000  000  000  002  009  000  012  028  014  000  036  090  000 
 000  000  000  000  000  006  002  001  014  019  013  000  000  048  098  002 
 000  000  000  000  000  008  012  004  009  029  010  000  000  058  110  002 
 004  000  000  000  009  007  010  010  002  026  014  000  000  062  120  000 

Celda56

 002  005  010  012  017  000  000  010  018  004  000  035  080  064  028  013 
 001  002  000  000  006  000  002  021  016  000  006  066  089  046  014  007 
 000  000  000  000  008  008  007  015  004  000  021  080  069  015  000  000 
 000  000  000  000  006  016  014  004  000  004  045  065  034  000  000  002 
 000  000  000  000  002  016  014  000  004  031  047  032  014  000  000  002 
 000  000  000  000  000  008  004  002  024  048  031  012  004  000  000  000 
 000  000  002  002  000  000  000  016  046  046  014  000  000  000  000  000 
 001  002  005  005  000  000  000  037  056  028  002  000  000  000  000  002 
 001  002  004  004  000  001  019  054  041  013  000  000  000  000  000  002 
 000  000  000  000  000  000  033  043  016  002  001  000  000  000  000  000 
 000  000  000  000  000  009  031  018  001  000  008  006  003  002  000  000 
 000  000  000  000  000  015  022  008  000  004  019  016  000  000  000  000 
 000  000  000  000  011  006  006  004  000  011  028  019  000  000  000  000 
 004  011  030  050  066  050  039  040  042  054  064  049  032  034  036  034 
 013  033  073  098  103  097  098  103  102  107  108  093  080  084  086  088 
 000  000  000  000  000  000  000  003  003  010  016  010  000  000  000  000 

Celda57

 009  002  002  000  000  000  013  002  000  000  024  032  010  000  000  000 
 013  006  003  000  000  000  024  004  000  000  018  023  005  000  002  003 
 014  008  001  000  000  000  033  004  000  000  008  017  008  000  003  012 
 014  004  000  000  000  009  033  000  000  000  000  018  020  008  007  019 
 012  002  000  000  000  026  028  000  000  000  000  019  032  022  023  027 
 008  000  000  000  000  026  016  000  000  000  000  018  040  032  026  014 
 004  000  000  000  000  024  014  000  000  000  005  017  038  032  023  009 
 003  000  000  000  000  020  016  000  000  000  001  006  030  026  018  007 
 000  000  000  000  000  024  016  000  000  000  000  000  020  020  016  009 
 000  000  000  000  006  034  016  000  000  000  000  000  014  014  016  014 
 000  000  000  000  012  040  018  000  000  003  003  000  008  012  015  017 
 000  000  000  000  015  043  017  000  000  005  008  002  000  014  018  017 
 000  000  000  000  018  044  014  000  000  000  000  000  000  017  025  016 
 034  036  042  049  074  090  058  046  046  044  045  051  054  065  075  063 
 092  096  100  106  127  130  100  092  097  100  102  107  114  122  128  114 
 000  000  000  000  018  024  006  000  000  000  000  000  000  006  017  013 

Celda58

 003  004  002  003  003  000  000  006  003  000  000  010  000  000  000  000 
 000  000  000  000  004  006  000  000  000  000  000  002  000  000  000  000 
 006  000  000  000  004  010  008  000  000  000  000  000  000  000  000  000 
 012  002  000  000  000  011  014  002  000  000  000  000  000  000  001  000 
 011  002  000  000  000  014  016  002  000  000  000  000  000  000  007  006 
 000  000  000  000  000  015  016  000  000  000  000  000  000  000  006  010 
 000  000  000  000  000  012  010  000  000  000  000  000  000  000  001  010 
 000  000  000  000  005  003  002  000  000  000  000  000  000  000  000  008 
 000  000  000  000  007  007  000  000  000  000  000  000  000  000  000  004 
 000  000  000  003  002  004  001  000  000  000  000  000  000  000  000  000 
 010  000  000  001  004  000  000  000  000  000  000  000  000  000  002  000 
 014  002  000  000  003  000  000  000  000  000  007  007  006  004  003  002 
 007  000  000  000  002  000  000  000  000  008  020  014  009  001  000  000 
 046  041  038  040  045  044  045  048  059  070  071  060  056  050  050  053 
 098  100  102  102  106  103  104  108  119  122  114  104  106  110  116  121 
 001  000  000  000  003  000  000  000  010  012  006  000  000  000  000  000 

Celda59

 000  000  000  000  005  044  046  000  000  000  008  000  000  046  081  069 
 000  011  010  004  003  034  034  000  000  000  003  002  031  090  077  036 
 007  015  015  010  002  026  026  000  000  000  000  020  074  088  037  010 
 004  007  010  009  002  018  024  002  000  000  004  054  085  053  010  002 
 000  000  004  005  000  012  024  002  000  000  029  073  067  021  000  002 
 000  000  000  002  004  016  031  000  000  014  067  070  036  004  000  010 
 000  000  004  000  009  019  021  000  002  055  083  043  003  000  000  023 
 000  000  008  002  007  004  006  000  020  077  064  005  000  000  013  028 
 000  000  009  017  000  000  000  012  048  067  022  000  000  000  023  025 
 000  000  009  020  000  000  000  027  054  038  001  000  000  010  020  018 
 000  000  009  012  000  000  011  034  043  025  000  002  020  019  006  006 
 000  000  004  000  000  013  028  018  030  020  008  019  021  000  000  000 
 000  000  000  000  008  038  021  000  022  029  021  021  008  000  000  001 
 055  052  048  054  095  107  063  052  072  092  079  059  040  041  046  049 
 124  125  128  137  162  152  122  123  146  154  126  105  100  103  107  106 
 000  000  000  013  033  018  000  000  020  030  012  002  001  000  002  000 

Celda60

 049  031  020  010  024  017  016  014  002  000  000  000  000  000  000  013 
 015  012  026  032  020  000  007  012  003  000  000  000  000  000  000  014 
 010  000  016  028  024  008  000  010  010  002  000  000  000  000  000  006 
 016  019  017  016  017  014  005  006  018  008  006  012  012  010  008  000 
 026  034  022  008  014  014  007  000  014  013  001  006  020  026  026  022 
 035  035  022  008  008  010  006  000  000  008  018  014  009  022  029  028 
 032  026  024  016  000  000  004  004  000  000  022  031  022  010  006  012 
 016  013  025  020  000  000  000  008  011  003  012  034  028  016  000  000 
 004  006  024  018  000  000  000  006  019  022  011  024  024  010  001  000 
 002  008  019  012  000  000  000  000  006  016  018  013  015  003  000  000 
 010  014  013  006  002  000  000  000  000  000  004  008  004  000  000  000 
 015  018  010  004  005  000  000  000  000  000  003  002  008  003  000  000 
 012  016  011  006  006  002  000  000  000  000  013  015  006  012  012  008 
 045  043  044  043  039  038  040  050  056  053  055  064  060  057  066  066 
 102  100  106  101  092  093  095  096  104  112  114  122  117  104  108  113 
 000  000  012  010  003  006  007  000  000  000  000  014  018  006  000  000 

Celda61

 012  000  000  010  018  002  000  015  022  013  010  029  016  000  004  014 
 018  000  000  000  015  025  011  006  019  024  013  015  014  001  008  024 
 015  009  000  001  000  030  028  006  006  021  024  010  000  000  018  034 
 007  017  005  003  004  017  030  019  002  010  025  026  012  000  016  033 
 014  017  007  000  000  002  020  023  016  006  020  032  033  024  014  018 
 026  023  008  000  000  000  010  018  023  020  012  020  033  035  024  006 
 012  013  014  008  000  000  006  014  022  024  016  004  012  026  022  009 
 000  004  004  011  007  000  006  018  018  014  015  017  008  002  006  004 
 000  014  004  008  010  004  000  020  015  005  009  020  016  000  000  002 
 004  026  016  002  008  010  009  015  010  002  007  011  008  000  000  000 
 010  028  019  000  000  008  010  008  000  000  010  005  000  000  006  008 
 010  014  009  002  000  000  000  000  000  000  012  008  000  000  006  020 
 002  000  000  004  012  002  000  000  002  000  008  012  000  004  000  021 
 060  054  050  047  051  044  042  051  056  052  056  062  056  058  060  060 
 116  118  120  120  119  117  115  118  118  112  112  117  113  110  116  114 
 000  000  000  000  000  005  006  006  004  000  001  008  007  000  000  000 

Celda62

 006  001  008  007  000  000  000  000  000  000  004  020  014  000  000  000 
 012  000  000  006  000  000  000  002  002  006  005  004  020  014  011  016 
 016  000  000  009  004  000  003  004  010  014  016  010  016  030  021  019 
 022  000  000  006  004  000  007  015  014  014  012  010  002  034  025  006 
 019  009  000  000  006  008  012  021  014  010  006  004  000  024  035  006 
 006  008  002  000  012  022  018  016  012  005  008  006  001  004  035  022 
 003  000  000  000  015  029  023  015  012  000  003  009  007  000  024  030 
 010  019  021  014  005  025  030  018  005  002  000  000  006  002  006  028 
 019  025  024  024  012  010  033  024  000  000  006  000  000  006  000  018 
 015  015  007  012  013  004  022  025  000  000  002  013  000  008  008  000 
 010  010  004  000  002  008  000  012  010  000  000  016  014  004  018  012 
 016  005  000  000  000  002  000  000  012  006  000  008  022  008  012  020 
 024  006  000  000  000  000  000  002  006  016  002  000  014  022  000  008 
 058  041  036  044  047  045  050  064  069  067  057  052  053  065  054  049 
 113  102  099  104  104  105  108  119  121  116  113  109  111  121  111  102 
 002  004  006  006  000  000  003  008  000  000  002  001  000  010  009  000 

Celda63

 004  000  006  008  017  012  008  010  010  026  015  001  000  060  124  000 
 011  011  015  012  016  017  012  014  016  031  024  012  006  052  124  000 
 014  006  004  000  009  018  010  016  019  033  029  019  014  046  118  000 
 008  000  000  000  010  024  004  008  015  035  033  024  026  054  121  007 
 000  000  000  000  006  029  015  000  007  033  031  022  028  062  126  024 
 000  000  000  000  000  032  027  002  006  030  024  013  021  060  121  029 
 000  000  000  003  000  030  036  000  000  036  036  003  012  053  111  021 
 006  000  000  006  003  022  039  000  000  039  048  010  005  047  101  008 
 016  002  000  000  000  011  036  000  000  039  050  018  000  043  094  002 
 024  016  000  000  000  002  031  002  001  040  043  018  004  046  090  001 
 018  026  001  004  004  000  025  008  010  040  036  013  009  052  090  000 
 005  028  012  008  014  007  016  011  016  042  032  006  008  059  096  000 
 000  019  026  002  016  013  001  010  024  044  028  000  002  062  102  000 
 051  052  074  059  064  069  062  059  077  088  064  039  038  085  118  012 
 110  114  138  122  111  121  124  125  141  140  117  098  100  131  150  056 
 000  000  027  019  000  000  000  001  020  026  015  001  000  031  067  000 

