Celda0

 000  000  000  000  003  002  002  003  002  000  000  000  000  000  000  000 
 000  000  000  000  006  006  006  006  005  002  000  000  000  000  000  000 
 000  000  000  000  010  014  018  016  012  006  000  000  000  000  000  000 
 000  000  000  000  008  018  028  028  021  008  000  000  000  000  000  000 
 001  004  010  014  008  008  027  037  027  004  000  000  006  005  010  015 
 002  006  015  026  027  013  012  036  028  002  000  000  011  006  000  007 
 002  004  006  008  012  014  008  021  022  006  000  002  006  004  006  000 
 002  002  000  000  000  000  014  014  012  012  007  004  000  002  011  004 
 000  000  000  000  000  004  007  010  018  031  021  009  004  005  022  012 
 000  000  000  000  004  010  009  002  022  034  014  007  006  010  027  015 
 001  002  008  018  034  024  011  012  027  024  002  000  000  003  022  011 
 001  004  012  018  031  018  014  020  028  012  000  000  000  000  023  020 
 000  000  000  000  010  000  000  013  017  002  000  000  000  000  018  021 
 000  000  000  000  006  012  006  009  010  002  000  002  004  002  008  014 
 000  000  000  000  004  022  014  008  006  004  001  000  002  005  003  006 
 000  001  006  013  018  030  019  008  005  002  000  000  000  004  005  010 

Celda1

 000  000  000  001  001  000  001  002  001  000  000  000  000  000  000  000 
 000  000  000  001  000  000  003  006  002  000  000  000  000  000  000  000 
 000  000  000  000  000  000  005  011  006  000  000  000  000  000  002  000 
 000  003  009  009  004  000  000  010  010  002  000  000  000  000  003  000 
 014  023  034  027  027  016  000  001  014  011  000  000  000  000  002  000 
 009  014  023  011  008  005  000  000  016  020  004  000  000  000  000  000 
 000  007  018  007  000  000  004  008  018  018  004  000  000  000  000  000 
 000  002  012  006  000  000  017  031  036  019  000  000  000  000  000  000 
 001  000  006  006  000  000  012  024  026  022  017  008  000  000  000  000 
 009  000  000  007  000  000  000  006  007  009  012  015  012  004  000  000 
 008  012  007  002  000  000  000  010  001  000  000  000  009  015  014  010 
 000  003  010  006  000  000  013  025  008  001  000  000  000  006  013  016 
 006  000  000  000  000  000  024  030  014  013  008  002  000  000  007  013 
 012  004  000  000  008  012  022  021  002  009  009  005  002  003  006  008 
 014  011  003  010  019  021  011  013  004  000  000  005  006  004  002  002 
 020  022  017  017  012  010  008  001  002  000  000  001  000  000  000  000 

Celda2

 000  001  001  000  000  000  000  001  003  003  000  000  000  001  000  000 
 000  002  003  002  000  000  000  002  006  007  000  000  000  002  000  000 
 000  004  008  004  000  000  000  004  011  012  002  000  000  004  000  000 
 000  003  012  004  000  001  000  002  008  010  004  000  004  006  000  000 
 000  000  010  002  000  007  003  000  002  004  002  006  014  007  000  000 
 000  000  006  004  005  008  000  000  000  000  002  012  018  002  000  000 
 000  000  006  011  017  010  002  000  000  000  004  014  014  000  000  013 
 000  000  009  018  013  000  001  004  004  002  012  018  006  000  000  020 
 000  000  009  020  012  000  000  006  008  006  012  010  000  000  000  016 
 004  004  006  014  010  004  010  011  008  004  006  003  000  000  000  008 
 015  012  006  007  010  012  019  009  001  001  001  000  000  000  000  002 
 018  011  009  018  025  021  012  002  000  000  004  003  002  002  004  007 
 012  008  008  020  021  007  000  000  000  002  004  004  002  000  004  007 
 008  009  008  016  009  000  000  002  006  002  000  000  000  000  000  004 
 004  006  008  015  008  000  001  006  006  000  000  000  001  000  000  004 
 000  001  009  015  010  007  007  007  002  000  004  008  004  000  000  010 

Celda3

 004  004  001  000  000  001  002  001  000  000  000  000  001  000  000  000 
 008  011  004  000  000  002  004  001  000  000  000  000  002  000  000  000 
 014  024  010  000  000  002  004  000  000  000  000  000  004  002  000  000 
 016  034  018  003  006  002  000  000  000  000  000  003  008  002  000  000 
 019  034  022  016  026  011  002  000  000  000  000  013  016  007  006  005 
 022  023  024  032  020  000  000  000  000  000  002  010  008  000  000  000 
 023  004  022  038  015  000  000  000  000  000  004  007  004  000  000  000 
 023  009  023  025  007  000  000  000  000  000  006  004  000  000  003  000 
 036  028  019  000  001  007  008  000  000  004  007  003  000  001  004  000 
 045  039  000  000  000  018  012  000  000  010  008  004  006  000  001  000 
 041  036  000  000  006  020  011  000  005  014  012  009  012  009  001  000 
 030  024  002  003  018  013  008  007  006  010  013  007  008  008  010  012 
 019  014  008  018  024  001  002  012  008  010  014  000  000  000  007  015 
 008  008  016  033  022  002  000  009  010  013  013  000  000  000  006  004 
 004  008  029  040  017  004  002  004  012  012  006  000  000  000  008  005 
 011  016  032  031  008  000  000  000  012  010  000  000  005  018  014  008 

Celda4

 000  000  000  000  003  005  003  001  000  000  000  000  000  000  000  000 
 000  000  000  000  006  010  006  002  000  000  000  000  000  000  000  000 
 000  000  000  000  013  018  008  000  000  004  004  000  000  000  000  000 
 000  000  000  000  016  016  000  000  000  009  013  005  000  000  000  000 
 002  001  004  018  027  006  000  000  000  012  019  014  000  000  000  000 
 004  004  007  010  008  000  000  000  000  012  016  016  006  000  000  000 
 002  002  003  002  001  000  000  000  003  008  008  010  008  000  000  000 
 000  000  002  000  000  000  000  000  003  004  002  003  005  000  000  000 
 000  002  007  000  000  000  000  000  004  004  000  000  000  001  002  007 
 000  004  010  000  000  000  000  000  006  008  009  006  000  000  010  012 
 001  011  012  000  000  000  000  006  012  015  008  000  000  000  015  013 
 020  022  011  002  002  004  006  005  007  008  000  000  000  002  023  009 
 021  017  008  002  002  005  002  000  002  002  000  000  000  013  015  000 
 004  002  000  000  000  000  000  000  000  000  000  000  000  012  006  000 
 003  000  000  000  000  000  000  000  001  001  002  009  012  003  000  000 
 006  000  000  000  000  003  005  006  012  011  012  024  018  012  002  000 

Celda5

 001  002  001  001  001  000  000  000  000  000  001  003  002  000  000  000 
 002  004  002  004  004  000  000  000  000  000  002  006  006  001  000  000 
 004  006  005  010  012  000  000  000  002  001  002  010  012  003  000  000 
 004  006  006  016  020  000  000  000  010  005  000  006  011  002  000  000 
 002  006  005  014  020  003  000  010  028  023  014  007  000  000  000  000 
 002  006  001  006  018  012  000  007  018  013  008  006  000  000  000  002 
 005  004  000  002  020  018  004  005  018  020  005  002  000  000  000  008 
 006  000  000  004  025  020  004  006  018  020  002  000  000  000  006  018 
 007  000  000  012  031  012  000  005  014  014  000  000  000  000  009  014 
 005  000  000  017  025  004  000  000  004  009  006  000  000  000  006  010 
 000  000  000  018  022  001  000  000  000  010  012  000  000  007  011  007 
 000  000  002  018  021  002  000  000  000  009  008  000  002  016  022  008 
 000  000  002  018  021  000  000  000  014  016  006  004  008  020  019  000 
 000  001  004  016  024  005  004  007  024  012  006  006  011  011  010  000 
 004  007  007  021  035  016  015  018  023  004  000  001  006  000  000  000 
 008  011  014  030  035  008  005  007  002  000  000  002  011  000  000  000 

Celda6

 000  000  000  000  000  000  000  001  002  002  001  000  001  001  000  000 
 000  000  000  000  000  000  000  002  005  004  001  000  002  002  000  000 
 000  000  002  000  000  000  000  003  012  008  000  000  005  004  000  000 
 000  002  005  000  000  000  000  006  016  006  000  000  004  004  000  000 
 000  008  010  005  008  012  018  033  039  018  012  004  000  002  000  003 
 008  016  019  006  009  012  018  027  019  000  000  000  000  007  015  018 
 023  035  026  008  008  008  014  012  000  000  000  000  010  031  030  016 
 030  033  017  003  002  004  004  000  000  000  000  000  030  036  011  000 
 020  024  010  000  000  000  000  000  000  000  006  017  032  020  000  000 
 018  028  017  000  000  000  000  000  004  010  014  019  021  010  000  000 
 008  026  022  001  000  000  000  003  008  012  014  014  014  006  000  008 
 000  011  022  012  000  000  000  010  001  002  005  007  007  001  000  013 
 000  000  020  019  001  000  000  012  004  000  000  002  000  000  001  014 
 000  000  016  016  002  000  000  009  004  000  000  002  000  000  003  018 
 000  004  013  010  002  000  000  004  005  000  000  000  000  000  003  016 
 000  008  012  006  002  000  000  002  010  008  002  000  000  006  003  008 

Celda7

 000  000  000  000  000  000  001  001  000  001  002  002  001  002  004  000 
 000  000  000  000  000  000  002  002  000  002  006  004  001  005  012  000 
 000  000  000  000  000  000  006  008  002  004  009  008  001  012  028  000 
 000  000  000  000  000  000  010  016  007  000  003  008  002  016  039  000 
 004  000  000  000  000  007  025  035  024  012  006  007  005  016  042  000 
 008  000  000  000  000  014  034  035  018  007  008  017  016  022  043  002 
 006  000  000  001  011  025  031  023  004  000  000  016  012  012  033  000 
 000  000  008  018  026  029  023  010  000  000  000  018  003  002  030  000 
 000  003  021  026  024  020  013  000  000  000  000  012  000  003  036  000 
 008  029  040  031  018  007  002  000  000  002  005  000  000  012  047  007 
 025  044  047  026  018  006  000  000  000  010  020  014  003  028  064  016 
 030  036  026  004  004  002  000  000  008  021  020  016  006  033  065  011 
 020  012  006  000  000  000  000  000  013  018  002  006  010  038  065  005 
 018  006  002  000  000  000  000  001  016  016  000  002  013  037  062  003 
 020  010  004  000  000  000  000  008  018  010  002  000  004  027  055  002 
 019  016  005  000  000  000  000  014  019  010  002  000  000  023  051  002 

Celda8

 001  003  010  020  023  023  016  013  012  004  000  000  000  000  002  010 
 000  000  004  008  009  002  006  012  005  000  000  000  000  000  001  010 
 000  000  000  000  002  006  003  009  002  000  000  000  000  000  004  012 
 000  000  000  000  008  012  012  002  000  000  000  000  000  000  002  011 
 000  000  000  000  020  005  004  004  000  000  003  008  004  002  000  008 
 001  004  009  006  016  008  000  000  000  006  012  012  006  002  000  010 
 001  003  006  002  002  006  002  000  000  001  005  006  006  008  010  020 
 000  000  000  000  000  009  010  004  000  000  000  003  006  012  017  016 
 000  000  000  000  000  020  021  008  006  005  008  010  009  011  014  011 
 000  000  000  000  006  017  012  000  004  008  015  016  011  006  004  005 
 000  000  000  000  009  011  008  002  000  002  009  011  004  000  000  000 
 000  000  000  000  017  003  000  003  001  004  012  009  000  000  000  002 
 001  002  004  008  025  004  000  000  000  005  014  010  000  000  000  006 
 000  000  002  003  010  000  000  000  000  002  014  014  000  000  002  008 
 000  000  000  000  000  000  000  000  002  000  012  017  002  000  006  017 
 000  000  000  000  000  000  002  004  000  000  008  014  002  000  010  023 

Celda9

 019  023  018  007  000  000  004  008  002  000  000  000  000  000  001  000 
 014  018  011  000  000  000  000  002  001  000  000  000  000  000  004  000 
 016  016  010  000  000  000  000  000  000  000  000  002  006  004  004  000 
 016  016  011  000  000  000  000  000  000  000  001  006  008  005  000  001 
 017  018  013  002  000  000  000  000  000  000  000  002  002  000  000  000 
 023  019  011  002  000  000  000  004  002  006  007  005  000  000  000  000 
 023  010  003  002  000  000  000  012  014  010  010  004  000  000  000  002 
 008  003  000  000  000  000  002  022  016  006  003  000  000  000  000  002 
 001  000  000  000  001  001  013  022  013  004  002  000  000  000  000  002 
 004  002  008  010  010  009  015  019  011  003  002  004  006  002  000  003 
 000  005  019  012  009  002  006  015  007  000  000  000  010  010  006  011 
 000  007  017  005  002  000  000  012  005  000  000  000  010  020  024  022 
 004  012  016  000  000  000  000  006  004  000  002  011  016  026  030  023 
 007  012  017  004  004  009  010  004  002  008  016  017  016  022  024  019 
 016  017  020  009  006  010  010  010  013  021  013  006  005  008  012  009 
 014  011  012  005  000  000  000  000  012  010  000  000  006  000  000  000 

Celda10

 000  006  014  015  009  009  010  007  005  008  014  008  002  000  000  014 
 000  009  017  013  006  004  004  002  005  014  014  006  000  000  000  017 
 001  009  014  008  000  000  000  000  006  010  000  000  000  000  006  031 
 000  004  008  006  000  000  000  004  011  004  000  000  000  003  018  045 
 000  000  004  005  000  000  005  011  010  000  000  002  006  013  034  048 
 000  000  002  006  002  004  010  011  008  003  010  018  020  022  037  037 
 000  000  000  006  006  012  020  012  008  011  011  011  014  012  015  017 
 000  000  000  006  017  032  027  014  015  016  007  000  001  000  001  018 
 002  000  000  016  037  039  022  011  015  013  003  000  000  003  004  027 
 002  000  004  032  043  029  014  007  005  000  000  000  004  010  022  052 
 005  003  019  041  036  017  009  002  000  000  000  000  026  025  031  051 
 014  012  031  040  022  009  006  000  000  000  000  000  050  045  029  032 
 017  018  037  032  010  008  006  000  000  000  000  004  078  071  026  008 
 016  023  032  018  006  012  003  000  000  000  000  041  115  075  006  000 
 005  015  015  000  004  010  000  000  000  000  000  073  108  023  000  000 
 000  010  006  000  004  008  000  000  000  000  012  067  060  000  000  000 

Celda11

 022  019  025  021  004  000  000  000  009  008  000  014  033  030  019  014 
 029  022  018  010  000  000  005  016  018  015  017  030  032  015  006  006 
 038  025  008  000  000  012  025  031  023  017  021  024  011  000  000  000 
 041  015  000  000  008  022  031  026  010  010  012  008  000  000  000  004 
 028  006  000  004  027  032  024  019  006  000  000  000  000  000  007  014 
 016  014  015  020  032  024  008  012  011  002  000  000  000  000  012  019 
 015  019  024  016  021  008  000  008  014  002  000  000  000  000  014  016 
 021  015  020  020  010  001  000  010  014  000  000  000  000  009  020  012 
 037  023  016  022  018  008  001  015  016  000  000  000  002  016  022  012 
 055  030  014  016  024  022  010  011  012  000  000  001  009  020  021  009 
 047  020  011  008  014  019  012  000  008  000  000  001  009  017  012  000 
 023  003  003  000  002  002  006  000  004  003  000  000  005  013  008  000 
 008  006  000  002  000  000  000  004  006  005  000  000  002  010  006  002 
 004  019  009  010  003  000  000  010  012  003  000  000  007  015  011  018 
 016  035  017  002  000  000  000  015  014  006  000  003  024  027  016  019 
 032  036  012  000  000  000  010  018  011  013  014  014  029  025  010  009 

Celda12

 009  003  000  000  000  013  016  016  013  012  012  025  013  013  009  002 
 004  000  000  000  002  016  016  010  004  006  008  020  004  006  009  008 
 001  002  004  004  006  019  013  001  000  000  005  013  000  000  004  008 
 002  008  012  014  012  021  014  004  005  005  005  005  000  000  000  000 
 005  008  011  008  005  017  018  015  016  015  008  000  000  000  000  000 
 011  000  000  003  004  017  019  016  010  010  007  000  000  000  000  000 
 010  000  000  004  014  020  014  007  000  000  000  000  000  000  000  000 
 001  000  001  011  016  012  004  000  000  000  000  000  004  000  000  000 
 006  006  022  022  010  003  000  000  000  000  000  002  007  008  006  002 
 008  009  018  007  000  000  000  002  008  008  000  000  000  006  010  012 
 000  001  010  004  000  006  010  008  004  002  000  000  000  000  006  010 
 000  001  010  009  012  016  018  010  000  000  000  000  000  000  002  004 
 004  013  015  013  016  015  008  008  004  003  008  012  008  005  006  002 
 026  020  012  004  013  010  000  002  008  006  006  008  008  005  007  004 
 023  009  004  000  007  010  008  000  002  000  000  000  000  002  005  002 
 014  000  000  000  004  010  014  008  000  000  000  000  000  000  002  000 

Celda13

 006  013  014  022  018  002  000  000  000  000  000  003  012  000  000  000 
 003  012  013  016  015  008  002  000  001  000  000  002  009  004  000  000 
 006  006  006  009  019  019  011  009  013  013  010  004  002  006  000  000 
 002  008  008  015  030  026  010  005  006  011  013  012  008  007  007  014 
 000  009  010  020  030  018  004  005  001  002  010  016  020  019  023  023 
 000  006  006  014  023  016  003  000  004  000  004  014  022  024  020  015 
 000  004  009  018  031  025  012  004  000  006  008  016  019  018  012  004 
 000  008  018  028  035  021  006  008  008  017  025  023  015  008  004  000 
 001  013  021  024  022  014  000  007  020  036  039  027  012  004  003  005 
 011  016  017  018  016  011  005  004  019  030  028  015  008  005  006  009 
 011  006  009  013  010  008  009  014  018  015  008  000  000  000  000  000 
 001  000  003  010  008  009  012  014  018  016  008  000  000  000  000  000 
 000  000  002  010  010  016  017  007  014  015  006  000  000  000  000  000 
 002  000  002  012  024  040  025  004  005  012  004  000  000  000  000  000 
 008  012  010  021  036  037  005  000  000  012  002  000  001  000  000  000 
 000  008  014  024  029  018  000  000  000  015  000  000  002  004  000  000 

Celda14

 000  008  010  007  004  000  000  006  016  017  006  007  005  007  002  002 
 000  004  010  008  002  000  006  014  018  012  000  000  005  007  005  002 
 006  004  006  004  000  002  015  018  011  005  000  000  002  002  004  002 
 018  012  001  000  000  010  030  021  000  000  010  009  008  002  003  000 
 018  013  005  001  005  027  038  014  000  000  024  021  010  006  002  000 
 010  010  008  005  007  019  022  006  000  003  021  012  000  000  000  000 
 002  004  004  000  000  011  018  010  000  001  012  010  000  000  000  000 
 000  004  004  000  000  006  015  016  008  000  000  000  000  000  000  002 
 006  007  005  002  000  004  010  014  012  005  000  000  000  001  006  020 
 010  005  001  000  000  006  012  007  008  008  000  000  001  013  027  037 
 000  000  000  000  000  007  012  007  003  006  002  002  006  019  029  021 
 000  000  000  001  008  009  011  008  005  003  000  000  000  012  016  007 
 000  000  000  004  012  013  013  013  003  000  000  000  003  008  006  000 
 000  000  002  008  012  012  013  015  002  000  000  005  002  000  001  000 
 000  000  008  010  013  012  012  008  000  002  009  016  006  001  000  002 
 000  006  007  005  016  020  007  003  000  005  012  006  000  000  002  008 

Celda15

 013  016  004  000  000  000  000  015  020  012  000  000  000  028  050  000 
 003  008  002  000  000  002  014  022  026  014  000  000  002  030  051  000 
 000  000  000  000  004  008  007  010  016  008  000  000  003  029  050  000 
 000  000  000  002  012  010  005  008  012  005  000  000  004  029  048  000 
 000  000  000  008  016  008  005  009  006  000  000  000  005  032  052  000 
 000  000  004  023  023  008  006  012  002  000  000  002  008  035  055  000 
 000  004  018  032  016  000  002  009  000  000  000  006  010  034  054  000 
 000  009  021  022  000  000  000  004  000  000  003  012  007  026  050  000 
 022  014  005  008  000  000  000  000  000  002  012  015  000  018  050  000 
 024  011  000  002  000  000  000  000  000  008  016  010  000  015  051  000 
 000  000  002  004  001  000  001  002  000  010  018  008  000  018  054  003 
 000  000  000  000  002  000  004  002  000  010  016  005  000  025  062  011 
 000  000  006  006  000  001  000  000  000  010  014  003  003  034  065  010 
 000  000  008  012  005  000  000  000  000  009  014  008  008  038  062  000 
 004  006  005  011  007  000  000  000  000  010  016  015  010  036  063  000 
 010  012  008  000  000  000  000  000  006  011  010  018  016  041  069  006 

Celda16

 000  000  000  000  000  000  007  011  000  000  003  002  000  002  014  025 
 000  000  000  000  000  000  004  014  010  009  002  000  000  006  016  024 
 000  000  000  000  000  000  002  016  020  016  002  000  000  006  020  028 
 000  000  000  000  000  000  004  020  018  012  002  000  000  004  020  030 
 000  000  000  000  000  000  002  020  015  006  001  000  002  010  020  026 
 000  000  000  000  000  000  000  016  017  006  002  006  014  017  021  021 
 000  000  000  000  000  000  000  013  016  008  006  014  017  014  014  012 
 000  000  000  000  000  003  006  014  010  006  011  014  011  008  009  009 
 000  000  002  002  000  000  001  006  003  000  008  016  013  008  007  009 
 001  002  004  005  004  003  004  007  001  000  001  014  014  005  004  010 
 003  006  012  014  015  017  016  010  006  009  013  017  008  000  000  010 
 003  007  014  014  012  014  018  016  013  012  012  010  004  000  000  007 
 000  002  006  007  004  006  014  018  014  008  000  000  000  000  006  017 
 000  000  000  000  000  003  007  006  002  000  000  000  000  005  014  019 
 000  000  000  000  000  004  004  000  000  000  000  000  006  012  012  007 
 003  005  006  006  004  000  000  000  000  000  000  002  010  012  010  004 

Celda17

 019  008  005  002  000  000  000  000  009  000  000  000  010  008  000  000 
 023  012  002  000  000  000  000  000  004  000  000  000  010  012  000  000 
 024  010  000  000  000  000  000  000  000  000  000  000  002  009  000  000 
 025  008  000  000  000  000  000  006  004  000  000  000  000  002  000  000 
 022  004  000  000  000  008  004  011  015  006  000  000  000  000  001  000 
 012  000  000  000  000  010  012  002  002  002  000  000  000  000  003  001 
 003  000  000  006  007  005  008  002  000  000  002  004  004  005  008  002 
 002  000  000  011  008  000  000  000  000  000  000  000  000  007  006  002 
 006  000  000  007  005  000  000  000  000  006  000  000  000  004  000  000 
 012  006  002  001  000  000  000  000  000  010  000  000  000  002  000  000 
 016  014  010  002  000  000  001  008  007  004  000  000  004  001  000  000 
 016  018  016  006  002  002  002  004  004  000  000  000  006  001  000  000 
 022  019  015  009  000  000  000  000  000  000  000  002  008  000  000  000 
 019  015  012  011  005  006  000  000  000  000  000  004  011  000  004  010 
 006  008  010  017  015  012  008  004  005  008  008  004  010  004  008  018 
 004  010  016  020  008  000  000  000  002  006  008  006  006  008  005  007 

Celda18

 000  004  006  000  002  004  000  000  000  000  014  060  038  000  000  016 
 000  000  007  003  000  000  000  000  000  000  010  050  024  000  006  038 
 000  000  006  004  000  000  000  000  000  000  010  048  022  002  033  037 
 000  003  004  001  000  000  000  000  000  000  010  051  036  027  035  020 
 000  004  004  003  002  000  000  003  000  000  012  059  048  020  007  007 
 000  002  007  009  000  000  000  002  000  000  033  085  056  008  000  004 
 000  000  008  012  000  000  000  003  000  014  088  107  052  018  014  016 
 000  000  009  012  000  000  000  010  017  065  117  093  032  020  018  018 
 004  010  023  017  004  000  004  031  046  081  094  049  010  008  010  010 
 000  010  019  006  001  002  018  049  060  070  054  014  000  000  000  012 
 001  006  008  000  000  004  026  052  056  048  022  004  000  000  004  018 
 003  006  006  000  000  002  019  034  040  028  006  000  000  004  012  020 
 006  006  003  000  000  004  010  022  039  029  004  000  004  010  016  020 
 018  016  004  000  000  016  012  009  031  030  008  000  008  014  017  014 
 023  016  006  000  003  039  026  011  024  026  011  006  011  014  014  008 
 009  002  000  002  035  066  033  018  031  037  023  017  015  012  009  004 

Celda19

 041  020  004  000  000  000  017  015  006  015  020  018  027  021  006  003 
 025  005  000  000  000  006  016  015  004  008  012  015  020  009  000  000 
 010  000  000  000  000  007  012  012  012  002  003  012  012  000  000  000 
 004  000  000  000  000  004  008  009  016  011  003  009  002  000  000  000 
 002  000  000  007  005  009  012  015  026  023  007  003  000  001  006  004 
 004  000  006  020  021  022  027  032  035  020  002  000  000  005  016  022 
 021  021  024  030  027  022  023  024  017  000  000  000  002  001  012  022 
 024  023  018  019  018  013  011  007  000  000  000  000  008  006  001  004 
 019  017  007  004  008  008  006  000  000  000  000  003  012  010  000  000 
 025  020  011  006  006  008  006  000  000  000  000  004  014  010  000  000 
 025  014  011  010  004  005  004  000  000  000  003  014  018  005  000  000 
 013  002  000  000  000  002  004  000  000  000  013  017  011  000  000  005 
 008  001  000  000  000  000  003  000  000  005  011  005  000  000  005  017 
 005  002  002  000  000  002  000  000  000  010  008  000  000  006  008  015 
 004  005  007  006  008  006  004  004  004  018  017  009  004  006  009  011 
 004  010  014  011  002  000  000  006  008  021  027  021  022  010  002  008 

Celda20

 005  000  000  000  010  009  010  010  000  000  003  000  000  000  002  000 
 000  000  000  007  013  005  004  004  000  000  002  007  004  000  004  000 
 000  002  003  007  000  000  004  001  000  002  002  003  004  003  009  012 
 000  006  007  000  000  000  006  004  000  006  006  000  003  006  017  019 
 000  006  012  004  000  000  005  006  002  006  006  000  000  003  016  015 
 018  016  024  007  000  000  004  007  004  004  003  000  000  000  012  008 
 028  025  021  004  002  005  007  011  008  000  000  001  000  000  010  004 
 010  012  003  000  002  009  009  010  002  000  000  001  000  000  006  000 
 000  000  000  000  000  000  002  000  000  000  000  000  003  004  004  000 
 000  000  000  000  000  006  000  000  000  000  000  002  010  010  007  002 
 002  000  000  000  000  009  003  003  006  006  003  002  014  015  008  002 
 010  006  005  009  010  004  004  000  012  019  015  002  012  018  007  000 
 016  012  012  013  012  004  000  006  007  010  014  010  001  018  010  000 
 010  008  008  006  002  000  000  008  011  000  004  014  014  009  007  000 
 004  000  000  000  000  000  000  004  008  006  000  001  008  010  011  006 
 006  000  000  000  000  000  000  002  004  008  000  000  000  009  017  012 

Celda21

 000  000  007  016  016  008  000  000  000  012  000  000  001  004  000  000 
 003  002  004  008  008  006  003  004  000  003  000  000  004  011  007  007 
 010  009  004  004  006  009  000  004  003  000  002  006  016  016  008  010 
 012  012  010  004  000  006  009  000  008  010  015  020  017  009  004  010 
 006  006  006  005  001  000  012  009  003  011  017  018  008  000  006  013 
 000  000  000  000  006  009  011  010  000  000  005  008  000  000  008  012 
 000  000  000  000  002  009  011  002  000  000  009  010  000  000  004  014 
 000  000  005  006  002  004  006  002  000  001  013  006  000  000  004  018 
 000  000  011  013  006  005  002  003  006  009  012  000  000  000  011  024 
 002  000  015  017  012  010  005  002  003  002  003  000  000  009  021  018 
 000  000  016  020  016  010  002  000  000  000  004  004  012  018  011  004 
 000  000  014  023  014  000  000  000  000  008  022  022  018  008  000  000 
 000  000  010  020  012  000  000  000  002  030  035  019  010  007  004  004 
 000  000  002  010  007  000  000  000  024  037  020  001  000  005  010  012 
 004  002  000  000  006  001  008  020  032  026  006  000  000  005  013  014 
 002  000  000  000  029  043  034  025  018  016  003  001  010  021  014  009 

Celda22

 007  015  008  002  012  024  012  002  008  006  000  000  000  002  006  015 
 008  011  007  006  004  018  020  006  008  005  000  000  000  003  007  017 
 011  010  007  008  008  017  024  010  000  000  000  000  000  000  002  015 
 013  008  004  006  015  029  025  001  000  000  000  004  002  001  000  013 
 009  004  002  015  031  029  011  000  000  000  000  006  004  000  000  002 
 000  004  010  032  032  010  003  002  004  004  000  002  006  000  000  000 
 006  002  018  025  006  000  000  000  001  000  000  000  010  006  004  002 
 016  011  011  003  000  000  000  000  000  000  000  000  012  007  004  006 
 026  013  000  000  000  000  002  004  000  002  006  005  010  008  002  008 
 018  009  000  000  001  003  000  006  008  010  016  012  011  013  007  006 
 010  012  006  000  011  012  002  004  017  007  004  002  005  014  004  000 
 002  013  016  012  002  000  000  000  018  007  000  000  006  012  000  000 
 004  006  012  013  005  000  000  000  013  006  000  000  009  006  000  000 
 012  008  000  004  006  000  000  000  008  005  000  006  010  000  000  000 
 011  010  010  005  004  002  006  006  004  003  000  006  010  000  000  000 
 004  002  004  008  013  010  006  006  004  000  000  013  018  006  002  000 

Celda23

 007  002  000  000  000  000  000  007  016  002  002  017  022  044  064  000 
 005  000  000  000  000  000  006  009  006  000  000  012  021  048  070  000 
 001  000  000  000  002  011  006  000  000  000  000  006  014  048  074  000 
 000  000  000  000  014  016  011  002  000  004  004  003  006  044  076  000 
 000  000  000  019  029  016  016  014  012  018  016  014  010  042  074  000 
 000  000  011  029  025  010  009  010  010  016  010  008  008  039  073  001 
 001  003  017  019  009  000  000  000  000  004  000  000  000  031  069  000 
 006  006  011  012  007  000  000  000  001  002  000  000  001  037  076  006 
 006  001  005  006  004  000  000  000  005  005  007  018  020  051  083  012 
 005  002  002  002  000  000  000  000  007  012  018  029  023  046  075  008 
 000  002  003  000  000  000  000  000  006  016  024  022  008  029  062  000 
 000  000  000  000  000  000  000  000  006  015  023  023  008  028  061  000 
 000  000  000  000  000  000  000  000  012  014  014  017  011  032  064  000 
 000  000  000  000  000  000  000  001  018  018  013  016  009  034  068  000 
 000  000  000  000  001  007  012  013  027  019  016  024  013  033  069  000 
 000  002  002  000  004  004  012  018  026  018  018  018  000  028  071  003 

Celda24

 004  009  018  024  026  020  010  004  006  012  014  016  014  007  006  002 
 000  000  004  010  017  025  028  023  020  024  029  026  016  004  005  004 
 000  000  000  004  019  020  026  022  015  022  024  019  006  000  006  011 
 000  000  000  004  018  010  016  021  017  019  010  007  000  000  009  020 
 000  000  000  000  014  005  000  008  010  000  000  000  002  007  015  023 
 000  000  000  000  020  009  000  000  000  000  000  000  008  017  017  014 
 000  000  000  000  022  012  002  000  000  000  000  010  018  024  021  012 
 000  000  000  000  018  013  008  000  002  004  004  027  022  020  021  020 
 001  002  000  000  014  014  012  006  000  004  006  027  017  008  010  012 
 002  005  009  007  010  013  012  006  000  000  004  020  014  000  002  002 
 002  006  015  020  016  014  012  005  000  000  004  014  013  000  002  004 
 004  010  020  026  021  017  021  012  006  006  006  010  008  002  000  004 
 004  009  018  020  018  016  018  008  008  010  010  004  000  003  004  000 
 001  003  006  010  012  012  006  002  004  006  006  002  000  002  004  000 
 000  000  000  002  008  008  002  000  000  001  002  002  000  000  000  000 
 001  003  007  009  007  002  000  000  002  001  003  006  008  007  004  008 

Celda25

 004  016  025  020  000  000  000  006  006  007  010  010  005  004  003  008 
 007  024  039  029  014  018  026  030  028  024  022  020  015  009  011  016 
 014  027  043  036  021  024  024  022  022  024  025  022  016  012  023  025 
 017  022  036  031  012  006  000  000  000  006  010  012  010  006  013  007 
 014  012  026  030  011  000  000  000  000  000  000  001  009  007  000  001 
 012  012  016  024  016  000  000  000  000  000  000  000  004  008  000  000 
 008  013  011  010  014  011  001  000  000  000  000  000  000  000  000  000 
 017  026  025  011  003  014  005  000  000  000  000  000  002  000  000  000 
 012  022  025  014  013  014  002  000  000  000  000  000  003  000  000  000 
 004  015  015  001  004  006  002  006  012  012  004  000  000  000  000  000 
 006  008  008  000  000  000  001  000  006  008  004  000  000  000  000  001 
 002  000  006  000  000  000  006  006  000  000  004  005  001  000  003  017 
 000  000  008  002  000  000  009  010  000  000  003  005  001  000  004  022 
 000  004  011  004  004  004  007  010  001  000  000  004  006  002  006  029 
 007  028  028  016  013  010  003  008  004  000  002  008  014  013  017  057 
 031  044  031  018  010  004  002  014  014  008  008  012  016  022  040  081 

Celda26

 014  000  000  008  062  074  032  026  036  038  021  016  015  012  003  000 
 014  000  000  024  064  051  014  016  027  031  020  019  018  013  008  004 
 010  000  000  035  041  025  002  000  017  030  026  023  017  009  004  004 
 000  000  011  043  022  014  014  007  019  028  022  016  010  003  000  000 
 000  000  027  054  024  023  040  028  018  019  017  010  002  000  000  013 
 000  000  047  058  027  032  045  023  012  012  015  009  000  000  008  030 
 000  018  056  049  012  016  026  007  002  016  022  007  000  003  017  035 
 000  028  059  040  004  012  028  012  005  027  030  020  016  014  025  032 
 008  030  054  038  004  013  033  019  015  027  021  012  020  023  028  024 
 012  029  041  040  021  035  043  023  014  018  015  008  012  019  019  011 
 018  017  032  046  041  038  032  014  004  010  012  016  013  002  002  002 
 014  008  034  052  037  022  017  007  000  002  009  017  017  005  000  002 
 016  025  055  052  021  018  021  010  002  004  005  012  015  006  003  009 
 039  060  077  050  012  010  024  018  008  016  018  015  009  004  004  010 
 070  074  069  035  020  006  020  022  016  015  013  012  006  000  005  006 
 075  054  034  012  011  013  021  022  016  010  006  000  000  000  004  000 

Celda27

 004  018  022  011  002  000  007  006  006  016  025  018  019  016  007  002 
 008  027  028  011  006  011  013  003  002  013  018  011  000  000  002  000 
 012  026  025  009  004  008  006  002  008  018  012  003  000  000  000  002 
 012  023  029  015  006  002  002  004  013  017  005  000  000  000  002  005 
 026  033  039  022  012  010  010  010  008  008  000  000  000  004  006  000 
 039  039  036  021  016  020  017  012  007  000  000  000  000  001  006  002 
 036  028  022  021  018  019  016  013  012  007  005  010  012  008  005  011 
 021  009  011  015  010  006  006  005  007  012  017  021  018  014  008  013 
 008  002  009  014  008  000  000  000  000  000  012  010  007  006  004  006 
 002  000  002  010  008  000  000  000  000  006  009  000  000  000  000  002 
 002  002  003  005  004  000  000  000  000  007  010  001  000  000  000  002 
 004  007  006  002  000  000  000  000  000  004  008  004  000  000  000  001 
 010  004  001  000  000  000  000  000  000  000  002  004  004  002  000  000 
 012  004  000  000  000  000  002  006  008  004  000  001  006  006  000  000 
 006  004  000  000  006  009  009  010  011  006  000  000  006  010  004  003 
 000  006  010  009  001  001  002  006  007  005  002  000  007  012  007  004 

Celda28

 005  001  000  005  011  014  017  012  009  016  008  005  000  014  010  000 
 000  004  000  012  020  020  016  013  012  015  006  008  010  018  004  000 
 000  009  018  015  015  012  011  014  016  010  002  002  011  015  000  000 
 004  008  018  008  012  014  017  016  016  013  006  003  007  001  000  000 
 002  002  018  008  000  009  011  007  006  008  008  004  000  000  000  000 
 006  011  007  006  000  000  000  000  000  000  000  000  000  000  000  026 
 013  012  008  000  002  000  000  000  000  000  000  000  000  000  029  060 
 010  002  005  008  006  000  000  000  000  000  000  000  000  026  058  051 
 006  000  000  006  008  004  000  000  000  000  000  000  028  054  046  025 
 002  000  000  002  000  000  000  000  000  000  000  030  064  052  019  007 
 000  000  000  006  004  000  000  000  000  000  017  058  060  025  008  000 
 000  000  000  007  006  000  000  000  000  018  046  051  030  005  007  008 
 000  000  000  004  000  000  000  001  021  049  048  026  013  009  016  020 
 000  000  001  004  000  000  000  016  050  055  027  016  015  023  019  019 
 004  002  005  002  000  000  000  031  054  035  004  006  014  020  010  009 
 012  014  004  000  000  000  017  050  048  022  006  002  007  010  002  002 

Celda29

 000  000  000  014  061  060  030  016  006  013  005  008  021  023  002  000 
 000  000  002  046  066  032  004  004  004  011  002  002  013  006  000  000 
 000  005  051  070  044  008  000  000  002  005  000  000  005  000  000  000 
 000  044  072  055  016  002  000  000  000  000  000  000  000  000  000  009 
 032  060  052  021  002  006  008  006  002  000  000  000  000  008  020  026 
 057  048  023  012  000  000  000  005  014  016  006  000  002  028  034  016 
 048  022  006  006  000  000  000  005  011  020  020  018  024  038  024  001 
 026  014  010  004  000  000  002  014  009  008  018  030  039  036  012  000 
 017  014  016  012  006  002  008  020  012  007  011  018  024  016  006  003 
 014  004  000  000  000  002  015  020  007  000  000  003  001  000  000  004 
 012  002  000  000  000  011  018  010  000  000  000  001  000  000  000  006 
 009  000  000  001  013  019  008  000  000  000  000  000  000  000  002  014 
 014  004  000  005  021  010  000  000  000  000  002  003  002  000  000  014 
 012  006  006  011  020  008  000  000  000  002  008  013  016  018  018  023 
 007  008  011  013  016  003  000  000  000  004  009  017  021  022  026  031 
 002  006  012  014  006  000  000  000  008  007  010  015  014  011  014  018 

Celda30

 000  000  000  000  010  007  006  005  003  000  006  027  027  013  006  000 
 000  000  000  008  012  003  006  006  003  002  008  025  018  007  010  008 
 000  001  000  011  017  007  000  001  000  002  008  022  016  000  002  005 
 013  006  000  008  018  012  000  000  000  000  008  018  014  000  000  000 
 024  013  003  002  014  012  000  000  000  000  009  012  010  000  000  000 
 012  006  005  006  012  008  000  000  000  000  005  008  008  004  000  000 
 000  004  006  008  016  013  009  010  008  006  010  008  000  000  000  000 
 002  010  013  012  015  015  019  018  018  020  024  016  005  000  000  000 
 005  010  016  015  009  012  015  008  010  017  019  016  015  014  010  004 
 009  010  010  007  003  010  009  000  000  006  005  008  019  024  022  020 
 008  014  010  004  000  009  004  000  000  006  009  004  006  015  026  034 
 012  008  014  013  006  005  003  000  002  006  008  007  001  005  014  019 
 022  010  010  019  018  007  003  003  007  005  004  008  006  003  004  000 
 025  013  001  010  020  023  018  012  006  002  000  006  006  001  001  001 
 026  011  002  000  010  021  024  014  002  000  001  000  006  006  008  014 
 012  007  004  000  000  009  014  010  000  000  002  009  018  024  026  022 

Celda31

 000  000  000  003  008  005  004  013  020  018  020  010  000  033  078  007 
 000  000  000  006  015  007  002  015  021  015  014  004  001  038  077  001 
 004  000  006  012  011  004  004  024  022  004  002  000  000  036  075  000 
 010  014  006  014  006  000  003  026  016  000  000  001  000  031  074  000 
 009  018  012  004  006  000  010  022  008  000  000  000  000  028  074  000 
 006  004  010  006  009  013  017  013  003  000  000  000  000  035  080  007 
 008  006  007  016  020  018  007  001  000  000  001  001  000  042  087  014 
 008  016  002  009  012  003  000  000  001  002  000  000  003  046  080  001 
 006  016  010  004  000  000  000  000  006  006  000  000  004  044  080  000 
 015  012  006  006  004  004  008  002  007  008  000  000  004  038  076  000 
 030  019  009  006  011  012  010  011  009  008  001  005  012  044  079  006 
 022  024  026  024  021  015  010  016  014  005  005  014  017  047  082  013 
 004  018  030  032  027  016  008  010  010  004  006  012  010  043  079  010 
 004  017  018  016  020  017  012  009  010  010  006  007  006  040  072  000 
 014  011  006  002  004  013  020  024  024  025  022  016  007  039  074  000 
 014  007  000  003  005  014  024  030  032  034  038  042  038  054  082  008 

Celda32

 002  004  008  008  003  000  000  000  006  004  002  002  004  008  011  020 
 001  001  000  000  000  000  004  006  005  001  000  000  000  002  014  017 
 000  000  000  000  000  000  000  000  000  000  000  000  000  004  009  004 
 000  000  000  000  000  000  000  000  000  004  000  003  007  004  004  004 
 000  000  000  000  003  004  000  000  000  011  005  007  009  004  000  008 
 000  000  000  001  004  006  008  007  003  010  008  006  000  000  000  008 
 000  000  000  000  000  000  004  010  008  006  004  006  004  000  000  000 
 000  000  000  000  000  004  004  010  014  012  006  000  006  000  000  000 
 000  000  000  000  004  015  008  010  012  008  004  004  006  000  000  000 
 000  000  000  000  002  006  000  000  000  000  000  000  000  000  000  000 
 000  000  000  000  000  000  000  000  000  000  000  000  000  000  000  000 
 000  000  000  000  000  000  000  000  000  006  004  000  000  000  000  000 
 000  000  000  000  000  000  000  000  005  017  011  008  010  008  005  008 
 000  000  000  000  000  002  008  009  015  022  019  018  022  020  014  012 
 001  001  000  000  002  002  006  010  014  020  025  024  020  016  011  008 
 002  004  006  008  011  012  008  009  011  020  025  014  006  006  007  005 

Celda33

 034  033  011  002  001  000  001  021  017  008  005  006  008  015  039  064 
 016  016  004  000  000  000  002  021  011  002  000  000  000  000  024  041 
 004  006  002  000  000  001  012  024  008  000  000  000  000  008  029  044 
 004  000  000  000  002  014  023  023  003  000  000  000  007  029  040  039 
 012  006  002  002  011  012  009  006  000  000  000  000  030  059  035  020 
 013  000  003  000  008  012  006  000  000  000  008  022  062  066  024  014 
 012  011  000  000  000  015  018  001  000  000  008  018  050  051  017  015 
 006  018  000  000  000  020  028  000  000  000  004  002  034  038  007  005 
 000  018  000  000  000  022  026  000  000  000  000  004  046  038  002  003 
 000  012  000  000  002  020  011  000  000  002  000  012  058  036  000  002 
 000  008  000  003  024  019  000  000  010  004  000  021  061  032  000  003 
 004  013  011  028  036  010  000  000  024  019  017  038  059  028  004  004 
 012  021  022  028  012  000  000  006  053  043  030  049  061  032  008  003 
 011  015  008  004  000  000  000  039  076  045  026  050  056  027  010  011 
 003  000  000  000  000  000  004  059  068  023  011  037  037  016  015  019 
 000  000  000  000  000  000  025  067  047  002  004  026  024  013  016  017 

Celda34

 048  024  003  000  000  010  017  013  008  001  002  005  002  002  003  000 
 031  014  000  000  000  007  002  000  000  000  000  006  011  010  005  000 
 035  009  000  000  004  012  000  000  000  000  000  007  014  014  008  001 
 028  002  000  000  002  014  002  004  004  000  000  008  014  015  008  002 
 023  002  000  000  002  020  017  015  019  015  006  004  014  019  008  000 
 018  002  000  000  012  029  028  020  024  020  010  002  016  026  013  005 
 018  000  000  003  013  024  025  013  012  012  014  016  028  035  017  008 
 008  000  000  000  006  018  022  004  000  000  014  026  039  038  016  006 
 005  000  000  000  006  018  019  004  000  001  012  029  033  023  008  006 
 004  000  000  000  007  018  014  008  003  008  014  024  019  012  012  019 
 000  000  000  000  003  013  014  016  014  005  012  023  021  016  020  031 
 002  003  008  013  014  020  027  030  021  009  014  024  024  015  012  019 
 004  010  021  026  031  045  054  047  024  007  007  017  015  005  000  004 
 013  018  026  032  039  044  038  018  004  000  000  015  016  006  003  001 
 020  019  021  027  027  016  000  000  000  000  000  010  016  007  004  002 
 014  011  013  014  007  002  000  000  000  006  009  013  017  005  001  002 

Celda35

 000  006  016  014  002  000  000  004  006  007  006  002  006  013  009  004 
 000  005  015  012  004  002  003  004  006  005  002  000  004  014  012  000 
 000  004  009  007  006  008  007  002  001  000  000  000  002  012  008  000 
 004  006  004  004  010  013  008  004  000  000  001  000  000  006  000  000 
 002  005  000  004  017  018  009  004  000  001  004  000  000  000  000  000 
 002  002  000  004  021  021  012  005  000  000  002  002  000  000  000  000 
 005  002  002  013  023  017  014  007  000  000  002  006  004  000  000  000 
 000  000  003  016  021  012  014  011  002  002  001  002  006  009  012  028 
 008  008  014  033  033  021  024  017  002  000  000  000  000  010  024  039 
 030  032  032  046  034  014  013  004  000  000  000  000  001  023  028  036 
 034  036  027  027  009  000  000  000  000  000  000  000  026  043  027  028 
 013  010  010  004  001  000  000  000  000  000  000  016  054  035  003  008 
 000  000  000  000  002  004  003  000  000  008  018  045  050  009  000  014 
 000  000  000  002  006  006  006  001  002  016  032  043  026  004  008  032 
 000  000  004  006  006  000  000  000  000  014  027  023  011  010  021  036 
 000  000  004  008  004  000  000  000  007  026  020  014  008  007  011  015 

Celda36

 004  000  000  000  000  013  058  064  040  013  006  007  010  008  000  000 
 000  000  000  000  017  066  079  052  020  006  002  008  012  008  000  000 
 000  000  000  019  064  081  059  023  006  004  003  010  010  004  000  000 
 000  000  022  056  070  054  022  002  000  001  004  004  002  000  000  000 
 000  017  059  061  042  018  005  000  001  001  000  000  000  000  000  000 
 004  051  062  029  008  007  002  002  006  004  000  000  000  000  000  004 
 041  072  043  001  000  002  000  004  009  006  000  000  000  000  000  004 
 069  069  031  012  008  004  002  004  009  007  000  000  002  006  007  006 
 057  041  017  012  014  008  001  002  008  004  000  000  000  010  015  014 
 037  017  012  004  007  004  000  004  009  001  000  000  013  019  014  010 
 024  006  012  014  000  000  000  003  012  004  000  008  027  018  009  007 
 012  014  025  020  001  000  002  002  010  004  000  008  018  002  002  009 
 022  025  030  015  003  000  006  010  007  000  000  009  018  006  000  006 
 041  028  016  008  000  000  010  014  008  002  002  004  014  013  006  002 
 035  021  008  006  006  012  021  012  005  005  012  012  011  021  018  006 
 018  018  008  010  013  016  011  003  003  006  012  010  014  026  015  000 

Celda37

 000  000  008  011  004  000  000  002  017  014  011  010  006  000  003  003 
 000  000  006  000  002  002  000  002  022  024  017  012  006  000  002  002 
 000  006  010  000  005  012  015  013  027  029  018  008  004  000  001  005 
 000  010  013  003  006  014  022  024  026  022  014  000  000  000  002  014 
 000  007  008  001  000  002  012  020  016  011  010  001  000  002  010  018 
 008  008  004  000  001  004  008  003  003  000  008  001  000  004  010  008 
 014  012  002  000  000  004  012  004  000  000  006  002  000  002  001  000 
 020  019  007  003  000  000  010  010  000  000  002  006  008  003  000  000 
 033  032  014  004  000  000  008  014  002  000  000  006  014  007  003  006 
 026  019  002  000  000  000  012  014  004  000  000  004  016  010  001  005 
 018  008  000  000  000  000  020  013  001  001  003  008  008  007  004  004 
 017  001  000  003  012  015  021  006  000  004  004  000  000  001  006  010 
 005  000  003  010  014  012  006  000  000  004  004  000  000  002  010  016 
 000  000  002  003  001  000  000  000  000  005  006  000  000  014  026  031 
 002  000  002  000  000  000  000  000  000  012  014  011  012  019  019  015 
 000  000  000  000  000  006  011  014  021  034  034  024  014  009  010  008 

Celda38

 000  000  000  003  005  010  002  002  000  000  009  020  029  030  023  013 
 000  000  003  005  011  008  000  000  002  004  013  022  023  017  006  000 
 000  001  004  013  010  002  000  000  004  008  017  021  019  010  002  001 
 009  011  014  021  007  000  000  004  012  017  025  025  022  012  002  006 
 005  008  017  016  002  000  006  014  022  026  028  029  025  011  002  001 
 000  000  006  000  000  000  004  010  012  014  017  022  013  006  000  000 
 000  004  004  000  000  004  006  002  002  001  002  004  000  000  000  000 
 000  002  000  000  000  008  005  003  004  004  000  000  000  000  000  000 
 008  004  000  000  004  008  001  002  007  008  000  000  000  004  001  004 
 010  006  002  004  014  015  008  007  009  015  013  018  024  032  028  044 
 000  002  008  016  028  027  026  035  046  051  046  038  039  037  029  044 
 007  006  022  034  040  040  046  059  062  052  041  030  024  014  006  019 
 024  031  036  035  033  037  043  044  024  008  002  002  002  001  002  019 
 034  032  018  006  010  021  023  009  000  000  000  000  000  006  012  029 
 018  016  004  001  010  016  009  000  000  000  008  013  011  012  015  023 
 012  015  008  008  014  014  004  000  000  005  022  021  010  004  002  008 

Celda39

 007  007  007  011  018  019  019  018  022  026  032  036  041  059  089  025 
 000  002  011  019  016  010  010  004  006  011  018  015  018  043  075  024 
 000  006  011  008  002  004  010  004  000  001  003  000  000  025  051  003 
 005  006  008  002  000  005  010  002  000  000  000  000  000  030  056  000 
 000  000  006  002  000  004  007  000  000  000  000  000  002  034  058  000 
 000  000  005  005  000  000  004  005  000  006  013  025  028  050  066  007 
 000  000  006  008  004  017  038  047  038  034  035  036  023  030  046  000 
 000  006  025  029  038  060  071  057  036  022  012  005  000  008  042  000 
 030  062  072  058  057  063  043  012  002  000  000  000  000  004  042  000 
 074  082  063  042  029  025  004  000  000  000  000  000  000  006  044  001 
 058  035  002  000  000  000  000  000  000  012  016  012  008  013  047  004 
 028  009  000  000  000  000  000  004  004  004  009  010  006  009  048  006 
 026  005  002  000  000  000  001  010  007  000  000  000  003  018  060  014 
 026  010  010  014  006  000  002  014  008  000  000  000  008  033  064  016 
 011  004  003  004  002  000  000  014  006  000  000  000  000  026  051  008 
 000  002  007  000  000  000  002  006  000  000  000  003  008  028  047  004 

Celda40

 001  004  011  017  018  010  000  000  004  013  014  003  000  000  000  000 
 001  004  009  012  010  000  000  000  006  011  008  001  000  000  000  000 
 001  000  000  000  000  000  000  000  005  005  004  001  000  000  000  000 
 000  000  000  000  000  000  000  000  001  000  000  000  000  000  000  000 
 000  000  000  000  000  000  000  000  000  000  000  000  000  000  000  000 
 000  000  001  003  000  000  000  006  009  010  008  005  006  010  008  004 
 001  004  009  011  007  004  008  016  017  014  012  012  020  028  028  023 
 002  004  008  010  007  004  008  011  008  004  008  016  022  024  022  019 
 001  000  000  000  000  000  004  007  004  002  017  030  026  010  002  004 
 000  000  000  000  000  000  002  007  004  023  052  039  023  000  000  001 
 002  006  012  011  004  000  000  006  012  046  062  020  008  000  004  022 
 003  008  016  018  008  000  000  010  026  050  036  000  000  005  016  033 
 001  002  006  011  008  000  000  023  045  037  018  000  000  000  006  024 
 000  000  000  000  000  000  001  049  057  020  004  000  000  000  003  017 
 000  000  000  000  000  005  030  069  049  009  000  000  000  001  014  018 
 000  000  000  000  003  027  059  060  028  002  001  000  000  003  016  008 

Celda41

 000  000  000  000  000  006  045  063  029  004  007  026  026  022  016  010 
 000  000  000  006  000  011  049  051  016  007  022  040  036  023  009  002 
 000  000  010  009  000  015  050  042  013  003  027  041  027  006  006  002 
 000  002  032  017  008  019  046  034  016  014  026  027  007  000  005  006 
 008  032  052  019  010  018  041  030  019  023  024  018  003  000  007  008 
 028  055  047  010  010  029  050  036  023  020  020  014  003  005  020  017 
 044  059  034  008  016  044  045  024  015  016  020  016  015  023  028  019 
 038  053  030  016  023  037  016  008  016  014  018  022  020  023  017  006 
 026  044  028  014  017  013  000  004  020  014  014  026  026  020  009  002 
 031  045  029  007  007  006  006  011  024  019  019  028  029  019  008  004 
 041  047  030  006  005  011  018  023  033  033  029  028  024  018  010  000 
 037  037  021  003  004  017  019  020  031  035  027  022  020  014  009  002 
 023  021  014  000  004  019  022  022  032  032  019  014  016  008  002  002 
 010  012  012  005  007  027  035  037  043  036  019  011  010  001  000  000 
 003  004  012  012  016  032  040  041  043  034  026  016  004  000  000  000 
 000  000  014  019  022  030  032  026  022  017  015  011  000  000  000  004 

Celda42

 006  004  005  002  000  000  000  004  007  009  010  018  025  010  002  002 
 002  000  002  000  000  000  004  010  008  002  008  019  022  008  003  000 
 000  000  000  006  000  004  010  018  017  009  008  013  008  000  004  008 
 000  000  002  011  007  008  020  029  022  009  004  004  001  000  000  006 
 000  000  009  020  014  012  023  023  004  000  000  000  000  000  000  004 
 010  011  012  016  011  011  020  011  000  000  000  000  000  000  003  009 
 015  017  013  010  008  010  013  000  000  000  000  000  000  000  009  016 
 004  008  008  004  006  010  008  000  000  000  000  000  000  000  013  021 
 000  000  000  000  002  008  006  000  000  000  000  000  002  002  010  021 
 000  000  000  000  000  004  006  000  004  008  004  000  000  002  007  018 
 002  002  000  001  004  011  016  012  014  014  006  000  000  000  004  015 
 000  003  002  002  004  004  010  014  013  011  004  000  000  000  008  018 
 002  000  000  000  002  004  012  016  000  000  000  000  000  000  021  034 
 004  000  000  000  000  008  010  010  002  000  000  000  000  013  040  033 
 002  004  000  000  000  012  004  000  007  002  000  000  000  028  034  019 
 002  005  006  008  006  015  000  000  010  006  000  002  021  028  016  013 

Celda43

 000  000  002  009  004  000  000  000  021  037  013  007  002  000  004  012 
 003  000  000  006  004  000  000  003  035  033  002  000  000  000  000  012 
 006  000  000  001  004  000  002  020  036  018  000  000  000  002  002  012 
 001  000  000  004  009  007  008  022  028  006  000  000  008  010  008  010 
 000  004  012  025  024  014  004  014  018  000  000  007  014  013  008  000 
 007  014  018  026  022  016  008  012  015  001  002  012  008  006  004  002 
 017  004  001  010  010  007  011  024  027  014  009  003  000  000  000  002 
 012  000  000  012  011  000  006  036  038  023  013  000  000  000  000  000 
 010  000  000  010  012  000  008  038  028  012  008  001  000  000  000  006 
 012  000  000  006  010  000  015  037  013  000  000  004  008  009  009  013 
 015  000  000  000  008  001  020  036  008  000  000  002  008  010  015  019 
 015  000  000  000  003  008  036  044  003  000  000  000  000  000  006  004 
 018  007  010  010  004  021  054  042  006  000  000  000  000  000  008  005 
 010  010  015  018  017  031  051  021  000  000  000  000  000  000  010  007 
 007  014  021  018  022  026  032  010  000  000  000  000  000  000  010  006 
 013  017  020  008  011  007  010  000  000  000  000  000  000  000  004  003 

Celda44

 020  020  002  000  001  001  000  000  004  008  006  002  007  009  002  000 
 022  019  000  000  000  000  000  000  005  004  000  000  002  000  000  000 
 024  016  000  000  000  000  000  003  002  000  000  000  000  000  000  000 
 022  014  000  000  000  000  001  000  000  000  000  000  000  000  008  029 
 016  015  000  000  000  002  000  000  000  000  000  000  009  025  038  043 
 008  012  000  000  000  012  006  000  000  000  000  011  026  035  033  018 
 000  004  000  000  013  020  012  008  002  000  008  020  018  014  012  001 
 000  000  000  000  020  020  001  000  000  003  017  012  002  004  008  003 
 000  000  000  002  022  019  000  000  008  027  026  010  000  000  004  004 
 002  000  000  005  022  017  002  016  032  040  023  014  008  006  002  000 
 012  004  000  006  024  023  015  025  024  010  000  000  006  008  008  006 
 000  000  000  006  030  030  015  002  000  000  000  000  002  008  012  013 
 000  000  000  010  039  030  003  000  000  000  000  002  004  006  008  012 
 000  000  000  031  056  018  000  000  002  002  008  008  004  002  003  003 
 000  000  015  053  046  000  000  000  013  014  004  006  006  004  005  000 
 000  012  044  048  015  000  000  010  020  009  000  002  006  008  008  002 

Celda45

 000  000  002  009  017  023  024  024  023  027  029  022  017  014  007  000 
 000  004  026  038  029  017  009  002  000  010  018  012  008  014  010  000 
 021  044  046  029  004  000  000  000  000  006  016  019  011  000  000  000 
 051  050  021  000  000  000  000  000  002  000  008  024  020  000  000  003 
 039  022  000  000  000  000  000  000  002  003  004  024  024  002  004  006 
 005  006  000  000  000  002  006  008  009  012  016  029  025  011  010  010 
 000  001  000  000  002  008  011  018  020  020  019  020  021  020  014  020 
 000  001  004  000  000  000  003  018  022  018  015  009  019  027  023  022 
 001  004  006  000  000  000  010  022  027  018  017  016  028  032  022  008 
 002  008  008  000  000  002  015  033  032  012  016  023  035  025  007  000 
 002  008  008  000  001  006  020  029  022  002  000  021  024  008  000  000 
 010  007  007  000  005  008  011  014  011  006  012  019  008  000  000  000 
 011  004  004  006  009  007  000  004  006  009  020  024  008  000  000  000 
 002  000  001  012  011  002  000  002  013  020  027  023  000  000  000  000 
 000  001  018  023  010  000  004  015  030  028  030  022  000  000  000  000 
 000  010  030  014  002  000  006  024  030  027  031  021  010  010  006  000 

Celda46

 008  018  018  019  013  009  004  000  002  016  021  002  000  000  000  006 
 008  024  030  023  009  007  009  004  008  017  008  000  000  000  000  007 
 011  028  028  019  011  014  011  001  000  003  000  000  000  000  000  009 
 015  022  028  023  018  011  000  000  000  000  000  000  000  000  004  010 
 009  018  030  029  014  000  000  000  000  000  000  000  011  006  004  006 
 006  017  030  026  008  000  000  000  000  000  000  012  020  009  000  000 
 020  024  025  018  000  000  000  000  000  000  013  017  009  002  000  000 
 024  016  009  006  000  000  000  000  001  012  017  003  000  000  001  001 
 007  001  000  000  000  000  000  000  012  024  014  002  000  000  000  002 
 000  000  000  000  000  000  000  008  024  026  010  004  005  002  000  000 
 000  000  000  000  000  000  000  008  017  016  006  000  004  002  000  000 
 000  000  000  000  000  000  000  006  016  016  012  002  000  000  000  000 
 000  000  000  000  000  000  000  000  011  018  019  006  000  000  000  006 
 000  000  001  002  000  000  000  000  002  012  018  012  000  000  004  009 
 000  004  006  004  004  007  008  006  000  002  012  016  005  004  013  013 
 000  001  002  000  000  000  000  000  000  010  026  025  014  013  017  016 

Celda47

 000  004  006  000  000  002  004  000  000  000  000  004  014  037  053  004 
 004  008  005  000  000  002  004  002  001  004  008  008  021  045  055  003 
 008  006  002  000  000  001  005  010  014  016  017  018  027  047  055  004 
 006  000  000  001  002  003  005  011  016  018  022  024  024  038  046  000 
 002  000  000  004  006  007  009  008  010  018  027  022  014  016  041  000 
 000  000  000  006  013  019  017  008  004  011  014  002  000  004  039  000 
 000  000  000  012  027  026  011  002  000  004  006  000  000  004  044  000 
 000  000  003  013  018  008  000  000  000  000  002  000  000  010  050  000 
 004  002  000  006  010  000  000  000  000  000  004  004  000  016  052  000 
 006  000  000  000  004  000  000  002  009  006  010  012  000  021  058  006 
 000  000  000  000  008  000  000  005  012  010  014  014  004  027  062  008 
 000  000  005  016  025  016  017  018  017  014  015  010  004  032  058  000 
 012  015  016  017  018  015  014  014  013  019  018  004  000  032  060  000 
 013  016  014  008  016  022  016  012  008  020  013  003  000  030  058  000 
 015  016  016  016  029  029  013  006  002  019  007  004  002  031  057  001 
 017  016  016  020  025  013  000  000  000  019  006  006  004  027  056  000 

Celda48

 000  000  000  000  012  042  045  026  004  000  000  000  004  002  008  000 
 000  000  000  000  016  022  010  000  000  000  000  001  006  004  007  002 
 000  000  004  006  018  020  006  000  000  000  004  000  002  010  018  014 
 000  000  005  013  017  013  005  000  000  000  000  001  000  006  020  023 
 000  000  000  000  000  004  007  000  000  000  000  006  014  008  017  029 
 000  000  000  000  000  000  010  000  000  000  000  014  018  012  023  037 
 000  000  000  000  000  000  004  000  000  000  004  029  026  018  035  041 
 000  000  000  000  004  000  000  000  000  000  022  040  031  023  039  035 
 000  000  000  000  001  000  000  000  003  012  033  043  029  017  029  022 
 000  000  000  000  000  000  000  000  014  032  042  039  022  010  019  015 
 000  000  000  000  000  006  015  018  032  048  043  027  013  007  014  008 
 000  002  004  007  012  036  040  030  038  044  026  009  008  008  012  005 
 000  000  000  006  022  047  040  021  023  023  008  002  008  012  014  016 
 000  000  000  000  020  036  023  008  003  013  008  006  012  014  020  028 
 000  000  000  000  019  025  014  002  001  003  010  016  021  018  021  026 
 000  000  000  000  016  022  016  000  000  000  009  024  022  010  014  022 

Celda49

 000  000  022  023  018  025  029  026  027  022  000  000  000  001  004  000 
 003  002  022  021  012  018  024  025  028  028  004  000  000  003  003  000 
 018  017  012  011  010  019  026  026  023  022  008  000  000  007  003  000 
 026  027  012  000  010  026  034  028  016  009  006  006  007  000  000  000 
 024  026  022  017  018  026  032  028  015  006  005  012  010  000  000  000 
 016  014  016  024  029  023  017  023  020  014  014  019  007  000  000  000 
 008  001  002  016  017  010  007  018  020  020  022  014  000  000  000  000 
 000  000  000  011  000  000  013  030  019  014  022  014  000  000  000  000 
 000  000  000  006  000  000  021  022  000  004  018  014  000  000  000  002 
 000  000  002  003  000  004  022  008  000  001  018  016  006  002  008  012 
 000  002  012  015  015  021  022  001  000  001  018  020  009  003  004  006 
 004  013  023  022  026  030  020  010  006  002  016  018  006  003  010  003 
 018  019  016  016  021  023  018  013  007  003  014  016  005  002  008  004 
 017  012  004  009  010  006  008  010  006  004  017  012  006  004  000  000 
 003  000  000  007  004  000  000  000  008  008  014  002  003  005  000  000 
 002  000  000  005  000  000  000  000  000  004  003  000  000  004  000  003 

Celda50

 001  009  012  010  012  014  002  002  008  004  000  008  022  012  006  015 
 000  008  010  006  010  006  002  004  004  003  003  006  006  004  005  014 
 000  006  009  000  000  000  000  000  002  010  011  012  006  005  002  007 
 000  002  006  001  000  000  003  006  006  018  021  017  014  007  002  004 
 000  000  000  000  000  000  004  016  013  020  017  007  006  004  004  015 
 000  000  000  000  000  000  001  019  023  017  005  000  000  005  009  018 
 000  000  002  004  000  000  000  018  030  020  000  000  001  005  005  007 
 000  002  008  006  000  000  000  017  034  025  004  006  008  002  000  003 
 002  006  017  015  007  002  000  014  035  028  012  011  004  000  000  002 
 010  004  016  011  003  002  000  007  035  038  014  000  000  000  000  001 
 006  000  010  012  000  000  000  000  022  046  029  000  000  000  000  000 
 000  000  000  007  001  000  000  000  000  042  041  000  000  000  000  000 
 000  004  008  000  000  004  000  000  000  028  044  010  000  000  000  000 
 002  000  008  008  001  000  000  000  000  014  039  022  000  000  000  000 
 009  009  000  006  008  000  000  000  000  005  030  036  006  000  001  000 
 018  013  001  002  006  004  001  000  000  000  022  048  024  002  008  004 

Celda51

 014  008  009  000  000  000  000  000  000  000  000  000  000  000  000  009 
 012  006  002  000  000  000  000  000  000  001  000  000  000  000  000  029 
 010  006  000  000  000  000  000  000  000  000  000  000  000  000  027  074 
 016  017  010  008  003  000  004  006  000  000  000  000  000  019  072  071 
 027  023  012  012  010  006  002  000  000  000  000  000  001  067  076  029 
 021  012  000  002  006  002  000  000  000  000  000  002  036  072  039  002 
 010  005  000  000  002  000  000  000  000  000  000  016  047  047  017  000 
 010  005  000  000  000  000  000  000  000  004  023  040  040  025  010  011 
 014  008  000  000  000  000  000  000  004  037  053  043  026  017  015  025 
 016  012  000  000  000  000  000  000  037  062  041  019  010  010  015  031 
 010  010  000  000  000  000  000  019  066  050  006  000  000  002  009  030 
 002  004  000  000  000  000  024  073  075  028  000  000  000  004  013  029 
 000  000  000  000  000  026  076  086  055  016  008  008  008  010  017  028 
 002  000  000  000  018  060  076  052  021  012  014  012  010  010  015  028 
 000  000  000  015  053  071  052  023  012  006  010  012  012  015  022  031 
 000  000  011  057  081  065  033  020  021  009  010  014  016  019  021  018 

Celda52

 019  043  046  016  000  000  000  004  006  002  002  002  000  002  002  000 
 057  046  014  000  000  005  004  004  002  000  002  002  001  004  000  000 
 065  018  000  000  010  014  006  002  000  001  001  002  003  006  002  003 
 029  000  000  000  016  016  006  000  000  000  001  005  008  010  010  006 
 002  000  000  000  014  010  004  005  001  000  000  006  011  015  012  000 
 000  000  000  008  019  009  006  012  010  006  005  000  007  016  012  000 
 000  009  018  030  032  026  025  022  012  004  002  000  000  008  010  000 
 024  034  040  040  036  035  030  022  010  001  000  000  000  000  005  003 
 038  042  037  028  025  027  016  010  002  000  000  000  001  000  005  006 
 039  028  015  010  011  009  000  000  000  000  000  000  008  009  006  007 
 030  011  006  007  002  000  000  000  000  000  000  005  015  018  008  010 
 025  008  003  006  000  000  000  000  000  002  009  016  022  027  019  014 
 028  010  000  000  000  000  000  000  000  000  007  012  015  022  011  000 
 028  002  000  000  002  010  006  001  000  000  006  006  003  008  000  000 
 023  000  000  004  021  023  009  002  003  004  002  007  005  002  000  000 
 012  002  002  010  027  017  005  002  006  011  005  004  008  000  000  000 

Celda53

 001  014  012  000  000  000  009  023  026  029  032  015  008  010  010  005 
 002  006  004  000  000  000  017  026  026  026  020  000  000  003  011  012 
 006  001  000  000  003  003  019  032  022  012  007  000  000  002  012  013 
 006  004  004  006  004  001  014  030  018  007  004  000  000  004  000  000 
 000  000  002  002  000  000  008  022  015  008  006  000  000  002  000  000 
 000  000  001  000  000  000  006  014  009  010  008  000  000  000  002  000 
 000  000  000  000  000  000  019  021  003  000  003  000  000  002  010  006 
 000  000  000  000  000  005  018  010  000  000  000  002  002  008  012  009 
 003  002  000  000  000  002  006  003  000  000  000  017  018  012  012  010 
 013  012  010  004  000  000  000  002  000  000  004  023  022  016  014  015 
 021  014  012  006  000  000  000  008  020  025  030  033  029  027  027  022 
 012  000  000  000  000  004  016  032  046  037  025  026  034  041  039  027 
 000  000  000  000  000  014  026  027  034  025  014  019  029  036  033  019 
 000  000  000  004  012  016  011  006  014  018  012  013  015  020  018  007 
 000  000  007  024  022  004  000  000  008  020  016  006  007  020  020  006 
 000  011  029  023  009  000  000  005  012  021  017  004  004  022  022  007 

Celda54

 001  000  000  000  000  000  000  000  003  025  032  023  018  020  020  018 
 007  000  000  000  000  000  000  003  024  032  025  018  021  021  018  018 
 004  000  000  000  000  004  007  022  030  025  021  027  027  017  013  019 
 000  000  000  010  016  018  019  030  028  017  019  026  014  003  002  016 
 000  000  012  016  016  014  023  034  027  017  015  013  003  000  002  016 
 000  004  018  013  012  012  023  029  022  016  009  002  000  000  003  016 
 001  011  016  008  012  014  020  022  018  013  013  012  008  000  000  016 
 005  009  012  006  010  017  022  026  022  014  014  014  008  000  000  016 
 005  006  011  011  011  020  029  032  025  014  010  004  002  005  005  012 
 010  007  008  012  017  025  028  023  016  011  006  003  003  004  002  001 
 018  019  017  013  019  025  016  002  000  002  006  004  000  000  000  000 
 022  024  020  016  021  023  010  000  000  002  000  000  000  000  000  000 
 016  021  016  016  015  012  002  000  006  004  000  000  000  000  000  005 
 009  018  012  007  002  000  000  005  012  001  000  000  000  000  000  002 
 005  013  005  000  000  000  000  008  010  000  000  000  000  004  000  000 
 004  011  006  000  002  002  001  002  000  000  000  000  004  008  000  000 

Celda55

 018  016  012  011  004  000  000  000  006  018  002  000  000  024  058  000 
 022  020  010  004  000  000  000  002  012  008  000  000  000  024  060  000 
 028  023  010  004  002  002  003  007  007  000  000  000  000  030  060  000 
 023  012  002  002  004  008  008  004  000  000  000  000  007  038  062  003 
 017  006  000  000  006  010  006  000  000  000  007  010  012  032  056  000 
 018  008  000  003  002  002  002  000  000  000  000  000  000  026  059  000 
 021  017  006  001  000  000  000  000  000  000  000  000  000  028  066  000 
 024  022  000  000  000  000  000  000  000  000  000  000  000  030  070  000 
 024  022  000  000  000  000  000  000  000  000  000  006  010  036  072  002 
 016  020  000  000  000  000  001  000  000  005  004  000  000  027  065  001 
 004  014  001  000  000  000  006  000  000  006  000  000  000  036  069  002 
 000  004  000  000  000  000  007  004  002  003  000  000  000  044  075  001 
 008  004  000  002  008  010  015  017  012  004  000  000  002  045  077  000 
 004  004  005  008  010  009  017  021  011  006  002  004  008  044  076  000 
 000  000  000  000  000  000  010  011  000  000  002  004  005  039  074  000 
 000  000  000  000  000  000  011  012  000  000  000  000  000  036  073  000 

Celda56

 000  000  000  000  020  020  014  000  000  004  008  022  019  010  014  019 
 002  003  001  000  024  022  010  003  008  010  009  012  009  014  022  018 
 002  004  004  000  023  024  012  010  018  008  008  006  002  022  035  015 
 000  001  004  005  021  024  020  023  019  004  004  009  017  041  038  005 
 002  006  014  019  029  032  033  028  013  000  001  020  030  036  025  004 
 003  008  017  022  022  022  023  016  000  000  008  027  025  016  014  005 
 002  005  010  010  006  004  016  014  000  000  017  030  014  006  012  005 
 001  002  000  000  000  000  011  012  000  000  023  032  014  008  014  005 
 000  000  000  000  000  004  011  009  001  003  020  028  016  014  016  000 
 000  000  000  001  007  011  007  006  002  008  020  022  018  017  012  000 
 000  000  001  005  008  003  000  003  004  002  012  015  014  016  006  000 
 000  000  001  002  002  000  000  001  004  006  012  012  008  010  002  000 
 000  000  000  000  000  002  001  000  002  006  012  010  004  003  000  000 
 004  010  022  030  043  042  044  044  052  058  057  046  035  031  030  032 
 011  026  056  074  087  081  082  084  094  095  089  080  077  076  078  080 
 000  000  000  000  010  003  000  001  009  009  003  000  000  000  000  000 

Celda57

 006  000  000  004  003  000  000  000  000  002  000  000  000  002  008  018 
 008  002  006  006  010  006  006  001  003  007  003  000  000  001  013  025 
 007  000  010  011  008  001  004  008  018  013  007  000  000  007  024  026 
 002  008  008  012  004  000  000  008  017  006  003  001  000  015  027  016 
 003  017  016  010  004  000  006  006  000  000  000  006  008  017  018  004 
 007  018  013  000  000  000  004  000  000  000  002  014  018  014  009  000 
 001  008  006  000  000  000  000  000  000  008  005  010  009  002  000  000 
 000  002  001  000  000  000  000  000  002  017  005  000  000  000  000  002 
 000  000  004  000  000  000  000  000  004  012  000  000  000  000  000  002 
 000  000  012  001  003  006  000  000  004  002  000  000  004  000  000  000 
 000  004  018  010  002  001  001  001  003  000  000  000  008  000  000  000 
 000  010  021  013  002  000  002  007  003  000  000  000  005  000  000  000 
 000  015  023  013  003  002  002  001  000  000  000  000  002  000  000  000 
 035  051  055  044  038  038  036  028  025  026  030  034  039  038  041  046 
 082  093  090  079  077  070  069  066  068  074  079  082  086  086  087  092 
 001  010  012  010  012  000  000  000  000  000  000  000  003  002  000  001 

Celda58

 024  007  000  000  000  006  015  020  017  008  014  048  034  000  000  000 
 013  000  000  000  000  000  004  008  012  012  007  038  038  004  000  000 
 004  000  000  000  000  000  000  000  000  002  002  028  038  006  000  000 
 000  000  000  000  000  000  000  000  000  000  008  026  028  000  000  008 
 000  000  000  000  000  000  000  000  000  006  010  016  014  000  000  043 
 000  000  000  000  000  000  000  006  008  011  002  000  007  000  015  062 
 000  000  000  000  000  005  017  020  016  002  000  000  016  038  059  067 
 000  000  000  000  000  015  025  014  012  002  000  009  054  076  068  046 
 001  000  000  000  000  015  024  000  000  002  004  030  069  067  036  012 
 004  000  000  000  001  008  020  000  000  000  003  040  058  033  012  000 
 002  000  000  002  000  002  013  000  000  000  012  043  044  018  010  005 
 000  000  006  007  000  002  010  000  000  000  026  053  042  013  004  006 
 000  000  004  004  000  008  013  000  002  015  056  061  032  001  000  006 
 051  054  052  044  039  053  054  041  051  083  103  078  044  026  028  040 
 097  097  096  095  094  103  097  085  095  120  113  082  065  062  065  075 
 003  000  000  000  000  009  008  000  009  025  017  000  000  000  002  009 

Celda59

 000  008  059  102  083  042  021  021  024  010  009  013  015  014  008  000 
 000  051  109  102  042  012  007  011  014  004  003  008  011  011  007  000 
 039  108  109  052  001  000  000  004  008  005  002  007  007  004  004  002 
 091  116  063  010  000  000  006  005  007  013  012  008  000  000  000  008 
 098  071  009  000  006  013  010  009  015  025  015  004  000  000  007  012 
 068  032  000  000  014  014  003  004  016  022  006  004  008  012  013  008 
 046  024  002  006  019  009  000  002  014  014  002  006  015  018  014  010 
 029  020  015  021  021  010  005  011  017  013  000  000  004  011  015  016 
 008  019  026  024  017  016  018  017  016  007  000  000  006  008  000  000 
 000  021  035  026  013  013  010  002  002  000  000  000  007  008  000  000 
 004  023  039  025  008  000  000  000  004  001  000  000  000  000  000  000 
 009  026  034  014  000  000  000  000  006  004  000  000  000  000  000  000 
 014  025  026  010  000  000  000  000  000  000  000  000  000  004  004  004 
 045  038  021  004  000  004  016  024  020  006  002  014  032  059  057  042 
 071  058  048  043  043  047  054  062  066  063  066  080  100  105  089  076 
 006  000  000  000  001  003  000  000  000  000  000  000  012  013  005  000 

Celda60

 006  006  000  006  014  002  000  000  004  006  000  000  004  000  000  000 
 000  010  006  006  012  003  000  000  000  000  000  000  000  000  000  000 
 000  009  012  002  002  007  000  000  000  000  000  000  002  004  003  005 
 010  007  012  000  000  010  002  000  000  000  000  000  021  031  029  018 
 020  014  000  000  000  006  000  000  000  000  000  021  032  035  027  018 
 014  014  005  000  000  000  000  000  000  000  010  019  019  016  010  007 
 008  010  008  000  000  000  000  000  000  003  008  015  013  012  012  010 
 011  002  000  000  000  000  000  011  010  006  012  020  018  018  020  020 
 000  000  000  000  000  004  020  022  016  014  019  027  027  027  026  020 
 000  000  000  000  006  011  019  018  014  015  018  027  027  023  018  012 
 000  000  000  000  002  005  013  014  006  006  008  018  018  013  009  006 
 009  008  000  000  000  009  022  018  008  004  004  010  014  012  008  004 
 008  011  007  002  010  022  026  017  014  014  010  008  010  014  010  004 
 042  052  053  050  051  052  047  040  042  046  046  042  047  051  044  036 
 079  090  087  080  077  073  068  067  068  070  072  074  078  079  072  068 
 003  014  011  005  004  001  000  002  003  000  000  000  004  008  006  004 

Celda61

 000  025  027  008  004  009  014  019  024  030  021  002  004  026  026  005 
 004  028  013  000  005  017  020  024  025  023  013  007  010  029  022  001 
 014  018  002  000  010  019  014  017  013  006  001  004  011  021  016  000 
 013  010  000  002  012  017  018  014  004  000  000  000  003  010  008  000 
 014  014  011  016  018  011  015  013  006  004  003  002  000  002  004  000 
 016  019  014  013  007  001  006  010  009  012  009  000  000  000  005  000 
 016  015  012  006  000  000  000  012  014  014  008  000  000  000  010  000 
 014  008  011  012  006  002  002  017  021  011  000  000  000  000  014  008 
 011  008  010  014  016  016  018  034  035  017  005  000  000  000  013  014 
 009  010  009  008  012  016  020  036  037  018  010  006  010  013  020  018 
 006  007  005  002  008  016  022  037  031  011  005  004  007  012  020  018 
 004  006  008  011  018  024  029  030  012  000  000  000  002  009  019  010 
 005  016  024  028  032  030  020  005  000  000  000  000  001  006  006  000 
 042  056  060  054  050  043  033  022  014  017  028  034  034  031  025  022 
 074  082  077  062  056  053  050  053  054  057  062  066  067  064  062  064 
 009  017  015  004  003  004  000  000  000  000  000  000  000  000  000  000 

Celda62

 000  008  012  001  005  008  006  000  000  000  000  000  007  009  000  000 
 000  004  016  010  004  004  000  000  000  000  000  002  009  010  001  000 
 000  003  017  014  000  000  000  000  000  000  000  000  008  011  006  002 
 000  006  014  009  000  000  000  000  000  000  000  000  002  014  015  010 
 000  005  008  002  000  000  000  000  000  000  003  001  000  018  020  008 
 000  000  003  000  000  000  000  000  003  002  010  013  016  037  028  006 
 000  000  000  004  000  000  000  000  010  018  015  022  029  036  017  006 
 000  001  000  006  003  002  000  002  016  023  013  018  021  012  002  001 
 000  002  002  004  006  000  002  002  013  017  008  002  000  000  000  002 
 002  001  002  006  009  003  002  001  002  008  010  010  000  000  000  000 
 006  001  000  003  006  000  000  000  000  000  015  018  004  000  002  006 
 002  000  000  004  004  000  000  000  000  000  022  022  004  002  009  012 
 000  000  000  005  004  000  002  004  012  026  040  028  007  005  010  013 
 024  032  039  046  048  046  049  051  059  065  065  052  042  037  040  044 
 070  078  083  087  090  086  084  083  086  086  083  075  072  070  073  077 
 000  000  000  003  008  004  000  000  004  007  006  001  000  000  004  010 

Celda63

 000  000  000  000  000  000  006  012  006  000  000  000  000  035  075  000 
 000  000  000  000  000  000  002  015  014  006  000  000  002  038  080  004 
 000  000  000  000  000  000  006  022  022  005  000  002  008  050  090  014 
 003  000  003  003  000  000  011  031  021  000  000  007  019  060  093  018 
 004  000  006  006  005  004  015  036  022  005  001  006  020  063  091  018 
 005  002  004  008  010  010  019  037  021  002  000  007  021  054  074  001 
 012  007  010  016  019  018  024  034  014  000  000  009  022  052  075  000 
 006  002  007  014  020  022  030  033  015  006  008  023  032  050  070  000 
 008  004  005  011  018  024  029  027  016  014  015  028  028  039  063  000 
 010  016  018  018  028  027  020  015  008  004  006  018  008  028  064  000 
 016  031  024  020  030  018  012  006  002  000  003  016  002  025  068  000 
 026  038  022  013  018  002  000  000  000  005  013  019  010  036  076  007 
 026  030  011  004  009  000  000  000  002  006  011  011  004  031  068  004 
 047  042  029  027  025  019  022  026  039  035  034  033  028  051  080  019 
 072  065  060  060  057  058  064  070  075  065  062  064  064  079  096  041 
 008  006  005  003  000  000  000  002  007  002  001  000  000  016  041  000 

