Celda0

 000  000  000  000  002  000  000  000  000  000  000  000  000  000  002  001 
 000  000  000  000  004  000  000  000  000  000  000  000  000  000  004  003 
 000  000  000  000  005  000  000  000  000  000  000  000  000  000  004  006 
 000  000  000  000  000  002  010  004  000  000  000  000  000  000  001  006 
 002  003  002  000  000  014  035  025  017  013  012  014  020  022  020  012 
 000  000  000  000  004  032  037  011  002  002  004  005  009  015  018  014 
 001  002  005  007  015  030  018  002  000  000  000  000  003  008  008  010 
 001  002  005  007  017  023  006  000  000  000  000  000  007  015  002  006 
 000  000  000  003  019  020  004  000  000  000  004  014  013  015  007  006 
 001  002  006  008  015  006  000  000  000  005  006  014  012  010  013  008 
 003  006  012  008  000  000  000  000  000  006  003  000  000  006  015  003 
 000  000  001  000  000  000  006  000  000  000  000  000  004  014  012  000 
 000  000  000  000  000  000  010  000  000  000  000  004  018  022  004  000 
 000  000  000  000  000  000  008  003  000  006  007  017  021  010  000  000 
 000  000  000  000  000  000  005  006  000  000  002  013  009  002  000  000 
 000  000  000  000  000  000  005  004  000  000  004  012  002  000  000  000 

Celda1

 000  000  000  000  000  000  000  000  000  000  004  002  000  000  001  001 
 001  000  000  000  001  000  000  000  000  000  008  006  000  000  002  002 
 004  000  000  000  004  000  000  000  000  000  014  015  002  000  003  006 
 004  000  000  000  007  000  000  001  000  000  010  020  006  000  002  006 
 004  000  002  010  020  010  007  023  025  032  028  033  026  022  025  025 
 006  000  000  016  021  012  012  031  027  020  018  016  022  023  025  022 
 006  000  000  017  016  008  010  032  027  014  010  006  017  025  027  023 
 009  008  005  020  014  003  006  026  019  005  006  006  011  026  031  018 
 012  013  014  027  020  009  007  012  013  000  000  006  008  023  032  010 
 009  010  012  030  027  018  011  000  010  006  003  014  014  014  027  015 
 000  000  006  035  031  019  012  002  009  021  021  022  014  006  008  019 
 000  000  013  039  022  010  012  016  024  033  019  011  001  000  000  018 
 000  000  023  033  002  000  004  016  015  017  006  003  000  000  000  009 
 000  000  032  034  000  000  000  000  000  004  006  000  000  000  000  000 
 000  000  038  034  000  000  000  000  000  002  010  000  000  000  002  000 
 000  004  044  034  001  000  004  002  000  002  013  001  001  000  000  004 

Celda2

 000  001  003  001  000  000  000  000  000  000  000  000  000  002  000  000 
 000  002  006  003  000  000  000  000  000  000  000  000  000  005  001  000 
 002  002  010  010  000  000  000  000  000  000  000  000  000  012  004  000 
 001  000  008  017  006  000  000  000  000  000  000  000  000  022  010  000 
 017  013  005  016  014  002  005  002  000  000  000  000  000  032  019  003 
 018  015  010  004  016  000  000  000  000  000  000  000  000  038  028  000 
 020  016  012  004  009  008  000  000  000  000  000  000  000  036  028  000 
 020  016  013  008  000  007  000  000  000  000  000  000  000  034  017  000 
 008  007  008  010  006  000  003  000  004  000  000  000  001  029  005  000 
 000  000  000  004  008  003  004  000  004  000  000  000  006  024  000  000 
 000  000  000  000  008  008  000  000  000  004  002  001  025  037  011  009 
 013  000  000  002  006  006  000  000  000  012  014  012  043  042  020  020 
 023  004  001  005  002  000  000  000  002  011  015  013  046  041  028  032 
 024  022  007  000  000  002  010  010  006  003  005  008  038  039  031  028 
 015  029  010  000  000  012  020  015  002  000  000  000  028  039  030  008 
 002  022  016  010  019  014  009  001  000  000  000  000  031  043  022  000 

Celda3

 000  000  005  009  008  003  001  002  002  001  001  000  000  000  000  000 
 000  000  012  022  019  009  002  004  006  002  002  000  000  000  000  001 
 000  000  028  044  038  020  006  009  012  004  000  000  000  000  000  006 
 000  000  042  054  038  022  008  012  011  000  000  000  000  000  006  014 
 012  022  079  074  028  009  009  012  006  000  000  000  000  015  026  028 
 008  024  076  053  002  000  006  011  006  000  004  021  031  034  030  023 
 000  031  067  030  000  000  004  012  015  023  030  027  020  020  021  019 
 000  041  058  021  006  010  019  029  030  035  031  014  006  015  021  019 
 012  059  059  027  018  020  030  033  031  038  033  020  019  024  023  017 
 040  070  052  021  014  021  034  031  029  040  039  027  030  028  024  020 
 047  050  030  009  005  019  027  023  026  042  043  028  026  028  026  024 
 035  035  028  014  013  012  014  019  029  045  041  020  016  022  023  021 
 020  022  032  016  014  014  016  026  036  044  031  011  013  014  010  010 
 017  026  048  019  004  016  024  033  036  033  019  008  010  003  000  000 
 005  025  048  007  000  013  032  036  030  022  012  001  000  000  000  000 
 000  022  040  000  000  003  030  039  034  025  014  002  000  000  000  000 

Celda4

 000  000  000  004  006  004  001  000  000  001  000  000  000  000  000  000 
 000  000  000  008  016  011  000  000  000  002  000  000  000  000  000  000 
 002  000  000  010  038  026  000  000  000  004  000  000  000  000  000  000 
 010  000  000  004  047  038  000  000  000  002  000  000  000  000  000  000 
 028  025  033  034  046  037  002  014  014  008  003  002  000  000  000  000 
 023  026  022  028  015  023  016  006  019  016  011  006  000  000  000  000 
 022  026  020  014  006  001  028  021  013  019  012  000  000  000  005  025 
 018  019  015  002  003  000  024  042  016  009  002  000  000  000  024  032 
 013  011  012  003  011  010  006  044  034  000  000  000  000  019  025  010 
 014  006  011  011  012  014  002  024  040  002  000  000  011  029  011  000 
 015  006  004  004  000  000  003  000  025  017  000  006  025  019  002  000 
 016  010  002  000  000  000  003  000  000  028  020  011  010  000  000  000 
 012  014  012  005  000  000  000  002  000  026  037  016  000  000  002  002 
 000  002  006  007  003  000  000  007  021  022  032  018  000  000  006  001 
 000  000  000  000  000  000  000  010  023  012  020  020  000  000  007  000 
 000  000  000  000  000  000  006  024  012  004  008  024  004  002  005  000 

Celda5

 000  000  000  003  004  000  000  000  004  003  000  000  001  000  000  000 
 000  000  000  008  008  000  000  000  009  007  000  000  002  000  000  000 
 000  000  000  017  012  000  000  000  018  016  001  001  007  002  000  000 
 000  000  008  018  009  000  000  000  020  026  006  004  013  008  000  000 
 000  016  033  023  004  000  000  000  016  033  014  006  015  014  002  006 
 020  035  025  012  006  007  008  006  006  034  024  011  012  010  000  000 
 035  021  005  001  005  009  010  009  000  030  033  016  011  000  000  000 
 020  001  000  000  006  000  000  002  000  022  040  024  006  000  000  003 
 000  000  000  009  013  002  000  004  007  024  049  031  002  000  000  000 
 000  000  000  022  022  009  009  014  017  029  053  029  002  000  000  000 
 000  000  000  018  016  004  008  014  016  018  044  023  002  002  000  000 
 002  000  000  016  018  000  001  008  010  004  036  022  000  000  000  000 
 000  000  000  016  014  000  005  008  010  006  027  024  000  000  000  000 
 000  000  004  023  018  010  015  013  014  010  013  022  000  000  000  000 
 000  000  011  025  016  011  014  010  010  008  000  018  000  000  000  000 
 000  006  019  026  016  008  006  001  000  000  000  016  000  000  000  000 

Celda6

 000  000  000  000  000  001  000  000  000  000  000  000  001  000  000  001 
 000  000  000  000  000  002  000  000  000  000  000  000  000  000  000  002 
 000  000  000  000  003  006  000  000  000  000  000  000  000  000  000  005 
 000  000  000  000  005  010  000  000  000  009  006  000  000  000  000  004 
 010  016  022  024  016  006  000  000  000  046  052  040  038  031  022  014 
 000  007  018  023  013  000  000  000  016  050  035  015  028  037  037  032 
 000  004  010  012  002  000  000  000  035  036  022  002  011  028  036  036 
 000  000  003  002  000  000  010  041  043  022  014  010  000  014  026  030 
 000  001  002  000  000  013  052  060  034  025  022  014  007  006  016  023 
 000  000  001  000  000  029  072  038  022  025  026  018  009  005  010  016 
 000  000  000  000  004  055  054  018  012  012  014  011  012  008  012  013 
 000  000  000  008  040  057  026  004  006  000  012  004  006  010  017  012 
 000  000  000  034  070  049  014  005  006  001  010  012  000  002  015  009 
 000  000  004  073  083  039  010  006  009  010  010  011  000  005  015  006 
 000  008  057  097  068  018  000  000  006  014  015  015  009  014  019  011 
 000  037  088  077  027  004  000  000  000  008  012  010  011  015  018  016 

Celda7

 002  001  000  000  000  000  000  001  001  000  000  000  000  007  013  000 
 004  002  000  000  002  000  000  002  000  000  000  000  000  018  032  000 
 007  006  003  004  006  002  000  000  000  000  000  000  002  040  071  000 
 006  006  008  012  013  006  000  000  000  000  000  000  004  056  097  000 
 004  000  008  016  017  008  000  000  000  000  000  000  006  062  105  000 
 025  014  001  011  016  010  002  002  000  000  000  000  008  066  106  000 
 038  040  036  023  013  006  002  003  001  000  000  000  010  068  107  000 
 037  048  052  047  034  017  002  000  002  000  000  000  012  067  106  000 
 030  036  042  046  044  039  030  018  008  002  000  004  016  066  105  001 
 022  022  024  029  038  046  046  040  029  018  012  010  013  065  111  007 
 016  018  014  018  023  030  034  036  034  028  024  023  022  075  119  011 
 010  014  010  014  011  007  009  014  018  022  029  039  042  085  119  013 
 006  003  002  000  000  000  000  000  002  014  030  051  054  077  106  014 
 004  001  001  000  000  000  000  000  006  020  043  061  048  060  094  021 
 010  011  005  000  000  000  000  019  028  031  048  060  039  049  087  029 
 012  010  000  000  000  012  027  043  032  021  036  047  025  036  074  025 

Celda8

 000  000  000  000  000  000  003  004  000  000  010  008  000  000  000  000 
 000  000  001  000  000  000  000  004  000  001  008  002  000  000  000  000 
 000  000  000  000  000  000  000  004  004  007  007  000  000  000  000  000 
 000  000  000  000  002  002  000  005  012  018  019  016  014  008  000  000 
 000  000  000  000  008  006  000  008  022  029  028  021  018  008  000  000 
 000  000  000  000  004  008  006  012  027  026  015  003  000  000  000  000 
 000  000  000  000  010  000  006  014  024  016  006  000  000  000  000  000 
 000  000  000  002  026  000  000  011  018  006  000  000  000  002  007  006 
 002  001  000  000  037  010  000  012  016  002  000  000  001  006  007  004 
 004  008  008  000  034  019  006  020  017  000  000  000  004  000  000  000 
 003  008  016  012  020  023  014  022  014  000  000  000  002  000  000  000 
 002  006  016  020  011  022  019  016  004  000  006  008  000  000  000  000 
 001  003  008  012  004  012  020  012  000  002  012  010  000  000  000  000 
 000  000  000  000  000  000  017  015  006  008  010  007  000  000  000  000 
 000  000  000  000  002  000  004  014  014  014  008  006  000  000  000  000 
 001  002  006  009  014  018  006  000  011  021  016  008  000  000  000  002 

Celda9

 000  004  042  032  008  000  008  010  006  001  014  000  000  000  000  006 
 002  006  036  028  014  010  003  001  000  000  013  006  000  000  000  000 
 000  010  036  021  010  011  004  000  000  000  013  008  000  000  000  000 
 000  013  031  014  000  003  003  000  000  000  012  006  000  000  000  008 
 000  022  034  012  000  000  002  000  000  004  006  000  000  000  021  042 
 000  028  038  013  001  000  006  008  004  000  000  000  000  025  049  043 
 000  037  048  019  002  000  004  004  000  000  000  000  019  048  039  013 
 007  054  059  022  009  006  000  000  000  000  000  015  039  037  010  000 
 011  064  055  014  010  011  008  000  000  000  021  036  032  021  006  000 
 019  061  035  000  000  000  000  000  000  020  039  029  015  012  007  004 
 024  049  018  000  000  000  000  000  009  032  027  012  006  004  006  007 
 030  044  011  000  000  000  000  002  027  025  010  004  004  002  000  004 
 031  037  006  000  000  000  012  029  031  020  008  004  002  000  000  000 
 028  027  000  000  008  031  042  034  028  020  008  002  002  004  007  008 
 024  017  000  000  029  049  034  015  016  014  008  004  014  016  018  018 
 024  015  011  024  037  032  016  003  006  006  010  013  028  022  015  010 

Celda10

 004  014  026  029  014  000  000  000  000  000  000  006  046  038  013  000 
 004  020  035  018  000  000  000  000  000  000  000  036  048  022  004  000 
 004  028  024  008  000  000  000  000  000  000  003  042  027  008  008  005 
 030  031  009  000  000  000  000  000  000  000  017  030  006  002  006  000 
 042  020  008  003  001  000  000  000  000  000  026  026  000  004  010  000 
 022  010  004  002  000  000  000  000  000  000  032  019  000  006  011  000 
 000  000  000  000  000  000  000  000  000  006  036  008  000  008  010  000 
 000  000  002  006  004  000  000  001  004  022  035  000  000  009  014  000 
 000  000  007  012  013  011  008  006  010  035  027  000  000  014  020  004 
 002  000  002  003  003  004  005  008  016  041  014  000  000  023  035  014 
 003  000  000  000  000  000  000  000  011  034  006  000  000  032  036  014 
 001  000  000  000  000  000  000  000  015  018  000  000  000  040  044  018 
 000  000  000  000  000  000  000  000  026  006  000  000  000  042  050  026 
 006  005  004  000  000  000  000  011  030  003  000  000  002  036  048  034 
 017  013  006  000  000  000  000  022  020  000  000  002  015  040  036  035 
 006  003  000  000  000  000  004  030  017  000  000  000  022  037  025  031 

Celda11

 000  021  041  008  006  002  015  035  040  030  015  000  000  000  000  004 
 000  018  044  021  012  016  008  019  038  036  018  000  000  000  002  012 
 002  014  044  026  003  012  016  010  024  032  022  004  000  000  004  014 
 000  011  041  028  004  000  006  014  019  020  024  014  002  003  000  007 
 000  012  040  026  006  000  001  008  014  018  022  021  006  008  004  000 
 000  018  043  026  006  003  004  011  020  025  025  020  005  002  002  005 
 000  033  061  037  019  017  015  029  047  045  027  014  005  002  006  018 
 004  048  066  040  026  025  027  049  066  050  030  018  009  012  022  032 
 008  048  060  037  025  025  031  050  055  026  010  008  014  034  034  028 
 016  048  054  034  025  026  031  040  033  003  001  010  031  043  022  014 
 021  044  044  032  030  031  032  032  019  002  011  024  038  023  000  000 
 023  036  036  035  034  029  025  020  010  008  015  018  011  000  000  000 
 022  029  033  037  030  021  017  012  011  018  014  002  000  000  000  003 
 025  029  033  032  022  018  018  018  026  024  010  005  003  006  010  008 
 035  036  031  020  017  018  027  035  032  015  004  002  002  003  005  004 
 042  038  022  012  017  026  033  026  016  004  000  000  000  000  001  000 

Celda12

 002  000  000  000  000  000  026  021  004  004  001  025  011  003  002  000 
 006  000  000  000  003  013  018  008  002  008  007  022  017  007  004  004 
 004  000  000  000  010  006  002  008  000  009  008  016  022  009  005  006 
 000  000  000  005  004  000  000  012  006  003  003  010  026  008  000  002 
 001  010  016  007  000  000  000  014  012  000  000  001  026  014  002  001 
 023  028  012  003  002  004  005  011  009  000  000  000  024  024  006  000 
 032  012  000  000  006  014  016  017  011  004  002  001  021  026  005  000 
 024  004  000  005  011  017  020  022  024  022  019  016  039  033  000  000 
 016  010  012  016  016  013  012  018  030  028  028  024  047  036  016  007 
 010  012  012  010  007  004  000  008  023  014  020  021  040  034  026  030 
 004  008  008  005  004  002  000  009  022  002  008  014  031  036  022  030 
 004  010  014  015  014  012  013  023  025  006  006  012  025  038  016  022 
 007  008  014  018  018  014  012  019  017  003  001  003  010  031  011  010 
 003  001  002  007  008  006  003  009  004  000  000  000  004  033  014  000 
 000  000  004  002  003  006  010  019  008  000  000  000  000  031  020  000 
 000  000  007  007  004  010  014  025  015  008  000  000  000  020  020  000 

Celda13

 000  006  023  026  013  006  003  000  000  000  000  013  000  000  000  000 
 002  008  025  023  006  000  002  000  000  000  000  008  006  000  000  006 
 008  017  034  022  008  002  003  000  000  000  000  004  008  000  000  033 
 007  026  039  015  006  001  000  000  000  000  000  000  007  000  004  062 
 006  029  030  004  000  000  000  000  000  002  006  000  005  010  049  077 
 004  020  015  000  000  000  000  000  004  002  006  000  018  060  081  052 
 002  015  012  000  000  000  000  000  008  000  000  000  038  083  054  004 
 000  009  010  004  001  000  000  000  000  000  000  000  052  062  012  000 
 000  000  004  008  006  000  000  000  000  000  000  024  058  046  006  000 
 026  020  016  019  004  000  000  000  000  000  011  058  063  028  006  000 
 030  028  031  028  018  005  000  000  000  014  063  079  056  030  017  008 
 021  020  020  016  011  008  004  004  015  059  085  062  032  022  012  000 
 008  004  000  000  000  000  002  010  040  082  075  034  017  018  007  001 
 000  000  000  000  000  000  006  021  063  074  043  015  012  013  008  010 
 000  000  000  000  000  000  013  054  075  050  015  002  005  006  009  010 
 000  000  000  004  003  002  026  069  062  024  008  002  002  004  009  006 

Celda14

 012  072  078  029  000  002  005  002  001  004  008  007  007  013  016  013 
 056  088  048  003  000  002  009  006  003  004  004  005  005  012  011  002 
 088  075  012  000  000  002  006  007  006  002  005  011  012  005  004  000 
 079  031  000  000  000  001  002  007  010  008  014  014  010  000  000  000 
 046  000  000  000  003  006  006  013  016  015  014  000  000  000  000  015 
 003  000  000  000  013  009  007  015  017  011  005  000  000  006  025  037 
 000  000  000  004  008  000  000  010  012  001  000  000  010  031  037  024 
 000  000  000  004  006  000  002  012  012  000  000  021  039  031  012  002 
 000  000  000  001  002  003  006  008  006  002  012  036  027  000  000  000 
 003  006  008  011  013  017  017  008  002  010  025  024  006  000  000  000 
 005  004  013  017  016  018  018  017  024  035  032  007  000  000  000  006 
 000  004  013  010  003  007  015  022  031  036  027  014  002  000  000  004 
 000  006  011  005  003  016  023  019  018  019  011  010  011  014  015  012 
 008  000  005  008  018  036  027  009  007  013  004  000  008  016  022  024 
 009  002  000  012  031  035  013  004  001  012  006  002  011  016  016  014 
 010  015  019  022  022  026  007  000  000  010  010  003  002  009  009  006 

Celda15

 000  000  000  000  008  031  046  039  016  006  023  033  011  023  059  013 
 000  000  000  008  035  041  034  021  011  007  028  036  012  023  053  005 
 000  000  005  030  042  031  016  015  018  018  036  040  015  026  052  003 
 000  016  022  029  038  032  019  018  020  018  031  032  007  021  049  002 
 024  022  020  016  037  040  026  020  014  010  024  023  000  018  046  000 
 027  014  010  008  032  036  021  013  010  004  022  021  005  020  049  002 
 010  008  010  010  021  030  018  000  000  000  025  023  008  020  049  002 
 001  007  014  015  011  018  019  000  000  000  026  018  000  012  046  000 
 004  010  010  012  008  002  014  006  000  000  024  017  000  012  046  000 
 011  014  005  005  007  003  002  006  000  000  016  015  000  014  049  000 
 014  018  010  000  000  000  000  000  000  000  010  014  000  017  054  000 
 012  018  012  000  000  000  000  000  000  000  006  012  000  020  060  000 
 008  012  010  000  000  000  000  000  000  000  002  008  000  024  068  000 
 023  019  010  006  010  014  015  014  016  011  004  008  007  045  090  017 
 016  018  016  019  034  042  044  038  028  016  009  029  044  080  105  032 
 007  008  010  015  030  033  026  020  010  008  009  037  053  073  084  025 

Celda16

 002  004  008  012  014  019  022  012  000  022  028  010  000  000  000  012 
 000  000  000  000  000  001  012  022  017  008  027  012  000  000  000  021 
 000  000  000  000  000  000  000  000  012  010  012  010  000  003  018  046 
 000  000  000  000  000  000  000  000  000  014  011  003  004  007  026  047 
 000  000  000  002  000  000  000  007  004  010  016  010  000  004  016  031 
 004  009  018  022  018  011  006  013  019  022  022  021  006  000  016  037 
 006  012  023  026  024  024  026  036  040  042  030  030  023  013  015  038 
 004  010  021  028  030  032  035  045  043  036  015  012  018  025  031  054 
 002  006  014  020  021  018  015  023  020  008  000  000  006  020  025  041 
 000  000  000  000  000  000  000  010  006  000  000  000  006  014  012  019 
 000  000  000  000  000  000  000  010  010  000  000  001  023  018  014  013 
 000  000  000  000  000  000  000  008  010  000  000  020  046  028  024  014 
 000  000  000  000  000  000  004  007  004  000  004  044  059  025  024  016 
 000  000  000  000  001  006  012  017  011  006  019  055  048  006  006  004 
 000  002  007  014  018  017  019  024  019  016  034  052  029  001  000  000 
 002  005  012  020  022  021  022  018  012  013  030  030  012  000  000  000 

Celda17

 028  019  013  013  012  017  013  010  014  007  005  008  016  002  000  000 
 033  019  009  004  003  008  011  014  020  014  000  000  006  001  000  000 
 047  023  002  000  000  006  010  011  018  016  006  004  006  005  003  005 
 041  016  012  014  020  036  047  046  042  030  013  008  011  011  004  001 
 020  005  012  022  033  050  068  072  067  058  044  030  034  028  014  000 
 028  006  011  021  022  035  054  050  036  036  040  038  044  038  030  022 
 034  014  012  019  021  037  054  038  014  010  020  028  033  023  020  022 
 045  018  012  028  042  056  063  040  012  009  010  015  012  004  000  000 
 033  014  017  041  052  047  039  018  003  006  009  004  000  000  000  000 
 022  016  025  041  035  020  016  011  002  008  003  000  000  000  000  000 
 023  022  023  025  020  011  014  019  013  005  000  000  000  000  000  000 
 028  026  014  014  010  008  020  028  016  000  000  000  000  000  000  000 
 029  031  010  000  006  014  026  028  008  000  000  000  000  010  004  000 
 020  028  006  002  002  020  029  020  000  000  000  011  019  006  000  000 
 018  028  000  000  000  018  028  013  000  000  005  008  002  000  000  002 
 014  025  004  000  000  011  024  015  004  003  000  000  000  000  000  006 

Celda18

 000  000  000  002  000  000  016  043  015  000  000  000  030  027  010  026 
 006  010  011  008  005  010  040  052  010  000  000  006  044  024  010  029 
 008  010  009  005  006  016  059  047  011  000  000  021  057  026  018  030 
 000  000  000  000  000  024  066  032  011  002  002  030  057  018  014  020 
 000  000  000  000  000  034  056  006  000  000  002  034  048  004  006  013 
 014  008  002  000  002  039  032  000  000  000  000  035  036  004  010  023 
 024  020  006  000  003  038  012  000  000  000  004  036  031  016  018  030 
 002  000  000  000  012  037  004  000  000  000  012  036  031  024  022  016 
 000  000  000  000  018  033  000  000  000  000  020  037  028  021  016  006 
 000  000  000  000  017  032  000  000  000  000  031  044  030  019  017  014 
 000  000  000  000  018  032  000  000  000  000  045  061  038  022  023  022 
 000  000  000  000  026  036  000  000  000  009  076  079  042  024  029  031 
 000  000  000  000  036  031  000  000  000  023  087  078  032  018  035  043 
 000  000  000  007  046  029  000  000  000  032  085  064  019  013  036  044 
 006  004  006  018  059  034  010  000  000  055  088  056  019  016  032  039 
 006  002  004  032  063  022  006  000  006  082  094  054  027  023  030  036 

Celda19

 044  035  020  018  031  035  022  014  008  006  002  000  000  000  006  000 
 045  027  021  037  049  034  009  002  007  012  010  000  000  000  008  008 
 043  023  030  053  047  021  002  000  010  019  010  000  000  000  008  016 
 037  025  038  049  030  010  000  000  018  022  003  000  000  000  015  022 
 037  030  034  038  024  007  000  000  016  014  000  000  001  011  026  022 
 044  035  030  032  020  002  000  004  012  009  001  000  000  014  012  000 
 041  040  041  047  034  014  014  012  004  000  000  002  004  008  002  000 
 022  039  050  053  040  027  030  032  024  014  002  000  000  004  004  000 
 013  037  046  038  025  019  022  021  022  019  013  004  000  000  008  016 
 018  035  040  028  016  010  007  000  002  000  000  000  006  018  026  026 
 019  028  035  028  016  010  006  000  000  000  000  000  022  041  033  019 
 021  021  034  032  014  006  002  000  000  000  000  034  048  037  022  020 
 026  015  026  028  008  000  000  000  000  000  041  056  033  014  008  010 
 026  017  013  022  002  000  000  000  000  026  054  037  003  000  000  000 
 022  010  000  010  000  000  000  004  020  038  037  015  000  000  000  000 
 012  000  000  001  004  000  008  025  026  024  020  006  000  000  000  000 

Celda20

 000  002  010  014  008  010  008  009  000  000  000  000  000  008  016  000 
 000  004  014  022  011  004  000  000  000  000  000  000  000  001  016  005 
 004  005  016  017  000  000  000  000  000  000  000  000  000  000  020  006 
 012  006  005  002  000  000  000  000  000  008  014  014  004  000  020  008 
 008  000  000  000  000  000  000  029  028  028  023  015  008  000  012  010 
 000  000  000  000  000  006  032  038  016  012  010  006  009  010  000  008 
 000  005  006  016  019  025  034  016  000  000  000  003  010  012  001  004 
 012  031  023  022  020  021  022  008  004  002  004  008  011  008  000  000 
 033  041  014  004  000  009  017  012  014  013  010  009  010  010  003  000 
 029  027  000  000  000  013  014  005  010  010  004  000  004  010  014  018 
 016  018  000  000  000  020  020  002  000  000  000  000  000  004  016  032 
 012  000  000  000  000  027  023  003  000  000  000  000  000  000  018  051 
 012  007  000  000  004  028  022  003  000  000  000  000  000  000  033  063 
 000  005  011  012  011  023  011  000  000  000  000  000  000  012  061  057 
 000  004  009  008  009  022  001  000  000  000  000  000  004  046  067  039 
 002  000  000  000  004  019  006  006  000  000  000  000  032  066  049  018 

Celda21

 000  000  008  004  000  000  037  064  038  014  011  004  000  000  008  005 
 000  004  000  000  000  016  055  055  024  004  004  000  000  000  014  020 
 000  000  000  000  000  046  066  043  017  000  000  000  000  006  030  031 
 000  000  000  000  043  072  054  028  010  000  000  000  006  034  037  022 
 000  000  000  046  077  057  029  018  000  000  000  000  035  041  020  006 
 000  007  039  084  073  027  009  010  000  000  008  030  046  029  006  002 
 002  014  063  086  052  014  008  009  008  018  029  040  035  018  004  000 
 014  034  067  062  027  010  012  025  030  028  028  025  017  007  003  002 
 026  060  066  043  015  006  020  038  030  016  010  006  002  000  002  009 
 058  083  067  037  020  023  037  037  016  008  005  004  002  002  009  021 
 076  084  057  030  027  036  036  022  012  010  010  010  011  011  019  028 
 070  059  035  018  020  023  011  000  000  003  007  010  014  016  023  031 
 047  032  026  015  011  014  004  000  000  000  000  008  010  013  022  031 
 026  022  032  021  005  002  000  000  004  004  006  007  004  003  013  020 
 018  015  023  016  008  006  000  000  004  008  011  008  000  003  012  015 
 002  002  006  015  002  008  009  008  006  006  012  009  000  001  011  016 

Celda22

 018  030  033  023  000  013  013  002  002  008  005  002  004  000  000  003 
 022  026  022  016  005  000  010  016  016  011  000  000  002  005  000  000 
 017  005  002  006  012  010  000  016  023  018  006  001  002  000  002  006 
 006  000  000  004  016  024  020  010  012  016  016  008  000  000  000  010 
 002  000  000  004  013  021  024  022  011  000  012  018  006  000  000  015 
 000  000  002  009  004  012  020  023  022  018  004  010  010  002  000  018 
 000  000  004  013  009  010  018  022  024  026  024  010  000  002  004  017 
 006  010  011  017  016  013  016  020  020  020  023  026  020  004  000  011 
 018  018  013  015  018  012  008  010  014  016  018  026  030  022  004  000 
 026  018  012  012  019  007  000  000  006  016  018  016  014  012  008  005 
 029  019  018  017  020  002  000  004  005  012  014  004  000  000  008  024 
 031  019  020  020  016  006  000  006  008  001  002  000  000  000  024  049 
 028  012  010  010  008  008  006  000  003  002  000  000  000  017  054  043 
 014  002  002  000  000  003  006  000  000  000  000  000  000  041  044  012 
 012  000  000  000  000  000  000  000  000  000  000  000  016  033  012  000 
 014  000  000  000  000  000  000  000  000  000  000  014  018  013  001  000 

Celda23

 007  004  003  007  020  016  000  000  000  002  014  029  035  048  057  009 
 003  000  000  008  020  010  000  000  000  008  014  011  026  052  057  000 
 005  000  000  014  010  000  000  002  017  016  007  003  012  051  067  000 
 012  006  008  006  000  000  003  025  029  018  006  006  009  040  069  000 
 020  012  004  000  000  011  043  040  021  013  006  014  017  039  060  000 
 026  008  000  000  012  047  050  020  008  008  005  016  026  041  060  006 
 023  006  000  008  040  048  023  000  001  006  005  012  029  036  051  011 
 016  006  009  030  045  026  006  000  000  008  010  004  031  033  047  012 
 012  012  020  037  038  018  003  002  000  004  010  000  028  046  049  008 
 023  024  012  024  032  022  006  004  007  000  000  000  020  056  056  000 
 045  031  013  006  022  021  008  005  011  000  000  000  008  056  066  000 
 039  018  012  016  025  019  004  001  006  000  000  000  000  048  076  000 
 026  014  008  014  022  019  008  006  001  000  000  000  000  042  084  000 
 008  009  009  009  007  002  000  000  000  000  006  012  016  061  106  018 
 000  000  000  000  000  000  000  002  012  006  020  036  048  090  121  034 
 000  000  000  000  000  000  002  021  038  028  024  039  054  080  097  022 

Celda24

 002  004  009  010  009  008  009  003  000  002  015  010  002  000  000  000 
 001  002  004  000  000  000  000  000  000  002  008  000  000  008  003  004 
 000  000  000  000  000  000  000  000  000  013  011  004  004  017  017  008 
 001  001  000  000  000  000  000  000  011  023  017  016  019  026  020  006 
 001  002  003  004  005  003  000  008  024  027  020  018  016  014  008  000 
 000  002  006  013  014  008  005  023  031  022  011  008  007  006  001  000 
 000  000  002  006  008  007  012  037  030  013  002  000  000  000  000  000 
 000  000  000  000  000  001  023  041  023  008  002  000  000  000  000  000 
 000  000  000  000  000  003  033  036  011  007  006  006  002  000  000  000 
 001  002  002  000  000  012  038  026  004  003  004  004  003  001  000  000 
 001  001  000  000  000  017  035  015  002  001  002  002  000  002  006  008 
 000  000  000  000  002  027  031  004  000  000  003  003  002  004  010  014 
 000  000  000  000  021  038  022  000  000  000  000  000  006  010  012  014 
 000  000  000  010  042  035  004  000  000  002  004  000  006  010  010  012 
 000  001  006  017  051  029  009  000  000  000  008  004  002  000  000  006 
 002  004  011  024  055  028  022  014  004  000  012  012  002  000  000  002 

Celda25

 007  018  006  000  000  003  020  021  012  002  000  000  000  000  000  001 
 001  013  010  000  004  001  008  022  021  003  000  000  000  000  000  000 
 005  010  014  006  006  008  000  012  026  010  000  000  000  000  000  000 
 004  005  016  007  004  006  009  005  020  014  000  000  001  000  000  000 
 000  000  017  012  000  000  004  011  012  007  000  000  002  000  000  000 
 000  000  016  016  002  000  004  011  010  000  000  002  005  000  000  000 
 000  000  014  016  003  002  013  018  012  010  000  002  011  001  000  000 
 000  000  012  019  008  004  014  016  006  010  008  000  014  002  000  000 
 000  000  012  026  016  008  008  014  003  000  005  001  007  002  000  000 
 000  000  009  034  020  007  002  009  006  000  004  007  000  000  000  000 
 006  004  003  035  028  000  002  008  010  004  010  014  006  000  000  000 
 015  014  007  028  031  000  000  008  015  011  012  010  004  000  000  000 
 018  018  010  018  033  002  000  007  012  006  000  000  000  002  004  004 
 017  012  009  012  033  006  000  000  005  004  000  000  000  006  010  009 
 004  002  006  005  028  008  000  000  000  000  000  000  000  008  007  006 
 000  000  004  002  019  011  000  000  000  000  005  013  005  002  002  006 

Celda26

 002  000  002  037  045  000  000  000  014  099  091  047  032  026  023  022 
 000  000  003  035  026  000  000  002  034  103  076  032  023  009  000  006 
 000  000  000  030  020  000  000  012  056  099  052  011  008  000  000  004 
 000  000  000  033  021  002  003  013  065  078  021  000  002  000  004  024 
 000  000  011  046  025  000  000  002  049  042  001  000  006  018  047  070 
 000  000  031  052  017  000  000  000  038  030  000  000  027  061  078  071 
 000  000  038  038  000  000  000  000  032  030  008  030  064  079  069  045 
 000  001  036  024  000  000  000  000  036  049  047  059  074  071  051  027 
 000  005  030  010  000  000  000  024  062  068  061  061  064  055  035  016 
 000  006  025  004  000  000  025  066  071  061  055  051  050  039  019  003 
 000  010  029  022  022  026  054  076  051  041  051  049  044  030  011  000 
 002  036  061  053  034  030  056  064  024  028  056  054  042  024  006  000 
 012  052  064  046  022  026  063  057  014  026  057  048  025  006  000  000 
 018  048  049  027  009  022  063  044  016  019  050  041  014  000  000  000 
 022  047  043  019  004  020  044  020  006  004  042  037  004  000  000  000 
 029  050  041  011  000  016  030  010  000  000  036  035  000  000  000  005 

Celda27

 003  000  000  002  023  029  029  019  008  012  011  002  000  000  003  000 
 000  000  014  040  056  047  028  014  000  010  010  000  000  000  003  003 
 008  019  045  055  046  032  016  012  000  008  016  002  000  000  000  003 
 048  060  055  031  016  010  002  003  000  000  020  009  000  000  000  000 
 071  058  030  010  000  000  000  000  004  000  014  016  007  000  002  000 
 051  030  008  000  000  000  000  000  010  014  002  014  020  007  010  008 
 022  005  000  000  000  000  001  000  008  018  016  011  024  014  006  008 
 006  000  000  000  000  000  004  000  004  016  027  023  019  013  000  000 
 001  000  000  000  005  007  002  000  009  012  020  022  009  004  002  000 
 000  000  000  000  006  011  008  010  016  007  002  006  004  000  003  000 
 000  000  000  002  000  004  007  012  008  000  000  000  000  000  002  000 
 000  000  000  002  005  000  000  002  000  000  000  000  000  000  000  003 
 000  000  000  000  008  002  000  000  000  000  000  000  000  000  000  000 
 000  000  000  002  010  006  000  000  000  000  008  011  010  004  000  000 
 000  006  015  021  020  011  004  004  008  010  009  002  000  000  000  000 
 012  020  022  014  002  000  000  002  004  006  000  000  000  000  000  010 

Celda28

 002  000  000  000  010  020  002  003  000  000  000  010  061  064  030  016 
 003  000  000  000  017  023  000  000  000  005  022  054  080  059  024  012 
 008  000  000  000  024  019  000  000  000  012  042  074  079  059  034  021 
 010  000  000  002  024  010  000  000  000  032  058  059  056  052  040  028 
 009  003  000  001  014  000  000  000  024  067  055  030  033  046  042  030 
 003  003  000  000  004  000  000  000  060  075  033  012  027  047  037  017 
 004  000  000  000  000  000  000  032  076  057  011  007  033  044  019  000 
 000  000  000  000  000  000  023  066  068  035  006  010  037  033  002  000 
 000  000  000  000  000  025  069  072  049  022  002  014  028  012  000  000 
 000  000  000  000  018  070  080  048  020  002  000  014  023  000  000  000 
 000  000  000  000  049  080  048  001  000  000  000  008  012  000  000  000 
 000  000  000  013  058  053  019  000  000  000  000  006  007  000  006  027 
 000  000  000  022  040  031  006  000  000  000  012  018  025  037  050  057 
 000  000  012  027  030  020  008  015  035  047  049  044  047  053  051  047 
 000  005  023  031  032  034  041  048  051  052  047  040  043  046  038  031 
 027  033  036  043  049  052  046  032  026  032  031  026  032  037  030  019 

Celda29

 004  000  000  018  014  007  011  010  010  008  010  008  000  003  013  020 
 009  001  002  012  022  006  008  010  007  004  002  006  004  003  010  016 
 012  000  000  002  022  018  001  002  000  000  000  005  007  004  008  014 
 020  012  008  003  012  020  008  000  000  000  000  004  008  003  002  006 
 030  028  024  016  001  010  007  000  000  000  000  001  006  000  000  000 
 018  018  018  010  000  000  000  000  004  000  000  000  000  000  000  000 
 000  000  000  000  000  000  000  000  000  000  000  000  002  000  000  006 
 000  000  000  000  000  000  000  000  000  004  003  015  031  043  049  052 
 000  000  000  000  000  000  002  012  016  036  050  054  061  070  061  044 
 000  000  000  006  016  036  039  042  041  050  059  051  050  052  023  005 
 001  026  048  056  056  060  055  046  040  028  040  033  026  015  000  000 
 046  067  066  054  048  040  039  030  027  016  024  024  007  000  000  000 
 061  058  036  024  026  028  027  021  022  018  012  022  002  000  000  025 
 044  029  010  006  012  019  020  018  018  016  005  010  000  000  008  045 
 024  007  004  004  006  008  010  008  006  006  000  000  002  004  023  037 
 008  000  000  001  005  009  006  000  000  000  000  000  006  018  024  023 

Celda30

 012  000  000  000  000  000  000  000  000  003  014  004  000  001  000  000 
 007  000  000  000  000  000  000  000  000  004  000  000  000  000  004  000 
 004  000  000  000  000  000  000  000  010  004  000  000  000  006  018  021 
 000  000  000  000  000  000  000  005  014  004  000  000  011  035  039  035 
 000  000  000  000  000  000  011  027  027  019  019  030  039  044  036  027 
 002  000  000  000  014  045  060  059  046  036  040  047  050  050  044  035 
 023  017  020  028  058  070  064  048  037  035  048  053  050  049  047  041 
 044  024  025  048  066  058  039  020  016  026  044  045  035  029  028  026 
 022  010  028  053  052  034  014  008  011  034  041  031  018  013  014  014 
 000  009  046  048  033  019  012  013  029  049  039  021  014  010  009  011 
 000  040  055  036  022  018  018  024  042  046  025  014  012  010  007  009 
 033  061  047  025  016  018  022  030  036  027  008  005  005  006  008  010 
 058  052  031  014  007  013  022  024  018  009  002  001  000  001  006  008 
 047  028  014  004  004  010  017  012  000  000  000  001  002  002  005  001 
 026  014  008  002  000  009  014  008  000  001  004  006  010  008  005  000 
 020  016  010  002  000  010  014  004  002  012  017  012  013  014  010  006 

Celda31

 000  002  002  000  004  013  035  061  054  028  024  038  035  042  058  003 
 001  011  022  025  030  036  055  065  043  020  025  034  015  010  035  000 
 028  041  047  042  036  040  050  046  027  019  028  026  008  004  033  002 
 036  041  042  035  033  040  037  021  012  017  019  008  002  004  036  007 
 022  021  023  023  025  025  012  002  001  013  006  000  000  006  034  000 
 024  018  021  025  023  010  000  000  000  010  002  000  000  012  044  000 
 036  032  041  048  041  020  013  009  014  020  010  006  010  026  055  007 
 027  032  053  063  053  034  027  025  039  041  034  032  034  052  072  028 
 016  023  042  047  034  019  012  012  036  037  032  033  032  045  057  023 
 012  014  023  022  008  000  000  000  026  021  012  023  026  024  029  002 
 006  004  012  018  007  000  000  000  026  015  004  008  011  006  016  000 
 005  004  011  012  000  000  000  009  025  010  006  008  000  000  012  000 
 006  005  014  010  000  000  000  019  021  004  002  004  000  000  016  000 
 000  003  010  000  000  000  000  026  020  002  000  000  000  000  020  000 
 000  004  006  000  000  000  004  026  014  000  000  000  000  002  027  000 
 002  003  003  000  000  000  006  024  014  002  000  000  000  007  036  000 

Celda32

 004  009  017  026  046  018  020  024  020  012  018  013  001  001  000  000 
 007  016  028  024  027  005  007  019  022  016  009  004  000  000  006  004 
 005  013  026  026  013  004  002  008  012  010  001  000  000  000  003  003 
 001  004  010  015  013  008  004  000  000  001  002  000  000  002  000  000 
 000  000  000  003  006  006  002  000  000  000  002  004  000  000  000  000 
 001  001  000  000  000  000  000  000  000  000  000  002  004  004  008  008 
 002  003  002  000  000  000  000  000  000  002  004  004  007  013  022  014 
 000  000  000  000  000  000  000  000  000  011  020  021  022  024  019  008 
 000  000  000  000  000  000  000  012  023  027  028  029  029  026  018  009 
 000  000  000  000  000  007  030  038  039  031  019  018  018  016  015  016 
 000  001  006  013  019  031  043  039  030  017  010  009  009  007  007  009 
 002  004  012  022  028  029  032  021  010  008  010  011  010  005  000  000 
 002  004  007  009  010  008  013  008  002  006  012  012  007  002  000  000 
 001  002  004  001  000  000  007  009  008  009  003  000  000  000  002  006 
 000  000  000  000  001  002  010  016  010  000  000  000  000  000  004  010 
 000  000  000  000  000  000  009  013  002  000  000  000  000  000  000  001 

Celda33

 000  000  000  000  008  012  000  000  005  008  006  011  006  000  001  010 
 002  000  000  000  002  012  002  002  006  006  002  000  000  000  000  009 
 000  000  000  000  003  015  009  002  001  002  000  000  000  008  002  000 
 000  000  002  006  011  020  008  002  002  004  000  000  000  008  004  006 
 002  006  009  010  011  021  011  008  008  004  000  000  000  004  000  010 
 010  009  009  008  009  029  021  014  007  000  000  000  019  013  000  012 
 009  006  005  003  004  029  012  002  000  000  000  001  033  011  000  018 
 004  004  003  000  002  028  004  000  000  000  000  024  024  000  000  043 
 006  006  003  000  000  028  000  000  000  000  000  045  007  000  006  082 
 014  008  002  000  000  025  000  000  000  000  019  043  000  000  031  094 
 009  005  001  000  000  020  000  000  000  000  030  030  000  002  050  075 
 000  001  004  006  003  013  000  000  000  000  035  026  000  006  056  051 
 000  000  006  010  009  005  000  000  000  013  048  030  004  007  049  028 
 006  004  006  009  006  000  000  000  000  029  056  019  000  006  042  019 
 010  006  003  002  000  000  000  000  010  039  044  006  000  007  042  019 
 004  001  000  000  000  000  000  000  011  033  034  000  000  008  040  022 

Celda34

 031  046  028  000  000  016  022  010  000  010  039  039  013  012  010  007 
 026  032  011  000  000  016  022  016  020  026  028  032  015  004  002  000 
 014  018  000  000  000  024  036  039  042  023  004  024  026  000  000  000 
 018  010  000  000  022  045  046  044  040  012  000  015  032  006  000  000 
 025  010  000  012  031  035  031  033  031  010  012  009  028  009  000  000 
 032  019  012  022  031  032  030  031  028  011  014  011  017  005  000  000 
 046  034  025  029  040  048  042  031  023  010  001  000  008  004  000  000 
 069  046  030  028  041  052  041  021  013  008  000  000  008  012  000  000 
 082  042  023  020  034  046  031  010  004  004  000  000  006  014  000  000 
 064  021  009  009  027  040  018  000  000  000  000  000  000  008  000  000 
 029  005  001  006  025  030  008  000  000  000  000  000  000  008  006  012 
 009  007  012  018  028  018  000  000  000  000  000  000  000  022  032  030 
 000  009  028  030  023  007  000  000  000  000  000  008  028  046  037  014 
 000  012  038  029  006  000  000  000  000  002  010  025  033  029  009  000 
 000  012  037  028  006  000  000  000  009  020  023  016  006  003  000  000 
 000  010  026  022  009  000  002  012  025  023  014  000  000  000  000  000 

Celda35

 008  008  004  000  000  000  000  012  007  000  000  000  000  000  017  046 
 000  000  000  000  000  000  000  010  001  000  000  000  000  025  051  048 
 000  000  000  000  000  000  000  000  000  000  000  000  036  044  030  023 
 000  000  000  000  000  000  000  000  000  000  016  045  044  016  002  016 
 000  000  000  000  000  000  000  000  003  034  054  049  020  001  003  026 
 000  000  000  000  000  000  000  025  048  055  050  030  002  000  013  032 
 000  000  000  000  000  000  036  055  047  035  026  003  000  000  029  028 
 000  000  000  000  020  044  052  043  024  015  008  000  000  008  036  009 
 000  000  017  040  049  037  025  021  015  010  001  000  000  016  034  001 
 009  026  044  044  027  012  002  016  020  012  006  000  000  026  018  000 
 026  031  025  012  006  004  004  018  022  009  004  000  000  020  005  000 
 017  007  000  000  000  000  004  018  018  003  000  000  000  014  001  004 
 000  000  000  000  000  000  004  017  010  000  000  000  000  010  000  012 
 000  000  000  000  000  000  012  013  000  000  000  000  007  014  004  020 
 000  000  000  000  002  008  015  004  000  000  000  000  016  014  006  030 
 001  004  004  004  008  012  007  000  000  000  000  000  025  011  003  034 

Celda36

 046  036  029  038  043  038  022  010  017  033  031  018  018  022  014  004 
 032  026  020  029  026  018  015  014  028  045  033  012  006  010  000  000 
 015  013  016  029  017  000  013  030  041  043  021  004  002  006  000  000 
 012  003  009  032  018  009  005  036  049  034  014  006  003  001  000  000 
 012  000  015  034  018  021  018  024  042  037  019  008  003  000  000  000 
 007  002  027  035  012  019  027  018  016  035  032  013  001  000  000  000 
 006  004  034  028  005  010  021  026  014  020  036  020  001  000  000  000 
 000  005  032  016  002  014  022  020  024  014  023  022  003  000  000  000 
 000  017  030  009  004  015  012  004  014  017  000  012  002  000  000  000 
 005  038  035  012  009  010  007  004  004  012  000  000  000  000  002  018 
 024  054  036  013  008  003  004  008  004  000  000  000  004  016  026  029 
 035  050  025  004  001  000  000  006  000  000  000  000  016  028  026  017 
 041  044  014  000  000  000  000  000  000  000  000  023  025  013  019  015 
 051  038  003  000  000  000  000  000  000  007  045  042  018  000  012  018 
 052  024  000  000  000  000  000  000  016  054  055  023  011  006  004  022 
 043  010  000  000  000  000  000  021  052  058  036  010  014  018  016  026 

Celda37

 000  000  000  000  004  008  000  000  000  000  000  007  011  024  022  014 
 000  001  000  000  000  005  000  000  000  002  013  023  023  031  026  005 
 001  000  000  000  000  004  003  000  009  016  026  032  030  027  027  012 
 000  000  000  000  000  014  018  003  008  016  032  028  024  018  020  012 
 000  000  000  000  009  035  021  000  000  008  021  010  012  008  004  007 
 000  000  000  001  039  040  000  000  000  018  018  000  000  000  000  013 
 000  000  000  019  037  014  000  000  002  018  016  002  000  000  000  016 
 001  002  005  018  013  000  000  000  010  013  011  004  000  000  000  014 
 012  008  007  010  000  000  000  010  014  009  010  004  003  010  014  011 
 023  009  006  004  000  000  000  018  015  010  012  008  010  016  018  010 
 018  004  002  000  000  000  006  020  012  011  016  014  016  012  007  002 
 003  000  000  000  000  000  014  020  006  005  012  017  024  018  000  000 
 002  000  000  000  000  012  039  037  019  011  005  013  022  020  000  000 
 009  006  007  006  009  037  054  039  030  028  025  023  020  012  000  000 
 019  022  015  019  024  055  052  027  026  026  022  014  009  000  000  000 
 031  028  012  012  022  043  029  007  006  003  000  000  000  000  000  000 

Celda38

 016  024  018  008  004  010  012  005  010  020  014  003  001  004  005  004 
 008  028  029  008  000  006  013  008  007  012  002  000  000  001  000  000 
 006  018  032  017  000  004  016  015  010  008  001  000  000  002  000  000 
 012  000  022  024  009  010  023  022  010  004  004  008  014  008  000  000 
 010  010  000  023  023  020  024  015  002  000  008  013  018  015  003  000 
 012  018  010  008  032  034  026  010  000  000  010  015  000  000  000  000 
 024  016  023  012  025  041  030  010  000  000  006  016  000  000  000  000 
 032  008  017  025  017  029  032  019  000  000  000  008  000  000  000  000 
 024  015  000  008  009  007  028  027  002  000  000  000  000  000  000  000 
 009  011  000  000  000  000  016  026  007  000  000  000  000  000  000  000 
 000  006  004  004  006  010  003  016  010  000  000  007  009  004  000  000 
 000  008  013  020  015  018  016  000  001  005  004  000  000  000  000  000 
 000  010  018  014  006  006  011  002  000  000  008  000  000  000  000  000 
 000  012  017  009  007  005  000  000  000  000  002  000  000  000  000  000 
 000  010  008  006  012  012  000  000  000  000  000  000  000  000  000  000 
 015  019  009  018  032  025  008  007  008  003  000  000  000  000  000  001 

Celda39

 002  000  000  000  000  000  011  023  008  000  000  000  000  016  044  000 
 000  000  000  000  000  000  022  024  000  000  000  000  000  026  049  000 
 000  000  000  000  000  000  029  016  000  000  000  000  000  032  054  000 
 000  000  000  000  000  008  024  005  000  000  000  000  000  032  064  000 
 000  000  000  000  000  010  010  000  000  000  000  000  000  031  078  000 
 000  000  000  000  000  006  000  000  000  000  000  000  000  039  092  006 
 000  000  000  000  005  004  000  000  000  000  000  000  002  074  122  026 
 000  000  000  000  006  004  000  000  000  000  000  010  045  095  115  021 
 000  000  000  000  004  003  000  000  000  000  026  061  073  091  095  015 
 000  000  000  000  002  000  000  000  005  039  071  075  060  063  070  007 
 000  000  000  000  000  000  000  002  037  057  053  037  017  031  054  000 
 000  000  000  000  004  007  012  028  033  021  010  006  002  027  056  000 
 000  000  000  005  015  020  024  024  018  012  008  006  005  036  068  009 
 000  000  000  019  029  034  038  041  041  036  029  027  029  056  080  021 
 000  012  049  066  062  054  060  072  067  045  028  020  022  048  070  015 
 042  084  096  086  071  055  055  060  039  010  004  000  009  037  057  002 

Celda40

 000  000  000  000  000  000  007  010  000  000  000  000  000  000  000  000 
 000  000  000  000  000  000  000  003  000  000  000  000  000  000  000  000 
 000  000  000  000  000  000  000  000  000  000  000  000  000  000  000  000 
 003  004  000  000  000  000  000  000  000  000  000  012  016  010  006  001 
 004  008  013  004  000  000  000  002  004  007  012  018  020  012  004  000 
 000  002  009  019  018  005  004  013  013  013  015  004  000  000  000  000 
 000  000  000  012  028  026  010  010  008  004  001  000  000  000  000  000 
 000  000  000  000  008  016  007  000  006  001  000  000  000  000  000  003 
 000  000  000  000  000  000  000  000  000  000  000  000  000  004  010  000 
 000  000  000  000  000  000  000  000  000  000  000  000  006  013  009  000 
 000  000  000  000  000  000  000  000  000  000  012  027  024  014  000  000 
 000  000  000  000  000  000  000  000  004  015  023  015  004  000  000  000 
 000  000  000  000  000  000  000  006  022  021  010  002  000  000  000  000 
 000  000  000  000  000  000  006  020  017  006  000  000  000  000  000  000 
 000  000  000  000  000  000  007  010  009  004  000  000  000  005  008  005 
 000  000  000  000  008  005  005  020  025  018  016  019  025  027  016  002 

Celda41

 000  000  000  000  000  000  000  001  008  032  037  010  008  010  032  020 
 000  000  000  000  000  007  014  016  019  043  041  016  014  010  018  014 
 002  000  000  000  000  000  012  014  021  042  022  000  000  000  008  011 
 000  000  000  000  000  000  004  000  012  024  000  000  000  001  014  028 
 000  000  000  000  000  000  001  000  020  022  000  000  004  026  037  045 
 000  004  000  000  000  000  000  006  027  024  006  015  033  047  045  042 
 008  000  000  000  000  000  006  023  051  055  036  030  041  046  038  030 
 002  000  000  000  000  023  034  045  066  066  039  029  034  040  030  017 
 000  000  000  000  027  055  049  052  068  065  035  026  027  037  026  016 
 000  000  000  008  051  060  047  055  072  065  031  022  019  033  023  016 
 000  000  000  010  049  046  039  059  072  055  021  016  015  026  013  006 
 000  000  000  020  047  037  035  055  056  035  014  014  013  016  000  000 
 000  000  000  025  050  041  036  047  039  016  002  004  006  005  000  000 
 004  000  000  029  050  040  035  046  032  006  000  000  000  000  000  002 
 000  000  004  034  040  036  041  047  024  000  000  000  000  003  000  000 
 000  000  024  046  025  026  047  052  022  000  000  000  000  011  002  000 

Celda42

 003  006  020  024  018  017  020  024  023  011  006  000  000  003  000  005 
 006  010  027  049  048  037  025  014  010  009  000  003  000  006  008  006 
 015  028  052  064  044  023  013  010  004  006  000  000  001  002  018  008 
 042  047  053  046  017  006  006  006  005  000  000  000  006  002  024  022 
 050  044  035  023  010  006  010  002  000  000  000  001  006  009  021  026 
 039  027  016  014  008  002  005  004  000  000  000  006  000  005  009  020 
 022  009  010  014  007  000  000  000  002  002  007  003  000  000  001  008 
 004  002  010  015  007  000  000  000  002  009  004  000  000  000  003  000 
 007  000  008  014  008  002  002  000  000  006  002  000  000  000  008  000 
 012  004  002  014  010  004  006  001  000  000  000  000  000  000  010  008 
 008  008  004  018  016  009  007  000  000  000  000  000  000  000  009  010 
 000  006  008  021  017  008  000  000  000  000  000  000  000  000  009  010 
 000  004  005  017  014  002  000  000  000  000  000  000  000  000  009  013 
 004  004  004  014  008  000  000  000  000  000  000  000  000  000  004  015 
 000  002  006  010  000  000  000  000  000  000  002  000  000  000  000  013 
 000  004  012  010  004  000  002  000  000  000  000  000  000  000  000  008 

Celda43

 010  012  011  008  010  008  004  001  000  000  000  014  027  003  007  043 
 006  005  004  006  007  003  002  004  004  000  000  021  016  000  020  053 
 008  004  000  000  000  000  000  000  000  000  004  011  002  006  040  044 
 012  006  000  000  000  000  000  000  000  000  000  000  000  016  052  035 
 000  000  000  000  000  000  000  000  000  000  000  000  000  026  050  024 
 000  000  000  000  000  000  000  000  000  000  000  000  004  033  046  027 
 000  000  000  000  000  005  003  000  000  000  000  002  017  047  067  061 
 000  000  000  000  003  008  006  000  000  000  000  006  038  084  094  073 
 000  000  004  008  009  002  000  000  000  000  000  014  068  101  080  047 
 000  000  003  013  009  000  000  000  000  000  000  028  085  085  048  026 
 000  000  000  010  006  000  000  000  000  000  002  052  084  067  040  022 
 006  000  000  003  000  000  000  000  000  000  016  066  072  055  038  021 
 009  000  000  000  000  000  000  000  000  000  035  075  057  036  040  026 
 012  002  000  000  000  000  000  000  000  000  051  084  043  015  038  031 
 016  004  000  000  000  000  002  004  000  004  062  074  020  000  024  024 
 012  000  000  000  000  017  020  006  000  011  060  046  013  000  010  014 

Celda44

 036  000  000  000  000  000  029  041  045  044  029  012  017  022  020  019 
 020  000  000  000  000  025  038  028  028  036  028  013  014  018  020  011 
 000  000  000  004  021  037  036  027  026  027  019  010  009  015  020  014 
 000  000  004  030  034  039  043  036  022  008  008  011  004  002  006  004 
 000  006  038  047  037  038  042  027  010  000  000  013  014  002  000  000 
 022  039  053  047  032  024  020  005  000  000  000  012  022  010  000  002 
 052  046  038  028  015  002  004  000  000  000  000  011  023  014  000  004 
 050  030  014  003  002  000  000  000  000  000  008  012  016  012  002  002 
 027  010  006  002  000  000  006  007  002  002  000  000  008  010  004  008 
 016  004  001  008  006  002  002  002  000  000  000  000  009  007  002  010 
 018  012  002  001  002  000  000  000  000  000  000  000  014  009  002  007 
 017  013  003  000  000  000  000  000  000  000  000  000  014  016  009  007 
 013  006  000  000  000  000  000  000  000  000  000  000  012  021  016  015 
 006  000  000  000  000  000  000  000  000  005  018  031  048  048  037  033 
 000  000  000  000  000  000  010  022  035  053  058  059  063  052  036  025 
 002  000  006  025  033  044  054  054  056  060  052  042  036  022  016  006 

Celda45

 029  021  000  000  008  021  011  000  000  000  000  000  000  000  006  012 
 018  019  000  002  014  014  005  000  000  000  000  010  012  016  013  013 
 000  018  013  021  032  029  017  010  005  007  011  011  003  004  000  000 
 000  016  026  025  023  017  012  011  007  000  000  000  000  000  000  002 
 002  011  027  028  015  005  000  000  000  000  000  000  000  000  000  009 
 011  011  019  027  016  004  000  000  000  000  000  000  000  000  004  014 
 012  014  006  020  020  006  000  000  000  000  000  000  000  000  006  010 
 006  006  000  003  022  014  000  000  000  000  000  000  000  004  015  009 
 008  000  000  000  014  019  000  000  000  000  000  000  006  021  030  021 
 007  000  000  000  000  020  010  000  000  000  000  000  015  031  025  006 
 004  000  000  000  000  016  020  002  008  011  008  008  034  038  009  000 
 006  000  003  013  016  016  022  012  004  004  008  020  046  028  000  000 
 021  024  019  020  016  006  012  012  000  000  000  021  022  000  000  000 
 030  023  010  008  007  001  000  003  000  000  002  006  000  000  000  000 
 009  002  000  000  000  000  000  000  004  014  004  000  000  000  002  042 
 000  000  000  000  000  000  000  000  006  018  000  000  000  010  044  049 

Celda46

 036  028  018  030  031  007  000  000  000  000  000  000  000  000  010  047 
 028  014  002  006  006  000  000  000  000  000  000  000  004  019  048  073 
 014  010  000  000  000  000  000  000  000  000  000  016  028  043  062  067 
 010  004  000  000  000  000  000  000  000  000  008  026  045  057  057  044 
 008  000  000  000  000  000  000  000  000  000  018  045  052  047  040  026 
 006  000  000  000  000  000  000  000  000  010  043  053  041  031  028  022 
 004  000  000  002  000  000  000  000  013  044  058  047  033  024  017  016 
 000  002  004  000  000  000  000  015  046  061  050  032  022  009  002  001 
 018  004  000  000  000  000  012  036  051  045  025  014  009  000  000  000 
 000  000  000  000  000  010  034  045  033  020  008  008  006  000  000  000 
 000  000  000  000  018  048  056  042  014  007  006  012  010  000  000  003 
 000  000  000  028  051  060  050  027  007  001  006  014  012  001  000  004 
 000  029  047  052  056  048  027  012  012  022  035  045  041  026  022  017 
 046  062  055  057  056  031  007  008  016  027  040  052  047  035  031  026 
 060  049  047  055  043  024  010  000  024  028  027  030  023  014  016  017 
 037  028  029  028  009  002  005  000  020  036  024  018  014  000  000  000 

Celda47

 087  103  083  060  049  036  031  029  018  000  000  000  009  036  056  000 
 086  070  036  019  019  020  016  008  012  000  000  004  011  034  054  000 
 055  029  010  005  012  012  010  004  001  003  005  008  008  032  055  000 
 024  016  010  016  017  008  006  008  007  000  006  009  008  034  058  000 
 014  018  023  026  015  004  005  010  014  009  000  008  010  034  059  000 
 014  025  032  026  008  002  002  005  008  007  000  004  012  036  060  000 
 013  016  026  019  000  000  000  002  000  000  000  000  011  044  066  000 
 001  000  020  022  000  000  000  001  000  000  000  000  002  049  077  000 
 000  000  010  018  003  000  000  000  000  000  000  000  000  041  081  000 
 005  011  008  008  004  000  000  000  000  000  000  000  000  026  077  000 
 004  006  005  000  002  000  004  016  019  011  000  001  000  022  074  000 
 008  000  000  000  000  005  011  015  018  016  006  000  002  043  094  020 
 013  000  000  000  000  016  025  010  000  000  000  002  016  056  094  019 
 020  012  009  007  002  023  026  000  000  000  000  010  018  046  076  002 
 016  018  026  035  034  036  024  000  003  011  010  004  018  048  076  000 
 001  007  017  028  026  009  008  000  016  023  012  000  008  046  080  000 

Celda48

 000  000  006  012  024  020  033  049  043  028  029  030  030  024  016  006 
 005  012  027  034  043  051  060  055  040  028  032  032  022  014  012  011 
 005  013  029  039  047  051  042  026  020  018  022  022  016  008  004  005 
 004  010  020  026  024  017  004  001  006  006  000  000  001  002  002  001 
 002  004  008  008  005  000  000  000  008  012  001  000  000  000  000  006 
 000  000  000  000  000  000  000  000  005  014  006  000  000  000  000  010 
 000  000  000  000  000  000  000  007  020  024  014  007  008  003  000  007 
 000  000  000  000  000  000  002  019  032  028  016  008  004  000  000  013 
 001  002  000  000  000  000  013  027  026  013  007  001  000  000  000  020 
 002  005  010  009  000  000  016  029  027  008  000  000  000  000  000  023 
 001  003  008  016  022  021  017  016  018  008  000  000  000  000  005  022 
 000  000  002  010  023  028  024  011  000  000  000  000  000  000  016  018 
 000  000  000  000  000  006  010  012  005  000  000  000  000  000  016  013 
 000  000  000  000  004  000  000  000  000  000  000  000  000  000  010  008 
 000  000  000  000  007  002  000  000  000  000  000  004  010  015  019  011 
 000  000  000  000  006  004  000  000  000  000  000  003  019  032  033  026 

Celda49

 004  011  048  047  007  010  042  052  028  008  000  000  000  016  005  000 
 012  020  056  034  004  000  028  039  030  021  004  000  004  016  006  000 
 011  032  053  018  009  011  023  018  018  024  015  005  012  014  006  000 
 008  039  041  014  014  018  026  011  000  012  016  017  018  015  010  000 
 018  048  031  012  012  013  019  012  008  000  005  018  024  020  018  004 
 035  049  019  010  005  002  009  004  005  004  000  009  021  024  024  010 
 040  032  012  006  003  001  012  003  003  006  013  017  017  022  028  017 
 034  013  004  006  008  010  022  010  008  010  022  028  022  013  024  024 
 028  004  000  002  010  016  021  008  006  010  025  027  020  012  006  021 
 022  000  000  000  004  014  008  000  000  004  018  016  007  010  000  005 
 012  000  000  003  010  008  002  000  000  006  014  009  000  002  003  000 
 004  000  000  008  018  014  000  000  000  006  010  004  000  000  000  000 
 000  000  005  014  021  017  000  000  000  002  008  000  000  000  000  000 
 000  000  010  022  022  015  002  000  002  005  005  000  000  000  000  008 
 004  001  013  025  020  010  004  000  001  010  014  013  012  008  006  010 
 017  010  020  028  020  005  000  002  010  009  008  008  013  015  010  003 

Celda50

 000  006  012  010  008  006  002  000  000  000  000  000  000  002  004  000 
 000  006  000  000  000  000  000  000  000  000  000  000  000  000  000  000 
 000  006  000  000  000  000  000  001  004  002  000  000  000  000  000  000 
 000  006  002  000  000  000  000  000  004  006  006  002  000  000  000  000 
 000  009  011  004  006  002  000  000  002  006  005  000  000  000  000  020 
 000  010  018  000  000  000  002  006  003  000  000  000  000  000  020  043 
 002  004  018  004  000  000  004  004  000  000  000  000  000  027  048  032 
 004  002  012  005  000  002  000  000  000  000  000  000  037  053  043  018 
 016  008  009  004  000  000  000  000  000  000  010  052  060  041  017  008 
 022  022  014  004  000  000  000  000  000  019  058  063  041  014  001  000 
 014  031  023  005  000  000  000  000  024  060  052  026  005  000  000  000 
 003  030  029  004  000  000  000  020  052  044  011  004  000  000  000  000 
 002  023  026  000  000  000  011  030  019  005  000  000  000  000  000  000 
 015  020  018  000  000  000  018  010  001  000  000  000  000  000  000  000 
 012  005  008  000  006  019  020  004  000  000  000  000  000  000  000  000 
 000  000  004  009  018  026  024  020  022  018  016  020  026  026  024  021 

Celda51

 000  000  000  003  034  029  006  000  000  023  042  020  008  007  010  013 
 000  000  005  039  034  000  000  000  000  034  038  012  010  032  047  047 
 000  011  033  026  000  000  000  000  000  040  044  033  049  082  089  061 
 010  033  026  004  000  000  000  000  013  078  087  066  071  094  085  046 
 045  034  006  000  000  000  000  001  061  110  097  064  059  065  047  016 
 031  010  004  004  008  014  016  016  076  097  067  037  028  030  033  014 
 007  004  010  016  020  020  017  012  064  068  042  020  008  015  030  021 
 012  012  012  012  010  004  000  002  051  056  043  028  006  009  028  020 
 008  005  007  007  006  000  000  004  050  046  039  034  014  012  029  015 
 000  000  007  004  004  000  000  023  065  048  026  030  026  021  019  004 
 000  000  005  000  000  000  002  047  076  048  017  017  033  029  007  000 
 002  002  000  000  000  000  006  057  067  037  012  005  028  024  000  000 
 006  001  000  000  000  000  028  057  052  028  007  008  016  007  000  000 
 006  002  000  000  000  002  042  042  034  022  000  005  014  000  000  000 
 005  000  000  000  000  014  037  024  023  023  004  008  013  007  008  001 
 018  010  004  000  000  019  032  019  024  030  017  017  013  007  008  010 

Celda52

 016  031  045  051  047  042  045  042  038  037  021  009  005  000  000  000 
 042  040  037  031  024  017  015  018  020  014  006  000  000  000  000  000 
 034  020  017  016  012  005  000  002  006  004  002  000  000  000  000  000 
 034  016  010  014  009  002  000  004  001  000  000  003  000  000  000  002 
 025  022  006  007  003  000  001  008  006  000  000  004  004  002  000  000 
 002  010  002  000  000  000  002  009  010  010  005  004  002  002  000  000 
 000  000  000  000  000  000  006  011  014  018  010  000  000  000  000  000 
 000  000  008  005  000  002  016  018  018  016  004  000  000  000  000  000 
 000  000  013  019  006  000  027  027  014  003  000  000  000  000  000  000 
 000  004  000  008  012  004  028  034  010  000  000  000  000  000  000  000 
 000  012  004  000  000  008  016  032  010  000  000  000  000  000  000  000 
 000  011  003  000  000  002  005  020  012  000  000  000  000  000  000  004 
 002  006  000  000  000  000  004  004  004  000  000  000  000  000  012  028 
 006  006  000  000  003  010  007  001  000  000  000  000  000  014  023  027 
 000  008  002  000  004  014  009  000  000  000  000  000  005  023  021  026 
 000  004  012  007  006  009  004  000  000  000  000  000  008  023  031  034 

Celda53

 000  000  000  000  000  000  000  000  000  008  000  000  017  053  047  026 
 000  000  000  000  000  000  000  000  000  000  018  026  048  043  018  010 
 000  000  000  000  000  000  000  000  000  008  038  050  038  018  008  010 
 002  000  000  000  000  000  000  000  000  031  052  047  026  009  007  012 
 000  000  000  000  000  000  000  008  028  042  043  038  025  014  013  017 
 000  000  000  000  000  007  037  042  037  036  035  035  031  025  029  037 
 000  000  000  000  033  070  066  040  031  037  033  028  025  024  032  039 
 000  000  003  044  080  072  034  022  024  037  029  018  008  023  035  029 
 000  000  039  072  059  022  000  003  019  032  029  026  011  010  040  040 
 000  030  059  048  021  007  004  004  021  034  037  030  027  009  032  046 
 025  054  044  026  022  024  020  012  029  043  040  024  032  027  007  036 
 045  045  028  028  035  021  017  012  038  047  033  018  027  033  016  012 
 042  034  022  024  023  000  002  006  038  038  023  017  016  026  024  001 
 038  035  023  020  017  000  000  002  028  029  021  014  004  008  010  000 
 036  033  024  017  008  000  000  005  028  032  020  004  000  000  000  000 
 029  022  020  022  018  010  002  002  024  028  018  000  000  000  000  000 

Celda54

 022  021  018  015  003  000  000  002  008  030  024  014  012  007  000  000 
 016  016  014  013  004  000  000  008  010  010  018  017  014  009  002  000 
 014  014  014  015  007  005  010  016  017  006  002  018  021  012  001  000 
 018  023  031  028  020  021  026  020  016  012  002  008  028  021  002  000 
 027  040  042  031  023  025  022  014  012  015  014  000  022  030  006  000 
 042  046  042  029  021  017  005  001  004  012  018  013  000  024  009  000 
 036  034  028  018  012  004  000  000  000  000  005  008  000  002  007  000 
 024  023  017  016  012  000  000  000  000  000  000  000  000  000  008  006 
 026  022  011  006  009  000  000  000  000  000  000  000  000  000  018  024 
 038  020  000  000  000  000  000  000  000  000  000  000  000  031  039  030 
 041  024  000  000  000  000  000  000  000  000  000  019  046  059  050  030 
 032  026  003  000  000  000  000  000  000  005  034  053  064  065  050  036 
 010  020  004  000  000  000  000  002  017  038  057  064  064  058  037  025 
 000  006  006  000  000  004  029  044  043  047  058  061  056  042  017  008 
 000  000  011  012  018  042  059  059  046  043  049  051  045  025  004  000 
 000  000  018  031  044  050  053  052  044  038  038  040  032  006  000  000 

Celda55

 000  000  000  000  000  000  008  008  000  000  000  000  000  046  091  000 
 001  000  000  000  000  000  008  006  000  000  000  000  000  054  103  001 
 002  000  000  000  000  000  000  000  000  000  000  000  010  086  136  028 
 000  000  000  000  000  000  000  000  000  000  015  024  037  097  132  023 
 000  000  000  000  000  000  000  005  028  046  053  043  031  071  101  000 
 000  000  000  000  000  014  035  058  060  047  041  031  022  041  091  000 
 000  000  000  013  032  047  067  069  042  022  013  015  010  025  080  000 
 001  014  031  053  054  051  058  041  020  008  002  010  000  016  074  000 
 029  042  060  067  049  033  030  006  000  002  000  002  000  022  074  001 
 033  046  055  051  031  022  008  000  000  000  000  000  000  035  078  000 
 023  030  033  028  016  016  006  000  000  000  000  000  004  046  083  003 
 021  014  032  028  008  004  002  000  000  000  000  000  020  055  085  006 
 022  007  019  033  020  000  000  000  000  000  000  004  027  060  085  003 
 010  008  000  026  026  000  000  000  000  000  000  017  021  060  092  000 
 000  004  002  008  020  006  000  000  000  000  016  025  010  052  098  000 
 000  001  010  002  004  007  000  000  000  004  021  005  000  044  101  000 

Celda56

 002  005  012  017  026  028  026  024  018  008  002  009  024  032  025  020 
 002  006  012  016  027  035  031  032  027  018  008  009  018  018  005  000 
 002  005  010  012  019  021  012  010  010  006  002  005  015  014  004  000 
 001  002  004  006  009  010  005  000  000  000  000  011  019  008  000  000 
 000  000  000  000  002  004  002  000  000  000  000  029  029  012  004  000 
 000  000  000  000  000  001  000  000  000  000  015  047  035  016  010  008 
 000  000  000  000  000  000  000  000  000  002  038  054  031  014  011  010 
 000  000  000  000  001  002  000  000  000  016  045  043  018  008  009  006 
 000  000  000  000  004  002  000  000  000  031  039  024  007  000  003  002 
 000  000  000  000  004  000  000  000  010  041  031  008  002  000  000  000 
 000  000  000  000  001  000  000  000  030  041  017  000  000  000  000  000 
 000  000  000  000  000  000  000  016  043  035  004  000  000  000  000  000 
 001  002  003  000  000  000  003  038  046  023  000  000  000  000  000  000 
 004  011  025  033  033  035  054  080  067  040  033  033  034  033  036  042 
 009  022  048  066  075  081  099  106  082  068  070  074  078  080  083  088 
 000  000  000  000  000  000  015  023  006  000  000  000  000  000  001  000 

Celda57

 016  009  013  019  016  002  000  000  016  014  002  001  002  008  004  000 
 004  004  004  015  017  002  000  000  018  017  000  002  004  000  000  000 
 000  000  000  010  014  000  000  000  016  018  000  000  008  000  000  000 
 000  000  000  006  004  000  000  000  016  018  000  000  008  000  000  000 
 000  001  000  002  000  000  000  001  020  020  001  000  006  000  000  000 
 008  007  002  000  000  000  000  010  034  031  007  004  002  000  000  006 
 007  003  000  000  000  001  002  019  037  021  000  000  000  000  002  016 
 000  000  000  000  000  000  000  018  025  010  000  000  000  001  005  019 
 000  000  000  002  000  000  000  019  018  005  000  000  000  010  017  011 
 000  000  002  007  004  004  003  016  010  000  000  000  005  017  019  003 
 000  000  001  009  006  008  007  011  001  000  000  006  014  019  014  000 
 000  000  002  010  004  008  008  003  000  000  000  012  018  015  008  000 
 000  000  008  016  003  004  003  000  000  003  016  024  018  010  003  004 
 044  041  048  058  045  040  041  041  044  058  071  067  058  049  045  057 
 093  094  099  105  090  084  088  092  095  109  111  100  096  093  096  106 
 000  000  005  015  005  000  000  000  002  013  013  002  000  000  004  012 

Celda58

 000  000  006  023  026  016  010  008  008  013  017  030  034  037  039  037 
 000  000  014  030  025  006  000  000  003  005  012  025  025  021  025  024 
 000  002  020  028  024  006  000  000  011  008  009  015  009  000  000  003 
 000  013  019  019  024  012  000  004  008  011  009  008  001  000  000  000 
 007  024  012  010  022  022  013  020  017  001  010  009  000  000  000  000 
 027  026  009  003  020  036  039  026  024  014  002  006  000  000  001  000 
 031  018  008  005  017  044  037  006  006  011  008  000  000  002  006  000 
 016  004  003  005  011  040  034  002  000  008  012  002  000  005  015  002 
 000  000  004  006  003  022  032  014  004  005  010  012  008  000  014  006 
 000  000  015  012  002  005  032  024  011  004  000  010  021  018  000  004 
 000  013  029  010  002  000  031  027  010  004  000  000  017  028  022  007 
 003  028  029  008  006  004  026  028  008  000  002  002  010  019  024  018 
 017  026  012  001  007  008  016  031  010  000  002  011  002  004  010  011 
 066  053  038  034  044  050  049  066  052  040  039  047  035  035  039  042 
 100  083  078  081  081  088  089  105  095  079  080  082  073  072  076  082 
 007  000  003  008  001  000  000  018  017  000  000  004  001  000  000  000 

Celda59

 030  018  005  000  000  025  026  011  024  036  026  013  004  002  000  000 
 018  006  000  000  000  033  028  003  018  038  030  012  000  000  000  000 
 003  000  000  000  013  049  033  012  020  038  024  004  000  000  000  000 
 000  000  000  000  030  068  032  009  016  037  019  000  000  000  000  000 
 000  000  000  006  059  076  018  000  008  032  018  004  014  018  017  010 
 000  000  004  014  074  064  006  000  006  032  024  011  010  010  013  016 
 000  000  000  009  060  031  000  000  006  034  032  012  000  000  000  000 
 000  000  000  009  042  022  000  000  004  034  032  006  000  000  000  000 
 000  000  000  007  031  024  005  000  000  030  030  002  000  000  000  000 
 000  000  001  008  020  028  014  000  000  026  026  000  000  000  000  000 
 000  000  008  025  027  024  010  000  000  025  023  000  000  000  000  026 
 006  000  008  018  009  004  000  000  000  026  021  000  000  000  028  039 
 004  000  012  013  000  000  000  000  000  023  018  000  000  028  046  028 
 044  049  064  057  042  039  040  040  038  050  046  036  058  085  082  056 
 090  099  117  104  098  096  096  098  100  109  111  107  115  120  106  089 
 000  000  013  000  000  000  000  000  000  008  015  012  015  021  013  000 

Celda60

 000  000  022  018  005  000  000  000  000  021  022  008  008  028  036  029 
 000  000  026  020  000  000  000  000  022  026  020  008  008  027  026  015 
 000  004  020  014  000  000  000  016  026  000  000  012  012  016  027  019 
 000  005  008  000  000  000  015  025  005  000  000  018  020  005  022  024 
 000  000  000  000  000  017  037  003  000  000  016  020  024  022  012  019 
 008  000  000  000  014  036  022  000  000  027  040  021  022  028  019  003 
 000  000  002  012  025  024  012  000  017  054  041  015  011  015  016  006 
 000  000  025  033  016  000  008  022  045  054  020  003  000  000  001  000 
 000  031  039  018  002  000  010  037  048  034  000  000  000  000  000  000 
 030  047  012  000  000  000  031  042  040  031  000  000  000  000  000  000 
 043  020  000  000  000  025  045  033  022  023  004  000  000  000  000  000 
 020  000  000  000  015  051  041  019  008  007  000  000  000  000  000  000 
 000  000  000  005  045  043  021  008  006  000  000  000  000  000  000  007 
 040  033  044  089  087  060  049  047  042  042  040  040  044  050  052  061 
 092  101  120  139  113  092  090  092  082  084  094  106  113  112  106  109 
 000  000  013  027  009  000  001  007  000  000  000  000  000  000  000  005 

Celda61

 016  013  019  025  019  013  010  010  018  010  002  000  000  000  000  000 
 006  010  019  022  010  005  008  012  007  000  000  000  000  000  000  001 
 006  006  012  014  004  000  000  000  000  000  000  000  000  000  004  012 
 010  006  010  010  000  000  000  000  000  000  000  001  026  020  012  000 
 015  010  009  004  000  000  000  000  000  000  000  041  054  030  016  000 
 019  016  004  000  000  000  000  000  000  004  033  056  051  023  014  006 
 014  020  000  000  000  000  000  002  013  030  045  052  029  002  001  008 
 000  016  001  000  000  002  016  027  031  037  043  037  002  000  000  008 
 000  004  006  000  004  022  025  028  036  040  034  011  000  000  000  022 
 000  000  012  014  022  023  019  026  040  036  014  000  000  000  012  039 
 000  008  018  019  021  016  016  024  028  012  000  000  000  004  024  035 
 018  030  019  008  020  022  016  011  003  000  000  000  000  008  015  023 
 029  026  020  010  008  024  022  004  000  000  000  002  007  007  002  021 
 068  060  060  064  056  052  053  035  030  032  046  066  058  053  048  063 
 112  106  100  106  108  102  110  094  089  095  112  119  100  098  100  111 
 014  012  003  000  000  000  013  007  000  000  014  019  002  000  000  011 

Celda62

 000  012  023  031  038  036  040  047  043  028  022  026  017  000  000  000 
 019  030  025  020  034  041  039  042  028  003  000  010  006  000  000  000 
 020  022  018  010  018  040  050  040  016  000  000  004  002  000  000  000 
 006  008  001  002  007  023  046  042  016  001  000  000  000  000  000  000 
 000  006  010  017  022  012  020  032  020  010  008  002  000  000  000  000 
 000  008  026  040  031  020  004  007  017  018  018  010  000  000  000  000 
 012  018  027  026  014  000  004  000  000  019  028  020  006  000  000  000 
 022  016  008  016  014  002  000  004  000  014  036  031  013  001  000  000 
 029  026  010  004  017  014  012  024  022  007  028  034  020  003  000  000 
 030  024  022  013  019  028  024  028  032  024  007  020  020  008  000  002 
 020  013  020  021  013  023  019  002  018  028  023  000  004  011  012  018 
 014  002  010  016  013  010  014  002  000  018  028  020  000  006  023  030 
 017  000  000  003  012  014  003  000  006  003  004  008  008  004  024  030 
 056  036  036  043  059  065  064  054  042  038  032  044  058  066  078  067 
 099  084  086  099  112  104  104  104  100  091  089  098  112  122  123  113 
 006  000  000  011  016  002  000  000  000  000  000  000  000  003  001  000 

Celda63

 000  000  007  008  000  000  000  000  000  001  002  000  000  043  106  000 
 000  001  000  000  000  000  000  000  000  002  000  000  000  050  110  000 
 000  000  000  000  000  002  000  000  004  002  000  000  000  056  114  002 
 000  000  000  000  000  004  006  002  004  009  009  010  006  064  121  006 
 000  000  005  008  004  006  008  006  007  025  014  009  001  061  117  001 
 000  000  012  019  017  011  014  012  008  025  004  002  000  063  118  000 
 000  003  018  032  030  012  012  014  010  016  000  000  004  071  125  006 
 000  015  034  045  032  007  002  004  004  004  000  000  004  077  126  008 
 006  027  042  041  021  004  000  000  000  000  000  000  000  075  118  004 
 019  035  034  021  007  000  000  000  001  002  000  000  014  075  113  003 
 030  032  022  012  004  000  000  000  004  008  002  000  022  078  112  004 
 032  026  018  014  006  000  000  000  003  000  000  000  023  077  110  000 
 026  023  022  020  011  004  007  006  000  000  000  000  020  074  112  000 
 059  068  078  074  056  046  048  050  046  042  044  050  070  111  135  023 
 117  129  127  108  087  082  084  089  092  096  104  111  126  150  156  060 
 014  030  030  015  001  000  000  000  000  000  000  002  014  041  066  000 

