Celda0

 000  000  000  000  002  003  002  000  000  001  000  000  000  000  001  003 
 000  000  000  000  006  006  002  000  000  001  000  000  001  000  002  008 
 000  000  000  000  013  008  000  000  001  000  000  000  002  000  004  015 
 000  000  000  000  015  002  000  004  004  000  000  000  000  000  005  018 
 001  003  004  000  007  001  005  009  003  000  003  005  000  000  010  020 
 000  000  000  000  000  008  012  004  001  007  008  001  000  000  014  023 
 001  002  002  001  004  015  006  000  004  015  009  000  002  010  015  019 
 003  006  008  004  001  008  000  000  008  016  006  000  004  012  010  006 
 001  002  003  002  000  002  000  000  012  012  002  004  006  010  010  000 
 000  000  000  004  006  000  000  006  012  008  001  011  019  012  010  003 
 000  000  000  000  000  000  002  011  007  004  004  020  028  006  000  000 
 000  000  000  000  000  001  018  012  005  005  011  029  022  000  000  000 
 000  000  000  000  003  024  028  019  012  012  015  020  012  000  000  000 
 000  000  000  000  018  036  022  010  006  000  007  009  004  000  000  005 
 000  000  000  000  020  025  014  000  000  000  006  004  001  000  002  013 
 000  000  000  000  020  022  014  000  000  004  000  001  002  008  012  006 

Celda1

 003  001  001  001  000  000  000  000  000  003  004  002  002  003  000  000 
 007  002  003  002  000  000  000  000  000  007  009  006  006  006  001  000 
 014  007  009  004  000  000  000  000  001  013  017  014  012  012  004  000 
 018  013  014  005  000  000  000  000  002  013  019  019  016  014  010  003 
 020  016  012  004  000  000  008  012  008  011  014  016  014  014  012  006 
 020  013  006  002  000  000  012  019  021  021  013  006  011  012  010  006 
 016  010  004  004  002  000  008  016  023  022  015  005  004  008  007  004 
 007  004  006  010  009  006  010  009  006  004  004  002  000  000  006  006 
 000  000  008  016  015  011  015  012  000  000  000  000  000  000  005  016 
 000  000  014  016  016  014  017  014  000  000  003  006  006  000  002  022 
 000  000  017  014  014  016  016  014  004  003  016  012  017  021  020  035 
 000  000  013  014  016  020  017  012  010  014  020  012  016  025  027  032 
 004  009  008  016  025  027  019  013  013  013  011  005  008  016  022  024 
 012  009  005  020  027  018  012  012  012  008  007  006  000  007  015  017 
 011  003  000  019  018  012  010  017  015  004  003  009  006  003  005  004 
 002  003  003  018  012  004  008  020  022  009  008  013  013  003  000  000 

Celda2

 000  000  000  000  003  004  003  000  000  000  000  001  000  000  000  003 
 000  000  000  000  006  008  006  000  000  000  000  002  000  000  000  008 
 000  000  000  001  012  014  010  000  000  000  000  000  000  000  000  020 
 000  000  000  002  013  014  008  000  000  000  000  000  000  000  000  036 
 000  000  000  004  012  008  002  000  000  000  000  000  000  000  000  050 
 000  000  002  011  013  002  000  000  000  000  000  000  000  000  000  056 
 000  000  004  018  014  000  000  000  000  000  002  002  006  004  000  054 
 000  000  008  022  012  000  000  000  000  000  012  004  003  005  000  046 
 009  002  010  018  009  000  000  000  001  005  012  004  000  000  000  034 
 020  012  013  014  005  000  002  006  010  015  010  000  000  000  000  018 
 032  023  022  021  011  008  008  012  018  016  010  004  000  000  001  000 
 033  031  030  024  016  010  012  024  024  015  009  008  008  008  008  000 
 028  029  026  015  009  006  017  033  021  013  007  007  007  006  008  001 
 016  014  016  004  002  006  025  029  010  009  009  008  004  002  002  002 
 000  004  015  012  002  008  022  015  000  004  011  012  010  008  008  009 
 000  001  015  016  000  000  011  007  000  000  004  007  011  016  016  014 

Celda3

 000  000  004  005  004  002  000  000  003  001  000  000  000  006  005  002 
 000  000  008  012  008  004  000  002  008  002  000  000  000  013  014  007 
 000  000  012  018  015  007  000  008  015  006  000  000  000  021  035  020 
 004  002  002  007  011  011  008  013  016  012  005  001  002  010  049  034 
 048  038  038  014  000  012  019  016  014  017  023  022  030  019  038  040 
 056  025  015  000  000  009  028  020  018  023  030  021  014  018  009  034 
 074  019  000  000  000  008  030  024  025  028  028  030  000  006  000  018 
 086  024  000  000  002  024  030  015  025  029  024  030  016  000  000  002 
 086  033  000  009  024  061  044  016  012  026  021  026  025  000  000  000 
 076  046  000  016  029  069  041  033  014  013  018  020  026  010  000  000 
 060  061  001  014  022  051  025  038  040  020  010  016  024  018  000  000 
 037  070  028  000  008  032  021  026  046  050  036  015  014  021  000  000 
 013  064  042  000  009  026  022  023  030  056  062  046  017  014  003  002 
 000  050  038  014  027  030  024  028  037  038  054  060  052  026  000  000 
 006  036  028  020  039  033  026  038  043  027  024  044  060  050  013  000 
 011  034  033  038  052  036  030  041  037  016  003  014  032  042  030  003 

Celda4

 002  000  000  000  000  004  005  002  000  000  000  002  002  003  004  000 
 004  000  000  000  000  010  012  003  000  000  000  004  004  006  008  002 
 004  000  000  000  002  019  019  000  000  000  000  006  004  009  015  005 
 000  000  000  000  009  016  010  000  000  000  004  002  005  011  013  007 
 000  000  000  015  027  004  000  000  000  014  010  000  012  023  016  010 
 000  000  000  025  008  000  000  000  000  022  012  006  018  017  009  005 
 009  000  006  012  000  000  000  000  000  015  021  021  024  013  010  001 
 017  008  006  000  000  000  000  000  000  012  037  043  028  012  005  000 
 020  017  000  000  000  000  000  000  000  038  060  046  020  005  000  000 
 020  018  000  000  003  000  000  000  013  050  051  032  011  000  000  000 
 012  018  000  000  008  003  000  000  033  048  036  019  000  000  000  007 
 000  014  000  000  002  010  000  014  040  042  025  012  000  000  000  015 
 000  004  001  000  000  024  029  027  035  028  016  009  000  000  008  016 
 000  000  012  009  029  046  037  024  024  017  009  008  006  007  015  007 
 000  001  028  032  036  033  018  010  014  019  019  017  015  015  011  001 
 000  010  041  035  019  008  002  006  014  024  025  017  013  014  005  000 

Celda5

 000  000  000  000  004  002  000  000  001  003  000  000  000  000  000  000 
 000  000  000  000  011  005  000  000  002  006  000  000  000  000  000  000 
 000  000  000  002  026  010  000  000  004  008  000  000  000  000  000  000 
 000  000  000  005  037  010  000  000  003  000  000  000  000  000  000  000 
 004  008  015  025  046  006  004  014  016  006  000  001  007  003  000  000 
 000  000  006  017  022  000  001  013  010  008  009  006  002  000  000  000 
 000  000  005  000  006  000  002  007  004  008  010  004  000  000  000  006 
 000  004  008  000  000  006  010  006  000  006  006  003  002  002  004  006 
 002  008  002  002  000  009  012  010  008  007  009  014  014  012  012  010 
 007  008  000  000  005  011  014  021  018  012  020  030  027  020  016  012 
 017  007  000  000  002  015  020  024  017  012  025  030  026  020  014  012 
 010  000  000  000  014  018  017  019  018  018  014  010  008  010  011  014 
 001  000  000  013  029  017  009  014  022  017  000  000  000  000  003  007 
 000  000  006  025  020  004  000  012  020  006  000  000  000  000  000  000 
 000  000  017  013  000  000  000  012  018  002  000  000  000  001  006  006 
 000  005  012  000  000  000  002  012  014  000  000  000  000  004  008  012 

Celda6

 000  000  002  002  003  003  001  000  000  000  000  001  002  003  004  002 
 000  000  004  005  008  007  002  000  000  000  000  003  005  007  009  005 
 000  000  008  012  017  014  000  000  000  000  000  008  012  016  018  010 
 000  000  009  019  024  014  000  000  000  000  000  013  020  024  020  008 
 000  002  012  022  022  010  000  000  000  002  005  022  036  038  021  001 
 006  009  015  017  012  008  004  000  000  006  008  024  037  029  006  000 
 014  009  011  009  002  005  004  000  000  004  005  023  034  019  000  000 
 013  009  010  006  000  002  000  001  004  002  009  034  032  008  000  000 
 004  008  010  007  006  004  004  003  008  005  025  042  018  000  000  000 
 009  010  004  008  014  012  010  010  012  021  043  031  004  000  000  000 
 014  014  009  009  014  010  001  004  013  034  040  004  000  000  000  000 
 016  016  012  008  006  006  005  006  011  025  014  000  000  000  000  000 
 008  006  006  006  002  000  004  010  015  014  000  000  000  000  000  000 
 000  000  000  000  000  000  003  012  011  002  000  000  001  001  002  000 
 005  000  000  001  000  000  008  018  006  000  000  003  006  000  000  000 
 016  015  004  000  000  000  016  020  000  000  000  008  005  000  000  001 

Celda7

 000  000  000  000  001  000  000  000  000  000  000  000  001  007  013  000 
 000  000  000  000  005  000  000  000  000  000  000  000  002  018  032  000 
 000  000  000  000  016  000  000  000  000  000  000  000  002  036  067  000 
 000  000  000  000  027  004  000  000  000  000  000  000  000  044  088  000 
 000  003  008  016  046  023  017  014  010  015  023  024  016  045  089  000 
 000  000  001  016  045  017  008  006  007  013  024  027  018  039  091  004 
 000  000  000  023  047  009  002  000  000  004  013  018  016  035  091  005 
 000  000  007  030  036  000  000  000  000  000  005  010  014  035  090  007 
 000  002  018  034  031  000  000  000  000  000  004  000  006  030  083  006 
 000  009  023  030  022  000  000  000  002  000  000  000  000  030  082  009 
 004  021  033  029  008  000  000  000  000  000  000  008  001  038  087  015 
 012  022  026  018  000  000  000  000  000  000  000  014  013  041  081  007 
 016  024  024  016  000  000  000  000  000  000  000  010  016  050  078  000 
 011  023  024  013  000  000  000  000  000  004  010  003  010  054  082  000 
 002  016  021  012  000  000  010  000  000  002  002  000  004  052  082  000 
 001  004  014  014  000  002  023  008  007  003  000  000  004  050  082  000 

Celda8

 000  000  000  000  021  024  016  010  010  018  015  007  002  006  010  005 
 000  000  000  000  022  022  016  018  021  013  018  016  008  000  000  006 
 002  004  010  012  026  022  017  016  020  012  007  012  007  000  000  004 
 003  007  014  016  019  015  015  010  014  020  004  000  000  000  000  000 
 002  005  010  012  009  008  012  008  008  016  012  000  000  000  002  003 
 000  000  002  005  010  014  015  014  012  014  016  006  008  006  009  014 
 000  000  000  002  018  023  025  027  021  019  025  015  012  013  014  016 
 001  002  004  006  023  020  019  025  017  012  016  004  000  006  014  019 
 002  004  007  007  017  008  007  012  001  000  006  002  000  004  013  018 
 001  003  006  003  008  006  006  012  003  000  006  008  012  016  010  006 
 000  002  005  004  002  005  003  008  010  006  011  017  020  014  006  000 
 001  004  009  011  007  005  000  002  014  014  009  012  013  006  007  000 
 003  006  010  010  010  010  006  000  014  018  009  012  018  006  009  005 
 003  006  008  006  006  005  003  002  012  014  008  014  020  008  000  006 
 001  002  004  004  000  000  000  000  013  011  007  012  016  009  000  000 
 000  000  000  000  003  004  006  018  026  019  013  009  008  006  002  000 

Celda9

 000  002  007  019  012  002  002  017  028  023  018  016  015  003  000  000 
 002  000  010  020  017  008  002  010  032  033  016  011  011  004  000  000 
 010  008  010  011  010  002  002  004  030  034  021  010  003  003  005  005 
 012  015  012  009  011  003  005  002  020  030  025  017  008  001  008  005 
 008  014  011  012  017  010  005  006  008  022  024  022  016  008  000  000 
 012  004  005  014  023  016  000  002  001  012  020  023  020  013  000  000 
 020  019  010  008  022  020  006  000  000  004  016  020  017  014  004  000 
 021  020  017  008  015  022  012  000  004  005  014  012  008  012  016  012 
 015  012  011  008  008  018  014  008  012  018  016  007  000  008  022  024 
 005  006  010  014  012  012  013  021  024  018  016  010  006  008  018  027 
 000  006  013  021  022  014  017  029  026  013  016  016  012  007  009  024 
 004  003  010  014  013  010  014  025  021  011  009  014  013  009  008  017 
 001  006  000  000  000  002  011  019  018  014  009  007  010  013  013  019 
 000  001  002  000  000  002  010  013  012  016  014  010  014  020  020  023 
 000  000  004  004  003  010  013  013  013  020  025  023  023  021  016  012 
 000  000  002  007  008  016  014  010  013  023  030  024  013  004  000  000 

Celda10

 000  006  014  011  003  004  008  004  000  000  000  000  000  012  018  018 
 004  012  010  005  006  008  006  002  000  000  000  000  000  006  018  024 
 007  012  007  004  007  008  002  000  000  000  000  000  000  000  009  020 
 000  012  010  007  007  004  002  000  000  000  000  000  002  000  002  012 
 000  016  022  015  009  004  007  012  008  005  004  004  004  002  005  010 
 006  041  040  020  011  012  017  014  007  010  012  010  006  007  011  013 
 019  043  030  010  008  014  016  010  008  010  010  006  006  014  013  010 
 021  027  014  000  000  008  008  004  007  008  006  003  004  018  010  004 
 021  022  013  001  002  007  007  002  002  002  003  008  013  022  008  006 
 028  026  017  007  008  013  011  002  000  000  000  008  022  020  009  009 
 035  028  013  007  011  014  009  002  000  000  000  009  019  010  006  008 
 034  032  014  004  005  006  000  000  001  004  010  016  011  001  002  003 
 027  029  016  004  004  008  003  000  011  020  020  011  001  000  000  000 
 026  016  012  008  007  008  008  014  024  020  010  000  000  000  000  000 
 010  001  006  016  014  011  016  026  024  008  000  000  000  000  000  000 
 002  000  005  018  018  014  020  027  013  000  000  000  000  000  000  004 

Celda11

 012  020  039  056  056  035  031  034  032  020  010  009  006  018  032  036 
 018  013  056  073  049  028  030  028  028  024  014  008  000  004  026  054 
 024  016  064  070  035  029  038  032  029  025  014  004  000  000  021  046 
 020  016  044  060  034  036  045  035  032  023  006  000  000  000  012  022 
 015  014  022  047  048  051  045  027  020  007  000  000  007  010  006  005 
 016  019  008  025  058  073  043  012  002  000  000  001  020  021  010  008 
 010  014  010  001  060  090  050  009  002  003  007  017  029  025  016  022 
 004  010  015  008  056  100  060  016  008  010  013  018  019  021  022  024 
 010  018  023  018  047  100  068  019  006  000  000  002  006  020  024  012 
 014  018  022  020  028  092  080  021  000  000  002  004  004  022  026  002 
 008  006  011  015  008  084  088  026  000  000  009  010  004  018  024  008 
 000  000  000  010  008  074  088  025  000  000  022  010  000  010  018  014 
 000  000  002  003  008  062  082  022  000  009  018  000  000  006  013  015 
 000  000  004  000  000  050  080  028  003  016  008  000  002  006  010  013 
 000  000  002  000  000  035  075  045  008  009  002  002  010  011  014  013 
 004  000  000  005  000  016  064  063  026  000  001  008  006  007  010  004 

Celda12

 034  036  046  030  016  008  004  011  023  024  014  003  002  005  000  000 
 072  067  038  009  017  017  019  026  024  013  006  000  003  005  000  000 
 064  064  042  014  016  027  033  029  013  000  000  000  004  009  003  000 
 028  032  033  027  018  027  032  024  008  000  000  000  006  014  010  000 
 006  012  024  031  020  010  032  030  004  006  000  000  007  016  012  000 
 006  007  014  022  019  004  021  037  016  000  004  002  002  009  009  002 
 018  010  008  015  024  022  001  026  026  000  000  002  002  003  009  011 
 025  020  018  025  033  033  020  000  018  006  000  000  000  010  029  028 
 018  022  028  032  033  030  028  020  000  000  000  000  009  023  028  016 
 008  016  019  018  018  023  028  028  020  000  000  005  026  032  022  008 
 000  004  004  004  008  014  022  023  021  016  006  005  034  036  019  004 
 003  000  000  012  018  018  017  016  017  024  028  016  027  040  024  005 
 005  000  006  019  024  022  018  012  012  021  034  030  011  036  034  006 
 004  001  014  011  004  008  012  013  012  016  027  032  018  016  034  016 
 000  000  014  008  000  000  000  008  016  021  026  030  026  008  018  018 
 000  000  011  003  000  000  000  000  008  018  026  030  030  020  000  008 

Celda13

 000  006  005  000  000  001  002  010  010  000  000  000  000  002  000  001 
 000  000  000  000  000  002  000  008  006  000  000  000  008  000  000  000 
 000  000  000  000  004  002  005  011  001  000  000  008  010  000  000  000 
 000  000  000  000  000  002  010  012  000  000  000  011  010  000  000  000 
 000  000  002  000  000  000  006  004  000  000  004  010  008  000  000  000 
 000  002  008  006  002  002  000  000  001  006  006  008  010  000  000  002 
 009  007  004  000  000  005  009  009  004  002  001  010  014  004  000  002 
 019  012  006  002  002  012  009  012  012  004  000  010  016  007  002  004 
 006  004  005  009  013  015  004  000  002  006  008  014  017  016  018  010 
 000  000  000  004  011  010  002  000  000  000  008  022  025  027  022  010 
 000  000  000  000  005  004  008  009  008  008  019  027  025  028  018  009 
 000  000  000  003  007  005  012  018  018  016  026  023  018  023  014  010 
 002  004  002  002  012  014  009  009  008  009  018  011  007  013  007  004 
 000  000  004  007  021  019  006  002  000  007  014  006  000  008  008  000 
 013  007  000  009  024  018  004  003  004  012  018  008  001  001  011  006 
 018  017  008  012  020  012  003  007  008  011  013  000  000  000  010  006 

Celda14

 002  009  006  000  000  003  019  014  000  000  004  011  004  000  004  010 
 002  000  000  000  000  014  012  000  000  004  015  017  002  002  006  008 
 003  000  000  005  016  025  005  000  000  014  028  014  000  000  000  002 
 006  002  004  015  023  014  006  008  014  029  029  004  000  000  000  005 
 010  008  015  020  016  005  001  006  017  026  016  000  000  000  000  014 
 010  003  011  017  012  004  000  004  012  013  002  000  001  000  005  022 
 008  008  009  006  009  010  006  000  012  012  005  006  008  003  011  030 
 002  010  014  000  000  007  014  012  001  010  016  009  002  001  013  032 
 006  014  012  000  000  000  012  016  008  004  018  010  000  000  019  029 
 011  021  006  000  000  010  012  009  002  004  013  002  000  009  029  019 
 011  015  002  000  002  026  008  002  000  012  018  006  008  031  029  005 
 010  006  000  000  013  025  000  000  010  024  020  012  023  035  015  003 
 004  002  002  001  010  016  000  002  018  022  011  012  022  017  003  005 
 001  000  000  000  004  011  002  011  025  016  006  012  010  000  006  018 
 000  000  000  000  000  011  021  029  012  002  000  008  003  000  014  020 
 000  000  000  006  019  036  041  021  000  000  000  008  000  002  017  012 

Celda15

 011  008  012  016  013  023  028  006  004  002  000  000  004  050  082  000 
 010  018  030  037  039  036  020  003  000  000  000  000  000  050  086  000 
 011  029  035  043  047  030  016  010  008  008  007  006  005  051  091  003 
 029  038  030  037  035  015  012  015  019  016  010  008  008  050  088  000 
 035  030  016  022  016  004  009  017  020  016  012  015  014  043  082  000 
 031  016  002  008  008  000  007  017  020  020  021  024  020  035  079  000 
 026  006  000  002  003  006  018  022  017  018  020  018  012  024  079  004 
 014  000  000  002  000  011  032  026  008  008  009  009  008  026  086  011 
 004  000  002  008  004  021  040  017  000  000  004  008  012  042  097  021 
 000  000  012  015  004  016  028  008  000  000  002  006  012  048  093  019 
 000  010  026  010  000  011  016  006  000  000  003  004  010  047  080  009 
 009  028  022  008  012  011  004  010  005  009  009  010  013  044  068  003 
 020  024  008  007  016  010  008  016  009  002  008  014  012  033  061  004 
 019  005  000  006  006  000  002  004  001  000  000  006  003  025  061  004 
 002  000  000  008  002  000  000  000  000  003  006  000  000  024  062  000 
 000  000  007  008  000  000  000  000  000  007  009  000  004  027  058  000 

Celda16

 000  000  000  000  004  017  022  031  029  022  016  008  001  002  005  000 
 000  000  000  000  013  015  017  020  022  022  020  016  010  006  005  000 
 002  004  005  002  018  013  009  013  022  024  020  020  018  012  004  000 
 005  010  016  010  012  016  008  015  024  021  012  016  018  013  006  000 
 005  012  023  017  000  016  018  017  021  013  006  008  014  016  016  014 
 000  002  008  012  005  010  027  026  018  005  002  004  008  015  020  024 
 000  000  000  000  010  013  033  029  014  002  002  005  000  004  012  018 
 001  000  000  001  009  014  028  018  007  003  007  006  000  000  002  000 
 003  006  008  010  012  012  014  004  000  004  014  005  000  000  008  007 
 000  001  004  010  016  018  016  010  004  000  014  004  000  000  012  014 
 000  000  000  004  010  014  021  024  028  022  008  000  000  000  016  016 
 000  000  000  000  000  000  008  010  014  022  018  010  008  014  025  017 
 000  002  005  006  003  000  005  006  000  000  004  008  010  020  029  022 
 001  003  009  016  018  014  006  001  000  000  000  001  008  024  031  018 
 001  003  009  016  022  023  022  021  018  014  008  004  013  027  025  006 
 000  000  000  000  004  012  018  020  018  016  012  008  014  019  010  000 

Celda17

 000  000  000  006  011  020  017  013  014  019  024  015  003  000  000  000 
 000  000  000  003  012  022  020  014  014  018  022  017  008  004  008  008 
 001  006  001  000  014  025  024  017  011  010  020  028  028  020  022  019 
 004  012  008  000  016  030  027  020  008  002  022  040  037  020  019  022 
 016  021  023  020  033  042  031  019  007  007  032  047  030  012  003  010 
 026  028  036  040  044  040  021  017  021  024  033  036  024  012  005  000 
 018  018  024  030  026  024  016  026  029  014  010  025  022  010  004  000 
 000  000  006  014  014  015  022  030  016  000  004  020  022  012  006  005 
 000  000  003  006  004  011  024  019  000  000  000  014  020  018  014  011 
 006  000  004  003  000  012  020  006  002  004  003  006  019  024  020  014 
 008  002  000  002  004  009  013  004  002  014  018  014  022  020  018  012 
 004  001  000  003  008  001  006  008  014  018  019  022  020  011  010  008 
 012  007  006  010  014  012  006  011  021  019  008  010  009  006  001  001 
 010  009  016  020  024  024  019  015  023  018  002  002  010  014  012  009 
 000  002  021  028  028  026  017  007  014  016  005  013  028  022  020  020 
 000  004  021  026  016  018  012  006  008  016  013  022  029  016  018  020 

Celda18

 004  001  004  015  018  022  032  027  000  000  000  000  000  000  002  008 
 011  004  003  012  022  041  048  025  004  000  004  010  010  007  003  002 
 014  008  005  012  034  053  045  013  009  012  018  022  022  016  007  004 
 018  012  007  017  043  045  025  004  004  013  016  014  013  014  016  016 
 011  009  008  024  041  026  016  010  000  007  002  000  000  002  010  016 
 000  002  007  020  023  015  016  020  011  002  000  000  000  000  000  002 
 000  000  005  006  011  012  023  028  008  000  000  002  002  000  000  005 
 006  004  000  000  002  014  029  026  004  000  000  000  000  001  003  009 
 011  002  000  000  002  016  026  015  003  002  000  000  000  000  002  004 
 008  000  000  000  006  015  014  006  006  010  001  000  000  000  004  002 
 008  003  000  001  009  008  004  001  008  011  001  000  000  004  003  000 
 008  008  006  006  006  002  000  000  002  008  004  000  003  012  005  000 
 008  014  016  018  011  004  006  005  002  000  004  006  010  009  000  000 
 025  042  040  023  006  000  001  000  000  000  000  007  017  014  000  000 
 043  046  023  002  000  000  000  002  001  000  000  005  020  018  004  000 
 032  016  000  000  000  000  000  006  008  000  000  002  015  014  006  000 

Celda19

 012  016  015  009  000  004  052  067  035  002  002  012  012  006  003  000 
 008  020  024  012  002  007  050  057  032  004  000  012  014  009  004  000 
 008  016  016  012  009  018  046  044  026  004  000  008  016  009  004  006 
 016  012  010  012  012  015  030  028  022  008  000  006  020  012  004  009 
 016  014  016  016  011  007  018  012  014  012  000  008  027  018  005  006 
 010  018  020  014  006  000  014  000  000  006  000  015  036  024  004  000 
 008  012  008  001  000  000  017  000  000  000  001  024  041  027  002  000 
 002  000  000  000  000  000  018  000  000  000  004  027  038  026  004  000 
 000  000  000  000  000  003  022  004  003  001  004  025  028  020  011  004 
 000  000  000  004  002  003  020  010  020  019  010  018  012  011  019  016 
 000  000  002  008  005  000  023  016  020  022  015  015  000  000  022  026 
 000  000  000  000  000  000  024  028  003  010  014  025  017  002  012  027 
 000  000  000  000  000  000  018  036  002  000  008  034  026  016  000  023 
 000  000  000  000  000  000  008  038  014  000  000  030  014  020  016  018 
 000  000  000  000  000  000  002  035  018  000  000  033  004  018  030  024 
 000  000  000  000  000  000  000  028  016  000  000  036  018  012  028  028 

Celda20

 000  000  009  004  000  000  000  000  001  012  015  020  027  030  020  002 
 000  000  006  012  000  006  007  008  011  021  010  009  020  034  038  025 
 000  000  002  021  013  010  011  014  024  029  016  011  017  030  040  040 
 004  000  000  024  022  000  000  010  024  014  012  015  020  023  028  036 
 003  000  000  018  018  000  000  013  009  000  001  010  016  015  014  021 
 000  002  004  007  010  008  015  018  003  000  004  012  016  014  010  012 
 000  008  007  004  012  020  020  016  006  002  008  010  012  012  012  014 
 000  008  008  010  024  029  017  010  009  006  002  000  000  004  012  019 
 002  006  011  024  035  025  013  007  006  008  006  000  000  000  010  016 
 007  008  030  044  032  015  013  005  000  008  010  000  000  000  000  005 
 014  019  040  035  009  008  012  002  000  006  010  001  000  001  000  000 
 024  032  037  019  002  006  008  000  000  004  004  004  006  000  000  006 
 032  036  032  014  004  006  004  000  004  004  002  006  011  000  000  009 
 030  032  026  016  008  003  002  007  010  008  004  005  008  001  002  008 
 017  022  024  020  010  000  002  016  016  012  007  000  000  000  004  004 
 015  014  020  018  010  000  003  018  018  015  008  000  000  000  000  000 

Celda21

 006  016  014  020  026  017  000  004  004  000  007  000  000  000  004  000 
 002  003  016  028  030  022  008  000  000  000  004  000  000  002  000  000 
 028  009  010  029  030  024  014  000  000  000  006  002  003  004  004  010 
 038  030  015  022  026  024  016  000  000  000  009  004  000  000  002  012 
 030  033  026  021  014  017  016  002  000  000  008  002  000  000  008  016 
 019  026  031  026  010  000  012  011  002  001  002  000  000  000  012  018 
 019  028  037  038  027  008  000  012  013  007  002  000  000  010  015  012 
 024  032  036  032  024  015  000  000  015  016  011  008  010  014  010  003 
 022  028  026  018  012  010  009  001  009  020  018  014  013  008  004  002 
 013  020  020  016  016  017  018  016  011  015  013  014  016  011  006  008 
 004  006  006  010  018  022  024  022  016  006  001  011  020  014  008  012 
 008  000  000  000  008  014  018  023  024  017  005  003  018  016  016  017 
 006  000  000  000  003  009  017  027  034  036  031  015  000  014  026  026 
 000  000  000  000  010  020  028  034  037  040  041  032  010  004  028  032 
 000  000  000  008  010  024  032  034  030  028  031  032  029  020  020  023 
 000  000  008  018  010  007  017  022  020  018  019  026  036  036  022  007 

Celda22

 000  000  005  019  029  037  027  004  000  000  003  009  000  002  014  008 
 000  012  018  019  021  015  002  000  000  007  007  006  000  000  008  008 
 018  023  019  014  010  000  000  000  000  005  003  003  002  000  000  010 
 018  017  011  006  004  000  000  000  004  000  000  007  007  012  013  014 
 011  002  000  000  004  000  000  000  000  000  001  006  002  006  014  017 
 012  000  000  003  005  000  000  000  000  002  006  001  000  004  004  012 
 007  000  001  008  006  000  000  000  000  004  005  000  000  008  012  017 
 003  002  004  010  004  000  000  000  004  005  000  000  004  017  025  024 
 004  001  003  008  002  000  000  000  012  008  000  000  018  029  026  015 
 004  000  002  004  000  000  000  000  016  013  004  013  031  029  016  004 
 005  000  004  003  000  000  004  007  016  016  008  015  022  015  004  002 
 006  001  011  015  015  013  008  006  013  014  008  008  012  008  000  003 
 011  004  016  022  016  017  012  006  005  008  009  010  013  002  000  004 
 021  010  014  018  006  002  006  008  005  005  014  020  011  000  000  006 
 022  017  018  020  006  000  000  000  006  014  023  013  000  000  000  010 
 010  016  024  024  008  000  000  006  006  012  012  000  000  000  004  015 

Celda23

 000  006  017  005  000  000  004  010  012  011  004  000  004  030  060  006 
 006  013  009  000  000  002  005  011  017  014  005  000  004  030  062  012 
 015  016  004  000  000  007  001  006  015  010  006  000  006  032  058  004 
 018  012  000  000  010  007  000  008  015  000  000  000  008  034  056  000 
 021  007  000  010  024  011  008  012  013  000  000  000  009  034  056  000 
 017  010  012  028  032  016  014  015  008  000  000  000  010  038  060  000 
 014  008  011  022  020  006  006  004  002  001  003  003  007  038  062  000 
 009  004  005  010  009  000  000  000  000  004  013  017  012  034  061  000 
 000  003  012  013  004  000  000  002  005  009  016  018  014  028  057  000 
 000  013  024  018  014  014  016  019  016  008  004  002  002  022  058  003 
 009  025  025  012  013  021  024  022  014  003  000  000  002  028  060  006 
 017  028  018  006  006  015  009  008  008  007  005  006  008  030  057  006 
 028  029  009  000  003  008  000  000  003  009  016  014  006  020  052  003 
 030  028  010  000  005  006  000  000  000  000  004  004  000  020  055  000 
 024  020  010  010  010  006  000  000  000  000  000  000  000  021  058  000 
 014  012  013  018  016  008  000  000  000  000  000  000  000  023  060  000 

Celda24

 000  000  000  000  007  000  006  010  010  011  010  006  006  009  005  000 
 000  000  000  000  012  005  001  000  004  008  010  007  001  000  000  003 
 000  001  004  004  005  000  002  006  002  000  004  010  006  000  000  008 
 001  002  004  000  000  000  004  008  002  000  000  012  013  004  000  008 
 001  001  000  000  000  000  009  004  000  004  010  008  011  006  000  006 
 001  000  000  000  000  010  013  006  007  015  015  000  000  003  006  013 
 001  001  000  000  011  018  010  007  012  018  010  000  000  006  015  022 
 000  000  000  008  030  029  017  015  019  019  012  008  007  014  022  022 
 000  000  003  012  034  023  012  010  013  014  010  014  016  016  017  018 
 000  002  008  010  018  002  000  000  007  013  012  017  018  012  005  005 
 001  004  008  006  004  000  000  007  020  026  020  014  012  008  002  000 
 001  002  002  000  000  000  005  017  027  023  007  000  000  000  002  000 
 000  000  000  000  000  000  009  019  018  004  000  000  000  000  000  000 
 000  000  000  000  000  000  010  020  010  000  000  000  000  000  000  000 
 001  001  000  000  010  009  011  014  004  000  000  000  000  000  000  002 
 001  002  004  004  018  015  012  001  000  000  000  000  000  000  000  004 

Celda25

 000  005  022  024  007  007  008  008  016  024  019  019  020  009  011  013 
 000  004  022  030  006  000  000  004  024  028  018  020  023  012  008  008 
 006  010  028  026  000  000  000  002  021  016  010  020  023  012  006  006 
 010  014  022  012  000  000  000  010  032  019  008  014  013  007  002  000 
 014  020  016  000  000  000  000  010  036  027  014  011  009  006  004  000 
 023  018  008  000  000  000  000  004  032  032  017  010  008  006  002  000 
 021  006  000  000  000  000  000  000  024  038  026  012  008  004  000  000 
 013  003  000  000  000  000  000  000  016  042  040  019  006  003  000  000 
 014  008  004  003  006  009  004  000  010  038  041  024  009  006  006  000 
 008  010  008  010  018  026  026  017  008  030  032  021  015  015  014  004 
 002  008  011  014  018  024  029  026  012  020  024  013  018  026  018  006 
 000  000  006  011  015  014  018  022  018  016  022  004  014  032  024  008 
 000  000  000  000  005  004  006  013  014  003  016  002  008  032  030  014 
 000  000  000  000  004  000  000  006  006  000  006  006  012  035  037  018 
 003  000  000  000  002  002  000  006  010  004  000  008  020  044  050  019 
 007  000  001  006  006  002  002  010  017  019  013  008  022  045  046  012 

Celda26

 014  001  000  000  000  000  000  008  011  000  000  000  006  007  006  004 
 004  000  001  000  000  000  000  012  013  000  000  000  000  000  004  010 
 003  002  006  008  006  007  010  018  011  000  002  005  004  000  000  010 
 000  001  010  008  010  014  018  020  010  006  012  022  025  020  014  014 
 000  003  007  000  004  010  014  017  015  014  019  026  026  022  016  010 
 000  003  006  000  000  006  010  013  012  016  023  018  017  016  012  006 
 000  002  006  002  000  000  009  014  010  015  015  008  008  010  010  008 
 000  004  008  004  000  000  014  020  014  012  005  000  000  002  007  010 
 000  005  010  002  000  002  015  017  008  005  002  000  000  000  000  004 
 000  008  009  000  000  004  012  013  005  000  000  000  002  000  000  001 
 004  007  003  000  001  010  002  004  005  003  000  000  000  003  004  002 
 006  006  000  000  010  013  006  004  002  004  002  000  000  000  000  000 
 006  004  001  004  008  007  000  000  001  002  002  002  000  000  000  000 
 000  000  005  008  006  004  000  000  000  003  008  008  006  005  005  008 
 000  000  008  014  006  003  002  000  000  008  017  009  004  006  010  012 
 000  000  010  020  010  006  007  006  008  021  020  000  000  000  002  004 

Celda27

 000  000  000  000  002  000  000  016  014  000  008  038  028  014  020  023 
 006  000  000  000  000  003  000  000  012  006  022  044  034  012  004  010 
 006  000  000  000  000  000  000  000  004  016  037  048  026  006  001  000 
 000  000  000  003  000  000  000  000  000  020  049  053  023  002  002  002 
 004  002  000  000  000  000  000  000  000  022  057  056  025  002  000  000 
 004  006  004  000  000  000  000  000  000  020  062  058  027  004  000  000 
 008  010  006  000  000  000  000  000  000  016  063  060  026  003  000  000 
 009  006  002  000  003  007  006  003  002  014  060  056  024  006  006  012 
 003  000  000  000  006  009  006  005  008  014  053  052  028  017  027  027 
 000  000  002  006  008  006  004  005  008  007  044  052  037  030  027  021 
 000  002  007  011  010  008  006  007  004  000  040  060  049  028  014  014 
 000  000  004  007  007  006  007  006  000  000  040  072  055  025  012  018 
 000  002  001  002  004  004  000  000  000  000  042  080  065  030  016  020 
 008  006  004  004  006  004  002  001  004  008  050  091  076  036  013  009 
 011  008  007  007  006  006  009  014  020  018  044  088  080  036  010  003 
 004  002  004  007  009  010  014  020  025  024  031  081  080  029  006  006 

Celda28

 021  015  008  009  010  006  006  012  016  016  008  000  000  000  000  000 
 018  016  002  000  009  012  008  006  011  016  011  000  000  000  000  002 
 003  006  001  000  004  013  006  002  009  017  016  006  001  000  000  006 
 000  000  000  002  000  006  002  000  009  016  017  014  010  004  002  003 
 000  000  000  005  009  008  004  000  008  014  016  017  014  009  004  000 
 000  000  000  000  009  016  018  016  017  019  014  012  012  011  006  000 
 000  001  002  000  010  017  015  017  016  013  004  004  007  008  004  000 
 010  010  007  011  016  012  006  008  010  005  000  001  004  002  000  000 
 021  022  022  023  021  012  008  008  006  004  002  003  005  000  000  001 
 018  022  024  023  022  022  024  022  016  008  003  007  010  007  006  008 
 014  016  012  012  016  027  031  030  023  013  009  013  012  008  010  008 
 019  012  002  001  012  028  028  021  020  021  022  020  012  009  010  006 
 017  008  000  005  022  033  023  012  017  025  028  024  016  014  014  010 
 010  008  006  019  031  028  012  004  012  020  022  020  018  014  012  012 
 006  012  018  026  023  010  002  000  000  005  008  012  013  011  008  010 
 011  019  027  024  011  000  000  002  001  000  000  001  004  008  009  010 

Celda29

 000  000  012  020  012  003  000  001  007  010  013  020  030  034  026  012 
 003  000  011  018  010  002  002  000  000  006  010  014  022  030  034  028 
 002  000  007  018  012  000  000  002  001  002  010  014  020  026  032  035 
 000  000  006  019  014  000  000  004  010  007  006  012  016  019  020  024 
 000  000  012  020  010  000  000  006  016  014  000  002  006  010  010  012 
 000  000  016  016  002  000  003  012  020  017  000  000  000  000  005  009 
 000  002  012  004  000  002  012  020  025  014  000  000  005  000  000  003 
 000  006  002  000  000  009  020  028  027  006  000  000  012  004  000  000 
 007  004  000  000  000  015  022  028  024  002  000  001  016  006  002  003 
 012  004  002  006  018  030  029  022  016  004  000  001  016  012  008  010 
 003  000  000  010  027  031  023  008  006  009  001  000  012  016  002  001 
 000  000  006  013  020  015  004  000  000  010  007  002  008  013  005  000 
 004  006  019  018  010  007  000  000  000  005  010  008  004  004  006  000 
 016  028  033  017  004  004  001  000  000  000  010  012  003  000  004  007 
 016  030  023  011  004  007  011  010  010  006  011  013  005  002  004  013 
 011  017  006  004  004  009  016  009  010  006  003  009  004  001  006  019 

Celda30

 000  007  024  028  014  000  000  006  009  009  003  000  000  000  010  016 
 017  008  016  019  018  014  006  002  003  006  002  000  000  002  010  012 
 031  026  020  000  006  017  014  004  002  006  006  000  000  005  007  010 
 028  029  018  000  000  008  014  012  011  012  012  004  000  005  007  008 
 018  021  012  000  000  000  008  014  016  014  016  012  006  007  010  009 
 013  014  009  004  000  000  007  010  008  006  014  019  015  013  012  010 
 007  006  006  012  015  013  020  018  007  000  002  014  019  021  016  010 
 000  000  000  010  018  020  025  020  016  020  013  000  006  026  027  015 
 000  000  002  012  020  023  021  016  015  024  028  016  000  020  036  025 
 006  004  010  020  026  028  022  016  018  018  024  031  029  018  029  026 
 004  008  015  023  028  027  023  020  018  012  014  028  046  048  040  016 
 000  004  010  018  022  022  022  023  022  017  013  019  036  046  043  031 
 000  000  000  004  011  016  022  026  027  024  018  014  020  026  030  036 
 000  000  000  000  000  006  014  022  024  022  016  007  002  006  014  027 
 011  006  002  000  000  000  009  019  016  016  009  000  000  004  013  025 
 016  008  007  004  000  002  011  016  007  008  008  002  000  014  026  026 

Celda31

 008  008  017  023  017  005  000  000  000  000  000  000  000  022  060  000 
 008  012  021  021  010  000  000  000  000  004  000  000  000  019  062  000 
 013  013  014  015  005  000  000  000  000  007  000  000  000  018  064  000 
 014  014  008  008  005  000  000  000  000  004  000  000  000  029  072  008 
 012  012  002  000  006  002  000  000  002  000  000  000  001  035  070  007 
 011  010  002  000  004  006  000  000  004  002  000  000  004  033  062  000 
 009  014  014  006  005  004  000  000  005  005  000  000  002  034  064  000 
 010  021  026  014  000  000  002  000  002  002  000  000  000  034  068  000 
 017  026  030  013  000  000  006  002  000  000  004  007  003  034  070  001 
 024  030  027  009  000  006  009  004  000  000  005  011  004  035  070  000 
 018  030  026  008  000  006  011  009  004  000  006  008  003  038  072  000 
 016  019  020  004  000  006  016  016  012  010  008  001  002  044  076  002 
 038  024  000  000  000  010  024  022  018  020  014  000  002  050  081  000 
 038  040  028  006  000  010  025  022  022  027  020  002  003  052  084  000 
 023  028  035  042  040  023  008  012  020  029  026  012  008  052  087  000 
 010  008  017  040  058  054  032  005  008  024  028  024  019  054  089  000 

Celda32

 001  002  005  006  020  016  009  002  000  000  003  014  016  010  004  002 
 000  000  000  000  014  010  000  000  000  000  004  007  012  013  009  004 
 000  000  000  000  012  012  000  000  000  000  006  002  000  000  004  004 
 000  000  000  000  011  016  006  000  000  005  002  000  005  003  000  004 
 000  000  000  000  010  016  011  000  000  007  008  008  008  009  003  006 
 000  000  000  000  006  010  012  008  006  006  000  002  004  006  001  002 
 002  004  004  000  000  002  010  012  010  009  001  000  000  004  000  000 
 000  000  000  000  000  000  009  012  007  008  005  000  000  002  001  002 
 000  000  000  000  000  000  015  015  000  000  006  000  000  000  000  006 
 000  000  000  000  000  004  018  009  000  000  004  000  000  000  000  011 
 000  000  000  000  003  009  014  004  000  000  000  000  000  000  000  014 
 000  000  000  000  019  012  000  000  000  000  000  005  009  012  010  019 
 001  002  000  000  025  004  000  000  000  003  004  007  008  012  010  016 
 003  006  008  000  023  008  000  006  008  006  002  003  008  005  008  008 
 001  001  000  000  016  016  002  000  000  000  000  000  010  002  004  000 
 000  000  000  000  014  020  010  000  000  001  004  000  006  006  000  002 

Celda33

 008  006  010  013  010  004  009  012  022  028  025  014  015  034  039  017 
 012  019  018  009  002  000  010  009  016  022  020  011  007  028  033  021 
 016  025  013  004  002  006  018  012  008  010  010  006  006  034  043  032 
 018  021  002  000  008  018  022  011  006  008  013  018  016  034  040  025 
 017  012  000  000  005  011  003  000  000  006  020  030  029  025  030  022 
 010  004  000  002  005  000  000  000  000  008  018  025  024  008  014  022 
 008  002  000  006  004  000  000  002  012  014  016  012  006  000  000  019 
 010  005  000  006  002  000  000  008  013  004  004  002  002  002  000  006 
 015  009  000  004  002  000  000  010  013  000  000  000  004  012  011  000 
 022  014  000  000  000  000  000  006  010  000  000  000  002  011  018  016 
 026  018  000  000  000  004  004  005  007  002  000  000  002  014  028  034 
 029  014  000  000  000  009  010  006  006  004  000  000  002  014  028  028 
 020  006  000  000  000  011  012  006  004  006  003  002  012  019  012  008 
 009  000  000  000  000  010  009  006  005  006  003  006  018  018  000  000 
 000  000  000  000  004  008  006  006  006  001  002  014  023  012  000  000 
 000  000  000  000  003  008  006  006  003  000  004  020  024  006  000  000 

Celda34

 000  000  008  023  016  010  009  006  008  013  006  000  000  000  000  000 
 005  007  008  023  023  012  002  000  000  002  002  000  000  000  002  000 
 015  010  015  032  032  014  000  000  000  000  000  000  000  000  004  000 
 004  000  012  026  025  009  002  000  000  000  000  000  000  002  007  000 
 000  000  014  018  015  007  005  008  010  010  008  004  000  003  006  000 
 003  004  021  020  017  014  006  006  008  010  007  002  000  001  002  000 
 012  017  030  024  015  008  000  000  004  006  004  002  000  000  000  000 
 019  034  042  026  008  000  000  004  009  007  007  009  009  006  001  000 
 017  048  054  028  001  000  004  014  009  000  000  003  006  004  004  006 
 013  050  060  030  000  001  004  016  004  000  000  000  000  000  002  004 
 022  041  058  036  002  000  002  016  004  000  000  000  000  000  000  000 
 012  019  054  041  004  000  004  020  007  000  000  000  000  002  002  000 
 000  000  048  048  010  000  008  026  014  000  000  000  000  005  002  000 
 000  000  039  052  013  000  010  029  019  000  000  000  009  009  003  000 
 004  010  034  050  012  000  009  023  019  006  000  002  010  002  000  000 
 008  018  029  040  012  000  013  014  012  009  004  008  010  000  000  000 

Celda35

 000  000  000  003  006  008  012  016  022  026  024  071  078  028  000  002 
 000  000  004  002  000  002  006  012  019  026  026  056  062  026  007  018 
 004  010  010  004  000  000  001  006  015  024  024  028  039  024  020  036 
 000  000  000  000  000  000  000  000  008  018  017  002  023  031  035  051 
 000  000  000  000  000  000  000  002  006  009  008  000  017  042  050  046 
 000  000  006  000  000  002  008  011  008  006  005  004  019  048  044  032 
 000  001  006  000  001  004  006  004  002  004  008  014  033  047  031  021 
 007  014  012  004  001  000  000  001  002  000  007  019  047  040  008  007 
 006  004  002  000  001  002  001  000  005  000  002  019  045  016  000  000 
 000  000  000  002  006  007  004  001  006  000  000  022  026  000  000  000 
 000  000  006  010  010  007  006  007  010  005  008  027  010  000  000  000 
 002  005  013  010  008  006  008  014  016  013  014  026  004  000  000  000 
 002  002  005  002  000  004  008  018  014  010  008  019  008  008  012  010 
 000  000  000  002  000  002  008  012  001  000  004  016  005  009  011  008 
 000  000  000  000  006  006  011  002  000  000  008  018  000  002  005  007 
 000  000  000  000  012  014  009  002  000  000  012  017  000  002  009  016 

Celda36

 016  023  026  017  004  000  000  005  006  002  002  002  007  012  014  016 
 026  025  020  012  004  004  004  007  010  002  005  010  016  016  016  018 
 038  020  009  009  010  010  014  011  012  007  010  019  017  014  015  018 
 037  006  000  007  014  015  016  017  013  015  019  020  014  012  014  016 
 024  003  000  009  014  010  003  004  004  011  010  005  002  006  008  008 
 018  008  007  012  010  007  002  000  002  006  002  000  000  000  000  000 
 016  017  017  012  006  002  001  002  006  004  000  000  006  005  000  000 
 010  018  024  020  010  005  006  008  008  001  000  000  010  008  000  000 
 000  011  026  029  016  010  012  014  010  002  000  000  015  005  000  011 
 000  006  024  030  019  012  018  022  014  006  004  008  011  002  001  014 
 000  010  019  018  012  014  026  028  018  012  012  012  008  002  004  008 
 000  014  018  008  000  012  032  034  020  018  018  014  008  004  006  006 
 000  011  025  017  010  004  027  032  020  019  020  017  012  005  006  010 
 000  004  034  037  022  024  032  032  012  010  015  018  018  011  009  014 
 008  004  036  044  014  016  034  043  022  008  000  008  021  020  015  017 
 019  014  019  038  022  006  024  039  025  025  018  000  010  020  020  021 

Celda37

 014  010  006  010  014  016  018  004  002  000  000  004  004  008  014  016 
 018  015  024  028  032  028  024  012  007  004  000  000  004  012  020  018 
 018  018  037  039  036  034  027  021  020  022  022  016  007  013  022  016 
 016  016  033  031  023  026  023  020  024  031  035  034  030  029  034  024 
 010  012  023  021  013  018  021  020  021  025  032  037  039  036  037  025 
 000  006  018  023  022  018  023  024  020  020  024  028  028  025  020  013 
 001  010  021  032  035  026  026  026  022  019  018  018  014  010  009  010 
 013  018  021  034  036  025  021  020  018  015  014  014  013  010  008  008 
 021  009  012  028  024  010  001  002  004  008  009  010  011  010  006  004 
 007  000  010  026  022  011  000  000  000  003  004  002  004  007  004  000 
 000  000  010  018  016  010  000  000  002  006  000  000  000  003  004  003 
 000  000  006  009  012  011  000  000  012  005  000  000  000  000  006  013 
 006  001  000  004  013  013  003  006  012  000  000  000  000  003  010  018 
 010  000  000  002  013  015  011  012  006  000  000  000  000  005  004  002 
 013  001  000  000  010  018  020  016  001  000  000  004  002  000  000  000 
 016  005  000  000  005  018  024  015  000  000  004  010  004  000  000  000 

Celda38

 006  000  002  003  002  005  011  008  000  000  004  006  005  026  034  020 
 004  000  000  001  006  008  009  004  000  000  000  006  008  024  030  015 
 000  000  000  004  008  008  006  003  002  000  000  002  006  016  030  022 
 008  005  008  014  009  009  008  010  008  006  003  005  010  017  034  026 
 014  014  019  023  018  018  018  014  011  014  020  022  022  025  037  024 
 010  012  021  027  025  023  022  018  014  018  028  034  031  029  035  024 
 010  010  017  022  019  013  012  012  012  015  022  026  026  024  025  019 
 009  006  006  013  010  000  000  000  004  010  010  012  015  014  011  013 
 004  002  000  015  010  000  000  000  002  006  001  000  004  006  005  015 
 000  003  004  017  009  000  000  003  004  000  000  000  000  000  005  017 
 004  008  011  024  016  009  010  006  000  000  000  000  000  000  006  015 
 016  015  016  026  018  012  010  005  000  000  000  000  000  000  012  019 
 014  012  011  016  005  000  000  000  002  004  004  002  000  000  020  030 
 000  000  003  002  000  000  000  000  000  003  000  000  000  006  031  033 
 000  002  006  000  000  000  000  000  000  000  000  000  000  015  029  021 
 002  010  008  000  000  000  000  000  000  000  000  000  006  016  017  013 

Celda39

 004  002  006  019  033  042  047  045  030  013  022  028  026  060  093  000 
 009  014  016  016  016  026  048  070  074  058  036  026  020  063  099  000 
 014  019  022  024  028  035  051  064  078  080  072  055  029  054  100  000 
 007  010  020  025  030  034  044  040  042  057  070  076  068  071  107  010 
 008  014  023  019  014  016  020  015  010  020  036  054  070  076  117  041 
 018  023  021  008  003  006  009  007  004  008  020  027  035  059  099  047 
 021  023  013  006  004  011  009  007  012  018  016  008  005  028  058  018 
 021  021  008  006  010  018  011  010  019  019  012  002  003  027  046  000 
 022  017  008  009  016  018  013  014  016  010  006  006  000  026  054  000 
 016  009  007  013  017  015  016  017  015  011  006  008  012  040  068  012 
 010  008  015  018  013  010  014  015  014  014  012  012  019  053  072  019 
 015  015  019  012  004  002  006  010  008  008  010  014  025  047  055  010 
 021  014  010  002  000  000  004  010  005  000  002  014  019  026  034  000 
 016  004  000  000  001  000  000  006  004  002  007  013  006  010  031  000 
 008  000  000  000  002  002  000  000  002  006  014  014  000  008  032  000 
 008  002  000  000  000  000  000  000  004  008  016  015  000  011  035  000 

Celda40

 000  000  000  000  013  020  012  002  004  011  006  003  000  006  002  000 
 000  000  000  000  009  016  014  012  012  009  004  009  011  006  000  000 
 000  000  000  000  004  012  018  020  016  004  000  006  010  006  000  000 
 000  000  000  000  004  008  022  028  014  000  000  002  000  000  000  000 
 000  000  000  000  007  008  022  026  011  000  002  003  000  000  000  000 
 000  000  000  000  012  013  014  014  005  000  002  005  000  000  000  000 
 000  001  004  004  010  011  008  003  000  000  001  006  003  000  000  000 
 001  003  006  003  000  002  007  005  001  000  000  000  000  000  000  000 
 001  002  003  000  000  000  008  011  006  000  000  000  000  000  000  000 
 000  000  000  002  001  000  006  010  008  000  000  000  000  000  000  000 
 001  002  003  003  004  008  014  010  000  000  000  000  000  000  000  000 
 002  004  009  011  012  015  021  015  008  000  000  003  000  000  002  006 
 002  005  012  017  020  018  016  011  010  012  012  008  000  000  000  002 
 002  004  010  016  020  018  014  012  012  014  016  013  003  000  002  009 
 001  002  002  005  008  006  002  002  002  004  007  007  006  009  023  025 
 000  000  000  000  000  000  000  000  000  000  000  002  009  017  028  018 

Celda41

 004  005  001  000  000  010  010  004  000  000  012  022  018  002  000  000 
 000  000  000  000  000  014  016  004  000  009  029  026  007  000  000  002 
 000  000  000  000  000  018  019  002  002  015  021  010  000  000  000  000 
 000  000  000  000  000  014  014  000  001  010  012  006  000  000  000  000 
 000  000  000  000  007  006  004  000  004  008  008  008  002  000  000  001 
 000  000  000  002  004  000  000  003  011  010  006  006  001  000  000  003 
 000  000  000  006  003  000  000  007  014  012  004  000  000  000  002  002 
 000  000  000  002  006  006  008  016  010  006  004  004  006  006  002  000 
 000  000  000  000  008  017  018  010  001  000  001  013  012  000  000  000 
 000  008  002  000  004  019  024  014  000  000  000  012  010  000  000  000 
 005  015  012  005  000  015  027  020  002  003  002  004  003  000  000  002 
 013  019  014  006  008  027  041  032  016  014  018  016  005  000  000  006 
 003  013  011  001  004  025  034  023  012  011  020  024  018  010  007  023 
 009  012  008  000  000  018  026  018  010  007  002  005  012  019  020  030 
 020  007  000  000  000  016  025  020  014  010  006  003  004  016  016  014 
 010  002  000  000  002  013  020  022  016  008  008  014  011  010  012  009 

Celda42

 010  014  006  027  017  006  020  018  008  006  007  012  010  000  000  000 
 006  006  000  012  023  022  029  028  020  016  007  014  011  000  000  000 
 000  000  000  000  026  038  040  029  017  014  006  012  010  000  000  000 
 000  000  000  000  020  045  050  032  008  001  002  006  006  000  000  000 
 000  000  003  000  010  043  055  040  012  000  000  000  000  000  000  000 
 000  000  000  000  004  040  056  040  008  000  000  000  000  000  000  000 
 000  000  000  000  002  032  052  034  004  002  011  002  000  000  000  000 
 000  000  000  000  000  016  040  032  012  014  020  005  000  000  000  000 
 000  000  000  000  000  000  028  036  026  025  022  006  000  001  008  012 
 000  000  008  008  002  000  019  035  034  030  020  008  006  002  010  012 
 004  004  013  016  012  003  009  026  032  034  026  015  014  010  003  002 
 016  016  005  006  006  000  000  018  036  046  045  030  018  009  000  000 
 030  014  000  000  000  000  000  016  052  069  058  021  002  004  000  000 
 021  003  000  000  000  000  000  011  065  082  046  002  000  004  000  000 
 007  002  004  002  000  002  002  000  062  082  045  002  000  010  003  002 
 011  009  008  008  010  016  020  016  058  074  037  003  010  020  013  017 

Celda43

 000  000  000  000  013  020  006  000  004  010  023  021  005  008  015  020 
 000  000  000  003  013  016  004  000  002  011  023  016  005  003  004  007 
 000  000  000  014  020  006  000  000  001  006  012  002  000  000  000  000 
 000  000  008  033  019  000  000  002  002  010  014  000  000  000  000  000 
 000  000  023  035  000  000  000  002  001  014  018  000  000  000  000  000 
 000  000  020  017  000  000  002  004  003  018  017  000  000  000  002  008 
 000  001  014  002  000  000  007  006  008  018  012  000  000  001  006  009 
 006  009  004  000  000  001  010  011  015  018  006  000  000  004  008  008 
 014  008  000  000  002  011  011  010  012  010  000  000  000  003  002  002 
 006  000  000  002  013  011  004  006  010  005  000  000  005  007  000  000 
 000  000  000  010  011  004  000  000  002  000  000  004  008  006  000  000 
 000  000  004  005  002  000  000  000  000  000  004  009  006  000  000  000 
 000  000  003  000  000  000  000  000  000  007  015  014  005  000  000  006 
 000  003  000  000  000  004  001  002  005  019  020  013  006  006  006  020 
 008  004  000  000  000  006  002  000  012  030  024  012  004  004  008  021 
 015  006  006  007  005  006  004  004  022  035  019  010  005  002  006  011 

Celda44

 020  012  000  020  029  025  034  032  019  020  032  033  018  002  011  018 
 008  006  000  000  026  040  047  038  019  007  016  032  036  028  012  004 
 000  002  005  000  009  040  056  042  023  018  010  006  022  032  035  030 
 000  001  012  012  000  029  058  048  026  020  020  006  004  018  030  037 
 002  006  014  018  012  013  055  056  031  018  020  016  009  013  018  024 
 010  009  010  014  016  008  047  059  038  018  017  020  014  007  003  006 
 010  007  004  008  013  011  038  056  040  020  017  018  011  003  000  000 
 006  004  002  003  005  004  026  050  036  020  021  018  006  000  000  000 
 000  002  005  006  006  005  016  039  030  020  024  020  003  000  000  000 
 000  003  008  011  016  018  006  021  028  028  026  018  004  000  000  002 
 000  004  006  012  022  024  010  001  030  038  026  012  006  000  000  004 
 000  004  004  010  018  018  012  004  024  039  025  010  008  008  008  012 
 009  008  006  012  014  017  020  017  006  028  029  016  010  012  018  021 
 017  010  008  017  012  016  020  018  005  016  036  026  008  012  024  022 
 013  008  009  012  001  004  010  014  012  005  034  031  011  012  024  023 
 004  004  010  004  000  000  008  018  022  014  013  025  022  018  020  022 

Celda45

 017  011  003  000  003  015  022  014  002  002  008  010  004  000  000  000 
 010  012  008  000  005  016  018  011  004  005  010  012  004  000  000  000 
 016  001  000  000  007  022  021  008  000  005  015  016  004  000  000  003 
 035  026  008  000  002  024  022  006  000  007  023  020  002  000  000  007 
 029  032  032  030  020  012  011  002  000  010  026  022  004  000  002  011 
 012  021  035  048  050  038  020  006  000  008  018  014  004  002  006  016 
 000  000  010  028  038  040  037  032  029  030  020  000  000  004  012  020 
 000  010  010  000  006  012  020  031  040  048  043  034  024  010  005  017 
 001  012  018  000  000  000  003  020  035  042  038  041  044  040  026  005 
 004  008  012  002  000  000  016  025  022  016  011  018  029  037  038  030 
 005  006  006  000  000  006  022  018  002  000  000  000  007  015  028  039 
 010  009  007  003  004  010  016  014  000  000  002  004  000  002  014  029 
 016  012  007  005  008  009  006  010  004  000  004  004  002  004  010  014 
 014  008  004  005  010  007  002  008  010  004  004  004  004  007  006  006 
 012  000  000  006  014  008  006  010  014  004  002  005  008  008  000  000 
 015  002  000  008  015  005  005  006  012  005  006  012  012  005  001  000 

Celda46

 007  012  004  000  000  000  000  000  000  000  000  004  010  008  010  012 
 009  010  000  000  000  000  000  000  000  000  003  009  003  000  004  014 
 008  006  000  000  000  000  000  004  000  000  006  010  000  000  001  012 
 010  004  000  000  000  000  000  005  000  000  006  012  004  000  000  006 
 016  006  000  000  000  000  001  004  000  000  004  014  008  000  002  002 
 020  009  000  000  000  000  000  000  000  001  006  010  008  001  000  000 
 020  010  000  000  000  000  000  000  004  008  010  006  004  000  000  001 
 018  012  006  000  000  000  000  002  011  013  004  000  002  000  000  004 
 012  014  012  005  000  000  000  007  017  014  001  000  002  000  000  004 
 016  019  012  002  000  000  000  006  014  014  004  000  000  000  000  000 
 044  048  028  004  000  002  000  000  006  014  012  004  000  000  004  000 
 042  050  037  017  000  000  000  000  005  014  012  006  000  002  006  000 
 023  019  018  019  016  007  000  000  011  013  004  002  004  006  004  001 
 008  000  000  012  028  034  029  018  017  014  006  007  012  007  000  001 
 003  000  000  006  024  034  034  026  014  012  012  019  025  018  010  000 
 000  000  000  006  014  016  020  024  024  016  016  015  013  010  014  010 

Celda47

 008  001  000  000  000  000  000  007  012  007  012  014  000  014  039  000 
 006  000  000  006  000  000  000  016  022  010  007  007  000  017  044  000 
 000  000  003  014  002  000  000  020  020  004  000  000  000  022  051  000 
 000  000  005  016  002  000  000  020  016  000  000  000  000  030  058  000 
 000  000  004  010  000  000  004  016  010  000  000  000  006  038  063  002 
 000  000  007  004  000  000  006  012  006  000  000  000  013  044  064  000 
 001  002  006  001  000  000  004  007  006  000  000  000  014  046  068  000 
 004  002  006  004  000  000  000  004  006  000  000  000  011  046  072  000 
 002  000  008  009  000  004  008  011  008  000  000  000  006  046  076  000 
 000  004  012  012  000  000  006  010  004  001  004  004  000  040  078  000 
 000  011  020  010  000  000  006  002  000  000  000  000  000  034  080  000 
 003  017  018  001  000  000  005  001  000  000  003  000  000  038  088  007 
 008  020  016  000  000  000  001  000  000  000  004  000  005  059  098  016 
 014  022  013  000  000  007  012  012  013  013  011  009  020  065  092  013 
 013  023  013  000  001  014  017  015  012  008  004  009  016  050  074  000 
 000  018  014  006  010  014  005  000  000  000  000  011  011  040  071  000 

Celda48

 000  000  000  000  000  001  003  002  002  002  004  009  016  016  015  004 
 000  001  003  004  004  008  010  011  010  009  013  021  025  024  018  008 
 002  004  005  000  002  001  004  003  003  006  019  029  024  026  025  020 
 002  003  002  000  004  001  001  000  000  000  017  021  009  008  012  014 
 001  002  005  005  008  008  002  000  000  004  012  015  004  000  000  000 
 000  001  004  006  009  005  000  000  000  002  007  016  008  000  000  000 
 000  000  000  000  000  000  000  000  000  000  002  014  010  000  000  000 
 000  000  000  000  000  000  000  000  009  003  000  012  008  000  000  000 
 000  000  000  000  000  000  000  006  008  000  000  009  005  000  000  009 
 000  000  000  000  000  000  000  008  006  000  000  007  000  000  002  002 
 000  000  000  000  000  000  000  004  002  000  003  006  000  000  007  008 
 000  000  000  000  000  004  013  010  000  000  006  004  000  000  007  009 
 000  000  000  002  004  028  029  022  022  016  004  001  003  004  004  008 
 000  000  000  000  007  023  010  001  010  011  002  000  006  006  003  008 
 000  000  000  000  002  010  008  002  000  000  000  000  007  009  004  004 
 000  000  000  000  000  002  010  009  000  000  000  000  005  011  004  000 

Celda49

 000  000  000  004  011  008  010  021  018  007  010  022  019  001  008  012 
 002  000  004  008  008  001  006  021  018  004  008  022  024  006  000  000 
 014  012  011  010  007  007  014  024  013  002  004  016  024  014  000  000 
 014  012  012  012  014  018  026  027  014  004  002  008  020  017  004  000 
 002  005  008  012  018  021  026  023  012  006  004  001  010  016  014  012 
 000  000  003  013  022  022  021  012  008  008  008  006  000  012  024  018 
 000  000  000  017  025  019  010  002  003  010  012  010  010  015  025  016 
 000  003  017  023  019  002  000  000  008  011  011  014  016  022  027  009 
 012  021  029  016  002  000  000  003  019  013  011  014  016  019  022  011 
 003  013  015  003  000  000  000  017  025  012  005  000  001  009  016  011 
 001  008  008  000  000  000  012  030  026  006  000  000  006  008  008  002 
 007  008  004  000  000  000  019  031  023  006  002  000  006  010  005  002 
 012  011  000  000  000  009  021  027  019  009  014  021  020  013  010  010 
 014  013  002  004  002  017  029  025  013  003  012  022  028  030  041  044 
 014  017  004  000  006  021  025  018  010  001  002  016  017  025  046  044 
 011  018  008  000  004  018  018  013  007  004  008  013  010  019  031  016 

Celda50

 012  006  006  012  019  024  025  025  074  091  042  009  020  031  029  025 
 000  000  002  012  020  023  021  016  059  069  023  009  030  035  028  020 
 000  002  009  010  014  020  020  009  036  056  022  014  030  021  012  016 
 004  009  014  014  014  021  022  012  016  052  030  026  033  009  004  018 
 010  006  010  017  013  016  022  022  012  050  030  026  038  014  008  023 
 002  000  008  018  008  001  014  026  024  048  022  018  038  026  012  015 
 000  000  010  016  008  000  002  015  014  026  020  014  032  030  018  008 
 000  000  014  016  005  000  000  000  001  013  026  028  040  030  015  004 
 010  008  014  015  005  000  001  005  007  002  030  036  045  031  008  000 
 012  014  016  021  013  006  010  018  021  006  024  048  047  027  010  003 
 000  000  009  021  012  006  008  015  018  008  012  055  060  032  014  010 
 000  002  008  014  006  000  006  007  010  014  008  050  071  039  011  008 
 007  005  008  012  010  009  011  010  014  020  013  036  076  047  002  004 
 036  026  016  015  017  022  012  014  019  021  009  018  075  056  000  000 
 035  031  028  022  018  018  005  007  014  016  010  004  067  056  008  000 
 010  018  022  018  008  006  006  000  002  000  000  000  057  050  015  000 

Celda51

 015  010  014  018  020  023  022  018  027  025  004  004  010  006  000  004 
 008  008  012  020  026  031  025  018  015  008  002  000  004  008  002  000 
 003  002  006  011  015  015  008  000  000  000  000  008  002  000  001  000 
 010  002  009  012  006  000  000  000  000  000  000  007  004  000  000  000 
 016  009  017  013  002  000  000  000  000  000  000  002  000  000  000  000 
 010  011  020  007  000  000  000  006  009  006  003  000  000  000  000  007 
 006  020  019  000  000  000  002  008  010  009  008  006  002  001  000  008 
 004  024  022  000  000  002  006  006  004  004  003  000  000  000  000  004 
 005  021  020  000  000  003  004  001  000  000  000  000  000  000  000  002 
 007  018  018  004  000  002  000  000  000  000  000  000  000  000  002  002 
 007  018  017  004  000  000  000  000  000  000  000  000  001  007  008  006 
 001  016  014  003  000  004  004  000  000  000  000  001  004  010  010  008 
 000  010  016  010  016  020  020  016  012  012  012  014  012  011  012  013 
 000  006  026  028  028  024  020  024  024  022  019  013  010  009  013  016 
 000  004  039  040  022  011  004  010  012  010  008  004  002  004  007  008 
 005  008  047  039  008  001  000  000  000  002  004  004  003  007  003  000 

Celda52

 004  005  006  004  002  004  011  018  023  020  006  011  028  024  018  022 
 006  012  000  000  006  010  012  014  016  016  011  003  026  029  018  022 
 007  015  000  002  008  011  012  014  016  017  017  014  032  043  035  029 
 012  018  005  008  011  007  008  012  017  020  020  020  031  040  034  026 
 021  022  004  000  002  001  004  007  012  014  016  018  018  020  028  020 
 028  021  001  000  002  001  004  004  006  010  013  014  014  008  020  025 
 028  017  000  000  004  008  010  000  002  008  012  014  019  021  006  014 
 022  014  002  002  006  011  011  002  000  004  008  013  026  020  008  000 
 012  012  010  010  009  010  008  002  000  000  001  007  016  003  000  000 
 004  008  014  017  013  008  006  000  000  000  000  004  007  000  002  006 
 002  004  011  018  016  008  008  000  000  000  000  006  010  002  010  014 
 004  001  008  015  014  011  010  000  000  000  000  010  014  002  008  014 
 014  012  019  017  009  011  010  000  000  000  001  013  016  000  000  005 
 018  018  020  016  010  011  006  000  000  000  001  012  016  001  000  000 
 010  008  008  010  008  009  000  000  000  006  006  008  016  002  000  004 
 000  000  004  009  005  001  000  000  009  012  005  003  015  004  000  001 

Celda53

 020  008  002  008  016  003  002  003  010  007  012  019  013  006  004  007 
 022  012  003  006  016  009  004  008  011  009  012  016  008  008  008  010 
 019  012  007  008  013  012  004  004  005  005  010  014  004  000  002  002 
 013  006  012  008  006  011  006  000  000  004  006  010  006  000  000  000 
 004  003  010  008  004  010  006  000  000  004  006  009  008  004  000  000 
 012  004  006  004  004  008  002  000  000  002  008  014  010  003  000  000 
 022  015  004  002  006  006  000  000  000  001  012  020  013  007  011  015 
 024  024  006  006  012  006  000  000  000  004  015  018  012  008  016  019 
 018  022  008  016  020  008  002  002  003  012  017  012  008  010  019  012 
 004  013  013  024  026  010  000  000  002  011  010  006  003  007  018  013 
 011  003  015  029  026  010  000  000  003  010  007  002  000  004  010  009 
 016  010  010  028  023  009  000  000  002  010  008  002  000  001  004  005 
 009  008  001  019  022  012  000  000  000  010  011  002  000  001  004  006 
 005  006  002  007  021  016  004  000  000  007  011  001  000  004  011  012 
 007  007  004  000  014  016  010  000  000  002  008  002  001  008  017  022 
 002  002  002  000  006  018  018  004  000  000  004  004  008  019  028  026 

Celda54

 010  010  013  014  010  009  014  026  031  026  012  004  008  007  008  020 
 014  017  016  011  007  007  012  020  026  022  013  002  004  016  015  021 
 005  010  008  003  000  000  002  009  010  014  018  020  020  029  027  014 
 004  008  000  002  000  000  004  009  001  009  020  032  034  035  029  010 
 004  012  006  002  006  006  006  011  003  006  013  022  026  028  023  012 
 004  011  011  003  004  008  006  009  003  000  002  009  010  013  011  006 
 016  013  006  003  000  000  000  002  002  000  002  006  006  004  000  000 
 014  006  000  000  000  000  000  000  002  006  004  000  002  004  000  000 
 000  000  000  000  000  001  000  000  000  010  005  000  000  002  000  000 
 000  000  000  000  001  004  006  001  003  010  006  001  002  000  000  000 
 000  000  000  000  002  006  010  002  000  003  008  001  000  000  000  000 
 002  000  000  000  002  008  008  000  000  000  008  006  000  000  000  000 
 004  000  000  000  002  007  000  000  000  000  008  008  000  001  002  002 
 007  000  000  000  004  004  000  000  000  005  010  012  006  006  007  006 
 008  000  000  000  004  002  000  000  000  006  010  015  012  007  001  000 
 004  000  000  000  005  002  000  000  000  003  010  018  018  003  000  002 

Celda55

 018  013  010  005  011  017  008  000  000  000  004  013  011  036  066  000 
 028  024  012  000  002  013  012  005  000  000  005  017  015  036  065  002 
 018  020  018  010  000  008  013  012  004  000  008  021  013  030  061  002 
 006  012  018  019  014  011  010  011  006  000  008  016  010  033  066  006 
 004  003  008  016  020  018  010  004  003  000  005  012  012  042  072  003 
 003  002  001  006  014  018  016  010  003  000  000  008  017  052  078  000 
 002  006  005  006  008  010  012  016  019  018  011  003  020  056  080  000 
 003  004  002  000  000  000  002  010  020  024  024  017  023  057  078  000 
 003  000  000  000  000  000  002  008  008  004  008  008  013  050  076  000 
 000  000  000  000  000  006  007  004  002  000  000  000  006  045  074  000 
 000  000  000  000  000  010  008  000  000  000  000  000  014  047  071  000 
 000  002  000  000  000  007  010  003  000  000  000  010  026  049  071  004 
 000  000  000  000  000  004  010  008  005  000  000  012  020  041  069  008 
 012  012  006  004  011  012  002  006  010  001  000  009  020  042  066  000 
 006  012  012  012  016  014  005  002  010  002  000  005  017  044  070  000 
 006  004  009  014  013  008  002  003  007  000  000  005  014  044  072  000 

Celda56

 000  000  000  000  000  000  014  016  006  000  005  012  010  007  000  000 
 000  000  002  002  001  000  015  017  008  003  004  010  010  002  000  001 
 003  008  018  027  032  028  032  029  013  003  006  002  002  000  006  017 
 002  004  011  022  032  036  032  030  017  011  006  007  006  014  024  020 
 000  001  004  008  013  022  025  023  017  016  016  021  018  024  031  019 
 001  004  006  000  004  003  011  014  013  014  022  027  020  019  021  016 
 001  002  003  000  000  010  009  002  002  008  022  018  014  013  013  012 
 000  000  000  000  000  007  015  007  000  009  019  008  009  010  007  005 
 000  000  000  000  001  010  019  006  002  015  017  007  008  006  000  000 
 002  004  005  004  005  015  022  012  015  026  018  013  013  010  006  004 
 000  000  004  010  014  017  022  022  030  031  021  022  017  015  016  016 
 000  000  000  009  016  017  030  034  029  021  018  019  010  010  012  012 
 001  003  008  010  010  013  035  034  016  009  010  006  001  002  002  000 
 008  020  042  054  054  057  072  059  042  042  044  039  038  036  038  040 
 012  030  066  089  096  095  099  084  076  079  079  076  075  074  078  082 
 000  000  000  000  000  000  008  003  000  003  002  000  000  000  000  000 

Celda57

 010  016  012  006  012  017  016  008  002  004  012  016  012  015  015  003 
 009  016  021  015  010  010  006  001  000  005  014  019  014  012  010  005 
 011  015  022  008  003  009  006  000  000  006  014  018  014  010  009  010 
 008  004  020  010  001  006  008  004  006  001  005  014  017  012  010  012 
 012  007  014  014  007  006  010  013  006  000  000  010  018  013  010  010 
 018  018  018  023  018  011  016  017  005  006  012  019  024  018  011  006 
 018  020  019  026  020  016  020  017  008  012  021  026  035  035  028  022 
 010  016  020  023  018  019  018  012  010  015  016  018  033  038  032  027 
 003  008  012  011  008  011  009  005  007  007  003  011  029  031  023  016 
 008  005  002  000  000  006  009  002  000  000  002  015  026  021  011  000 
 012  005  001  000  000  006  013  003  000  000  005  017  024  016  009  003 
 010  006  000  000  000  002  014  005  000  004  015  023  021  008  004  003 
 002  002  000  000  000  000  008  009  006  018  025  025  018  003  000  000 
 039  040  042  042  044  048  054  058  061  067  065  056  047  038  038  036 
 080  080  084  086  088  096  102  101  101  101  092  080  076  072  072  074 
 000  000  000  000  000  005  003  002  009  014  008  001  002  000  000  000 

Celda58

 000  006  008  005  004  000  006  002  000  000  000  000  054  057  030  021 
 006  008  006  001  002  006  012  011  002  000  000  000  056  080  070  035 
 014  008  005  000  000  002  017  013  010  014  017  007  053  104  090  024 
 016  012  000  000  000  010  016  003  005  015  024  018  045  113  084  004 
 014  018  000  001  002  010  018  001  000  008  020  022  033  102  086  002 
 011  018  002  000  000  009  011  000  000  004  014  016  013  084  078  008 
 019  012  000  000  000  003  004  002  000  002  008  010  002  072  068  005 
 021  010  001  000  000  000  002  008  000  006  010  010  003  062  064  000 
 013  008  006  004  000  000  004  014  010  008  012  012  006  046  058  000 
 003  008  008  005  004  008  014  018  012  000  004  008  005  018  043  011 
 000  003  006  006  011  017  015  009  009  000  000  002  001  000  025  027 
 003  001  000  000  001  001  000  000  008  000  001  006  006  000  014  042 
 002  006  000  000  000  000  000  000  011  004  002  010  011  007  013  048 
 036  037  030  031  036  039  040  040  048  043  041  049  057  064  070  089 
 079  079  076  078  083  084  088  088  090  088  082  088  102  116  119  129 
 002  000  000  000  004  002  000  000  003  006  000  000  000  000  000  012 

Celda59

 019  017  047  031  002  000  000  000  000  004  010  014  018  017  008  000 
 020  012  034  022  000  000  000  000  000  004  009  017  027  022  014  007 
 012  002  020  018  000  000  000  000  002  000  002  017  018  010  008  009 
 003  000  012  014  000  000  000  003  003  002  004  013  002  000  000  000 
 000  004  012  004  000  000  004  008  007  003  004  011  000  000  000  000 
 000  000  014  005  000  000  011  017  013  004  000  006  000  000  000  002 
 000  016  013  006  002  000  014  022  008  000  000  005  000  002  006  008 
 000  031  018  002  004  004  012  019  006  000  000  010  005  006  006  006 
 006  043  024  006  016  019  009  008  003  000  006  015  007  004  004  007 
 027  055  023  004  011  015  010  003  001  000  008  014  008  000  000  006 
 050  062  020  000  002  000  002  011  010  005  004  009  006  000  001  006 
 062  058  015  000  003  000  005  013  008  005  002  003  000  000  004  006 
 062  047  015  001  003  006  006  000  000  000  000  000  000  000  000  001 
 082  061  046  035  033  039  026  018  019  025  028  026  026  027  027  024 
 124  114  100  077  072  076  066  066  070  075  074  074  075  078  081  083 
 022  029  023  004  002  006  000  000  003  004  000  000  000  000  000  000 

Celda60

 000  002  013  013  006  002  000  007  022  012  004  000  014  004  000  002 
 005  017  023  016  012  010  010  013  014  002  006  005  010  004  000  000 
 009  017  020  013  012  014  014  006  004  000  002  007  006  006  002  000 
 002  006  014  009  002  005  006  004  000  000  000  002  000  006  000  000 
 000  002  014  012  002  000  000  002  004  004  001  000  000  004  002  000 
 002  003  015  013  002  000  000  006  010  008  002  000  000  000  000  001 
 010  008  015  011  002  002  005  010  014  012  005  002  006  007  003  000 
 010  010  010  012  006  004  005  010  009  008  007  008  008  010  010  008 
 007  008  008  021  014  008  006  005  000  000  000  000  004  006  008  009 
 002  004  005  020  013  008  005  000  000  000  000  000  006  002  002  004 
 001  000  000  012  012  000  000  000  000  000  000  002  010  002  001  004 
 004  002  000  004  012  000  000  000  000  000  000  006  010  005  004  001 
 004  013  007  000  006  002  000  000  000  000  002  008  008  006  000  000 
 023  039  041  032  030  029  030  036  037  036  047  052  047  037  031  034 
 084  098  096  082  078  078  077  082  088  090  096  096  085  079  078  084 
 000  015  018  006  000  000  001  000  000  000  007  011  001  000  000  003 

Celda61

 000  000  002  002  000  020  024  008  002  000  000  003  014  021  020  014 
 000  000  002  006  006  016  025  009  004  002  000  000  016  024  018  007 
 000  000  001  006  006  004  024  018  000  002  000  000  014  018  014  004 
 000  002  002  003  001  000  020  026  004  000  000  000  009  008  010  008 
 001  002  000  000  000  000  014  026  009  000  000  000  006  001  007  012 
 001  000  000  000  000  000  005  024  017  000  000  000  003  002  002  006 
 001  000  000  002  008  009  000  016  024  004  000  000  004  009  002  000 
 006  004  006  016  020  018  010  002  022  013  000  000  006  015  002  003 
 009  008  007  016  010  009  005  000  014  020  002  007  019  019  004  005 
 005  004  000  008  000  001  004  006  010  022  019  017  021  014  004  002 
 002  000  000  006  002  001  008  014  018  032  028  019  016  010  006  004 
 000  000  000  006  004  000  006  010  011  025  027  022  019  015  014  010 
 000  000  000  006  004  000  004  010  008  018  029  028  022  014  011  006 
 042  045  044  045  043  042  047  054  057  061  072  065  049  039  036  036 
 092  096  096  094  093  092  093  094  098  098  106  097  076  072  072  079 
 000  000  000  000  001  002  004  002  000  000  013  015  000  000  000  000 

Celda62

 000  000  000  006  013  004  002  000  000  000  010  022  019  000  000  006 
 000  000  000  002  002  000  000  000  000  000  010  022  017  001  000  010 
 000  002  002  000  000  000  000  002  000  003  006  018  016  004  004  010 
 001  003  003  000  000  000  002  008  006  002  010  023  019  005  004  008 
 004  002  002  000  000  000  000  010  016  008  013  022  017  007  007  011 
 008  004  000  000  000  000  002  011  014  014  011  012  010  004  005  012 
 007  006  000  004  000  000  002  011  011  014  012  011  011  005  003  009 
 007  007  000  004  002  000  004  009  009  013  011  011  012  004  003  012 
 004  004  002  007  005  003  001  008  008  012  010  012  012  004  004  011 
 000  000  008  013  011  010  007  004  006  009  010  010  012  008  004  004 
 003  004  013  016  014  012  016  016  016  016  010  006  012  013  005  000 
 010  012  010  009  012  005  008  021  021  014  009  008  010  010  004  000 
 004  003  002  000  008  012  012  013  006  005  002  001  002  003  000  002 
 037  042  049  052  049  056  058  049  036  042  044  040  040  041  040  047 
 085  095  101  097  098  105  102  088  082  084  086  084  087  088  087  092 
 000  008  010  000  000  008  008  001  002  002  000  000  004  003  000  005 

Celda63

 010  000  002  005  002  000  000  002  004  000  000  006  012  044  076  002 
 008  000  000  000  000  000  000  002  004  000  000  004  008  044  080  000 
 004  000  000  000  000  000  000  004  006  000  000  000  004  045  083  000 
 002  000  000  000  000  000  006  009  011  002  000  000  004  046  084  000 
 012  007  003  000  000  000  012  014  009  001  002  002  008  048  083  000 
 013  003  000  002  008  010  014  010  006  000  001  004  008  050  088  006 
 008  000  000  006  015  018  012  003  004  004  000  000  002  048  084  001 
 005  000  000  009  018  017  012  009  007  005  000  000  000  050  088  000 
 001  000  000  008  006  003  006  012  015  008  000  000  001  053  092  002 
 000  000  000  003  000  000  002  014  012  010  006  007  023  068  099  010 
 000  001  000  000  000  003  009  010  002  004  009  022  033  064  090  009 
 002  004  000  000  004  011  008  006  000  000  006  021  020  045  076  001 
 008  008  006  010  014  012  002  005  002  000  000  010  008  040  076  001 
 056  053  048  054  050  040  034  042  036  032  033  040  038  074  103  025 
 095  086  081  082  083  078  077  085  076  074  075  081  081  106  116  045 
 010  005  004  000  000  000  002  008  000  000  002  008  008  032  052  000 

