Celda0

 000  000  000  000  001  001  000  000  000  002  005  002  000  000  000  000 
 000  000  000  000  003  002  000  000  000  004  009  004  000  001  000  000 
 000  000  000  000  008  002  000  000  000  003  010  007  001  004  000  000 
 000  000  000  000  017  005  000  000  001  000  003  007  004  006  001  000 
 004  005  000  000  026  010  000  000  002  000  000  006  004  006  008  000 
 005  010  012  000  026  016  000  000  000  000  002  008  006  008  014  006 
 000  003  010  009  012  016  000  000  000  001  004  007  012  018  023  007 
 000  000  000  004  000  004  000  000  000  004  000  002  017  030  022  000 
 000  000  000  000  000  000  004  002  003  004  000  000  018  032  018  000 
 000  000  000  000  002  000  000  011  008  003  000  002  016  025  006  000 
 000  000  000  004  014  016  002  012  016  004  000  002  010  014  000  000 
 001  002  006  012  018  024  020  003  018  010  001  000  000  006  000  000 
 002  004  009  010  009  016  024  019  020  022  009  004  000  000  006  004 
 001  002  004  004  001  006  020  028  020  024  006  004  004  002  004  002 
 001  002  004  003  000  000  014  031  025  006  002  000  000  000  000  000 
 002  004  008  009  006  004  026  027  026  007  001  000  002  004  006  003 

Celda1

 000  003  004  004  003  000  000  000  001  001  000  000  000  000  000  000 
 002  008  010  009  006  000  000  000  001  001  000  000  000  000  000  000 
 006  020  020  015  010  000  000  000  000  000  000  000  000  000  000  000 
 009  029  024  010  005  002  005  004  000  000  002  000  000  000  000  000 
 008  030  024  000  000  008  014  006  000  000  008  000  000  000  001  002 
 000  022  020  000  000  019  019  006  000  000  004  000  000  000  000  000 
 000  008  009  000  002  024  020  010  004  000  000  000  000  004  000  000 
 000  000  004  000  010  016  014  016  012  000  000  000  008  014  005  005 
 000  000  008  009  011  008  008  015  016  006  000  004  017  026  021  014 
 000  012  019  011  006  007  006  006  014  015  002  005  025  034  027  014 
 001  031  036  015  006  005  004  000  010  019  014  015  028  029  015  003 
 013  042  033  006  002  000  005  000  005  016  022  023  024  015  002  000 
 016  034  026  000  000  000  008  007  011  019  024  025  020  010  000  000 
 014  032  024  000  000  002  012  014  022  024  019  018  019  012  006  012 
 006  032  028  002  000  004  016  022  022  015  008  010  019  016  009  008 
 002  032  030  004  002  008  021  028  021  011  009  014  020  015  004  001 

Celda2

 000  000  000  000  000  000  000  000  000  000  000  000  000  000  000  000 
 000  000  000  000  000  000  000  000  000  001  000  000  000  000  000  000 
 000  000  000  000  002  000  000  000  000  003  000  000  001  000  000  000 
 000  000  000  000  002  000  000  000  000  002  002  000  000  000  000  000 
 002  002  000  000  000  000  000  000  000  000  002  001  000  000  000  008 
 000  003  006  006  002  000  000  000  000  000  004  004  000  000  000  000 
 002  004  006  008  013  022  028  022  012  006  013  010  000  000  000  008 
 005  002  002  008  026  033  039  032  020  013  010  000  000  000  006  022 
 010  006  006  023  035  028  021  020  020  017  008  000  000  002  016  015 
 011  012  017  031  023  003  000  007  018  018  010  006  010  013  013  005 
 006  013  020  018  000  000  000  007  017  014  008  008  014  017  012  002 
 003  010  009  003  000  000  005  010  011  007  002  004  010  012  012  006 
 007  007  003  002  006  010  008  002  000  000  000  006  012  006  004  004 
 008  004  000  000  002  000  000  000  000  000  000  009  011  005  002  002 
 000  000  000  000  000  000  000  000  000  002  006  004  000  000  000  000 
 000  000  000  000  000  000  004  007  008  010  009  000  000  000  000  000 

Celda3

 000  005  006  001  001  005  003  000  000  000  000  000  003  002  002  005 
 000  010  012  004  005  014  008  000  000  000  000  000  006  007  006  012 
 000  010  022  015  019  028  016  000  000  000  000  000  007  018  015  023 
 000  000  024  034  035  031  019  008  006  000  004  000  000  018  023  030 
 022  025  041  057  037  022  021  022  031  031  030  035  023  000  020  036 
 012  025  049  047  010  014  033  037  030  012  003  016  023  009  006  037 
 010  012  038  037  013  006  042  043  022  006  000  001  014  022  016  020 
 008  006  038  045  034  040  050  025  015  012  008  000  000  010  020  004 
 000  004  032  036  027  048  039  002  000  018  014  000  000  000  014  013 
 000  000  016  034  036  031  016  011  000  004  007  000  005  013  000  006 
 000  000  006  032  046  028  000  002  030  030  000  000  012  027  014  000 
 000  000  004  034  040  024  012  021  044  056  047  025  000  020  023  008 
 002  000  003  031  036  030  036  043  029  024  046  068  064  028  006  017 
 006  012  010  026  039  040  030  024  014  000  008  042  066  061  028  001 
 004  017  022  020  032  036  022  015  014  004  002  006  013  043  058  046 
 008  017  016  002  016  030  022  014  010  004  003  014  013  008  055  076 

Celda4

 005  000  000  000  001  000  000  000  000  000  002  000  000  000  000  000 
 010  000  000  000  002  000  000  000  000  000  004  000  000  000  000  000 
 019  000  000  000  002  000  000  000  000  000  006  000  000  000  000  000 
 024  000  000  001  006  000  000  000  000  000  002  000  000  000  000  000 
 028  003  000  006  011  000  000  000  000  004  002  010  019  007  000  000 
 033  008  000  012  014  000  000  004  013  016  018  033  024  008  003  004 
 029  018  010  016  013  000  000  000  004  008  011  023  011  019  036  036 
 012  028  026  020  009  000  000  000  000  000  000  011  012  033  044  045 
 000  020  038  030  010  000  000  000  000  000  000  017  036  043  020  020 
 004  000  036  041  022  002  000  000  000  005  021  048  056  034  006  011 
 008  012  016  045  038  010  000  000  010  024  037  051  050  028  018  023 
 000  018  010  036  046  015  000  002  018  018  013  024  031  021  013  011 
 014  000  014  014  034  020  008  012  014  004  004  023  034  016  000  000 
 024  015  008  006  007  022  025  022  012  000  003  024  030  012  000  000 
 020  016  002  000  000  010  032  031  016  006  015  033  024  004  000  000 
 047  000  000  000  000  000  026  039  028  022  031  031  014  002  004  012 

Celda5

 000  000  001  004  004  002  000  000  001  000  000  000  000  000  000  000 
 000  000  004  010  010  004  000  000  002  000  000  000  002  000  000  000 
 000  000  010  023  020  006  000  000  006  002  000  000  010  005  000  000 
 000  000  012  028  027  005  000  000  010  002  000  000  016  010  000  000 
 008  018  021  031  033  012  010  009  007  003  006  024  032  016  010  020 
 008  011  012  024  026  010  008  017  006  000  000  010  009  010  021  025 
 022  016  023  030  021  008  000  000  001  001  003  000  000  012  025  015 
 031  022  031  032  019  002  000  000  000  002  001  000  002  025  021  005 
 022  020  031  031  020  007  000  000  004  004  000  010  035  049  036  016 
 023  027  035  026  012  011  022  036  030  018  014  044  067  067  042  028 
 030  034  029  014  012  026  038  035  026  028  042  061  062  045  025  024 
 011  015  016  018  031  044  034  012  006  019  035  032  027  010  000  013 
 000  000  003  033  053  042  027  009  002  011  008  008  014  007  000  009 
 000  007  021  045  039  018  017  022  022  019  020  022  012  002  003  005 
 000  024  044  036  010  000  004  025  035  036  043  029  013  004  004  000 
 018  037  036  013  000  000  000  014  020  018  013  002  004  013  012  002 

Celda6

 000  003  003  000  000  002  006  003  000  000  000  000  000  001  003  004 
 000  008  006  000  000  004  013  006  000  000  000  000  000  000  006  009 
 000  019  010  000  000  007  022  012  000  000  000  000  000  000  012  016 
 001  024  010  000  000  002  016  014  000  000  002  004  000  000  014  016 
 019  024  023  029  034  031  023  023  007  001  000  011  002  021  039  030 
 019  012  033  038  021  024  030  036  023  014  004  012  014  024  027  014 
 016  014  034  025  002  006  031  032  028  023  017  023  027  021  012  004 
 012  016  025  018  006  010  018  005  004  012  018  028  030  019  013  010 
 010  009  014  017  016  013  005  000  000  000  019  030  031  022  023  027 
 020  018  010  009  016  010  000  000  000  011  020  024  024  018  025  030 
 033  036  020  000  018  014  000  001  003  020  012  006  006  010  019  010 
 028  028  015  004  010  014  000  000  004  018  010  000  002  012  011  000 
 006  000  002  014  014  000  000  002  012  017  009  000  002  014  010  000 
 000  000  000  010  009  002  000  008  021  021  007  000  002  012  008  000 
 000  000  000  000  000  000  010  007  018  024  010  000  006  011  005  000 
 000  000  000  000  000  004  011  012  002  018  018  010  006  003  000  000 

Celda7

 004  002  000  000  002  001  000  000  000  000  000  002  000  002  008  000 
 008  005  000  000  004  004  000  000  000  000  000  004  000  006  020  000 
 014  010  002  002  011  012  000  000  000  000  000  000  000  017  047  000 
 011  008  001  002  019  024  003  000  000  000  000  000  000  030  074  000 
 012  000  000  000  025  032  007  000  000  004  010  008  000  039  095  010 
 009  009  004  000  024  030  010  004  002  000  000  000  004  045  099  002 
 001  008  018  026  035  020  010  008  002  001  002  010  020  053  095  000 
 005  002  012  035  038  028  024  023  022  024  032  036  038  059  096  014 
 017  008  018  038  039  039  032  020  027  036  034  032  028  046  087  021 
 019  014  025  045  041  028  026  023  030  033  016  010  006  028  071  011 
 000  003  023  044  027  004  013  026  024  017  000  000  000  023  063  002 
 000  000  018  032  012  000  010  007  004  000  000  000  000  026  065  000 
 000  000  022  028  004  000  016  008  000  000  002  000  000  028  071  000 
 000  000  026  026  000  000  010  011  006  018  014  012  009  026  070  000 
 000  002  030  024  000  002  003  012  021  023  004  004  007  018  063  000 
 002  022  035  017  000  000  000  014  022  010  000  000  000  012  062  000 

Celda8

 002  004  008  011  015  015  032  016  020  014  002  000  006  009  009  010 
 000  000  001  005  011  013  024  016  018  022  008  001  000  000  000  003 
 000  000  000  000  004  005  011  015  013  024  015  000  002  000  000  002 
 000  000  002  003  002  001  005  016  004  018  024  014  014  016  018  012 
 002  004  008  007  004  004  002  012  007  010  030  030  022  031  026  023 
 003  006  010  008  008  009  004  002  012  002  022  030  018  029  025  025 
 001  002  005  006  006  006  004  000  010  016  002  010  004  016  017  006 
 000  000  001  004  009  011  010  008  009  010  000  000  000  004  025  000 
 002  004  008  011  018  016  016  014  008  000  000  000  000  000  025  006 
 003  007  012  011  009  004  009  011  004  000  000  000  000  000  019  010 
 001  002  004  002  000  000  001  008  008  002  000  000  000  002  008  014 
 000  000  002  005  006  006  009  014  019  022  017  008  008  008  000  018 
 000  001  006  014  019  020  020  018  019  025  028  019  010  010  008  014 
 000  002  007  014  018  018  018  016  014  014  016  014  010  014  021  016 
 000  001  004  004  004  004  006  008  010  008  006  010  015  021  029  032 
 000  000  000  000  000  000  000  000  004  008  013  021  025  024  022  019 

Celda9

 013  038  032  014  015  029  040  039  026  016  014  012  008  006  000  000 
 013  031  028  022  028  037  039  032  020  011  006  003  000  000  000  000 
 008  020  027  028  030  030  020  009  004  000  000  000  000  000  000  006 
 000  018  030  027  022  018  005  000  002  000  000  000  000  002  005  012 
 010  014  034  024  018  020  007  003  000  000  000  004  009  004  003  010 
 020  013  032  023  017  024  018  008  005  000  000  014  012  008  002  002 
 010  010  034  024  014  024  020  003  005  006  004  011  002  006  008  005 
 000  006  028  017  006  018  023  011  000  008  009  007  001  004  003  000 
 000  000  020  013  000  009  024  022  010  006  012  010  004  000  000  000 
 000  000  017  012  000  007  026  026  016  008  000  004  000  000  000  000 
 000  000  019  019  006  011  023  020  012  012  006  000  000  000  000  000 
 000  010  037  037  018  009  014  015  009  012  010  000  000  000  000  000 
 006  004  038  037  016  008  008  019  018  017  016  011  011  014  010  000 
 011  012  037  032  010  005  004  024  023  018  016  015  013  020  019  010 
 026  022  034  029  006  005  000  026  023  013  008  009  007  006  008  008 
 018  016  020  026  000  007  006  025  024  012  005  006  004  000  000  007 

Celda10

 004  003  000  000  004  012  010  008  005  004  005  003  000  000  000  004 
 008  008  000  000  010  009  000  000  000  000  000  001  000  000  000  001 
 014  013  006  004  004  001  000  000  000  000  000  000  000  000  000  000 
 016  010  004  000  000  000  000  000  000  000  000  000  000  000  000  000 
 010  010  009  002  000  000  000  000  000  000  000  000  004  004  002  006 
 000  006  016  008  000  000  000  000  000  002  008  010  010  011  010  016 
 000  001  020  012  000  000  000  000  000  011  015  010  006  014  013  012 
 000  000  016  012  000  000  000  000  006  007  004  001  004  017  011  004 
 000  000  010  008  000  000  000  009  016  000  000  002  015  018  002  000 
 000  000  002  006  000  000  000  015  016  000  002  008  020  013  005  003 
 000  000  000  006  000  000  001  018  018  000  006  008  009  004  006  012 
 000  000  000  008  004  000  002  018  022  009  002  000  000  006  004  006 
 000  000  000  006  008  004  012  023  024  010  000  000  000  009  011  000 
 004  007  012  014  017  024  032  035  025  001  000  000  003  014  009  000 
 012  015  015  012  019  033  038  029  016  008  007  010  019  024  017  010 
 015  012  002  000  020  039  034  012  004  003  008  012  017  021  018  018 

Celda11

 011  006  004  004  006  027  026  013  003  000  000  011  028  027  023  038 
 000  000  000  014  023  035  032  015  002  003  006  016  022  030  018  000 
 000  000  006  011  014  017  023  018  009  009  009  011  009  012  006  000 
 000  000  010  012  002  003  022  024  016  012  004  000  003  004  000  000 
 012  014  004  002  004  008  024  032  016  008  010  008  009  014  012  016 
 018  016  009  000  008  022  028  027  024  007  017  029  031  025  016  011 
 009  006  007  006  015  044  041  032  027  019  017  021  021  019  018  016 
 002  001  002  002  004  038  036  030  027  016  009  006  001  010  019  024 
 000  000  000  000  000  032  049  034  012  002  004  010  017  020  018  015 
 002  000  000  000  000  027  050  043  020  007  018  036  042  028  014  008 
 010  000  000  000  006  040  048  039  033  039  043  046  039  016  006  000 
 010  008  006  010  023  042  037  038  059  063  040  026  019  002  000  000 
 000  008  017  018  012  014  022  041  060  044  006  001  004  000  000  000 
 000  000  008  009  000  002  024  046  058  038  006  003  002  000  000  000 
 006  002  000  000  000  001  036  045  040  032  014  005  004  000  000  000 
 018  014  004  000  000  009  060  058  030  024  018  005  006  002  000  003 

Celda12

 039  016  000  000  000  000  016  039  039  038  039  029  015  012  019  022 
 000  034  050  038  016  004  008  030  042  046  040  025  020  026  026  013 
 000  020  055  062  047  026  010  018  038  048  044  030  022  026  024  008 
 000  000  005  016  030  036  030  012  022  044  052  043  024  016  020  017 
 012  000  000  000  000  021  036  030  008  027  048  054  033  014  018  024 
 008  002  000  000  000  004  012  020  022  006  024  048  046  026  020  025 
 015  013  013  016  021  014  001  004  018  026  011  024  044  036  022  022 
 026  023  020  024  033  026  020  018  018  018  017  007  024  030  022  020 
 019  026  030  026  018  016  028  038  026  004  000  004  017  010  008  016 
 010  023  032  026  010  006  016  020  020  010  001  013  028  018  006  002 
 000  009  013  012  010  007  002  000  000  020  032  028  015  000  004  006 
 001  000  000  000  003  005  000  000  002  021  040  034  000  000  000  000 
 000  000  000  000  000  000  004  016  020  020  024  028  020  003  000  006 
 000  000  000  000  000  000  017  027  026  024  016  018  036  049  032  000 
 006  012  013  008  009  024  039  035  026  026  020  014  024  041  045  028 
 014  023  020  016  026  047  047  032  023  021  024  022  013  009  019  034 

Celda13

 022  023  014  002  000  002  006  000  000  000  000  000  004  019  016  012 
 012  015  011  003  005  014  005  000  000  000  000  003  022  018  004  003 
 003  012  008  006  014  021  010  000  000  000  000  017  021  005  000  000 
 012  003  000  000  012  009  001  003  000  000  008  016  010  000  000  000 
 016  000  000  002  012  008  000  000  000  000  006  014  006  000  000  000 
 016  000  000  003  006  000  000  000  000  000  000  010  006  000  000  000 
 016  000  000  008  005  000  000  000  000  000  000  000  000  000  000  000 
 021  012  008  014  010  000  000  000  000  000  002  000  000  000  011  012 
 029  030  018  015  013  000  000  000  004  002  000  000  000  000  019  020 
 027  038  028  018  015  000  000  000  002  003  000  000  000  003  028  023 
 010  026  030  028  022  009  000  001  000  000  000  000  004  020  028  022 
 002  006  022  028  027  020  006  000  000  000  000  004  018  012  013  013 
 004  007  012  010  020  028  013  000  000  000  012  016  001  000  008  012 
 006  024  014  000  000  026  018  000  000  014  024  014  000  000  008  015 
 000  022  026  000  000  014  016  002  010  027  024  004  000  000  008  022 
 029  001  019  008  001  014  014  004  014  028  021  004  000  000  012  024 

Celda14

 010  008  006  010  012  006  002  008  010  011  024  021  006  000  000  000 
 002  004  009  014  010  000  003  010  016  027  045  034  012  008  004  002 
 000  001  005  006  000  000  008  017  013  028  040  029  015  014  008  000 
 000  000  002  002  004  006  019  025  017  023  026  014  004  006  008  006 
 000  000  006  000  010  022  041  047  037  032  017  000  000  000  002  013 
 000  000  007  000  002  021  050  057  047  032  012  000  000  003  000  000 
 000  000  002  003  008  025  033  036  025  014  004  000  004  010  000  000 
 002  004  000  008  023  019  014  022  010  000  000  000  019  019  008  000 
 005  004  004  016  020  007  006  016  008  000  000  000  019  006  002  007 
 002  000  000  011  014  005  001  002  000  000  000  010  013  000  000  008 
 002  000  000  012  020  023  013  004  000  000  005  006  000  000  000  019 
 000  000  000  012  031  023  001  001  005  012  019  006  000  004  016  022 
 000  000  007  026  040  019  002  005  008  012  011  003  007  038  041  027 
 006  003  020  045  054  036  025  019  010  003  002  000  010  045  033  026 
 014  009  026  052  056  040  026  014  007  004  001  004  019  026  013  002 
 012  013  033  040  030  010  000  000  004  012  012  011  011  008  012  012 

Celda15

 017  033  029  009  000  000  005  019  012  000  000  000  000  018  070  005 
 015  020  009  000  000  009  022  019  000  000  000  000  000  028  082  006 
 008  018  011  004  010  023  023  012  009  012  007  000  000  030  074  000 
 000  009  013  018  024  021  007  000  001  006  006  005  008  031  070  000 
 014  008  016  030  028  014  001  000  000  000  000  003  012  025  064  000 
 001  006  027  038  026  006  000  000  000  000  000  006  000  013  063  002 
 000  006  018  020  014  002  000  000  000  000  009  010  000  027  081  019 
 003  017  008  010  012  005  000  001  014  026  035  027  020  052  090  023 
 030  033  015  004  010  011  014  017  019  024  024  019  023  059  084  020 
 041  029  020  025  044  046  035  022  014  006  000  002  017  049  069  013 
 028  004  004  040  063  045  028  021  017  008  000  005  016  038  056  004 
 018  004  010  051  050  021  018  030  033  030  024  023  025  044  060  006 
 016  019  036  051  025  000  010  040  031  033  035  038  034  052  066  011 
 028  048  050  039  013  000  017  030  006  008  014  014  013  041  062  013 
 023  039  029  014  008  013  016  010  000  000  000  000  000  034  049  001 
 012  014  007  001  010  014  002  000  000  000  000  000  000  036  053  000 

Celda16

 000  000  000  000  000  000  000  003  000  008  019  026  024  020  013  002 
 000  000  000  000  000  000  000  008  006  000  010  014  014  013  012  004 
 000  000  000  000  000  000  000  009  010  000  000  004  004  002  002  004 
 001  002  000  000  000  000  000  008  010  006  001  000  000  000  000  006 
 000  000  000  000  000  000  012  010  008  006  000  000  000  000  000  015 
 000  000  000  000  000  008  019  015  010  000  000  000  000  000  015  018 
 000  000  000  000  000  006  018  022  012  000  000  000  000  000  020  017 
 000  000  000  000  000  000  009  022  018  002  000  000  000  000  016  016 
 000  000  000  000  000  000  000  011  021  016  000  000  000  000  010  010 
 000  000  000  000  000  000  003  000  012  024  016  006  018  014  006  005 
 003  005  006  002  003  009  019  025  018  014  024  009  013  020  016  015 
 003  005  006  004  008  016  026  024  026  010  010  018  002  000  010  013 
 001  002  001  000  004  010  014  012  016  018  008  008  010  002  004  006 
 000  000  000  000  004  001  006  010  000  011  022  020  008  004  008  007 
 000  000  000  000  004  000  001  011  002  000  000  012  015  004  000  004 
 001  002  006  008  007  003  000  004  000  000  002  002  000  000  000  000 

Celda17

 000  000  004  022  002  000  003  024  023  010  006  004  002  000  002  009 
 000  000  002  017  006  000  000  023  020  005  006  008  008  009  014  016 
 004  004  010  011  004  000  012  028  019  005  010  014  010  008  008  012 
 021  024  027  018  009  014  030  032  024  020  021  010  002  006  000  000 
 024  020  018  016  018  022  033  027  018  016  011  004  000  003  000  000 
 010  007  003  006  013  017  026  018  002  001  005  004  010  008  001  000 
 000  000  000  008  003  005  012  012  000  000  008  009  010  010  006  000 
 008  000  000  010  007  000  008  016  005  006  009  012  007  004  002  000 
 014  000  000  008  006  000  010  028  019  010  009  017  010  002  002  004 
 012  000  000  004  008  000  014  040  024  002  008  019  002  000  000  002 
 009  000  000  005  018  006  012  040  031  000  005  008  000  000  000  000 
 007  000  000  005  030  016  010  032  035  008  002  001  000  000  000  000 
 002  000  000  000  040  028  006  022  039  016  000  000  000  000  000  000 
 000  000  004  000  040  037  007  014  040  026  002  003  000  000  000  000 
 000  000  006  008  028  040  016  012  038  034  007  010  000  000  000  000 
 000  000  000  008  008  032  029  018  032  039  010  001  000  000  000  000 

Celda18

 011  004  000  008  042  047  022  001  000  000  000  002  006  012  011  008 
 012  009  009  034  063  043  012  004  006  006  000  000  004  014  012  000 
 014  017  020  045  059  022  004  002  004  006  002  000  001  016  016  002 
 001  010  015  034  037  002  000  000  000  000  000  004  004  012  014  003 
 000  000  004  018  020  000  000  000  000  002  002  004  010  016  013  004 
 000  000  002  011  008  000  000  002  001  002  007  006  005  012  013  007 
 000  002  016  011  002  000  006  018  020  010  002  010  010  011  005  000 
 002  019  025  010  002  005  017  018  022  018  012  016  018  014  004  002 
 006  024  014  000  000  006  015  007  004  009  014  021  018  010  008  014 
 004  016  000  000  000  006  018  010  000  000  007  013  005  002  010  005 
 000  012  000  000  000  002  020  014  000  000  006  003  000  000  009  002 
 003  014  000  002  008  009  014  010  002  002  005  004  002  002  002  000 
 008  021  002  010  018  020  010  000  006  006  004  004  007  004  002  000 
 012  026  008  001  011  016  012  004  009  010  003  003  007  006  000  000 
 016  023  009  006  012  010  013  011  009  006  003  002  003  004  000  000 
 026  020  005  010  016  011  011  010  003  003  006  003  000  000  000  000 

Celda19

 010  011  011  007  002  015  075  069  034  021  010  007  012  005  000  000 
 001  007  017  022  019  020  072  060  015  005  000  010  018  003  000  000 
 000  004  013  020  024  018  050  053  016  001  004  005  010  004  000  000 
 000  000  000  000  014  013  014  032  028  024  014  000  000  012  010  000 
 000  000  000  000  004  004  000  010  028  037  018  000  000  021  018  000 
 006  008  008  004  001  005  008  000  012  030  023  004  010  023  010  000 
 000  000  000  000  000  008  009  002  000  014  021  024  028  018  002  002 
 000  000  000  000  000  000  000  000  002  015  004  027  035  016  006  004 
 013  000  000  000  000  000  000  000  024  030  018  004  024  022  019  005 
 004  000  000  000  000  000  000  000  038  038  004  005  006  022  021  007 
 000  000  000  000  004  004  000  000  030  050  008  000  004  014  009  008 
 000  000  006  010  014  018  018  007  008  047  028  000  009  020  006  005 
 002  010  016  019  019  018  021  019  003  034  040  020  028  027  016  010 
 000  007  016  019  018  016  015  014  008  018  044  036  040  026  014  007 
 000  004  010  011  008  005  002  004  008  002  036  048  046  022  012  012 
 006  008  000  002  001  000  000  000  006  000  020  056  062  025  004  014 

Celda20

 000  002  003  011  031  035  018  003  008  010  018  019  010  000  000  014 
 000  000  002  021  024  012  000  000  014  015  006  002  000  000  000  004 
 002  006  026  023  010  007  006  008  029  021  003  000  000  000  000  004 
 002  014  022  000  000  010  005  012  023  007  000  000  000  000  000  002 
 000  010  014  000  000  013  010  006  008  000  000  000  000  000  000  002 
 000  010  018  006  008  013  015  012  000  000  000  000  000  004  015  013 
 000  012  029  019  010  013  015  005  000  000  000  000  006  017  020  016 
 000  014  034  022  006  004  000  000  000  000  000  000  008  008  004  008 
 000  018  030  026  016  004  000  000  000  004  009  009  002  000  000  011 
 011  023  026  031  026  004  002  007  014  019  018  010  002  001  002  018 
 024  028  023  032  028  002  000  002  003  002  000  001  010  022  025  025 
 028  026  018  027  023  003  000  010  003  000  000  000  008  019  023  018 
 021  018  012  021  020  008  010  010  000  000  000  002  002  004  000  006 
 010  012  014  020  018  012  012  004  000  000  006  005  000  001  006  000 
 009  010  018  024  016  011  008  000  000  004  012  003  000  000  002  000 
 017  021  024  019  015  016  014  012  016  021  018  008  004  000  000  000 

Celda21

 034  042  030  004  002  022  018  005  008  018  020  012  000  000  024  031 
 027  055  066  050  014  010  024  014  008  014  022  016  000  003  029  019 
 013  028  033  042  042  024  008  014  017  023  028  014  000  019  032  009 
 000  005  000  008  045  070  060  024  010  026  028  016  009  023  021  004 
 000  000  000  000  026  057  076  070  049  025  010  012  018  028  026  013 
 016  019  017  010  032  042  041  061  067  056  024  000  020  028  032  024 
 020  025  030  032  043  036  004  013  022  026  028  024  021  020  026  026 
 019  027  032  042  046  029  000  000  000  000  006  034  032  006  014  024 
 022  030  031  028  026  020  010  003  000  000  000  000  008  006  001  023 
 027  027  017  005  001  000  000  006  012  009  000  000  000  000  000  022 
 026  019  007  000  000  000  000  000  000  018  032  022  002  000  000  018 
 017  014  007  000  000  000  000  004  012  028  041  044  037  024  007  003 
 002  007  010  002  000  003  014  023  026  024  016  024  036  036  032  023 
 000  002  012  004  000  000  009  015  015  008  003  006  012  016  025  035 
 000  005  012  005  000  002  006  012  016  017  012  004  000  002  014  034 
 000  012  013  012  014  009  011  019  024  030  026  017  012  012  022  050 

Celda22

 012  022  036  031  028  011  000  000  012  016  014  009  000  002  019  012 
 007  027  032  014  016  016  000  012  020  012  006  004  006  020  030  004 
 009  025  023  006  004  018  018  007  000  000  000  000  006  018  014  002 
 008  024  025  006  000  014  019  004  000  000  000  000  000  008  014  013 
 012  024  024  007  000  008  010  000  000  006  004  000  000  016  030  028 
 017  023  020  006  000  003  002  000  000  018  006  000  000  028  039  020 
 020  020  014  004  002  002  000  000  004  020  008  000  005  028  032  019 
 022  018  010  002  002  001  000  000  006  014  014  006  008  014  021  024 
 029  019  006  000  000  004  004  002  000  006  018  016  006  002  014  029 
 041  033  009  000  000  010  014  003  000  002  018  016  007  004  012  024 
 048  032  000  000  000  007  018  010  000  002  013  009  008  012  012  009 
 038  035  006  000  000  004  013  014  003  004  010  004  006  014  007  000 
 012  019  012  005  004  007  014  014  000  004  010  004  006  011  000  000 
 034  018  000  002  007  018  024  012  000  006  013  010  008  003  000  000 
 046  046  037  022  000  010  026  020  014  016  016  010  000  000  000  011 
 044  047  050  052  042  016  009  026  026  020  019  014  000  000  004  020 

Celda23

 005  011  008  004  016  015  000  000  000  003  000  000  000  028  052  000 
 000  012  016  012  020  011  000  000  001  000  000  000  000  021  052  000 
 009  024  028  019  017  012  006  008  008  006  000  000  000  020  058  000 
 019  021  017  009  008  009  000  000  015  012  006  000  000  020  064  000 
 014  008  004  006  004  004  001  003  010  000  000  000  008  034  075  009 
 004  004  002  004  004  000  000  003  008  000  000  000  002  029  063  003 
 003  000  000  006  004  000  000  002  005  000  000  000  000  022  056  000 
 012  000  002  013  004  000  000  006  005  000  000  000  000  024  060  000 
 016  000  014  020  001  000  002  004  000  000  000  000  000  030  070  006 
 012  008  024  018  000  000  004  001  000  000  000  000  004  035  066  000 
 009  020  024  008  000  006  006  002  000  000  000  000  005  033  063  000 
 008  026  019  005  004  008  009  006  000  000  000  006  002  032  068  009 
 008  024  014  009  009  002  005  013  005  000  000  001  005  038  066  004 
 019  026  014  015  011  000  000  016  016  000  000  000  004  047  074  000 
 019  014  009  013  008  000  000  014  016  000  000  000  002  048  078  000 
 014  011  009  009  006  000  000  004  007  002  002  002  011  047  076  000 

Celda24

 003  006  012  014  010  003  000  000  000  000  002  010  002  000  004  006 
 001  003  007  009  006  000  000  000  000  000  000  012  010  000  009  014 
 000  000  002  002  000  000  000  002  004  002  000  010  012  000  000  008 
 000  000  000  002  004  008  011  012  013  014  010  011  014  001  000  005 
 000  000  000  002  009  013  014  014  018  021  022  021  023  010  004  002 
 000  000  000  000  004  007  008  014  016  014  015  017  020  012  008  001 
 001  002  004  004  003  004  008  017  014  010  007  010  015  012  012  008 
 001  003  006  007  004  000  002  015  013  012  011  011  013  008  008  007 
 001  002  004  001  000  000  000  015  009  005  007  006  007  000  002  006 
 001  002  000  000  000  000  008  019  001  000  000  002  000  000  003  008 
 000  000  000  000  000  002  012  011  000  000  000  002  001  002  004  007 
 000  000  000  000  000  003  002  005  000  000  000  000  002  006  004  002 
 000  000  000  000  006  003  001  000  002  000  000  000  006  004  002  000 
 001  002  006  006  013  008  006  008  010  007  004  000  009  000  002  010 
 001  004  010  014  013  002  000  009  016  014  012  008  010  003  007  016 
 002  004  010  011  005  000  000  013  017  010  010  012  020  012  004  000 

Celda25

 004  000  002  004  000  019  041  027  023  040  022  000  000  000  000  010 
 017  020  016  006  000  010  048  034  014  036  034  000  000  000  000  020 
 012  016  018  016  008  002  046  038  010  028  040  000  003  004  002  026 
 004  003  009  021  026  013  030  036  013  022  042  017  000  005  010  028 
 002  000  000  006  016  012  009  027  014  020  038  027  000  000  010  021 
 000  000  000  000  000  006  010  019  011  018  033  031  004  004  008  006 
 000  000  000  000  008  017  023  024  007  011  030  039  024  015  013  006 
 008  008  011  011  016  022  027  022  004  000  031  049  030  011  020  024 
 010  012  010  009  010  012  016  012  001  000  028  050  044  025  025  028 
 012  012  008  008  008  008  004  002  005  002  017  042  052  046  029  014 
 010  013  012  009  006  004  000  001  009  010  004  037  058  060  037  005 
 008  014  016  011  003  000  000  000  008  012  005  031  066  067  039  004 
 012  008  008  005  001  000  000  004  002  011  009  016  062  077  041  001 
 017  002  000  000  000  002  000  005  001  010  011  000  042  077  059  016 
 007  000  000  000  000  000  000  008  001  008  012  009  021  067  072  033 
 000  000  000  000  000  000  000  012  006  000  008  014  016  054  074  040 

Celda26

 031  012  000  012  021  010  002  003  002  002  006  001  000  000  000  005 
 030  004  000  014  023  008  000  000  000  005  004  000  000  002  008  014 
 024  000  000  018  022  000  000  000  000  005  003  003  004  005  007  002 
 013  000  003  024  022  000  000  000  004  000  000  000  000  000  000  000 
 000  000  006  025  022  000  000  000  002  000  000  000  000  000  000  000 
 000  000  007  023  022  002  000  000  000  000  003  000  000  000  000  000 
 000  000  008  021  024  011  007  006  000  000  008  005  008  012  008  000 
 022  018  012  014  024  018  000  008  009  006  013  011  006  004  002  000 
 032  032  025  010  014  019  008  000  010  014  014  004  000  000  000  004 
 020  024  022  014  002  012  015  004  000  002  003  000  000  000  000  011 
 000  008  014  016  012  007  013  006  000  000  000  000  000  008  020  021 
 000  006  016  020  016  010  012  006  000  000  000  000  004  026  034  021 
 008  014  014  015  014  011  010  009  006  004  000  000  010  020  015  002 
 004  011  003  001  004  006  000  002  000  000  000  000  010  015  013  006 
 006  000  000  000  000  000  000  000  000  000  000  000  002  002  004  010 
 009  000  000  000  000  000  000  000  000  000  000  003  000  000  000  007 

Celda27

 011  004  000  000  000  000  000  000  005  004  004  054  066  032  002  002 
 002  000  000  000  000  001  007  008  008  011  010  044  060  036  012  007 
 000  000  000  006  000  000  003  010  016  020  016  025  051  044  026  026 
 000  000  000  008  000  000  000  012  022  026  018  000  040  058  046  039 
 000  000  004  012  004  006  013  018  022  026  026  016  030  066  064  035 
 000  000  015  015  012  013  014  014  014  018  028  037  048  070  060  032 
 000  007  028  016  010  009  008  008  010  014  022  031  035  047  044  036 
 005  029  032  014  012  014  019  020  018  014  014  018  016  026  030  030 
 022  029  016  008  012  018  024  026  020  012  011  011  005  010  026  019 
 019  006  002  001  002  007  009  008  005  006  008  006  000  005  033  024 
 007  000  000  004  004  002  000  000  000  000  004  006  003  000  037  034 
 010  000  000  002  010  002  000  000  000  000  000  006  009  005  028  046 
 006  006  001  000  007  000  000  000  000  008  010  006  013  014  017  046 
 000  000  000  000  000  000  000  000  000  018  021  012  020  026  018  030 
 006  000  000  000  000  000  000  000  000  021  026  019  018  033  031  013 
 004  000  000  000  000  002  000  004  007  023  022  020  020  022  030  016 

Celda28

 016  027  026  017  020  033  038  036  031  025  028  023  018  008  002  006 
 020  030  024  017  024  044  047  029  020  016  026  021  021  019  018  021 
 031  030  014  010  020  045  038  005  000  000  008  000  004  016  026  031 
 027  015  000  000  017  035  024  000  000  000  002  000  000  004  022  032 
 009  000  000  001  018  023  012  000  000  005  001  000  002  014  019  024 
 008  008  004  002  016  011  000  001  014  016  000  002  000  018  024  019 
 022  009  010  005  010  002  000  000  022  024  005  000  000  026  031  013 
 028  010  000  002  007  003  006  004  015  020  008  000  010  030  022  006 
 015  013  006  005  010  012  012  010  008  016  010  013  029  033  010  000 
 003  002  016  020  014  005  000  002  013  028  029  036  043  032  006  000 
 011  010  012  027  018  000  000  002  022  030  028  028  023  008  000  007 
 017  015  008  026  020  000  000  009  025  025  017  010  008  003  005  015 
 030  002  000  023  026  002  004  012  022  019  011  002  000  003  016  023 
 032  000  000  021  028  002  001  016  021  015  010  004  006  015  030  021 
 018  002  000  022  024  006  005  021  023  016  011  002  003  018  026  009 
 000  000  018  034  024  006  007  018  018  014  008  000  001  013  015  002 

Celda29

 019  023  017  019  019  011  011  020  019  022  028  028  026  026  036  045 
 026  020  014  020  023  014  014  020  015  008  013  020  028  036  041  035 
 032  026  024  032  033  018  017  025  021  012  012  017  030  044  044  036 
 034  030  028  029  024  010  009  017  016  013  014  014  018  022  020  020 
 021  016  011  009  009  005  002  005  008  001  001  003  001  000  000  002 
 006  002  002  002  010  008  006  000  008  002  000  002  005  000  000  008 
 001  000  004  007  011  002  002  006  010  002  002  006  007  006  004  009 
 002  002  006  008  001  000  000  004  009  006  005  002  000  000  000  005 
 004  010  006  000  000  000  000  012  006  000  001  000  002  006  008  011 
 000  011  012  000  000  000  011  022  004  000  004  005  008  014  018  018 
 014  017  013  001  001  011  033  030  013  008  012  008  005  007  008  008 
 026  025  022  014  010  008  020  010  004  009  018  014  012  006  000  004 
 014  007  012  014  012  005  008  006  000  004  012  012  012  008  000  010 
 008  008  012  010  012  007  003  010  003  000  006  009  000  001  006  029 
 002  015  023  012  011  007  004  016  004  005  011  012  000  002  012  035 
 004  019  021  008  006  010  007  008  003  023  040  028  015  012  015  023 

Celda30

 024  028  034  044  051  046  030  033  021  008  014  022  011  002  026  030 
 018  022  031  038  048  058  058  040  021  003  004  024  025  021  032  024 
 032  034  037  040  046  058  064  052  034  027  026  035  038  033  026  012 
 024  024  020  019  026  036  044  050  053  050  041  032  032  024  018  011 
 003  002  000  000  001  008  020  036  050  053  046  036  021  005  014  018 
 006  002  003  002  005  009  017  023  028  034  042  048  042  019  000  021 
 010  006  012  015  017  012  011  011  010  012  020  034  044  042  028  014 
 010  005  010  020  017  009  003  004  006  003  002  017  021  036  044  036 
 012  013  022  026  019  016  014  014  014  012  011  024  014  022  031  032 
 021  031  036  025  016  020  024  024  021  021  024  036  023  022  022  024 
 020  031  025  008  004  010  018  019  016  016  020  025  013  014  021  032 
 017  017  006  000  000  003  007  008  004  002  007  009  002  006  018  033 
 030  020  008  004  000  003  004  000  000  000  010  013  008  012  022  032 
 042  021  012  010  004  000  000  000  000  004  025  026  019  023  028  024 
 031  004  000  000  000  000  000  000  000  014  036  029  013  011  013  007 
 012  000  000  000  000  003  008  009  006  020  041  028  007  000  004  002 

Celda31

 015  012  012  004  002  003  000  000  000  008  013  010  006  038  072  000 
 011  010  010  005  004  005  002  004  002  013  019  006  000  036  071  000 
 002  002  008  015  017  014  012  009  006  020  028  006  000  034  074  000 
 004  006  018  030  028  020  016  012  012  032  038  014  006  028  075  000 
 008  011  022  025  014  004  004  008  012  027  020  000  001  029  076  001 
 018  012  014  012  004  000  000  000  006  004  006  000  000  026  072  000 
 014  016  018  012  002  000  000  006  000  000  000  000  000  025  074  000 
 014  004  016  016  009  003  004  003  000  000  000  000  000  028  080  000 
 023  002  000  018  023  016  005  000  000  000  000  000  000  032  086  000 
 030  028  011  010  026  016  006  000  000  000  000  000  000  032  086  000 
 048  060  057  039  027  003  001  006  000  002  007  011  010  039  090  006 
 046  060  070  064  048  036  028  019  006  000  000  006  006  040  094  013 
 031  036  050  056  053  056  064  058  036  010  000  006  003  038  091  009 
 017  013  022  031  036  045  055  064  060  044  018  000  008  052  095  008 
 001  000  000  004  014  025  028  026  038  048  044  025  003  059  099  000 
 000  000  000  000  008  014  010  000  006  022  038  041  026  051  097  000 

Celda32

 001  002  003  002  000  000  000  022  026  012  010  010  017  006  000  000 
 000  000  002  003  005  005  003  030  033  012  012  008  005  000  000  000 
 000  001  005  011  014  012  006  028  029  002  007  008  002  000  004  010 
 000  000  000  004  010  010  006  026  032  007  006  005  002  003  010  014 
 000  000  000  000  000  006  012  029  035  007  000  000  000  004  008  006 
 000  000  000  000  006  000  012  026  026  000  000  000  004  005  009  004 
 000  000  000  000  008  002  003  019  019  000  000  000  016  014  008  004 
 000  000  000  000  004  004  010  021  023  010  006  006  030  017  004  002 
 000  000  000  000  000  004  016  030  028  012  009  006  031  018  007  004 
 000  000  000  000  000  000  016  038  029  000  000  000  028  012  004  006 
 002  002  000  000  000  000  009  038  034  000  000  000  031  015  000  002 
 000  000  000  000  000  000  004  036  033  000  000  000  030  010  000  000 
 000  000  000  000  000  000  006  034  028  000  000  011  027  000  000  000 
 000  000  000  002  004  000  008  034  020  000  000  016  019  000  000  008 
 000  000  002  005  003  000  008  033  014  000  000  016  017  000  002  013 
 000  000  000  000  000  000  009  034  014  000  000  011  014  000  007  009 

Celda33

 000  000  000  000  000  000  000  012  008  000  005  012  008  035  068  045 
 000  000  000  002  000  006  012  023  011  002  002  004  002  015  055  049 
 006  000  006  012  002  006  011  026  015  007  000  000  001  002  038  048 
 011  008  013  020  002  000  005  024  011  008  002  000  000  000  024  047 
 006  012  023  023  004  000  011  024  006  006  006  002  000  000  011  050 
 002  008  026  018  009  006  023  025  006  004  000  000  000  000  000  047 
 002  005  024  008  009  014  027  018  000  000  000  000  000  000  000  036 
 008  015  023  006  010  018  023  007  000  000  000  000  000  009  008  020 
 012  019  012  005  012  017  014  006  003  006  010  012  014  020  020  017 
 006  004  001  003  010  009  006  003  004  012  020  020  016  014  020  019 
 000  000  000  015  011  006  002  000  000  010  021  019  010  007  014  018 
 004  000  008  023  009  006  004  002  005  011  014  010  009  013  016  014 
 006  008  021  017  004  006  006  008  014  012  004  001  007  014  014  009 
 002  006  020  012  008  008  001  000  006  002  000  000  004  006  007  006 
 000  000  014  010  006  000  000  000  006  000  000  007  009  004  004  010 
 000  000  017  012  000  000  000  000  004  000  000  010  009  003  002  010 

Celda34

 014  000  000  000  000  000  000  000  000  000  000  010  000  000  000  008 
 024  002  000  000  000  000  009  009  001  000  000  012  002  000  000  023 
 034  010  000  000  000  001  007  012  008  006  012  019  004  004  018  035 
 038  014  000  000  001  001  004  000  000  008  029  024  016  014  028  032 
 046  020  003  004  005  000  002  000  000  009  037  022  019  015  022  022 
 056  032  018  004  008  001  000  000  000  023  029  007  010  008  008  010 
 060  045  032  013  008  006  000  000  000  030  024  000  000  000  000  004 
 062  054  037  018  000  007  006  001  008  030  014  000  000  000  000  000 
 053  054  036  020  000  000  003  002  020  030  001  000  000  000  000  000 
 034  042  035  024  008  000  000  002  032  026  004  000  000  000  000  000 
 017  020  032  036  021  000  000  007  038  011  000  000  000  000  002  003 
 006  000  027  053  041  010  008  026  033  000  000  000  003  012  016  015 
 002  000  024  068  048  005  012  038  019  000  000  000  008  008  006  008 
 006  006  019  069  051  000  012  039  008  000  000  007  008  000  000  002 
 016  018  021  061  048  006  025  028  002  000  000  017  008  006  003  007 
 020  022  014  054  042  016  028  009  000  002  006  022  005  004  001  004 

Celda35

 002  000  000  003  007  006  000  000  001  012  012  020  032  017  014  016 
 024  024  024  015  005  004  000  000  004  006  006  017  035  028  000  004 
 032  023  026  026  025  023  020  020  027  024  016  015  024  024  000  000 
 027  013  013  018  026  031  034  040  050  046  042  033  018  006  000  000 
 018  005  004  006  011  011  012  026  040  039  038  035  030  021  009  000 
 007  002  000  000  000  002  005  018  032  023  012  012  022  030  028  019 
 002  004  005  000  000  000  009  028  034  011  002  004  017  021  022  018 
 000  008  012  000  000  000  016  037  032  008  001  005  018  010  010  007 
 000  011  015  000  000  006  027  038  026  006  000  000  014  004  008  005 
 000  016  014  000  000  011  028  030  016  000  000  006  016  003  005  008 
 002  018  014  000  000  013  029  028  010  000  000  012  014  006  000  004 
 010  016  013  000  000  014  030  030  015  008  006  009  006  006  000  000 
 013  016  010  000  000  013  028  040  031  018  015  006  000  004  004  000 
 008  013  011  007  007  018  024  041  030  000  004  005  004  000  006  000 
 003  003  000  000  002  009  016  032  030  004  000  001  004  001  004  000 
 001  000  000  000  000  007  012  021  025  012  000  000  000  000  004  001 

Celda36

 000  000  028  048  026  000  000  017  024  014  002  000  005  011  010  003 
 008  002  023  048  029  000  000  013  026  022  012  008  011  009  004  002 
 000  012  018  032  024  006  000  010  018  020  021  022  012  002  002  004 
 000  000  010  011  012  018  022  031  016  007  022  024  011  001  004  008 
 000  000  009  002  000  027  044  038  019  011  019  018  003  000  003  012 
 008  002  028  017  012  021  051  030  000  001  013  012  000  000  000  012 
 015  019  063  042  030  006  038  030  006  000  006  006  000  000  000  015 
 010  030  085  052  038  018  016  024  020  014  002  000  000  000  004  025 
 002  027  082  041  032  026  018  018  018  022  006  000  000  000  011  029 
 002  024  074  025  016  024  028  025  008  009  010  004  000  000  013  029 
 008  018  072  030  005  018  023  024  020  000  000  008  010  008  020  027 
 008  017  065  036  004  010  012  014  016  014  000  000  018  027  032  022 
 009  022  068  040  005  008  006  002  005  016  026  024  014  028  040  025 
 008  018  055  033  005  010  007  000  001  011  026  036  029  005  030  033 
 000  004  044  033  002  008  007  002  000  004  011  021  026  015  002  027 
 000  000  044  038  000  004  005  001  000  000  002  008  014  017  005  002 

Celda37

 008  018  018  008  000  008  014  006  010  036  033  016  014  014  015  010 
 008  014  014  010  003  002  007  004  008  029  012  000  000  005  011  010 
 006  012  014  010  007  000  000  000  006  020  002  000  007  009  007  010 
 011  017  016  008  003  000  000  000  008  016  000  000  018  017  009  006 
 021  023  014  004  000  000  000  000  012  018  000  005  022  017  005  000 
 026  022  008  000  002  001  000  000  014  018  006  006  017  014  000  000 
 030  016  002  000  000  004  004  004  010  012  006  004  014  012  000  000 
 033  015  004  003  000  004  015  011  007  008  007  005  008  007  000  000 
 020  006  004  000  000  001  012  012  010  008  012  016  009  000  000  000 
 012  001  007  002  000  000  001  014  020  012  014  016  006  006  006  005 
 004  000  008  005  000  000  000  021  024  013  016  018  004  001  005  010 
 000  000  004  007  000  000  006  038  028  006  015  018  006  000  000  000 
 002  000  000  013  000  005  016  042  019  000  011  012  001  000  000  000 
 015  000  002  016  004  002  014  032  010  000  008  012  000  000  000  000 
 034  016  008  015  000  000  012  021  004  000  008  015  004  000  006  012 
 039  042  020  002  000  000  019  023  006  005  011  012  003  006  008  020 

Celda38

 004  000  000  000  000  005  004  004  008  025  045  031  009  007  005  006 
 004  000  000  000  002  002  000  000  004  030  048  033  008  008  012  019 
 009  002  000  000  000  000  000  000  016  040  047  032  011  010  012  018 
 007  002  000  000  000  000  000  000  029  038  031  021  006  010  013  014 
 000  000  000  000  000  008  000  004  022  026  020  015  002  000  009  009 
 000  000  000  000  004  014  006  001  011  019  018  012  006  008  012  002 
 000  000  000  000  004  012  009  001  003  012  012  007  012  020  017  004 
 000  000  000  000  004  012  014  008  005  003  000  004  022  029  016  000 
 000  000  000  000  004  018  023  020  014  004  000  004  029  032  012  000 
 003  000  000  000  002  020  030  031  017  008  012  023  036  027  013  006 
 012  010  006  005  007  024  039  037  019  010  018  029  028  019  015  009 
 000  000  002  002  005  026  039  029  014  003  007  014  009  004  009  007 
 000  000  000  000  006  030  030  020  012  004  004  010  005  000  000  000 
 000  000  000  000  012  028  020  011  008  002  004  016  014  000  000  000 
 015  010  000  000  015  026  016  004  001  000  004  023  024  003  000  000 
 024  018  012  011  025  023  008  000  000  000  006  024  022  004  000  000 

Celda39

 002  001  003  010  016  012  008  006  010  020  032  044  045  052  092  000 
 014  011  009  014  014  010  005  006  011  018  028  046  062  067  111  035 
 012  012  009  010  006  008  004  000  000  000  014  038  056  062  098  043 
 005  008  011  007  002  004  007  005  000  002  025  031  029  034  065  027 
 004  004  005  001  000  000  002  004  000  010  032  022  008  014  044  014 
 000  000  000  000  000  004  002  000  000  013  025  014  000  005  030  000 
 000  000  000  000  011  021  008  000  000  015  020  010  000  007  034  000 
 000  000  000  004  025  015  002  000  000  015  013  002  000  012  040  000 
 000  001  004  010  018  000  000  000  000  014  006  000  000  020  049  004 
 013  010  008  003  009  000  000  000  002  010  000  000  000  025  050  000 
 008  005  006  000  000  000  000  000  010  006  000  000  000  026  052  000 
 008  008  000  000  000  000  000  000  018  007  000  002  002  029  057  004 
 010  014  000  000  000  000  000  016  032  025  018  022  022  044  065  010 
 004  010  000  000  000  008  017  033  040  036  023  020  020  032  049  000 
 000  002  008  006  002  010  022  022  026  029  014  012  008  018  044  004 
 000  005  016  010  000  012  021  012  019  026  006  002  000  016  052  013 

Celda40

 000  000  000  000  000  000  010  032  012  000  000  006  012  006  011  000 
 000  000  000  000  000  002  006  026  011  000  000  008  019  023  015  000 
 000  000  000  000  000  000  000  018  014  000  000  014  024  016  000  000 
 000  000  000  000  000  000  000  010  018  003  000  015  021  009  000  000 
 000  000  000  000  000  000  000  000  010  002  000  014  018  008  000  000 
 000  000  000  000  000  000  000  000  000  000  000  012  020  012  000  000 
 003  006  009  009  007  006  006  006  003  000  000  011  020  013  000  000 
 003  006  012  012  014  022  028  028  020  012  009  020  024  006  000  000 
 002  006  014  019  025  033  034  033  028  026  030  042  036  017  011  012 
 004  010  024  034  038  030  022  019  022  028  034  042  032  024  020  020 
 005  012  028  036  032  022  017  016  015  015  014  016  010  012  013  010 
 002  005  011  014  010  008  016  024  022  011  000  000  002  000  007  006 
 000  000  000  000  000  000  005  015  019  014  008  000  000  007  008  010 
 000  000  000  000  000  000  011  000  006  013  016  016  014  023  012  008 
 000  000  000  000  000  006  016  000  000  007  012  017  025  032  016  006 
 000  000  000  000  000  010  021  004  000  000  000  000  020  026  020  016 

Celda41

 000  006  019  005  000  000  000  000  000  000  000  000  000  000  000  002 
 000  016  018  000  000  000  000  000  000  000  005  000  000  000  000  004 
 000  018  014  000  000  002  000  000  000  000  003  000  000  000  000  000 
 000  018  008  000  000  009  000  000  000  000  000  000  000  000  000  000 
 000  019  002  000  000  010  000  000  000  000  000  000  000  000  000  000 
 000  018  004  000  000  008  000  000  000  000  004  001  000  000  000  000 
 000  012  013  003  004  003  000  002  008  008  007  000  000  000  000  000 
 000  006  020  020  013  007  006  008  008  007  003  000  000  000  000  000 
 014  017  036  037  018  012  015  017  016  016  014  010  005  002  002  006 
 019  016  029  030  016  012  017  020  022  022  018  012  008  006  007  011 
 004  000  014  024  014  002  001  004  010  010  006  004  006  008  008  008 
 000  000  014  024  018  005  000  000  005  000  005  010  010  012  013  009 
 007  007  020  021  018  007  000  000  006  006  004  010  014  021  024  020 
 010  011  021  021  015  006  000  000  008  010  000  001  012  024  030  028 
 000  000  014  018  011  000  000  000  008  006  000  004  014  025  023  026 
 010  006  015  012  004  000  000  002  004  005  006  014  019  019  013  016 

Celda42

 006  006  002  040  038  024  026  002  000  010  012  014  000  000  000  003 
 000  000  000  028  040  035  026  000  000  001  006  003  000  000  000  006 
 000  000  000  013  039  052  034  000  000  000  000  002  000  000  001  010 
 000  000  000  000  033  064  048  008  000  000  006  004  004  004  003  012 
 000  000  000  000  027  070  058  016  000  010  017  008  012  016  013  016 
 000  000  000  000  024  067  058  023  014  022  019  006  012  020  022  013 
 000  000  000  000  021  056  051  030  028  029  012  000  002  013  020  018 
 000  000  002  008  021  046  052  054  053  041  016  008  017  018  018  022 
 008  007  006  010  015  044  075  089  074  051  036  037  037  024  016  014 
 015  013  008  006  004  037  078  096  071  045  039  037  026  014  006  004 
 010  012  010  006  002  030  081  097  061  028  020  010  002  000  000  000 
 007  010  012  010  006  019  074  104  066  016  002  000  000  000  000  001 
 014  014  015  011  006  004  058  106  078  024  008  001  006  010  012  012 
 024  020  015  010  007  000  038  102  090  038  017  006  008  014  020  023 
 026  020  014  016  021  018  018  091  100  054  024  001  000  005  013  016 
 016  012  011  019  028  026  012  076  102  066  026  000  000  004  004  000 

Celda43

 000  000  000  004  000  006  010  010  016  016  005  000  000  000  008  000 
 000  002  010  012  006  008  010  004  005  010  007  000  000  007  016  000 
 008  014  022  022  020  020  018  008  001  000  006  000  000  014  024  002 
 013  017  021  025  030  026  018  006  000  000  002  000  000  021  029  002 
 013  007  010  022  031  020  012  004  002  004  001  000  014  032  024  000 
 004  002  011  028  031  013  014  011  006  004  007  020  034  030  009  000 
 010  004  015  030  026  003  008  014  012  009  014  032  032  013  002  000 
 022  016  018  022  020  008  000  004  010  014  024  033  022  008  004  004 
 015  014  014  013  008  006  002  000  004  010  019  022  011  006  008  010 
 005  009  010  004  000  004  005  000  002  008  010  009  004  000  000  002 
 004  004  000  000  000  003  004  002  003  002  000  005  002  000  000  002 
 002  000  000  000  000  004  004  000  001  002  003  005  000  000  000  000 
 010  008  004  004  010  015  014  011  009  006  010  006  000  000  007  006 
 024  021  016  012  014  010  006  005  011  015  013  002  000  000  004  000 
 016  016  016  014  008  000  001  006  006  002  000  000  000  000  001  000 
 000  000  008  011  005  000  000  006  007  000  000  000  000  000  000  000 

Celda44

 000  002  042  036  007  000  002  000  000  000  008  004  007  015  020  008 
 000  004  035  030  015  000  002  003  002  000  010  003  006  016  024  028 
 004  009  029  026  022  006  005  006  009  008  008  007  005  009  012  020 
 002  016  029  027  034  012  006  004  009  013  016  017  006  002  002  009 
 000  021  019  020  035  007  002  002  006  009  014  012  006  002  001  006 
 006  018  002  017  042  006  003  006  007  003  001  001  000  000  002  006 
 014  008  000  014  048  017  001  006  005  000  000  002  000  000  000  007 
 012  001  000  008  048  030  000  000  000  000  000  000  000  000  000  009 
 010  000  000  001  044  037  000  000  000  000  000  000  000  000  009  007 
 002  000  000  000  039  040  000  000  000  000  002  004  004  002  006  006 
 001  000  000  000  030  039  006  000  000  000  000  008  014  014  002  001 
 000  000  000  000  014  036  022  007  000  000  007  012  015  012  005  002 
 000  000  000  000  000  032  036  016  000  004  013  010  006  003  004  016 
 000  000  000  000  000  024  044  023  000  008  018  006  000  000  007  031 
 000  000  000  003  001  011  044  030  006  010  018  009  000  004  011  031 
 000  000  005  008  006  000  037  036  014  010  017  014  005  010  011  015 

Celda45

 015  046  040  012  000  006  031  036  023  022  014  002  000  008  016  005 
 012  020  038  026  014  020  032  034  018  010  000  000  000  005  018  014 
 024  010  012  028  036  038  036  030  012  000  000  004  008  005  014  014 
 022  026  014  013  040  050  043  033  014  006  023  032  026  015  011  008 
 015  027  032  022  022  048  049  038  024  027  036  030  019  011  002  002 
 012  022  034  036  026  030  036  041  048  040  021  006  002  000  000  000 
 012  018  028  038  042  029  003  033  068  056  010  000  000  000  000  002 
 009  013  013  026  040  041  026  008  056  055  020  000  000  000  000  017 
 001  004  008  024  032  032  032  020  016  036  032  017  000  000  007  028 
 002  004  014  024  011  004  017  027  016  006  028  033  021  004  021  028 
 005  006  016  022  010  000  008  024  026  019  012  026  032  028  020  017 
 017  015  009  013  010  014  015  014  016  018  016  008  021  036  034  012 
 039  022  011  009  014  024  015  003  008  015  017  010  000  026  034  014 
 042  018  015  016  020  019  008  000  000  009  010  006  002  010  015  004 
 028  009  012  010  006  006  000  000  000  003  010  012  014  016  004  000 
 012  002  002  000  000  000  000  000  010  021  020  024  024  027  028  026 

Celda46

 004  006  015  029  041  028  010  000  000  000  008  019  014  005  008  002 
 000  001  014  032  026  014  012  012  006  000  008  014  004  002  012  011 
 000  000  013  011  000  000  001  006  008  006  017  024  010  004  007  011 
 000  000  006  001  000  002  002  004  005  006  023  031  016  014  008  005 
 000  000  000  000  008  015  008  005  005  008  024  028  010  012  011  013 
 005  006  005  001  013  016  000  000  004  010  023  025  007  006  008  019 
 017  016  008  004  006  013  004  000  006  014  024  024  007  006  012  030 
 028  013  003  002  000  010  010  004  014  021  028  025  014  018  032  039 
 021  003  000  000  000  012  019  012  011  021  021  016  016  024  036  027 
 009  000  000  000  000  016  020  007  004  010  003  000  012  020  015  002 
 004  000  000  000  000  014  020  009  006  012  004  004  016  012  000  000 
 000  000  000  000  000  011  015  009  008  012  005  008  018  010  000  000 
 000  000  000  000  009  020  014  010  016  012  004  011  015  004  000  000 
 004  007  004  008  022  017  006  014  020  006  004  019  018  003  002  006 
 003  022  022  022  023  007  002  015  014  002  015  031  021  008  004  003 
 013  014  029  028  016  003  006  016  012  009  025  027  007  000  000  000 

Celda47

 000  018  021  006  002  012  015  009  019  022  000  000  000  022  052  005 
 012  018  011  004  006  012  014  008  014  014  000  001  003  024  048  000 
 012  014  011  011  014  015  012  012  012  007  000  000  000  021  047  000 
 004  007  011  016  024  022  010  012  014  001  000  000  000  024  050  000 
 012  009  005  008  022  027  012  010  010  000  000  000  001  030  052  000 
 021  021  015  006  016  026  011  002  004  000  000  000  001  028  053  000 
 023  016  012  014  025  025  004  000  002  006  005  001  000  020  056  000 
 020  010  006  010  020  018  009  010  015  022  013  000  000  016  061  000 
 013  007  004  006  010  012  016  020  028  029  014  002  000  020  068  004 
 000  000  004  007  012  014  017  022  025  018  012  010  015  046  085  018 
 000  000  006  013  020  020  021  025  017  004  000  006  016  050  080  018 
 000  000  003  012  020  021  024  022  002  000  000  000  000  035  063  006 
 002  001  004  013  019  017  013  002  000  000  000  000  000  032  059  000 
 008  004  009  021  017  009  002  000  000  000  000  000  000  032  062  000 
 002  002  015  025  012  000  000  000  000  000  000  000  000  032  063  000 
 000  000  018  023  000  000  000  000  000  000  000  000  004  036  063  000 

Celda48

 000  000  000  000  000  010  022  012  000  000  000  000  023  018  000  008 
 000  000  000  000  000  008  020  014  000  000  000  000  024  027  008  000 
 000  002  008  018  024  027  033  028  016  017  019  018  029  030  014  000 
 001  003  009  016  020  017  022  025  019  023  034  046  066  060  033  017 
 002  005  010  011  008  006  011  015  008  002  008  016  034  018  007  004 
 002  006  012  012  010  011  018  017  007  000  000  000  014  000  000  000 
 001  002  004  006  008  016  027  022  014  005  000  000  014  005  006  006 
 000  000  000  000  000  010  014  006  004  001  000  009  029  016  008  000 
 000  000  000  000  000  013  010  001  000  000  000  016  030  009  003  000 
 000  000  000  000  004  012  003  000  000  000  000  013  020  000  000  000 
 002  004  006  003  000  010  001  000  000  000  000  012  016  000  000  000 
 000  002  004  000  000  007  004  000  000  000  000  013  009  000  000  006 
 000  000  000  000  002  002  002  000  000  000  002  022  012  002  000  010 
 000  000  000  000  007  010  008  007  008  004  004  020  003  000  000  010 
 000  000  000  000  000  004  004  009  014  012  005  018  003  000  000  010 
 000  000  000  000  006  000  000  006  007  000  002  015  003  000  000  012 

Celda49

 017  018  018  009  002  000  000  000  002  010  018  014  011  013  009  008 
 002  010  007  001  000  000  000  000  000  015  027  022  010  008  002  000 
 004  008  006  000  000  000  000  000  000  015  025  024  016  010  000  000 
 016  019  018  012  010  013  019  024  033  050  044  025  011  006  000  000 
 010  014  016  014  014  022  022  027  043  059  045  030  017  010  006  003 
 006  004  006  005  002  007  002  006  024  036  019  018  024  030  033  030 
 003  000  003  005  004  007  002  004  012  024  008  002  021  028  024  018 
 000  000  000  007  012  015  012  012  015  020  011  005  017  010  000  000 
 000  002  002  003  012  010  005  009  020  028  020  008  008  002  000  000 
 000  000  008  008  010  010  006  009  019  025  015  006  000  000  000  000 
 002  006  018  026  020  018  016  008  013  018  003  002  000  000  000  000 
 002  012  035  040  026  017  015  010  008  018  004  000  000  000  000  000 
 004  015  031  026  007  000  000  002  006  010  002  000  000  000  000  000 
 012  014  017  010  000  000  000  001  002  000  000  000  000  000  000  000 
 012  012  014  008  000  001  003  009  004  003  000  000  000  000  000  000 
 008  008  021  031  023  018  009  005  007  010  012  010  010  012  016  017 

Celda50

 005  005  008  014  016  014  006  060  098  071  032  002  001  002  004  000 
 000  002  006  006  004  003  000  044  094  079  040  010  004  002  000  000 
 000  000  000  000  000  000  000  031  086  083  044  017  000  000  000  000 
 000  000  000  000  000  000  000  022  074  077  043  020  006  000  000  000 
 000  000  000  000  000  000  000  010  060  070  042  020  010  000  000  008 
 020  007  000  000  004  008  006  000  046  068  048  021  008  000  000  010 
 011  004  002  008  018  018  017  012  042  064  052  028  013  008  008  006 
 000  000  000  013  022  013  010  012  040  055  052  033  016  016  018  012 
 000  000  004  028  021  010  004  006  030  042  046  039  023  011  004  002 
 000  002  010  039  016  006  001  000  024  033  039  042  028  012  000  000 
 000  003  015  044  014  002  000  000  024  026  030  042  029  008  002  000 
 000  000  024  046  013  002  000  002  031  017  012  034  030  010  005  003 
 000  000  030  043  008  002  000  006  038  016  000  015  029  018  006  003 
 000  000  038  036  000  000  002  019  050  032  026  013  016  022  006  000 
 003  008  047  031  000  000  008  036  068  048  039  034  016  026  014  006 
 022  024  050  028  008  010  014  048  077  049  035  036  026  026  020  010 

Celda51

 000  000  000  000  000  000  000  004  001  000  000  000  000  001  000  000 
 000  000  000  000  000  000  000  002  000  000  000  000  004  002  000  004 
 000  000  000  000  000  000  000  000  000  000  000  000  004  002  000  000 
 000  000  000  000  000  000  000  000  000  000  000  002  002  000  000  002 
 006  000  000  000  000  002  002  000  000  000  003  004  003  000  000  000 
 016  003  000  001  004  004  008  003  002  000  002  006  006  002  000  000 
 018  013  004  012  017  014  011  006  006  005  005  008  006  002  000  000 
 006  016  000  000  004  005  004  004  006  011  017  015  010  004  004  011 
 000  007  010  000  000  000  006  008  010  014  016  012  010  009  008  020 
 000  000  014  014  000  004  009  007  008  006  000  000  004  004  006  024 
 000  000  009  026  010  000  006  002  000  000  000  002  002  000  006  025 
 000  000  000  026  022  010  010  002  000  000  000  006  003  000  006  018 
 000  000  000  014  030  027  018  001  000  000  004  009  005  000  004  012 
 000  000  000  000  029  038  023  000  000  003  014  012  008  007  002  004 
 000  000  000  000  019  040  026  000  000  012  020  012  010  010  001  000 
 012  008  002  000  002  030  031  006  002  020  020  011  012  008  000  000 

Celda52

 000  002  003  002  000  000  034  039  016  008  016  019  006  002  001  000 
 007  002  000  000  000  000  041  043  010  000  015  021  010  000  000  000 
 000  000  000  000  000  001  040  036  000  000  012  018  008  000  000  000 
 000  000  000  000  000  004  043  042  008  008  004  008  002  000  000  000 
 000  000  000  000  004  017  056  062  031  028  015  000  000  000  000  003 
 000  006  011  014  020  034  052  055  030  018  013  002  000  002  010  018 
 006  010  012  014  024  023  018  042  029  000  000  000  000  008  022  020 
 019  015  014  014  022  009  000  034  030  000  000  000  000  014  029  016 
 027  021  019  019  021  012  006  025  027  000  000  000  007  020  019  007 
 030  020  017  018  019  016  015  032  035  010  008  004  007  012  001  000 
 025  010  008  009  009  006  002  018  031  010  010  005  004  002  000  000 
 016  002  000  000  000  000  000  018  036  003  006  004  000  000  000  000 
 014  004  000  000  000  000  000  018  044  008  000  000  000  000  000  000 
 012  012  000  000  000  000  000  016  045  007  000  000  006  002  003  005 
 012  018  002  000  004  008  000  010  045  003  000  000  013  010  008  014 
 010  018  006  000  004  000  000  009  046  003  000  003  016  013  004  013 

Celda53

 006  006  000  000  000  000  000  001  026  028  004  008  010  020  020  025 
 000  004  000  000  000  000  000  006  032  032  003  000  000  012  002  008 
 000  001  000  000  000  000  000  008  031  029  009  000  006  014  004  004 
 000  000  000  000  000  000  000  006  024  022  015  012  012  015  010  004 
 006  006  002  000  003  003  004  002  014  012  018  023  018  016  015  011 
 014  014  012  008  011  010  014  013  014  011  024  036  031  025  018  008 
 013  016  018  015  020  025  026  030  036  036  044  040  022  014  008  004 
 014  020  021  018  015  015  006  016  025  018  014  009  006  012  008  002 
 010  011  000  000  000  000  000  012  008  000  000  002  002  010  010  006 
 008  014  000  000  000  000  000  022  009  000  000  007  004  004  008  011 
 000  016  009  000  004  006  002  022  012  002  016  027  018  011  015  016 
 000  020  026  016  010  014  016  030  027  022  027  023  014  013  016  009 
 002  026  033  010  000  000  006  028  031  021  013  006  005  005  002  000 
 006  016  026  012  000  002  002  023  021  004  000  000  002  002  000  000 
 014  014  020  022  018  016  010  023  015  000  000  002  000  002  004  003 
 021  024  030  036  029  018  014  019  010  000  000  003  000  002  006  004 

Celda54

 023  010  014  027  022  011  014  020  012  007  015  010  000  000  000  001 
 016  019  012  012  020  022  026  020  004  004  013  006  000  000  006  009 
 014  022  028  026  017  019  027  012  000  000  018  014  004  007  020  022 
 016  024  032  036  028  005  008  000  000  010  032  030  027  030  029  016 
 012  018  023  021  016  006  000  000  000  027  043  044  031  012  004  000 
 008  011  004  000  000  002  006  008  017  035  041  039  021  000  000  000 
 012  012  000  000  000  005  014  020  029  021  020  031  018  000  000  004 
 014  016  000  000  000  000  002  008  015  002  000  018  018  005  005  012 
 016  018  002  000  000  000  000  001  003  000  000  011  020  015  012  014 
 018  017  002  000  000  000  000  004  000  000  010  035  041  021  001  008 
 013  012  002  000  000  000  003  000  000  002  023  036  033  014  005  000 
 003  008  006  000  002  005  006  000  002  022  028  025  021  010  014  013 
 000  004  009  003  002  013  016  012  015  026  016  012  015  000  008  019 
 000  002  006  004  006  014  008  002  005  012  004  010  016  003  000  017 
 000  000  002  003  012  014  000  000  007  014  004  012  018  007  005  018 
 000  000  004  010  014  005  000  000  016  021  014  024  032  015  008  012 

Celda55

 001  008  020  010  000  000  000  003  004  000  000  000  009  041  071  007 
 014  015  008  000  000  000  000  006  006  000  001  010  031  060  078  010 
 013  002  000  000  000  000  004  005  007  008  018  024  034  050  063  001 
 000  000  000  000  000  000  008  011  023  017  008  001  012  032  054  000 
 000  000  000  000  000  004  019  025  019  000  000  000  012  032  056  000 
 000  000  000  000  010  020  021  013  004  000  000  004  011  031  058  000 
 007  006  018  024  023  015  004  000  004  000  012  014  011  032  061  003 
 022  024  018  015  014  006  000  000  009  012  000  000  004  041  072  014 
 020  016  005  009  012  000  000  000  013  013  000  000  013  049  069  009 
 020  018  006  010  012  000  000  000  014  010  002  014  026  042  058  000 
 014  018  015  011  002  000  000  000  016  009  011  026  018  030  057  000 
 005  010  018  012  000  000  000  006  018  009  014  024  012  028  062  000 
 026  020  007  006  000  000  002  019  016  005  010  019  010  030  066  000 
 024  026  012  000  000  000  016  026  011  002  009  015  007  032  068  000 
 012  006  006  000  000  006  027  030  017  010  006  011  006  034  071  002 
 004  000  000  012  013  006  032  026  000  002  000  010  011  050  088  016 

Celda56

 001  002  000  000  006  000  000  008  007  000  000  015  006  005  008  019 
 002  004  005  000  000  001  006  011  003  000  010  028  007  005  010  019 
 000  000  000  000  000  003  013  020  004  002  024  026  002  001  005  000 
 000  000  000  000  008  012  018  016  000  000  024  013  000  000  000  000 
 000  000  000  001  010  013  018  008  000  000  022  012  000  006  000  000 
 000  000  000  000  007  016  024  012  002  000  016  014  006  006  000  000 
 001  001  000  000  012  020  023  010  004  000  014  016  009  008  008  023 
 003  004  003  000  014  025  018  000  000  000  021  024  014  016  023  040 
 002  002  000  000  011  026  016  000  000  000  030  023  014  018  025  037 
 000  000  000  000  008  026  010  000  000  011  027  018  014  023  028  031 
 000  000  004  005  004  025  006  000  008  023  016  016  022  022  016  018 
 001  002  006  008  006  024  004  002  010  021  013  022  028  017  008  014 
 001  002  004  008  012  020  000  000  008  023  026  039  030  007  007  018 
 005  012  027  042  050  047  034  033  059  071  074  073  052  040  050  063 
 010  025  055  076  084  082  082  086  111  113  104  085  075  075  092  092 
 000  000  000  000  001  000  000  000  022  025  017  000  000  000  015  014 

Celda57

 011  015  046  051  024  017  007  000  010  004  010  012  014  018  020  021 
 011  020  047  041  010  012  014  010  010  004  000  004  008  008  004  012 
 000  012  034  032  004  000  010  012  008  004  002  005  006  004  000  008 
 000  010  025  032  013  000  000  000  002  002  002  002  000  000  002  009 
 006  009  016  027  017  000  000  000  000  000  000  000  000  000  002  006 
 019  026  026  018  011  006  001  012  012  004  000  000  004  003  003  006 
 044  048  036  019  004  015  025  021  018  016  013  011  015  020  016  010 
 054  044  021  014  012  027  030  011  010  016  020  014  013  022  026  019 
 037  016  002  000  001  014  018  002  000  001  008  010  009  018  020  018 
 026  008  003  000  000  010  015  001  000  005  002  009  010  018  012  017 
 025  009  002  004  008  022  017  000  000  011  014  010  010  015  018  020 
 027  012  000  004  019  029  015  010  010  022  018  008  007  013  026  014 
 026  011  000  000  012  014  008  012  010  009  009  000  003  012  018  000 
 055  035  026  026  035  038  033  032  030  022  024  026  028  033  028  016 
 077  063  060  059  068  072  063  056  056  056  059  064  061  056  052  052 
 006  000  000  000  009  014  005  000  000  000  003  011  007  000  000  000 

Celda58

 030  030  041  025  013  014  016  054  077  039  020  023  020  004  012  000 
 012  016  021  014  004  006  010  054  070  025  006  005  006  000  009  000 
 000  000  004  006  000  000  006  052  063  018  005  000  002  008  019  023 
 000  000  002  001  000  000  002  054  058  011  004  005  009  018  028  022 
 000  000  006  000  000  000  006  049  042  004  000  006  011  017  020  006 
 000  005  022  010  002  000  010  048  036  004  000  000  006  013  014  009 
 006  010  023  008  008  008  002  042  035  008  000  000  000  013  011  014 
 012  012  019  009  011  012  008  032  033  006  000  000  002  015  015  016 
 012  008  018  012  010  002  000  029  029  001  000  006  003  006  006  000 
 014  008  014  003  000  000  000  039  035  006  003  009  002  000  000  000 
 022  014  005  000  000  000  006  063  044  015  007  003  000  000  000  000 
 013  010  005  000  000  000  033  086  050  022  008  000  000  000  000  002 
 000  002  008  006  002  004  049  089  036  012  002  000  000  000  000  000 
 024  036  042  046  052  057  098  114  050  038  036  038  042  044  044  053 
 063  072  072  078  092  104  133  133  076  076  084  090  097  096  102  110 
 000  000  000  000  000  000  025  039  001  000  000  000  006  000  000  006 

Celda59

 002  006  004  000  000  014  038  022  009  025  020  008  012  004  000  000 
 004  008  007  002  000  005  042  034  012  026  021  006  008  000  000  003 
 016  014  013  014  010  005  036  035  016  026  023  008  006  000  000  004 
 009  010  014  017  014  005  024  029  022  032  028  017  017  014  013  010 
 000  001  008  008  008  008  007  018  027  040  036  020  020  014  019  017 
 002  002  005  008  014  018  008  000  024  048  043  026  022  009  010  014 
 014  007  004  011  019  020  010  000  016  051  048  027  025  020  001  011 
 016  009  004  008  013  014  014  011  011  049  052  027  020  026  014  016 
 000  000  002  009  012  013  020  026  021  048  052  026  014  026  024  016 
 000  000  000  013  017  015  018  022  017  031  049  023  008  026  028  017 
 000  000  008  012  019  018  012  010  005  014  047  024  006  026  027  014 
 009  016  019  012  011  008  003  000  000  002  042  031  014  026  022  012 
 015  018  015  010  004  000  000  000  002  000  029  036  026  028  020  011 
 063  055  052  052  054  057  060  066  072  070  073  083  080  079  069  063 
 109  097  092  096  103  114  124  128  128  128  130  149  144  135  121  116 
 008  003  000  000  000  000  000  000  000  000  000  018  026  026  018  015 

Celda60

 006  012  006  008  008  000  000  014  043  004  000  001  015  013  002  010 
 004  004  006  012  003  000  000  024  040  002  000  001  022  019  009  012 
 003  002  010  012  000  000  000  033  040  000  000  017  035  024  012  006 
 013  020  031  026  012  006  008  051  042  004  005  031  035  016  008  002 
 026  038  041  026  016  012  021  065  038  009  009  030  020  001  000  000 
 032  044  036  019  012  012  034  065  020  005  005  016  008  000  000  000 
 034  035  015  004  003  008  039  051  006  000  000  006  002  004  001  000 
 028  013  000  000  000  004  039  035  002  000  000  000  000  010  010  005 
 015  000  000  000  000  006  040  024  000  000  000  000  006  014  016  008 
 013  000  000  007  011  022  043  015  000  000  000  000  012  014  016  016 
 011  008  013  024  023  036  041  010  004  008  012  013  016  012  015  016 
 011  018  030  024  022  036  026  006  002  008  012  008  000  008  015  015 
 015  031  032  013  013  024  004  000  000  000  000  000  000  007  014  012 
 074  079  064  045  047  048  028  030  035  038  036  036  040  051  051  048 
 122  113  094  084  085  078  066  073  084  090  094  100  106  112  106  107 
 019  013  004  003  006  003  000  000  000  000  000  000  002  004  002  009 

Celda61

 021  024  020  029  024  006  006  004  008  000  006  004  000  000  004  000 
 019  013  010  015  014  000  000  001  009  000  000  000  000  000  000  000 
 006  000  000  003  004  000  000  004  009  000  000  002  000  000  000  000 
 000  000  002  000  000  000  000  002  008  000  000  007  000  000  000  000 
 000  000  008  002  000  000  000  000  008  000  000  002  000  000  000  017 
 000  000  006  000  000  000  000  000  008  002  000  000  001  006  018  029 
 002  001  000  000  000  000  000  004  006  004  005  006  012  019  024  022 
 016  018  014  013  010  002  000  010  006  004  011  009  016  022  015  013 
 013  018  016  016  016  014  010  011  002  000  008  016  018  005  000  008 
 002  008  008  010  012  015  017  014  002  000  010  018  018  004  000  005 
 006  002  004  002  003  009  016  017  010  002  018  013  005  004  000  002 
 008  000  000  000  000  000  000  000  000  002  024  011  000  001  006  000 
 012  006  000  000  000  000  000  000  000  000  021  007  000  000  010  005 
 056  057  047  048  050  052  053  056  058  055  063  055  052  058  055  057 
 116  111  095  096  100  104  106  110  116  116  114  115  108  116  114  117 
 019  014  000  000  000  000  000  000  000  000  000  012  005  000  000  007 

Celda62

 000  000  010  019  013  000  000  006  038  039  027  034  035  013  006  002 
 000  002  018  023  016  000  005  015  040  032  022  026  021  004  000  000 
 000  010  020  023  020  002  000  008  024  019  013  009  005  000  000  000 
 011  024  024  028  022  000  000  014  024  019  012  000  000  000  000  001 
 029  030  030  036  025  004  000  021  029  017  004  000  000  000  018  014 
 028  021  017  023  012  001  004  030  023  008  000  000  000  008  036  027 
 013  002  000  014  006  000  007  028  008  000  000  000  000  026  034  014 
 006  000  000  011  003  000  016  019  000  000  000  002  009  012  014  006 
 010  000  000  010  000  000  021  010  000  000  002  014  006  000  000  000 
 012  002  008  012  001  000  013  004  000  000  013  012  000  000  000  000 
 006  007  018  013  000  000  004  000  000  009  013  000  000  000  000  000 
 000  008  022  011  000  002  008  007  013  017  000  000  000  001  014  018 
 000  004  012  002  004  020  024  015  006  002  000  000  009  024  013  006 
 056  059  052  044  057  083  072  042  035  034  041  052  062  056  041  037 
 117  113  114  117  129  134  106  084  084  092  102  101  097  088  085  088 
 012  004  000  000  010  021  008  000  000  007  010  004  000  000  000  000 

Celda63

 000  000  006  018  022  013  014  022  002  000  005  022  025  058  088  013 
 000  002  015  018  021  016  000  006  006  004  021  026  023  051  074  000 
 005  012  018  010  012  011  007  004  002  003  024  036  024  044  068  000 
 012  018  013  000  000  000  008  016  018  008  006  030  030  052  072  000 
 012  014  010  000  000  000  008  014  012  012  008  004  018  060  089  000 
 007  003  004  000  000  002  010  008  003  009  020  014  000  056  102  000 
 000  000  001  006  007  013  009  002  000  006  012  020  019  053  100  000 
 000  000  006  016  013  003  000  000  000  008  001  009  017  051  103  007 
 004  010  012  018  012  000  000  000  000  010  004  000  000  033  091  000 
 012  019  010  010  008  000  000  000  001  007  000  000  000  036  097  000 
 014  014  000  000  004  000  000  002  006  003  001  000  000  039  104  003 
 008  000  000  000  002  002  006  008  006  004  008  005  008  057  116  014 
 000  000  000  000  008  009  011  004  002  008  014  012  006  059  108  012 
 042  048  052  056  081  081  061  049  043  052  061  061  057  089  117  026 
 095  104  112  122  140  123  104  099  100  112  117  112  101  117  129  051 
 000  000  000  007  021  006  000  000  000  010  015  013  005  026  054  000 

