Celda0

 000  000  000  000  001  000  000  001  001  000  000  000  002  000  000  000 
 000  000  000  000  002  000  000  002  002  000  000  000  004  000  000  000 
 000  000  000  000  006  000  000  004  004  000  000  000  006  000  000  000 
 000  000  000  000  012  001  002  005  000  000  000  000  002  000  000  000 
 000  000  000  000  018  010  011  006  000  000  000  000  000  000  000  000 
 000  000  000  000  016  008  004  000  000  000  000  000  000  001  000  000 
 000  000  000  000  014  012  004  000  000  000  000  002  003  000  000  004 
 000  000  000  000  010  012  002  000  000  000  000  000  002  002  006  009 
 000  000  000  000  004  006  000  000  003  004  002  002  000  000  009  006 
 000  000  000  000  000  000  000  000  005  006  004  006  004  008  014  000 
 000  000  000  000  000  000  000  000  006  004  004  008  010  016  018  000 
 000  000  000  000  000  000  000  002  008  005  008  018  020  019  014  000 
 000  000  000  000  000  000  000  006  012  010  024  035  023  007  003  000 
 000  000  000  000  000  000  000  009  016  016  024  025  004  000  000  000 
 000  000  000  000  000  000  000  016  019  011  018  020  002  000  000  004 
 001  002  006  008  008  008  010  023  011  006  016  016  007  005  015  022 

Celda1

 000  000  000  002  000  000  000  000  000  005  002  000  001  011  006  000 
 000  000  000  004  000  000  000  000  000  013  004  000  002  027  016  000 
 000  000  000  004  000  000  000  000  000  030  008  000  004  059  040  000 
 000  000  000  000  000  000  000  000  000  043  008  000  000  080  060  000 
 000  000  006  007  002  002  004  006  016  067  026  016  009  090  070  000 
 000  002  006  010  012  012  013  004  006  055  013  008  008  093  072  002 
 010  015  017  016  016  016  011  003  003  054  009  000  000  086  065  000 
 012  011  010  013  016  016  007  000  002  053  004  000  000  084  070  000 
 007  000  000  000  001  004  000  000  004  058  002  000  000  078  072  000 
 000  000  000  000  000  000  000  000  008  065  004  000  000  070  070  008 
 000  000  000  000  000  000  000  000  011  066  004  000  000  070  065  004 
 000  000  000  000  000  000  000  003  006  060  002  000  000  079  066  000 
 000  000  000  000  000  003  005  006  002  050  004  002  019  098  071  014 
 000  000  000  004  007  008  004  006  006  037  010  007  025  090  059  012 
 008  013  014  010  006  002  002  006  006  023  016  000  018  068  039  006 
 024  022  013  003  000  000  000  000  000  012  020  000  015  056  030  007 

Celda2

 000  000  000  000  001  002  001  000  001  001  000  000  000  000  000  000 
 000  000  000  000  002  004  002  000  002  004  001  000  000  000  000  000 
 000  000  000  002  006  006  002  000  002  007  002  000  000  000  000  000 
 000  000  000  006  012  006  000  000  000  004  002  000  001  000  000  000 
 000  000  000  010  018  006  001  002  000  000  000  004  007  002  000  000 
 000  000  001  015  021  005  000  000  000  000  001  010  007  000  000  000 
 000  000  006  016  025  009  004  000  000  000  000  008  005  000  000  000 
 000  000  008  021  026  001  000  000  000  000  000  000  001  000  000  000 
 000  000  008  022  023  000  000  000  000  000  002  001  000  000  002  011 
 000  004  016  025  016  000  000  000  000  000  002  008  011  010  009  016 
 000  016  023  024  011  002  007  011  008  004  004  008  012  012  005  011 
 000  026  029  015  001  002  005  010  014  011  006  007  006  006  005  013 
 015  036  035  012  000  004  015  011  011  010  006  003  002  004  010  019 
 022  040  036  015  006  013  021  009  002  003  004  004  006  006  010  014 
 016  028  026  014  010  015  016  002  000  000  003  006  008  004  000  000 
 016  019  016  007  003  006  004  000  000  000  000  000  000  000  000  000 

Celda3

 000  000  000  001  000  000  000  000  000  000  000  000  000  000  000  000 
 000  000  000  002  000  000  000  000  000  000  000  000  000  000  000  000 
 000  000  001  005  000  000  000  000  000  002  000  000  000  000  000  000 
 000  000  003  005  000  000  000  000  000  002  000  000  000  000  000  000 
 000  001  002  002  002  000  000  000  002  002  002  004  002  000  000  000 
 000  000  000  000  005  000  000  000  002  004  005  008  010  006  003  005 
 000  000  000  000  006  007  000  003  007  006  003  002  002  001  000  000 
 006  014  016  012  010  017  008  006  006  005  002  000  000  000  000  000 
 022  021  018  019  018  024  008  000  001  000  002  000  000  004  005  000 
 020  015  010  014  014  013  004  002  000  002  001  007  015  019  015  006 
 018  013  005  007  006  000  000  000  007  008  006  010  016  020  018  013 
 021  011  000  002  004  000  000  000  008  007  006  006  006  007  010  010 
 019  006  000  000  006  008  004  000  008  002  000  000  000  000  002  003 
 009  000  000  004  000  006  007  003  003  000  000  000  000  000  000  000 
 000  000  000  006  004  000  000  000  000  000  000  000  000  000  000  000 
 000  002  004  006  002  000  000  000  000  001  000  000  000  000  000  000 

Celda4

 000  000  000  000  000  008  009  003  000  000  000  000  000  001  002  002 
 000  000  000  000  002  020  022  008  000  000  002  000  000  004  005  004 
 000  000  000  000  010  048  045  014  000  000  006  004  000  007  010  006 
 000  000  000  000  022  068  057  014  000  000  010  010  004  006  009  006 
 000  000  000  002  052  091  066  025  012  007  007  014  011  013  014  011 
 006  000  000  008  070  081  050  026  011  009  002  014  012  010  008  005 
 003  000  000  032  085  068  035  024  000  006  007  009  010  012  008  002 
 000  000  002  060  097  060  025  015  004  000  002  000  007  010  004  002 
 000  000  008  083  097  049  016  012  008  000  000  000  006  009  003  002 
 000  003  033  091  073  021  001  006  007  000  000  000  004  010  008  006 
 008  010  051  075  033  010  004  006  002  000  000  000  000  008  015  012 
 006  004  048  046  012  008  012  010  007  008  013  010  003  005  016  015 
 000  000  044  031  004  009  016  015  014  005  010  016  018  022  029  027 
 000  007  057  035  004  006  016  016  011  000  000  010  024  029  029  028 
 000  035  072  036  012  005  014  013  000  000  001  001  008  012  011  015 
 000  060  069  019  010  008  015  006  000  000  008  008  006  004  004  008 

Celda5

 001  001  002  000  000  000  000  000  000  000  002  002  000  000  000  001 
 002  003  004  000  000  000  000  000  000  000  004  004  000  000  000  002 
 004  006  005  000  000  000  000  000  000  000  010  005  000  000  000  002 
 004  002  002  000  000  000  000  000  000  005  012  002  000  000  000  000 
 007  000  000  000  000  000  000  000  009  023  025  010  008  008  012  016 
 000  000  000  000  000  000  002  004  010  012  008  000  002  006  008  010 
 000  000  000  000  000  000  002  006  015  016  008  000  002  009  010  006 
 000  000  000  000  000  000  000  006  019  023  012  002  003  008  012  012 
 002  002  003  000  000  000  002  005  020  027  011  000  000  006  004  006 
 002  004  006  001  004  006  006  008  017  022  010  000  002  010  000  000 
 004  007  013  008  012  011  006  007  013  012  004  000  006  010  000  000 
 007  012  023  018  014  010  002  004  006  000  000  000  007  008  000  000 
 020  019  023  014  002  000  000  004  002  000  000  003  005  002  000  000 
 022  016  016  007  000  000  000  007  006  007  010  013  004  000  000  002 
 011  003  004  000  000  000  004  011  011  012  016  014  010  005  000  001 
 002  000  000  000  000  000  004  010  008  005  004  002  002  005  006  004 

Celda6

 001  002  001  001  001  000  000  000  002  001  000  000  000  001  001  000 
 004  006  004  002  002  000  000  000  004  002  000  000  000  002  001  000 
 010  014  010  005  003  000  000  002  010  005  000  000  000  003  000  000 
 012  021  016  006  000  000  000  004  014  006  000  000  000  002  000  000 
 017  021  019  009  002  000  004  010  012  005  000  001  004  004  004  009 
 008  011  018  010  000  000  007  005  002  002  000  000  000  000  000  000 
 004  003  010  006  000  004  009  002  000  000  002  000  000  000  000  000 
 008  002  000  000  000  002  014  009  000  000  006  001  000  000  000  000 
 003  000  000  000  000  000  016  017  000  000  005  000  000  000  000  000 
 000  000  000  000  000  002  010  016  004  000  000  000  000  000  000  000 
 000  000  000  006  001  005  006  006  002  000  000  002  006  000  000  004 
 000  000  000  008  010  002  001  000  000  000  000  004  010  002  000  011 
 000  000  000  006  011  008  000  000  000  000  000  007  010  006  010  019 
 000  003  010  009  011  009  000  000  000  000  004  010  012  015  019  020 
 004  004  010  012  013  009  000  002  005  006  008  009  010  016  014  012 
 007  010  007  009  008  002  000  000  003  005  006  006  006  014  016  014 

Celda7

 000  001  000  000  000  000  000  000  001  000  000  000  001  005  008  000 
 000  001  000  000  000  000  000  000  003  000  000  000  000  012  021  000 
 000  000  000  000  000  000  000  000  008  000  000  000  000  022  046  000 
 000  000  000  000  000  000  000  004  014  000  000  000  000  028  062  000 
 016  014  006  000  006  006  002  003  012  000  000  004  013  045  077  012 
 000  000  002  008  024  019  014  006  004  000  002  012  013  038  065  004 
 000  000  000  007  026  016  016  015  008  002  011  018  010  031  059  003 
 000  002  004  007  009  002  001  008  010  007  013  014  004  027  058  004 
 000  014  016  002  002  004  000  002  010  011  013  011  004  028  059  004 
 012  028  014  002  000  005  008  010  010  012  013  011  005  034  063  006 
 020  019  004  006  012  016  014  007  000  002  011  012  010  041  067  008 
 018  011  006  010  014  009  004  000  000  000  012  012  010  038  061  003 
 019  015  016  015  009  005  004  004  009  016  018  008  000  025  052  000 
 020  018  014  007  004  005  009  021  036  035  022  005  000  022  050  000 
 013  009  001  000  000  001  012  028  036  021  014  007  002  018  048  000 
 015  008  000  000  000  005  010  016  015  000  000  004  006  022  051  004 

Celda8

 001  004  008  010  010  014  018  016  000  004  017  015  015  026  027  023 
 000  000  000  000  002  004  009  004  000  006  020  016  020  029  019  008 
 000  000  000  000  008  006  001  000  000  007  020  019  023  025  009  000 
 000  000  000  000  012  008  001  000  000  005  021  029  039  035  015  006 
 000  000  000  000  012  006  001  000  000  004  030  045  046  033  015  012 
 000  000  000  000  011  000  000  001  000  006  035  047  036  015  005  002 
 000  001  002  000  007  000  000  006  002  009  032  044  026  007  008  005 
 001  003  006  002  000  000  000  008  014  019  030  037  022  008  014  008 
 002  004  008  008  002  000  004  017  032  033  034  034  023  021  024  002 
 002  004  006  006  006  004  013  028  040  036  032  035  035  031  017  000 
 001  000  000  000  000  004  017  029  037  033  031  036  032  015  000  000 
 000  000  000  000  000  009  021  029  035  031  031  039  030  010  000  000 
 000  000  002  006  006  021  034  037  037  031  032  041  030  018  012  004 
 001  002  007  012  015  031  044  040  035  031  033  038  025  014  020  016 
 000  000  002  010  023  039  045  039  032  028  029  027  016  000  004  011 
 000  000  000  006  034  038  038  039  033  025  022  012  006  002  000  000 

Celda9

 018  008  000  000  000  000  000  000  000  004  024  000  018  054  027  004 
 008  002  000  000  000  002  004  004  000  000  032  003  018  056  037  013 
 004  009  010  010  007  001  000  000  002  004  043  010  014  058  044  016 
 004  006  010  013  009  000  000  000  004  005  046  019  019  055  047  012 
 008  002  001  002  002  000  002  007  010  006  053  044  031  049  042  015 
 006  002  000  000  000  000  006  008  008  010  071  074  039  031  030  016 
 000  000  000  000  000  000  003  000  000  009  076  077  028  024  018  023 
 000  000  000  000  000  000  000  000  001  014  062  060  021  021  020  036 
 000  000  000  002  004  004  004  006  010  016  041  055  036  020  028  034 
 000  000  008  015  014  012  009  008  008  011  030  049  054  030  022  017 
 000  008  016  018  016  012  006  000  002  022  045  057  068  037  014  012 
 000  008  010  012  012  010  004  000  006  055  072  062  064  036  009  013 
 001  002  004  008  011  011  012  011  018  080  082  041  037  031  010  016 
 005  002  006  010  012  016  021  020  020  084  073  022  008  033  026  021 
 008  004  006  003  004  012  019  020  016  082  066  012  004  035  039  026 
 002  001  000  000  000  000  007  013  014  076  065  010  006  033  044  021 

Celda10

 020  025  014  005  000  000  000  000  000  000  000  000  000  000  000  000 
 023  025  017  017  012  005  000  000  000  000  000  000  000  000  000  000 
 018  019  021  025  012  014  010  003  000  002  000  000  000  002  000  000 
 005  012  022  023  005  006  014  010  001  002  000  000  001  004  006  005 
 003  012  020  018  008  000  003  004  000  002  002  000  000  001  003  006 
 008  018  019  012  004  002  000  000  000  000  004  004  001  000  000  000 
 026  024  018  010  000  000  000  000  000  000  005  016  006  000  000  000 
 034  016  009  008  000  000  001  000  002  002  002  022  008  000  000  000 
 026  004  002  011  008  014  014  012  014  016  008  012  008  000  000  000 
 017  008  012  021  015  018  018  012  010  013  010  000  007  006  000  000 
 019  023  024  019  009  006  008  004  002  004  008  008  007  023  018  018 
 024  030  022  012  004  002  003  004  003  004  008  015  014  030  025  016 
 025  028  017  012  007  004  004  004  002  002  005  012  012  015  016  000 
 026  027  013  006  000  000  000  000  000  000  000  006  012  005  010  000 
 020  014  001  000  000  000  000  000  000  000  000  002  006  006  000  000 
 006  000  000  000  000  000  000  000  000  000  000  008  001  000  000  000 

Celda11

 000  004  009  008  001  000  000  000  000  004  000  000  000  000  000  000 
 000  004  010  009  002  000  000  002  007  004  000  000  000  000  000  000 
 001  011  010  003  004  000  005  013  010  004  000  000  000  000  000  000 
 012  018  005  000  004  006  012  012  006  002  000  000  000  000  000  031 
 010  006  000  000  004  010  011  001  000  000  000  000  000  000  006  062 
 004  002  000  002  005  008  008  000  000  000  000  000  000  006  031  088 
 006  004  001  001  003  006  004  000  000  000  000  000  000  004  048  106 
 008  006  000  000  004  006  002  000  000  000  000  000  000  000  060  105 
 009  006  000  000  002  006  006  000  001  000  000  000  000  008  074  092 
 011  006  000  000  000  006  012  007  004  000  000  000  000  034  087  081 
 012  003  000  000  000  010  016  007  000  000  000  000  004  054  088  068 
 010  000  000  000  005  017  013  002  000  000  000  000  017  065  082  053 
 000  000  000  004  014  018  003  000  000  000  000  000  029  074  071  030 
 000  000  000  000  007  008  000  000  000  000  000  000  037  072  044  012 
 000  000  000  000  006  008  000  000  000  002  000  000  048  062  028  005 
 000  000  000  000  004  008  000  000  000  010  003  006  057  053  020  010 

Celda12

 006  075  057  006  000  000  008  002  000  002  010  007  006  010  013  003 
 031  079  042  000  000  000  008  004  000  000  007  005  005  012  008  000 
 056  070  021  000  000  000  012  009  004  004  005  002  003  010  002  000 
 068  046  004  000  001  011  028  025  015  012  008  001  000  003  000  000 
 069  027  004  006  012  019  031  026  014  010  004  000  000  000  000  000 
 079  029  017  016  016  018  025  016  000  000  000  000  000  000  000  000 
 083  034  019  012  014  018  018  002  000  000  000  000  000  006  010  011 
 060  022  016  011  012  012  006  000  000  000  000  000  004  009  017  022 
 038  012  018  016  009  000  000  000  000  004  014  014  007  003  006  012 
 034  009  016  014  004  000  000  000  008  014  016  018  014  006  003  007 
 028  000  000  000  002  002  004  010  016  015  012  014  016  011  004  014 
 012  000  000  000  006  016  016  012  010  011  010  010  012  010  006  029 
 000  000  000  002  004  014  019  012  006  006  008  008  008  010  012  043 
 000  000  000  010  007  007  014  016  010  007  008  010  012  017  020  046 
 000  001  016  019  011  012  007  012  014  010  009  017  020  026  027  045 
 012  017  025  024  018  014  004  005  009  008  013  026  025  027  030  039 

Celda13

 000  000  000  000  000  003  012  012  006  001  000  000  000  002  007  010 
 000  000  001  002  002  012  017  009  003  000  000  000  002  005  010  012 
 000  000  008  004  006  018  016  003  000  000  000  000  003  008  012  012 
 000  006  012  003  006  019  016  001  000  000  002  006  002  004  008  006 
 000  016  012  000  002  018  018  001  000  000  006  008  003  004  006  000 
 006  018  012  000  000  015  022  002  000  000  008  007  004  008  009  000 
 012  010  010  003  002  021  026  000  000  000  010  009  008  013  008  000 
 020  012  010  013  020  033  025  004  005  011  027  029  028  022  006  000 
 017  016  012  018  022  021  008  004  013  028  040  039  032  022  015  010 
 008  011  011  014  015  012  002  000  006  020  027  025  019  012  012  016 
 016  016  019  019  016  013  008  004  005  010  014  013  008  000  000  007 
 037  032  034  031  024  023  019  012  006  004  008  012  010  001  000  003 
 048  040  038  038  034  028  021  013  006  000  000  010  014  006  002  009 
 045  033  030  030  029  022  014  009  006  004  000  006  018  018  020  014 
 042  025  016  009  011  007  002  002  007  010  011  013  029  035  024  011 
 035  014  002  000  000  002  002  004  012  017  018  019  035  038  022  010 

Celda14

 010  011  004  000  000  000  000  000  000  006  008  006  004  009  012  016 
 010  004  000  000  001  000  000  000  005  011  014  014  010  012  014  021 
 009  003  000  000  005  000  004  005  010  013  017  018  017  015  021  031 
 006  006  006  006  002  000  000  006  007  011  018  017  020  022  030  036 
 002  005  006  004  000  000  000  004  004  007  018  015  016  023  031  031 
 000  000  000  000  003  004  008  007  005  000  014  020  016  015  019  016 
 000  000  000  000  006  008  012  009  007  002  008  020  022  016  010  005 
 000  000  006  004  000  000  005  005  006  007  009  020  018  016  014  009 
 006  004  003  002  000  000  006  006  003  011  019  023  007  008  018  020 
 020  017  006  000  000  001  008  011  009  017  028  025  015  011  023  030 
 020  025  022  018  016  012  011  015  018  027  031  024  022  022  033  037 
 011  018  028  032  026  018  012  018  019  024  024  013  013  014  028  030 
 006  004  014  018  014  011  015  024  022  024  021  006  005  006  016  013 
 007  005  000  000  004  008  017  024  024  028  025  010  006  002  008  009 
 012  010  000  000  005  012  015  019  021  023  019  008  006  007  005  008 
 013  012  009  005  008  014  018  024  023  016  009  005  008  015  016  010 

Celda15

 021  013  004  000  002  008  008  010  011  000  000  006  012  031  057  011 
 030  020  008  006  004  010  005  004  008  004  000  009  017  036  056  014 
 036  020  004  004  002  008  004  001  007  010  011  019  017  027  045  009 
 032  016  006  006  004  005  006  014  028  034  031  024  008  015  035  001 
 022  011  006  006  005  004  014  030  045  048  035  022  008  011  036  001 
 011  007  002  000  000  003  019  039  050  040  018  010  006  016  044  007 
 008  009  006  006  004  006  024  042  040  013  000  000  001  022  048  011 
 014  014  010  013  013  011  023  030  025  006  000  000  000  029  046  010 
 022  017  010  010  012  010  008  018  016  004  000  000  011  030  036  003 
 024  010  002  002  006  008  003  006  008  004  004  010  015  023  029  000 
 023  004  000  001  006  008  007  006  003  004  013  023  013  018  030  000 
 019  009  010  014  014  010  006  004  003  004  024  028  009  015  032  001 
 010  013  012  012  010  009  006  004  004  002  020  020  002  011  031  000 
 012  014  000  000  000  000  006  010  011  007  010  018  008  015  030  000 
 014  014  000  000  000  000  000  006  008  006  000  013  016  022  031  000 
 011  014  000  000  000  002  002  002  000  000  000  009  020  028  034  000 

Celda16

 001  002  002  002  032  024  023  033  031  019  008  000  000  006  006  000 
 001  002  002  000  028  017  015  025  022  006  000  000  000  014  012  000 
 001  003  006  003  029  027  020  019  018  004  000  000  000  016  010  000 
 002  005  012  016  041  040  026  016  010  000  000  000  000  006  001  000 
 002  005  012  018  038  038  026  011  000  000  000  000  000  000  000  000 
 000  002  005  006  018  024  017  000  000  000  000  000  000  000  004  004 
 000  000  000  000  012  024  018  000  000  000  000  000  002  006  006  004 
 003  004  005  004  016  024  014  000  000  000  000  000  004  002  000  001 
 002  004  006  008  025  027  012  000  004  006  003  002  007  005  005  006 
 000  000  000  002  024  020  006  002  004  006  006  004  014  012  012  010 
 000  000  000  000  023  018  007  005  006  010  013  014  021  011  004  000 
 001  002  004  002  023  018  005  005  007  011  014  016  018  006  000  000 
 000  002  004  004  020  018  000  000  005  004  002  002  000  000  000  000 
 000  000  001  000  014  016  002  000  003  000  000  000  000  000  000  000 
 001  002  000  000  008  012  004  000  000  000  000  000  000  000  000  010 
 002  004  004  003  007  008  002  000  000  012  011  010  004  001  009  018 

Celda17

 000  000  000  000  000  005  002  006  004  061  062  008  013  030  042  020 
 000  000  000  000  000  007  006  000  000  056  070  003  010  010  034  022 
 000  000  000  006  012  015  001  000  000  056  074  011  002  000  030  029 
 000  001  012  015  012  009  000  000  000  058  072  020  000  000  024  032 
 012  015  009  004  000  000  000  000  000  056  064  029  000  004  012  026 
 014  014  002  000  000  000  000  000  000  050  058  038  004  008  006  018 
 007  010  002  000  000  000  000  000  000  050  056  045  023  012  010  017 
 002  004  002  000  000  000  000  000  010  061  055  046  028  006  006  007 
 006  000  000  003  000  000  000  000  033  073  041  036  032  000  000  002 
 004  000  000  006  000  000  000  000  057  073  015  018  034  011  000  006 
 000  000  000  010  000  000  000  000  069  060  000  002  038  027  012  013 
 000  000  000  012  001  004  006  005  063  048  000  000  043  038  015  003 
 001  006  008  010  002  004  010  008  054  048  004  010  045  038  012  000 
 013  004  001  004  002  002  010  014  051  055  015  018  038  034  004  000 
 010  000  000  007  003  002  006  012  046  058  023  011  012  030  003  000 
 008  000  000  015  003  000  000  001  037  053  024  005  000  024  012  000 

Celda18

 000  000  000  000  000  000  000  000  000  000  000  010  006  000  000  002 
 002  004  008  005  000  000  000  003  004  003  000  003  006  002  000  005 
 010  000  005  002  000  000  000  000  004  008  005  000  001  010  006  000 
 015  000  000  000  000  000  003  002  000  004  011  010  001  008  014  000 
 015  000  000  000  000  000  000  000  000  000  010  015  011  000  012  004 
 011  000  000  000  000  004  002  000  000  000  000  000  000  000  000  008 
 004  000  000  000  000  004  008  008  001  000  000  000  000  000  000  004 
 000  000  000  000  000  000  000  006  010  002  000  000  010  000  004  000 
 000  004  006  000  000  004  002  000  000  006  009  004  014  010  006  002 
 005  008  011  008  002  006  003  000  000  006  015  011  003  012  000  000 
 004  000  000  000  000  009  003  000  002  007  014  013  001  003  000  000 
 000  000  000  000  000  005  000  000  000  000  000  006  004  000  000  000 
 000  000  000  000  000  000  000  000  000  000  000  000  000  003  002  000 
 000  000  000  000  000  000  000  000  000  000  000  000  001  008  008  000 
 000  000  000  000  000  000  000  004  001  000  002  002  003  006  007  000 
 000  000  000  000  000  000  006  008  001  000  000  000  000  000  000  000 

Celda19

 002  002  002  002  000  002  000  000  000  012  014  031  069  055  026  028 
 008  012  016  013  006  000  000  000  000  016  036  056  076  061  041  035 
 000  003  007  006  001  000  000  000  000  038  069  077  074  055  036  023 
 000  001  000  000  000  000  000  000  008  070  094  078  056  037  021  010 
 000  002  001  000  000  000  000  000  020  080  090  055  025  013  012  008 
 006  003  000  000  000  000  000  000  039  081  073  029  000  001  008  012 
 014  006  000  000  000  000  000  039  080  084  055  020  000  000  006  014 
 008  008  004  000  000  000  025  094  102  061  031  016  000  000  008  017 
 000  013  010  000  000  000  053  113  079  023  005  015  001  003  018  024 
 000  025  023  004  000  000  060  102  041  002  000  016  005  004  017  013 
 000  030  017  000  000  006  076  093  023  000  000  020  010  004  008  006 
 000  025  009  000  000  024  101  087  014  000  000  020  012  000  000  000 
 000  016  007  000  000  049  110  067  006  000  000  015  014  000  000  000 
 000  004  009  000  000  067  097  046  002  000  000  011  016  005  000  000 
 000  000  014  000  014  076  080  036  001  000  000  010  019  008  000  000 
 000  000  024  027  042  066  060  028  000  000  000  012  023  011  002  000 

Celda20

 025  011  012  020  015  010  002  000  004  008  017  027  018  014  016  019 
 016  000  006  021  010  004  000  000  000  007  016  015  003  000  000  000 
 008  004  014  029  014  009  002  000  001  004  008  002  000  002  005  000 
 007  010  017  028  018  014  012  002  002  003  003  000  000  002  009  003 
 002  004  003  018  014  002  010  006  000  002  004  000  000  000  006  006 
 008  000  000  012  012  000  000  004  000  000  007  004  007  010  005  000 
 010  000  002  007  002  000  000  002  008  005  016  018  012  016  016  010 
 011  006  013  008  002  000  002  001  009  011  019  014  004  004  010  015 
 012  005  008  000  000  000  003  002  006  010  009  004  000  002  000  010 
 001  000  002  000  000  000  005  004  002  003  000  000  002  002  006  012 
 000  000  000  000  000  004  008  006  000  000  000  005  013  006  002  013 
 000  000  000  001  006  004  007  008  000  000  000  017  016  002  000  010 
 000  000  000  010  013  001  002  005  000  000  004  018  008  000  000  004 
 000  000  006  018  012  002  000  000  001  000  004  012  006  000  000  001 
 000  000  010  021  010  000  000  000  004  004  000  004  004  000  000  004 
 000  002  013  017  009  000  000  000  002  004  002  003  004  000  000  008 

Celda21

 017  000  000  000  000  005  010  012  020  020  020  018  028  030  019  009 
 006  000  000  000  003  004  010  014  021  016  018  018  022  026  018  006 
 004  008  008  012  010  008  013  016  017  012  015  018  024  032  022  008 
 008  020  014  012  012  018  023  024  018  012  014  020  027  032  016  008 
 016  024  008  002  007  016  018  018  016  013  018  024  023  017  004  001 
 017  026  010  000  004  009  010  001  003  006  015  014  006  000  000  000 
 005  020  013  006  004  005  013  010  000  000  006  003  000  000  000  000 
 011  005  013  014  006  000  008  014  006  002  004  002  000  000  000  002 
 020  016  011  017  010  004  000  007  010  006  006  002  000  000  000  004 
 016  020  010  011  014  004  006  005  004  006  006  000  000  000  000  004 
 002  006  010  008  010  008  002  008  012  008  002  000  000  000  000  002 
 005  000  004  012  012  009  007  017  020  018  008  002  001  000  000  000 
 004  006  010  010  012  014  016  026  022  015  010  004  002  001  000  000 
 004  012  018  010  005  012  018  022  013  002  000  000  000  000  000  000 
 010  019  019  008  003  012  015  007  004  000  000  000  000  000  000  004 
 018  014  009  006  009  017  008  000  000  000  000  000  000  000  002  000 

Celda22

 007  005  010  010  010  014  021  027  022  011  007  011  015  014  014  011 
 004  004  006  009  006  011  013  013  009  006  007  014  013  004  003  003 
 006  008  006  008  006  006  008  008  006  000  001  008  006  000  000  000 
 006  010  008  006  006  003  003  008  008  000  000  007  008  000  000  000 
 002  005  002  002  000  000  001  006  006  000  000  004  010  004  000  004 
 000  000  000  000  000  000  002  006  005  004  005  004  004  006  000  000 
 000  000  000  000  000  000  002  010  009  012  013  006  000  003  002  000 
 001  000  000  000  004  006  004  010  010  010  006  000  000  000  002  000 
 000  000  000  001  000  000  004  004  004  010  008  000  000  000  000  000 
 002  000  000  000  000  000  004  002  000  004  010  004  000  002  004  002 
 006  000  000  000  002  008  008  000  000  000  006  006  003  002  000  000 
 004  000  000  000  002  008  008  000  000  000  001  002  003  009  005  000 
 000  000  000  000  000  004  002  000  000  000  002  000  000  008  009  000 
 000  000  002  002  004  000  000  000  000  006  008  003  000  001  002  000 
 007  006  009  006  006  006  002  000  013  024  017  012  006  000  000  000 
 000  002  006  004  003  005  004  001  016  024  009  005  000  000  000  000 

Celda23

 012  014  004  003  004  003  001  000  000  000  001  005  018  030  039  000 
 003  007  002  000  000  004  004  002  000  000  004  006  008  026  042  000 
 000  003  000  000  000  004  000  000  000  000  000  000  000  017  044  000 
 000  000  000  000  000  005  002  000  000  000  003  000  000  005  047  000 
 005  004  000  000  000  004  001  000  000  000  005  000  000  000  049  000 
 000  000  000  000  004  003  000  000  000  000  006  001  000  010  063  013 
 000  000  000  006  001  000  000  000  000  000  010  012  000  034  071  019 
 000  000  004  010  000  000  000  000  000  000  018  028  022  038  060  010 
 000  000  005  007  000  000  000  000  000  006  037  044  024  029  052  005 
 005  008  004  000  000  000  000  000  006  030  046  036  010  026  052  003 
 000  000  000  000  000  000  000  006  027  034  032  017  000  028  055  000 
 000  000  000  000  000  000  015  037  036  020  008  004  002  031  055  000 
 000  000  000  000  002  017  035  039  021  001  000  008  006  030  051  000 
 000  000  000  019  027  020  021  019  002  000  000  012  012  027  048  000 
 000  001  030  046  026  004  010  014  000  000  000  011  012  029  050  000 
 003  031  042  030  009  001  003  012  001  000  000  008  009  030  052  000 

Celda24

 001  002  006  011  019  020  010  006  006  032  026  015  013  012  017  017 
 000  000  002  006  015  017  012  014  017  035  019  008  012  018  021  015 
 000  000  000  000  010  010  004  009  012  020  005  000  008  016  014  006 
 000  000  000  000  012  012  004  003  007  008  000  000  002  004  000  000 
 000  000  001  003  010  012  008  008  009  006  006  008  007  000  000  000 
 001  004  009  010  003  010  014  010  009  010  014  014  010  004  002  001 
 001  004  008  010  006  003  016  014  009  012  009  005  002  001  000  000 
 000  000  003  008  014  012  010  016  016  007  000  000  000  000  000  002 
 001  002  004  008  015  018  014  018  016  004  000  000  000  000  001  004 
 001  002  006  007  008  010  012  013  007  000  000  000  000  000  000  000 
 000  001  004  004  004  004  006  003  000  000  000  000  000  000  000  000 
 001  002  005  006  006  006  004  001  000  000  000  000  000  000  000  000 
 002  004  006  006  006  005  004  004  004  005  006  004  000  000  000  000 
 000  000  000  001  004  004  002  002  002  001  000  000  000  000  000  000 
 000  000  000  000  006  004  001  000  000  000  000  000  000  000  000  000 
 000  000  000  002  005  003  004  001  000  000  002  004  004  003  002  000 

Celda25

 008  009  011  020  000  000  000  000  034  045  022  003  000  014  022  000 
 006  006  005  004  000  000  001  006  025  041  026  000  000  001  022  000 
 001  002  000  000  000  000  000  004  011  038  030  000  000  000  018  010 
 000  003  002  000  000  000  008  006  000  036  033  000  000  000  013  026 
 000  000  000  000  000  010  028  012  000  037  038  005  007  002  002  031 
 000  000  000  000  000  025  030  008  000  037  047  010  013  010  000  024 
 000  000  000  000  000  034  024  006  004  028  051  016  006  008  000  016 
 003  000  000  000  001  048  033  012  008  010  048  032  000  006  000  006 
 002  000  000  000  017  064  034  010  009  000  040  045  002  004  006  000 
 000  000  000  000  033  057  014  000  003  001  026  049  020  009  021  015 
 000  000  000  000  040  043  007  000  000  002  006  047  042  010  024  022 
 000  000  000  008  046  038  000  000  000  002  000  040  060  011  012  020 
 000  000  000  015  050  035  002  000  000  008  010  022  060  028  000  013 
 000  000  000  018  049  026  002  002  011  025  030  010  040  043  002  003 
 000  000  000  028  052  017  000  004  018  030  033  022  012  047  022  000 
 000  000  002  047  058  011  000  002  023  016  020  024  013  035  034  000 

Celda26

 000  000  004  006  012  012  006  000  000  000  000  000  000  000  000  000 
 000  006  020  017  010  008  002  000  000  000  000  000  000  000  000  000 
 000  006  008  004  000  000  000  000  000  000  000  000  000  000  000  000 
 000  000  001  006  000  000  000  000  000  000  000  000  000  000  000  000 
 006  000  000  008  000  000  000  000  000  000  000  000  000  000  000  000 
 012  000  000  008  000  000  002  004  002  000  000  000  000  000  000  000 
 018  000  000  007  000  000  000  001  000  000  000  000  000  000  000  000 
 026  006  000  002  000  000  000  000  000  000  000  000  000  000  000  009 
 030  020  006  002  000  000  000  000  001  001  002  001  000  000  000  018 
 023  032  015  010  004  000  004  008  010  010  006  000  000  000  000  035 
 015  033  018  005  008  008  010  012  012  012  009  004  000  000  006  050 
 016  022  022  000  008  012  010  009  009  008  008  008  002  000  015  064 
 012  011  018  006  004  009  010  012  012  009  004  004  002  000  018  073 
 001  000  015  010  002  002  008  011  012  009  004  000  000  003  020  077 
 000  000  012  012  006  002  000  000  000  000  000  000  000  000  013  078 
 008  006  006  012  010  002  000  000  000  000  000  000  000  000  014  084 

Celda27

 000  000  053  071  044  038  043  020  000  000  000  016  026  018  006  001 
 000  004  081  071  014  012  034  014  000  000  008  023  033  025  006  002 
 000  026  077  036  000  010  030  010  000  009  021  027  026  019  002  003 
 000  042  074  026  000  024  037  011  003  018  027  023  015  017  008  004 
 000  064  088  037  017  038  032  006  006  023  029  020  011  014  013  000 
 000  082  098  045  022  027  016  002  011  023  022  014  007  009  009  000 
 011  089  091  035  014  012  009  007  014  011  012  014  006  004  002  000 
 039  091  080  029  008  010  012  014  013  001  004  012  010  006  000  000 
 060  080  065  027  002  007  011  013  009  002  000  006  010  010  000  000 
 063  053  041  028  008  008  008  007  004  002  001  000  006  011  000  000 
 051  018  024  032  019  016  012  007  001  000  000  000  000  008  003  000 
 039  003  024  044  028  019  015  010  002  000  006  013  012  004  000  001 
 047  017  042  050  023  015  013  006  002  003  015  012  011  010  008  014 
 070  043  042  031  010  014  012  002  000  004  012  000  002  007  014  026 
 085  046  018  000  003  020  017  000  004  008  008  000  000  009  019  026 
 091  034  002  000  000  024  020  000  004  014  011  005  004  012  021  025 

Celda28

 000  006  021  018  006  000  000  000  000  004  009  010  005  000  000  008 
 000  010  015  005  000  002  012  018  006  000  016  018  008  000  004  006 
 006  006  005  000  000  006  015  020  016  005  015  022  014  011  011  010 
 007  001  000  000  002  014  012  000  002  011  027  028  015  009  002  000 
 000  000  000  000  002  012  009  000  000  010  030  016  002  005  002  000 
 000  000  000  002  002  004  000  000  000  006  010  000  000  000  003  002 
 000  000  000  004  008  005  000  000  000  010  007  000  000  001  010  019 
 000  004  005  004  000  000  000  000  001  018  019  014  018  020  024  028 
 000  004  010  008  002  000  000  004  018  031  029  020  022  020  017  021 
 000  001  012  012  006  003  010  014  020  023  020  011  010  010  008  016 
 000  000  010  016  021  022  016  014  015  016  012  004  000  001  004  016 
 002  008  017  027  031  020  008  010  012  011  004  000  001  003  009  019 
 022  025  027  030  025  008  002  008  006  001  000  000  008  015  015  014 
 030  023  016  016  013  004  002  002  000  000  000  002  013  014  008  000 
 020  006  000  003  006  004  002  000  000  000  000  004  012  016  009  000 
 012  006  000  000  003  003  000  000  000  002  004  004  010  014  010  000 

Celda29

 020  013  004  008  014  016  002  000  000  000  000  000  000  000  000  002 
 014  011  006  008  010  014  002  000  000  000  000  000  000  000  000  000 
 002  006  007  005  002  010  008  000  000  000  004  011  015  016  018  016 
 000  000  008  007  002  012  014  008  016  022  024  024  023  025  030  031 
 000  000  009  014  016  018  014  011  018  021  020  014  008  008  010  012 
 004  020  029  030  024  007  002  016  020  011  008  006  000  000  000  000 
 028  032  032  026  015  004  000  016  028  012  000  000  000  000  000  000 
 030  026  019  009  002  000  002  014  026  014  000  000  000  000  000  000 
 023  014  006  002  000  000  000  009  020  011  000  000  000  000  000  000 
 020  007  000  000  000  000  000  006  014  008  000  000  000  000  000  000 
 021  007  003  000  000  002  009  008  006  004  000  000  000  000  000  002 
 019  004  001  000  000  006  011  002  000  000  000  000  000  000  000  000 
 008  000  000  000  000  004  010  004  000  000  000  000  000  004  004  000 
 002  000  000  000  000  002  004  004  000  000  000  001  004  000  000  000 
 000  001  000  000  000  000  000  002  000  000  000  003  005  000  000  000 
 000  004  000  002  002  000  000  000  000  000  000  006  000  000  000  000 

Celda30

 001  001  003  000  000  000  000  000  017  021  000  000  000  000  000  003 
 010  009  001  000  000  000  000  000  015  016  000  000  000  000  004  030 
 027  028  014  010  003  000  001  001  009  006  000  000  000  012  030  026 
 032  033  019  021  020  018  010  000  000  000  000  004  025  039  031  014 
 010  015  010  013  018  012  000  000  000  002  019  039  042  028  016  012 
 000  008  012  000  005  000  000  000  006  028  041  038  016  006  004  009 
 000  010  018  005  000  000  000  002  035  040  029  009  000  000  000  006 
 000  010  014  002  000  000  001  043  056  035  010  000  000  000  001  002 
 002  006  002  000  000  000  036  064  047  017  004  000  000  000  000  000 
 002  000  000  000  002  029  054  047  016  001  000  000  000  002  000  000 
 000  000  000  000  018  040  036  014  000  000  000  000  000  000  000  000 
 000  000  000  010  030  033  021  008  000  000  000  000  000  000  002  002 
 000  000  006  030  030  018  016  010  000  000  000  000  000  000  002  003 
 000  000  025  037  012  001  012  014  000  000  000  000  007  006  000  002 
 000  015  042  027  000  000  004  013  000  000  000  013  014  012  008  002 
 007  035  035  006  000  000  000  012  010  005  015  019  014  013  015  011 

Celda31

 036  039  022  004  002  002  000  006  002  000  000  006  006  031  057  003 
 037  022  004  000  002  006  010  007  000  000  002  008  012  044  070  013 
 014  008  000  000  000  006  012  016  012  005  000  008  020  049  064  005 
 003  004  002  002  002  002  008  010  014  013  005  008  024  046  058  000 
 012  008  000  004  006  009  011  010  012  017  015  011  018  040  058  000 
 013  014  012  012  016  019  017  012  010  016  026  026  022  038  058  000 
 005  008  014  018  020  020  015  008  006  010  023  032  027  041  065  008 
 002  002  009  016  012  009  006  000  002  008  013  015  016  029  058  004 
 001  009  013  013  008  004  002  002  005  011  004  000  000  016  049  000 
 001  013  018  011  004  004  000  002  012  009  000  000  000  023  050  000 
 004  014  017  009  000  000  000  000  012  012  000  000  000  026  054  000 
 004  012  016  011  000  000  000  000  009  012  000  000  004  024  053  000 
 001  003  010  014  004  000  000  001  008  009  002  000  000  018  050  000 
 000  000  000  010  006  000  000  006  012  009  001  000  000  021  050  000 
 001  003  002  002  004  000  000  007  016  009  000  000  001  026  052  000 
 009  010  013  014  010  004  000  009  012  002  000  002  007  029  053  000 

Celda32

 000  000  000  001  004  000  002  004  002  004  009  010  008  008  012  012 
 000  000  000  002  008  000  000  000  003  004  004  005  006  012  018  021 
 000  000  000  002  012  005  000  000  000  001  000  000  004  012  017  023 
 000  000  000  000  016  012  003  000  000  000  000  000  002  007  010  016 
 001  001  000  000  019  015  002  000  000  002  000  000  002  003  002  002 
 000  000  000  000  021  015  001  000  000  001  000  000  007  000  000  000 
 001  000  000  000  022  016  000  000  002  000  000  000  007  002  000  000 
 001  002  001  000  020  016  000  000  004  000  000  000  007  006  007  002 
 000  000  000  000  015  016  000  000  005  000  000  004  008  008  011  000 
 000  000  000  000  012  016  000  000  004  000  000  007  004  003  011  004 
 000  000  000  000  011  016  000  000  003  002  006  015  006  000  008  004 
 001  002  006  010  011  007  000  000  004  006  010  011  000  000  007  000 
 002  004  006  008  006  000  000  000  004  008  014  012  000  000  007  000 
 000  000  000  000  000  000  000  000  002  009  016  012  000  000  007  002 
 000  000  000  000  001  000  000  000  000  012  016  014  007  004  008  007 
 000  000  000  000  004  000  000  000  000  015  017  014  010  007  011  010 

Celda33

 011  012  014  059  054  006  004  008  021  005  009  020  020  012  036  008 
 022  021  018  057  043  007  010  015  017  003  005  015  018  002  029  028 
 026  022  016  054  036  006  004  010  010  002  000  007  016  012  016  038 
 017  012  012  055  031  006  002  010  004  000  000  004  015  023  012  030 
 000  000  016  052  019  004  004  013  003  002  004  008  012  020  016  008 
 000  000  025  047  008  000  000  011  004  006  005  004  002  008  012  005 
 000  001  033  042  002  000  000  013  004  002  000  000  000  000  010  012 
 005  006  032  028  000  000  004  010  000  000  000  000  000  000  003  010 
 000  002  022  017  000  000  008  006  000  000  000  000  000  000  000  002 
 000  000  016  004  000  004  018  006  000  000  000  000  000  000  000  000 
 000  000  015  000  000  014  019  004  004  002  000  000  000  000  000  000 
 000  006  012  000  002  016  014  000  000  000  000  000  000  000  000  000 
 000  006  011  000  000  011  007  000  000  000  000  000  000  000  000  001 
 000  004  007  000  002  010  005  000  000  000  000  000  000  003  006  005 
 000  001  000  000  002  010  008  000  000  000  000  000  000  002  000  000 
 001  000  000  000  001  010  010  000  000  000  000  000  004  004  002  004 

Celda34

 011  016  009  006  008  000  000  000  000  000  000  000  000  000  028  100 
 007  016  011  000  003  000  000  000  000  000  000  000  000  001  060  117 
 010  005  006  001  000  000  000  000  000  000  000  000  008  018  080  119 
 018  000  000  000  000  000  000  000  002  004  005  011  018  026  076  102 
 018  000  000  000  000  000  000  006  003  007  008  010  012  018  061  085 
 010  000  000  000  000  000  000  011  006  001  004  006  006  011  056  083 
 002  000  000  000  000  000  002  012  009  000  000  000  000  010  060  085 
 006  000  000  000  004  001  004  010  008  000  000  000  000  013  058  078 
 009  006  001  001  004  006  004  005  004  000  000  002  004  010  052  074 
 006  010  008  004  006  011  008  002  001  000  000  002  000  006  056  076 
 000  004  008  007  010  011  006  003  008  007  002  000  000  004  063  080 
 000  004  012  015  012  006  002  002  013  006  000  000  000  004  068  083 
 006  002  008  013  012  007  005  006  009  000  000  002  000  000  062  085 
 005  000  000  000  000  002  005  005  000  000  002  012  010  000  051  083 
 000  000  000  000  000  000  002  003  000  000  012  012  010  008  058  094 
 000  000  000  002  002  002  004  004  000  000  014  000  000  000  069  104 

Celda35

 096  031  000  000  000  025  020  001  004  014  012  011  008  009  017  016 
 101  039  012  010  009  027  017  004  005  008  005  008  009  005  012  010 
 097  037  014  013  016  026  011  002  006  010  007  004  006  005  005  002 
 078  018  005  010  020  020  008  005  014  021  013  001  000  000  002  000 
 062  008  000  006  019  014  013  013  022  020  002  000  000  000  006  000 
 056  003  000  003  014  006  004  000  008  007  000  000  000  001  008  000 
 051  000  000  006  006  000  000  000  006  010  002  008  011  009  007  000 
 042  000  001  003  001  000  000  000  011  022  019  012  010  004  000  002 
 039  000  002  000  000  000  000  002  022  027  014  004  004  004  002  012 
 037  000  000  000  000  002  003  005  018  018  006  000  000  009  012  022 
 035  000  000  002  006  010  008  003  012  013  004  002  005  008  014  021 
 035  000  000  010  009  008  006  004  009  011  003  002  012  013  012  015 
 044  000  000  010  010  000  000  000  009  011  007  011  021  020  010  005 
 054  004  000  005  010  000  000  004  010  010  012  021  026  019  004  000 
 063  004  000  000  008  002  000  012  019  023  026  031  025  011  002  000 
 069  012  000  000  013  010  017  026  035  033  028  024  011  001  002  006 

Celda36

 000  000  000  000  000  001  000  000  000  004  006  005  008  012  008  000 
 000  000  000  000  000  001  000  003  006  009  014  012  009  008  005  004 
 000  000  000  000  002  004  010  015  014  016  020  014  008  003  003  008 
 000  000  000  000  004  006  011  013  009  009  010  004  000  000  000  006 
 000  002  002  001  007  008  009  010  004  002  005  005  000  001  000  000 
 000  002  004  000  007  009  007  007  004  000  006  008  004  004  006  001 
 000  002  004  000  008  014  011  009  004  000  010  013  003  000  000  000 
 008  011  011  010  014  025  019  015  012  006  006  010  002  000  000  000 
 020  020  020  020  016  025  020  012  008  002  000  009  004  000  000  000 
 025  015  015  014  010  018  020  007  000  000  000  006  003  000  000  003 
 017  003  004  006  006  018  023  006  003  002  002  000  000  000  000  010 
 005  000  000  000  004  019  022  006  007  009  009  006  000  000  000  010 
 000  000  000  000  000  015  015  000  003  008  008  006  005  000  000  007 
 000  000  000  000  003  015  010  000  002  006  006  002  000  000  000  001 
 000  000  010  017  019  019  008  004  008  009  006  000  000  000  000  000 
 012  011  019  023  023  018  008  010  012  006  002  000  000  000  000  000 

Celda37

 002  004  000  000  000  000  000  000  000  000  002  006  000  000  000  008 
 005  002  000  000  000  000  000  000  000  001  008  003  000  000  000  035 
 008  000  000  002  000  000  000  000  000  002  010  000  000  000  020  037 
 010  004  000  004  001  000  000  000  002  000  000  000  000  000  028  022 
 009  012  008  000  000  000  000  003  000  000  000  000  000  014  024  015 
 001  014  015  000  000  000  000  000  000  000  000  000  011  034  033  026 
 000  010  018  004  000  000  004  000  000  000  000  004  037  056  057  049 
 000  000  014  010  000  005  010  004  000  000  007  031  060  069  056  030 
 000  001  004  014  010  005  005  003  006  011  034  066  077  061  025  006 
 005  009  006  014  017  004  000  002  010  027  064  080  067  034  004  000 
 009  008  014  012  014  006  002  010  018  042  067  063  037  009  000  000 
 012  004  006  000  005  012  009  022  029  042  046  025  005  000  000  000 
 015  012  000  000  000  022  032  027  022  017  015  009  000  000  000  000 
 016  014  000  000  004  034  040  013  000  000  001  004  004  000  000  000 
 012  012  000  000  018  037  028  004  000  000  000  008  008  000  000  002 
 008  006  006  019  035  034  016  000  000  000  006  022  015  000  000  010 

Celda38

 032  033  012  000  000  000  003  018  027  029  024  017  011  005  006  006 
 038  016  000  000  000  009  028  034  032  027  019  010  003  000  000  000 
 016  000  000  000  011  027  033  031  028  022  012  002  000  000  000  002 
 002  000  000  007  022  021  015  019  023  015  003  000  000  003  000  003 
 000  000  008  023  021  008  002  011  016  005  001  001  004  011  014  004 
 019  015  016  021  014  005  006  006  014  010  002  006  006  010  016  016 
 030  019  008  010  010  008  010  011  014  016  012  010  010  008  008  010 
 016  008  006  007  010  014  018  015  013  015  013  006  004  000  000  000 
 000  000  006  015  020  023  023  012  008  001  008  004  000  000  000  000 
 000  000  006  019  021  018  011  002  000  000  000  002  000  000  000  000 
 000  000  005  013  010  002  004  002  000  000  000  000  000  000  000  000 
 000  000  006  018  007  000  006  004  000  000  000  000  000  000  000  000 
 000  000  005  016  004  000  008  004  000  000  000  000  000  000  000  000 
 004  014  012  002  000  004  008  005  000  000  000  000  000  000  000  000 
 013  014  012  000  000  008  012  004  002  000  000  000  000  000  000  000 
 013  000  000  000  000  009  016  006  002  000  000  000  000  000  000  000 

Celda39

 005  009  016  020  015  008  006  015  007  000  000  008  012  030  054  000 
 008  015  013  011  009  006  002  010  006  006  004  004  011  034  058  000 
 010  011  001  000  000  003  003  010  009  007  009  001  000  033  066  000 
 011  007  000  000  000  000  004  013  011  002  002  000  000  031  073  000 
 004  008  002  000  000  000  000  008  006  000  000  002  008  051  098  022 
 002  002  008  002  000  000  000  010  008  000  003  010  015  063  099  021 
 006  000  006  004  000  000  000  010  012  006  000  002  004  041  074  000 
 000  000  000  003  000  000  000  008  012  011  006  000  000  031  070  000 
 000  000  000  000  000  000  000  006  006  012  012  002  000  022  068  000 
 000  000  000  000  000  000  008  001  000  009  019  010  000  026  070  004 
 000  000  000  000  000  016  014  004  000  004  022  018  000  031  073  009 
 000  000  000  006  021  019  006  003  004  001  019  024  006  030  069  004 
 000  000  000  022  028  009  002  003  006  004  010  024  010  031  068  000 
 000  000  006  029  018  000  000  000  004  002  000  016  014  038  072  000 
 000  000  015  025  008  000  000  002  000  000  000  008  021  050  077  000 
 000  000  018  022  005  000  000  001  000  000  000  006  027  063  087  008 

Celda40

 000  000  000  000  002  000  000  000  002  019  020  013  007  008  012  010 
 000  000  000  000  000  000  000  000  002  020  022  015  008  008  010  008 
 000  000  000  000  002  000  000  000  001  014  022  024  024  024  018  009 
 000  000  000  000  006  000  000  000  004  011  020  033  032  020  011  008 
 000  000  000  000  008  000  000  000  006  012  017  031  037  022  008  003 
 000  000  000  000  005  000  000  001  002  012  014  021  032  030  022  010 
 000  000  000  002  001  000  008  014  016  017  015  008  019  034  032  018 
 002  004  008  008  003  000  012  016  020  027  025  014  012  028  030  019 
 001  002  002  001  000  000  014  021  024  023  018  014  010  014  022  016 
 000  000  000  000  000  002  013  028  028  009  004  003  004  002  010  012 
 004  008  014  014  012  010  013  024  022  000  000  002  008  012  008  009 
 006  014  030  038  034  030  024  019  012  004  002  010  017  018  020  021 
 002  004  010  016  022  027  027  019  008  003  009  012  013  013  012  010 
 000  000  000  000  001  000  000  000  004  008  012  015  010  006  000  000 
 000  000  000  000  000  000  000  000  006  005  016  025  014  000  000  000 
 002  004  008  006  000  000  000  004  013  012  016  026  016  010  002  005 

Celda41

 002  000  000  000  002  012  010  000  000  000  000  000  003  004  004  008 
 002  000  000  000  004  012  008  000  000  000  000  000  002  000  002  008 
 000  000  000  000  004  009  004  000  000  000  000  001  006  007  004  008 
 008  010  010  006  001  006  002  000  000  000  000  010  012  012  015  017 
 006  010  009  005  002  005  000  000  000  000  002  012  013  007  010  006 
 003  000  000  000  000  003  000  000  000  000  000  009  014  005  000  000 
 006  000  000  000  000  000  000  000  000  008  010  007  010  006  000  000 
 006  000  000  000  004  000  000  003  010  008  008  008  007  004  001  000 
 008  002  000  000  004  004  004  002  007  004  000  002  009  009  008  008 
 010  008  006  002  000  000  002  000  000  005  006  006  005  005  009  011 
 014  012  006  003  000  004  010  009  007  010  008  008  008  005  005  004 
 030  023  008  000  005  019  018  022  024  024  018  016  018  015  010  003 
 017  013  005  002  008  018  008  008  010  009  008  009  011  006  000  000 
 008  011  000  000  005  014  006  000  000  000  000  000  001  002  001  000 
 007  008  000  000  002  002  000  002  002  000  000  000  000  001  003  002 
 009  003  000  006  004  000  000  005  010  004  004  005  004  004  007  010 

Celda42

 002  000  000  000  000  004  007  006  000  000  017  000  000  000  062  082 
 006  000  000  000  001  003  004  001  000  000  020  002  000  000  056  075 
 006  000  000  006  014  007  004  002  001  002  029  006  004  000  042  070 
 009  002  000  014  015  004  005  008  008  006  032  007  006  004  039  065 
 000  000  000  010  007  000  000  000  002  002  034  008  011  016  061  072 
 000  000  000  002  002  000  002  000  000  000  034  002  004  015  073  068 
 000  000  000  000  000  002  002  000  000  000  028  000  000  000  054  043 
 000  000  000  000  000  004  000  000  000  002  020  000  000  000  055  045 
 011  010  003  000  000  004  001  000  000  004  013  000  000  000  049  052 
 014  016  016  014  012  010  007  006  006  010  013  002  002  004  054  066 
 002  008  015  020  020  016  014  012  010  009  010  004  004  008  062  073 
 000  004  012  017  018  015  009  001  000  004  010  007  008  010  061  065 
 000  011  010  012  012  008  000  000  000  012  014  006  007  011  066  065 
 004  010  004  000  000  000  000  000  002  021  012  000  000  014  070  064 
 008  010  003  000  000  000  000  004  016  024  000  000  000  020  061  043 
 017  011  000  000  000  000  000  002  011  006  000  000  000  026  049  034 

Celda43

 048  000  000  000  026  034  032  029  030  024  015  006  000  000  000  007 
 052  000  000  001  034  033  021  011  011  016  012  002  000  000  002  006 
 058  012  000  002  030  025  014  006  008  016  012  000  000  000  009  005 
 058  020  001  000  023  026  018  010  009  015  010  000  000  011  015  006 
 043  022  000  000  014  026  024  014  010  012  008  000  004  015  006  000 
 023  015  011  004  010  018  026  020  011  011  009  007  012  007  000  000 
 004  004  022  016  009  010  022  022  014  012  011  008  004  000  000  000 
 000  000  022  024  007  010  022  019  015  015  012  007  002  000  000  000 
 014  000  012  028  016  010  020  013  011  016  011  006  003  000  000  000 
 030  004  000  028  027  015  014  006  006  013  010  008  006  000  002  005 
 034  012  003  024  033  020  012  005  005  008  008  010  008  000  000  000 
 027  012  016  017  030  023  012  007  008  006  002  005  004  000  000  000 
 028  010  016  014  019  024  012  006  011  006  000  000  000  000  000  000 
 033  016  020  018  014  023  014  002  006  006  000  000  000  000  000  000 
 020  005  010  012  010  027  019  002  000  005  000  000  000  000  000  000 
 018  008  000  000  000  023  018  006  006  012  006  000  000  000  000  000 

Celda44

 017  016  008  012  006  006  004  006  005  000  000  000  000  000  000  006 
 005  008  002  006  009  000  000  002  000  000  000  000  000  000  000  021 
 001  000  003  000  006  000  000  000  000  000  000  000  000  002  025  056 
 000  000  002  004  000  000  000  000  000  000  000  000  000  025  056  078 
 000  000  000  000  001  000  000  000  000  000  000  000  025  053  068  071 
 000  001  000  000  000  000  000  000  000  000  000  017  049  062  056  040 
 000  004  001  000  000  000  000  000  000  010  014  029  051  047  027  015 
 000  006  001  000  000  000  000  000  015  018  017  030  044  030  010  002 
 002  006  000  000  000  000  000  015  020  011  012  032  037  020  002  000 
 000  000  000  000  000  001  016  020  007  004  014  028  019  006  000  000 
 000  000  000  000  000  017  029  015  002  004  007  014  006  000  000  000 
 000  000  000  000  012  035  027  008  000  000  000  006  008  000  000  000 
 000  000  000  008  028  031  016  002  000  000  000  000  011  003  000  000 
 000  000  005  023  025  024  013  000  000  000  000  000  008  002  000  001 
 000  015  034  030  021  012  007  000  000  000  001  008  005  000  004  015 
 006  030  027  018  019  014  004  000  003  004  006  005  000  003  014  019 

Celda45

 011  014  029  045  042  028  006  000  000  000  016  023  005  000  000  013 
 034  040  048  045  030  010  000  000  000  006  016  012  000  000  000  008 
 063  056  044  027  010  000  000  000  000  006  015  012  001  000  000  000 
 073  051  029  016  005  000  000  000  000  002  007  012  010  002  006  004 
 052  026  018  014  012  006  001  001  004  005  003  008  014  009  000  000 
 012  000  000  004  008  009  006  002  002  003  005  008  008  004  000  000 
 003  000  001  000  000  001  004  000  002  004  001  001  000  000  000  000 
 000  002  007  002  000  000  002  006  004  003  000  000  000  000  000  004 
 000  000  008  007  000  000  004  014  014  005  000  000  000  002  002  006 
 000  000  004  013  011  006  001  009  010  004  000  000  002  000  002  002 
 000  000  000  013  018  014  010  000  000  000  002  000  000  000  000  005 
 000  000  000  002  010  016  016  006  000  000  004  004  000  000  005  008 
 000  007  012  009  000  008  017  014  008  004  002  006  006  000  009  016 
 017  022  016  020  020  010  006  014  016  013  002  000  007  012  013  014 
 018  010  004  010  018  019  010  000  010  015  012  004  000  008  006  002 
 010  000  002  000  003  012  018  012  000  006  019  018  006  000  000  000 

Celda46

 012  000  000  000  002  002  012  010  006  000  000  000  000  000  000  005 
 008  000  000  000  008  006  001  008  012  000  000  000  000  004  009  011 
 004  000  000  000  002  002  000  002  012  003  000  000  006  004  002  000 
 000  000  000  000  000  000  000  000  007  007  000  006  005  000  000  000 
 000  000  000  000  000  000  000  004  006  012  011  005  000  000  000  000 
 000  000  006  004  001  000  004  010  012  013  004  000  000  000  004  010 
 000  005  015  004  002  000  010  009  002  000  000  000  000  000  006  009 
 008  020  019  003  004  008  012  002  000  000  000  000  000  000  000  000 
 018  021  010  004  010  016  011  000  000  000  000  000  000  000  000  000 
 018  016  006  000  009  013  010  006  000  000  000  000  000  000  000  004 
 008  010  010  010  007  000  001  000  000  000  000  002  002  000  000  000 
 010  008  008  010  006  000  000  000  000  000  000  000  003  000  000  000 
 013  015  011  000  000  000  000  000  000  005  010  000  000  000  000  000 
 012  008  004  000  000  000  000  000  000  008  006  000  000  000  006  004 
 008  010  000  000  000  000  000  000  000  000  000  000  002  006  002  010 
 000  004  000  000  000  000  000  000  000  000  000  000  002  008  004  005 

Celda47

 008  002  014  018  003  000  000  000  000  000  004  015  031  060  082  002 
 010  004  002  008  002  000  000  000  000  000  000  006  020  057  086  000 
 000  000  000  000  004  010  007  004  000  000  000  008  016  056  090  000 
 000  000  000  000  006  015  012  000  000  000  000  013  019  056  089  000 
 000  004  004  000  002  010  008  000  000  000  003  020  034  067  091  004 
 011  008  006  000  000  000  004  004  001  002  011  021  030  056  080  000 
 006  002  005  008  000  000  002  014  017  009  003  011  021  056  086  000 
 000  000  008  014  012  004  000  016  021  010  003  008  012  052  091  000 
 000  002  004  003  007  012  010  008  015  012  010  013  011  044  090  000 
 006  000  000  000  000  010  016  004  009  018  014  015  009  040  086  000 
 003  000  000  000  004  012  014  007  002  020  014  016  012  043  091  006 
 000  000  000  001  010  012  012  013  004  010  018  024  016  046  089  002 
 000  000  002  003  000  006  011  018  016  000  020  033  017  045  090  000 
 002  005  000  001  006  000  002  012  017  012  008  030  020  051  095  000 
 008  003  003  000  002  006  002  000  000  005  000  014  024  066  104  000 
 010  006  001  000  000  002  006  002  000  000  000  000  024  078  113  000 

Celda48

 001  002  004  004  000  000  005  024  027  015  016  026  015  016  017  006 
 000  000  000  000  000  002  016  032  030  020  020  024  019  010  018  004 
 000  000  000  000  000  000  013  025  022  018  020  024  023  008  001  004 
 000  000  000  000  000  001  012  022  016  012  011  014  011  002  000  002 
 000  000  000  000  004  006  015  014  011  016  014  006  002  000  000  000 
 000  000  000  000  006  009  014  008  006  016  015  005  002  000  000  000 
 001  002  005  005  006  006  007  003  006  012  010  002  004  005  000  000 
 002  005  010  010  004  001  000  001  004  005  002  000  007  009  000  000 
 001  003  006  006  004  002  000  002  002  000  000  001  010  007  000  000 
 001  002  002  001  000  000  001  003  000  000  000  003  010  000  000  000 
 001  002  005  004  000  000  000  002  000  000  000  002  006  000  000  000 
 000  002  005  006  004  000  000  000  000  000  000  000  000  000  000  005 
 000  000  000  001  004  006  002  000  000  000  001  002  000  000  000  011 
 000  000  000  000  000  002  004  002  000  009  007  008  006  006  006  019 
 000  000  000  000  000  000  003  006  008  014  002  000  004  010  012  023 
 000  000  000  000  002  001  000  004  006  000  000  000  000  006  010  020 

Celda49

 000  002  008  012  006  005  004  007  014  007  004  005  008  006  007  017 
 000  004  019  016  000  000  009  018  020  007  002  003  000  000  005  019 
 005  010  024  014  000  000  003  011  011  004  000  000  000  002  008  022 
 017  023  030  010  000  000  006  012  008  000  002  002  000  006  016  027 
 007  020  031  015  004  000  004  017  013  002  000  000  004  014  019  023 
 000  016  026  014  012  006  001  016  014  006  000  000  002  010  011  016 
 000  026  030  000  001  012  018  026  017  007  000  000  004  010  009  009 
 000  028  033  004  000  000  025  033  020  008  000  000  002  007  008  006 
 000  023  024  003  000  011  022  023  014  008  000  000  002  004  006  004 
 010  020  012  000  000  018  028  018  000  008  008  000  002  006  004  000 
 020  018  010  000  000  014  024  018  008  000  002  001  000  010  007  003 
 020  016  012  004  001  009  012  014  013  002  000  000  000  010  010  006 
 019  013  012  008  007  002  000  006  012  006  000  000  002  009  010  013 
 023  020  016  012  010  001  000  000  012  009  000  000  002  010  011  012 
 027  025  016  006  004  000  000  000  012  014  002  000  000  008  010  008 
 025  021  006  000  000  000  000  000  008  017  006  000  000  005  008  008 

Celda50

 025  012  008  004  002  000  000  000  006  000  000  004  006  026  040  022 
 022  008  008  005  002  002  005  007  008  004  007  012  010  018  032  014 
 023  006  005  003  004  007  010  010  009  006  004  005  004  008  024  010 
 028  010  012  012  012  009  005  002  002  000  000  000  000  005  020  010 
 022  006  008  011  012  010  004  000  000  000  000  000  000  014  035  020 
 018  006  000  000  000  004  006  000  000  000  000  000  000  027  042  016 
 010  006  000  000  000  000  001  001  000  000  000  000  002  038  034  001 
 005  008  004  000  000  000  000  007  012  010  000  000  010  041  035  002 
 006  012  008  000  001  000  002  012  016  014  012  008  009  036  036  008 
 004  012  012  006  000  000  000  006  006  004  008  016  013  021  036  016 
 006  010  015  008  000  000  000  000  000  000  004  017  018  000  030  024 
 013  017  014  003  000  000  000  000  000  000  004  011  008  000  022  031 
 012  011  005  000  000  000  000  000  000  000  002  002  000  000  018  034 
 016  014  001  000  000  000  000  000  000  000  000  000  000  000  014  028 
 016  020  006  000  000  000  000  000  000  000  000  000  000  005  015  016 
 016  021  008  000  000  000  000  000  000  000  000  000  001  000  012  023 

Celda51

 012  010  000  000  002  020  015  000  006  010  004  002  000  000  008  015 
 010  014  004  000  004  014  014  004  000  000  000  000  002  017  037  037 
 016  022  012  006  007  003  006  009  002  000  000  000  000  024  039  026 
 020  027  007  000  000  000  003  012  004  000  000  000  005  025  017  011 
 022  024  004  000  000  000  008  016  006  000  000  000  016  016  000  013 
 012  016  001  000  000  002  016  020  005  000  000  000  015  014  008  018 
 000  011  000  000  000  006  020  016  000  000  000  002  020  016  013  018 
 000  006  004  000  000  018  024  004  000  000  000  021  032  023  018  015 
 000  000  007  002  004  018  012  000  000  000  017  047  033  013  013  020 
 000  000  010  012  009  010  002  000  000  002  045  049  017  002  017  026 
 000  000  013  017  004  000  000  000  000  018  039  021  000  002  025  021 
 000  002  019  013  000  000  000  000  004  029  027  009  000  012  024  008 
 011  010  023  004  000  000  000  000  013  028  016  002  006  022  020  000 
 020  021  019  004  000  000  000  005  029  026  007  002  014  022  014  000 
 022  032  012  000  000  000  004  024  023  015  013  022  027  016  006  000 
 029  026  004  000  000  000  014  010  004  012  018  024  016  002  000  002 

Celda52

 021  020  007  006  014  008  008  010  014  006  000  004  002  004  011  012 
 023  018  008  000  012  012  000  003  000  000  000  000  006  007  012  012 
 020  031  023  016  002  012  008  004  000  000  000  000  004  006  009  011 
 027  039  022  020  014  010  010  003  000  000  000  000  002  004  004  006 
 034  027  006  008  010  008  012  002  000  002  003  003  008  011  007  000 
 024  010  002  006  006  003  008  004  003  000  000  001  015  018  013  010 
 016  010  007  010  011  006  002  000  000  002  000  002  015  013  004  006 
 012  011  008  000  004  010  004  000  000  004  006  000  016  010  000  000 
 015  000  000  006  002  004  009  004  000  001  012  015  011  006  000  003 
 012  002  000  010  018  004  006  006  000  005  005  018  024  013  002  006 
 002  003  008  007  016  010  000  000  001  000  010  012  012  018  013  004 
 000  000  004  008  002  004  001  000  000  002  006  016  010  000  008  002 
 000  000  000  000  000  000  000  004  001  000  007  009  008  000  000  000 
 000  003  003  000  000  000  000  004  005  006  010  006  000  000  000  000 
 000  000  004  002  002  008  008  000  000  005  017  008  000  000  000  000 
 000  000  002  004  002  002  006  002  000  000  008  010  002  000  000  000 

Celda53

 002  000  002  002  000  006  012  016  018  012  009  016  014  001  000  000 
 002  000  004  003  000  000  000  003  012  016  008  000  009  005  000  000 
 006  006  012  004  000  000  000  000  000  000  001  000  000  004  000  000 
 008  012  018  008  000  000  000  000  000  000  000  002  002  002  011  016 
 002  009  017  013  002  000  000  000  000  000  000  000  000  012  032  027 
 007  000  006  012  011  006  000  000  000  000  000  000  000  022  031  010 
 012  015  008  001  012  010  000  000  000  000  000  004  014  025  015  000 
 006  008  010  008  004  007  000  000  000  000  000  014  024  019  006  000 
 007  000  000  002  007  007  000  000  000  004  010  011  016  015  004  000 
 006  000  000  001  010  004  000  000  002  016  020  014  001  005  004  000 
 003  000  002  010  002  000  000  000  002  011  005  009  010  002  000  000 
 000  000  007  004  000  000  000  000  001  000  004  001  000  004  002  000 
 000  006  007  000  000  000  000  002  000  000  001  012  004  000  006  006 
 000  004  006  000  000  000  000  006  000  000  000  010  010  006  000  000 
 000  000  000  000  000  000  000  002  000  000  001  000  004  010  006  000 
 002  002  000  000  000  000  000  000  000  000  000  000  000  002  008  003 

Celda54

 000  000  000  002  010  006  000  000  000  000  000  001  002  002  004  001 
 000  000  000  002  012  008  000  000  000  000  000  004  006  000  005  012 
 002  008  006  000  003  004  000  000  000  003  000  002  010  008  007  010 
 018  011  002  000  000  000  000  003  004  000  008  008  011  010  007  002 
 014  001  000  000  000  000  000  000  008  004  001  011  006  002  004  002 
 002  000  000  000  000  000  000  000  002  014  012  001  000  000  000  001 
 000  000  002  000  000  000  000  003  000  010  019  008  000  000  000  000 
 000  000  000  004  000  000  000  008  012  004  011  010  000  000  001  000 
 000  000  000  000  000  000  004  000  006  008  000  002  002  002  003  010 
 000  000  000  000  000  000  002  003  000  002  006  002  000  008  006  000 
 000  000  000  000  000  000  000  004  004  000  004  006  004  002  005  000 
 000  000  000  002  002  000  000  003  008  004  000  000  000  000  002  006 
 002  002  002  000  000  000  000  006  008  004  000  000  000  000  004  013 
 000  000  000  000  000  000  000  010  008  001  003  000  000  000  008  017 
 000  000  000  000  000  000  000  008  008  002  005  002  000  000  002  016 
 000  000  000  000  000  000  000  005  006  002  006  006  000  000  000  008 

Celda55

 007  010  000  000  000  000  004  011  002  000  010  010  012  078  119  000 
 008  002  000  000  000  003  000  015  012  004  010  010  002  070  122  000 
 010  001  000  000  000  009  013  016  010  002  000  002  005  064  123  000 
 000  000  000  000  000  007  016  013  000  000  000  000  005  062  123  000 
 000  000  001  002  002  005  011  016  013  001  004  002  000  054  120  000 
 003  000  000  006  004  004  010  011  014  009  000  004  000  052  116  000 
 004  008  004  000  000  000  013  008  000  000  000  000  006  058  116  002 
 000  008  012  005  000  000  006  004  000  000  000  000  008  070  120  002 
 008  000  010  011  000  000  000  000  000  000  000  000  000  076  128  000 
 008  010  005  008  004  000  000  000  000  002  000  000  000  074  128  000 
 000  007  006  000  003  000  000  000  000  000  000  000  000  068  128  000 
 006  003  006  009  005  000  000  000  000  000  000  000  007  068  128  000 
 012  004  007  012  010  004  000  000  000  000  002  013  018  075  136  006 
 010  001  001  000  000  000  000  000  002  007  010  018  015  070  134  014 
 014  006  002  000  000  000  000  000  002  006  004  011  009  063  128  011 
 012  010  007  001  000  000  000  000  002  000  000  008  009  062  122  000 

Celda56

 000  000  000  000  004  004  000  004  004  000  000  000  000  004  004  011 
 000  000  000  002  006  005  003  002  000  000  000  001  003  002  000  006 
 000  000  000  001  005  005  003  000  000  000  000  003  001  000  000  006 
 000  000  000  000  002  002  002  000  000  000  000  002  000  000  002  008 
 000  000  000  000  002  003  005  002  004  006  004  000  000  000  005  012 
 000  000  001  004  007  007  006  001  006  012  011  004  000  000  007  015 
 001  001  000  000  002  000  000  000  000  009  010  004  000  000  015  020 
 001  002  001  000  000  000  000  003  008  004  008  004  000  008  022  016 
 000  000  000  000  000  000  000  008  014  005  006  009  010  012  013  005 
 000  000  000  000  000  000  000  006  014  008  000  009  016  009  002  001 
 000  000  000  000  000  000  000  000  009  010  002  004  014  010  000  000 
 000  000  000  000  000  002  000  000  003  012  012  010  004  006  002  000 
 000  000  000  000  000  003  004  000  005  007  012  014  000  000  000  000 
 005  012  026  038  044  045  051  057  056  052  052  049  034  034  039  044 
 012  029  063  087  096  097  103  106  097  094  096  095  086  086  091  096 
 000  000  000  000  002  000  006  011  004  000  001  002  000  000  000  000 

Celda57

 013  010  000  000  000  002  002  010  007  012  007  000  000  002  006  008 
 008  004  000  000  000  006  015  012  011  003  002  000  000  004  002  004 
 008  001  000  000  001  008  012  002  000  000  000  000  000  008  000  000 
 015  006  006  006  010  006  004  000  000  000  000  000  004  014  004  002 
 014  005  008  008  008  003  000  000  000  000  000  003  012  012  003  008 
 012  004  000  004  002  002  005  005  000  000  004  005  006  003  003  002 
 008  000  001  003  002  005  008  010  009  006  004  004  002  000  004  008 
 000  000  000  010  006  002  000  003  010  014  010  002  000  000  007  010 
 000  000  001  011  008  002  000  000  004  012  011  006  000  000  011  011 
 000  000  007  014  011  002  000  000  000  000  000  000  004  008  020  016 
 000  008  014  017  016  008  006  004  000  000  000  000  005  012  021  018 
 000  012  020  016  006  000  000  000  000  000  002  008  010  008  013  016 
 000  010  020  016  004  000  002  002  000  000  006  014  012  006  007  011 
 048  052  053  045  032  032  043  043  040  042  053  052  046  044  047  051 
 101  105  104  100  092  093  100  095  090  092  099  092  086  088  092  095 
 003  003  002  004  001  002  008  005  000  000  006  003  000  000  003  007 

Celda58

 016  018  008  000  000  000  000  000  000  000  002  001  002  000  022  039 
 012  013  008  004  000  000  000  000  000  000  006  000  000  004  036  044 
 004  011  012  008  000  000  000  000  000  000  003  005  000  000  032  026 
 000  010  014  006  000  000  003  004  002  000  000  006  000  000  024  018 
 012  013  009  002  000  004  008  000  000  000  000  001  000  000  010  010 
 007  007  006  000  000  004  000  000  000  000  000  000  006  000  000  003 
 002  000  005  005  004  000  000  000  000  000  000  000  013  000  000  000 
 004  002  005  002  002  000  000  000  000  000  000  000  014  000  000  000 
 004  000  005  006  000  001  000  000  000  000  000  000  008  000  000  000 
 003  000  002  007  003  000  000  000  000  000  000  000  000  000  000  015 
 009  007  002  004  005  000  001  004  005  004  002  000  000  000  000  022 
 008  008  006  006  006  000  002  006  011  010  002  000  000  000  008  017 
 000  002  006  011  011  005  000  000  001  000  000  000  000  009  010  002 
 041  043  047  056  055  053  049  046  046  050  054  058  068  087  068  053 
 087  090  093  099  095  094  097  098  100  105  112  122  128  138  125  123 
 001  000  002  007  003  000  000  000  000  000  000  000  003  008  000  000 

Celda59

 032  014  000  000  000  006  012  000  000  016  030  025  006  000  000  002 
 013  000  000  000  006  015  002  000  000  025  036  022  005  000  000  001 
 000  000  000  000  020  010  000  000  004  045  048  015  000  000  004  004 
 000  000  006  024  020  004  000  000  023  055  042  008  002  000  005  009 
 000  000  015  036  016  000  000  008  040  050  027  001  004  006  004  012 
 000  000  026  026  009  000  000  013  041  038  016  003  000  006  004  006 
 013  017  014  005  000  000  000  016  030  022  008  006  006  000  000  000 
 020  028  013  000  000  000  006  024  029  015  008  012  010  000  000  000 
 029  030  009  000  000  000  008  028  026  012  013  017  008  000  002  000 
 044  031  011  005  002  000  006  026  020  012  016  016  004  001  006  001 
 029  012  002  000  000  000  007  022  014  010  014  011  004  006  006  000 
 021  014  001  000  000  000  011  027  018  005  005  008  011  012  002  000 
 016  016  000  000  000  000  018  042  031  015  004  005  016  012  000  000 
 054  054  037  039  046  058  087  099  081  066  064  060  073  061  052  052 
 126  127  114  116  120  133  145  141  123  107  114  114  125  116  112  112 
 003  009  000  000  003  012  020  022  017  001  000  000  012  007  000  000 

Celda60

 001  000  001  000  004  000  000  000  000  000  000  002  008  007  006  007 
 002  002  000  000  003  000  000  000  000  000  000  000  000  002  007  014 
 004  000  000  000  000  000  000  000  000  000  005  010  008  000  000  011 
 007  000  000  000  000  000  000  000  000  000  000  002  003  005  007  006 
 007  000  000  000  000  000  000  000  000  002  006  000  000  000  002  004 
 004  000  000  000  000  000  002  000  000  000  006  000  000  000  001  000 
 000  000  000  000  000  000  004  001  000  000  002  000  000  000  001  000 
 000  000  000  000  000  000  004  000  000  000  000  000  000  000  000  000 
 000  000  000  000  000  002  001  000  000  000  000  000  000  000  001  000 
 000  000  000  000  000  000  000  000  002  005  002  000  000  001  002  000 
 000  000  000  000  000  000  000  002  008  002  000  000  000  002  000  000 
 000  006  005  000  000  000  000  000  004  000  000  000  000  002  000  000 
 000  008  006  000  000  000  000  004  000  000  000  000  000  002  000  000 
 052  058  057  052  050  048  052  053  056  056  054  055  057  054  048  046 
 110  112  114  109  112  110  108  104  108  114  118  124  126  125  120  118 
 000  004  008  000  000  000  001  002  000  000  000  001  000  000  000  000 

Celda61

 004  000  000  000  000  000  000  000  000  000  000  000  000  000  004  003 
 009  000  000  000  000  000  000  000  000  002  000  000  000  000  002  000 
 009  000  000  000  002  002  000  000  000  002  006  000  000  002  000  000 
 002  000  002  006  000  000  000  002  000  000  006  002  002  006  000  000 
 002  000  000  000  000  000  000  000  006  008  000  000  002  006  000  000 
 000  000  000  000  000  000  000  000  000  002  001  000  000  002  000  000 
 000  000  000  000  000  000  002  000  000  000  000  000  000  000  000  000 
 000  000  000  000  000  000  003  000  000  000  000  000  000  000  000  000 
 000  000  000  000  000  000  004  000  000  000  000  000  000  000  000  000 
 000  000  000  000  000  000  002  000  000  000  000  000  000  000  000  000 
 000  000  000  000  000  002  000  000  000  000  000  000  000  000  000  000 
 000  000  000  000  000  002  000  000  000  000  000  000  000  000  002  000 
 000  000  000  000  004  002  000  000  000  000  000  000  000  000  006  004 
 050  053  052  052  059  053  051  052  056  060  062  062  062  066  076  074 
 120  126  128  128  132  126  128  128  128  128  128  128  128  130  137  134 
 001  000  000  000  002  000  000  000  003  000  000  000  000  001  008  006 

Celda62

 000  000  000  000  000  000  003  007  003  000  004  004  000  000  000  000 
 000  000  000  000  000  000  006  008  001  000  000  000  000  000  000  000 
 000  000  000  000  002  002  003  006  002  000  000  000  000  000  006  008 
 000  000  000  002  000  000  000  001  000  000  000  000  000  000  007  014 
 000  000  005  006  000  000  001  000  000  000  000  000  000  000  002  011 
 000  000  004  006  000  000  002  000  000  000  000  000  000  000  000  006 
 003  002  006  004  000  000  000  004  000  000  000  000  000  000  000  004 
 005  010  008  000  000  000  000  008  006  000  000  000  000  000  000  007 
 000  012  012  000  000  000  000  008  008  000  000  000  000  000  002  008 
 000  008  010  000  000  000  000  007  008  002  000  000  000  000  004  009 
 000  000  003  000  000  000  000  006  009  008  006  000  000  000  000  007 
 000  000  000  000  000  000  000  002  008  010  010  004  000  000  000  003 
 000  000  000  000  000  000  000  000  004  008  010  007  000  000  000  000 
 069  068  068  069  070  070  070  070  068  065  063  059  054  058  063  062 
 128  128  128  128  128  128  128  128  128  128  128  132  128  128  128  128 
 000  000  000  000  000  000  000  000  000  000  000  003  000  000  000  000 

Celda63

 004  010  013  004  000  000  000  000  000  000  002  006  004  062  125  000 
 001  002  011  005  000  000  004  003  000  000  002  006  005  065  126  000 
 004  000  001  002  000  000  006  010  000  000  000  004  012  074  129  004 
 000  000  000  000  000  000  004  012  004  000  000  002  018  082  128  000 
 003  000  000  000  000  000  000  010  006  000  000  008  016  078  128  000 
 004  002  003  000  000  000  000  004  002  000  000  016  013  069  128  000 
 003  004  010  006  004  004  000  000  000  000  002  020  012  066  128  000 
 006  004  008  010  000  000  000  000  000  000  008  021  013  070  128  002 
 007  003  001  006  000  000  000  000  000  000  013  020  012  074  128  000 
 008  000  000  000  000  000  000  000  000  000  010  016  006  074  128  000 
 007  002  000  000  000  000  000  000  000  000  002  006  000  073  128  000 
 006  004  000  000  000  000  000  000  000  000  000  000  000  074  128  000 
 005  007  000  000  000  000  000  000  000  000  000  000  000  084  128  000 
 062  062  051  045  042  040  037  030  023  020  022  026  033  139  169  038 
 128  130  128  128  128  128  128  128  128  128  128  128  128  218  255  128 
 000  000  000  000  000  000  000  000  000  000  000  000  000  079  128  000 

