Celda0

 000  000  000  000  000  000  000  002  006  004  000  000  000  002  001  001 
 000  000  000  000  000  000  000  006  014  008  000  000  001  004  002  002 
 000  000  000  000  000  000  001  014  028  015  000  000  004  010  005  004 
 000  000  000  000  000  000  004  018  032  014  000  000  009  016  008  005 
 000  000  003  008  013  016  021  027  024  008  000  000  011  022  012  009 
 000  000  000  002  010  018  016  008  012  006  000  000  009  022  018  012 
 000  000  000  000  007  013  010  000  008  012  007  010  009  021  018  014 
 000  000  000  000  010  007  004  002  011  027  010  007  003  025  023  013 
 000  000  000  000  015  014  004  010  014  021  000  000  000  026  021  007 
 000  000  000  000  019  024  011  016  008  010  000  000  002  029  020  002 
 000  000  000  000  020  034  024  015  010  000  000  002  002  026  020  002 
 000  000  002  000  016  040  036  006  008  004  012  009  004  020  020  004 
 003  006  012  012  010  038  044  003  006  004  010  002  004  020  022  002 
 003  008  014  012  002  032  048  010  008  005  003  000  002  025  022  000 
 001  002  004  002  000  028  049  022  004  006  000  000  006  027  018  002 
 000  000  000  000  000  024  046  028  000  000  000  004  017  024  009  002 

Celda1

 000  000  001  000  000  001  001  000  000  000  000  001  001  000  000  000 
 000  000  002  000  000  002  004  002  000  000  000  003  003  000  000  000 
 000  000  000  000  000  005  010  004  000  000  000  006  008  002  000  000 
 002  000  000  000  000  010  016  004  000  000  000  005  012  008  000  001 
 007  004  001  000  002  014  015  000  000  000  000  006  016  014  001  000 
 009  007  007  004  003  014  010  000  000  000  000  010  020  015  000  000 
 012  005  010  012  009  011  005  000  000  000  000  012  020  011  000  000 
 012  005  005  010  010  005  002  000  000  000  000  008  014  010  000  000 
 007  009  000  002  000  000  000  000  000  000  000  002  006  012  011  002 
 004  010  002  000  000  000  002  005  000  000  000  000  000  015  020  004 
 003  006  001  000  000  000  004  012  005  000  000  000  002  017  024  007 
 000  000  000  000  000  000  012  021  009  000  000  001  011  022  021  006 
 000  000  000  000  000  004  016  016  002  000  002  013  026  023  011  008 
 000  000  003  000  002  002  006  009  004  002  013  030  029  010  000  012 
 000  000  004  000  000  002  000  008  010  011  019  025  007  000  000  018 
 002  000  002  002  002  006  010  013  013  008  011  012  000  000  004  027 

Celda2

 001  000  000  000  001  001  000  000  000  000  000  000  000  001  000  000 
 002  000  000  000  002  002  000  000  001  001  000  000  000  002  000  000 
 004  000  000  002  006  000  000  000  004  004  000  000  001  000  000  000 
 004  000  000  010  010  000  000  000  008  006  000  000  002  000  000  000 
 002  000  000  017  014  002  002  001  009  006  002  010  021  020  020  018 
 000  000  004  018  012  000  000  000  006  004  000  008  022  018  022  018 
 000  000  006  014  010  000  000  000  005  000  002  014  022  013  009  004 
 002  005  006  006  006  001  003  012  015  011  012  023  023  004  000  000 
 001  004  002  002  005  008  012  015  014  014  017  025  020  000  000  000 
 000  001  006  008  011  010  010  006  004  006  013  019  010  000  000  009 
 003  004  022  028  018  006  004  008  007  006  011  014  003  000  000  008 
 002  015  032  029  014  012  010  014  009  006  013  011  002  000  000  000 
 011  024  027  017  006  010  017  017  008  005  014  010  000  000  000  000 
 023  019  009  006  006  010  013  006  002  005  011  004  000  000  000  008 
 023  008  000  006  010  010  004  000  000  006  004  000  000  000  007  018 
 026  013  009  015  013  005  000  000  000  002  000  000  001  005  015  015 

Celda3

 000  003  006  002  000  000  000  000  000  001  002  001  000  000  001  001 
 000  006  014  006  001  000  000  000  000  004  006  002  000  000  002  004 
 000  006  024  016  006  002  000  000  000  014  012  003  000  000  004  010 
 000  000  020  021  014  006  000  000  000  022  016  001  000  004  010  016 
 022  025  020  010  012  006  000  000  003  019  010  000  003  014  017  018 
 014  022  031  024  002  000  000  000  016  019  000  000  007  020  018  014 
 000  016  028  028  016  000  000  009  022  008  002  005  016  017  012  012 
 000  023  026  008  014  006  000  010  025  013  002  011  021  011  005  011 
 000  018  033  004  014  025  025  017  012  010  015  020  019  010  016  024 
 014  005  031  024  016  030  037  036  018  000  020  033  019  006  014  019 
 012  006  028  037  006  012  022  032  028  011  010  036  030  008  004  009 
 000  000  026  038  000  000  012  024  033  034  021  022  031  017  005  006 
 000  002  030  028  000  000  021  021  030  048  053  036  018  015  009  008 
 016  022  036  015  000  009  024  017  018  038  053  051  032  004  004  010 
 026  024  014  000  000  019  026  017  020  018  024  028  032  025  006  000 
 010  004  000  000  007  024  025  018  018  004  000  000  010  026  026  004 

Celda4

 000  000  001  001  000  000  000  001  000  000  000  000  000  004  002  000 
 002  000  001  002  000  000  000  002  001  000  000  000  001  009  005  000 
 008  001  000  002  000  000  000  002  002  000  000  000  005  016  010  000 
 015  004  000  000  000  000  000  000  000  000  000  000  012  016  008  000 
 016  004  000  000  000  000  000  000  000  000  000  019  033  027  015  010 
 012  002  000  000  000  000  000  000  000  000  005  018  021  012  004  002 
 010  000  000  000  000  000  000  002  005  004  004  010  016  012  006  006 
 008  000  000  000  000  000  002  002  007  002  000  004  012  009  006  008 
 009  000  000  001  006  008  006  000  006  003  000  009  020  012  006  007 
 008  008  007  012  012  010  006  000  002  006  005  016  021  014  014  015 
 001  007  012  007  000  000  001  002  000  009  010  011  012  010  009  005 
 010  010  008  000  000  002  000  004  004  009  010  006  006  012  011  001 
 016  016  000  000  000  010  006  002  006  007  008  001  000  010  012  005 
 018  017  000  000  000  013  012  001  005  006  006  000  000  008  013  012 
 013  019  004  000  000  013  014  002  000  001  002  002  009  021  024  024 
 000  018  017  000  002  014  013  000  000  002  003  005  012  018  016  015 

Celda5

 000  000  000  000  001  001  000  000  000  000  000  000  000  001  002  002 
 000  000  000  000  004  002  000  000  001  000  000  000  000  002  004  004 
 000  000  000  000  008  002  000  000  004  002  000  000  000  001  003  004 
 000  000  000  000  010  000  000  000  006  004  000  000  002  000  000  000 
 012  014  014  014  011  001  002  013  024  017  012  012  018  017  018  018 
 004  008  010  010  008  004  006  020  020  010  008  008  014  013  012  014 
 002  000  002  004  006  010  017  021  013  007  010  012  016  011  006  006 
 004  000  000  000  005  018  020  012  004  004  010  016  014  008  007  007 
 003  000  000  002  016  023  011  006  000  004  010  012  008  006  009  008 
 006  004  007  018  021  017  004  004  002  006  018  015  006  000  000  000 
 002  006  017  020  013  009  003  006  008  018  037  023  008  000  000  000 
 000  004  009  006  004  006  003  005  010  027  041  013  005  000  000  000 
 004  008  007  003  002  006  004  000  000  018  021  000  000  000  000  008 
 018  017  006  000  000  000  002  002  006  016  013  000  000  000  000  025 
 024  012  002  000  000  000  000  004  012  016  006  000  000  000  003  035 
 010  000  000  000  002  005  004  007  021  022  002  000  000  000  020  041 

Celda6

 001  000  000  000  000  000  001  002  000  000  000  000  000  000  002  000 
 002  000  000  001  001  000  002  006  001  000  000  000  000  000  006  000 
 001  000  000  004  004  002  006  012  004  000  000  000  000  001  014  000 
 000  000  000  005  008  008  010  014  006  000  000  000  000  007  020  001 
 012  004  000  000  011  017  017  014  007  001  003  006  011  031  040  021 
 014  012  004  000  018  032  030  022  013  006  006  010  018  039  038  020 
 004  002  006  018  055  060  045  028  013  006  003  004  011  032  027  010 
 002  000  008  047  072  060  039  022  012  003  000  000  002  021  012  000 
 002  002  022  059  055  031  011  004  000  000  000  004  018  025  006  000 
 000  008  040  050  026  006  000  000  000  000  000  011  041  031  014  004 
 000  015  042  032  008  001  000  000  000  000  000  022  043  020  014  012 
 005  027  029  011  002  000  000  000  000  000  001  026  028  000  002  004 
 028  029  012  002  000  000  000  000  000  000  008  026  023  000  000  000 
 037  020  000  000  000  000  000  000  000  000  012  022  015  000  000  000 
 033  014  006  005  002  000  000  000  000  000  012  016  008  001  000  003 
 027  014  011  016  017  014  012  012  014  013  009  005  003  003  008  010 

Celda7

 000  000  000  000  000  000  002  005  005  002  000  000  001  007  009  000 
 000  000  000  000  000  000  005  010  010  004  000  000  004  018  022  000 
 000  000  000  000  000  000  011  014  014  008  000  000  009  037  049  000 
 000  000  000  000  000  003  016  007  004  007  000  000  011  046  066  000 
 022  024  022  017  014  026  043  021  012  009  008  008  011  044  070  000 
 016  013  006  000  000  019  028  006  008  018  016  008  012  060  088  017 
 006  001  000  000  000  023  018  000  000  008  000  000  012  064  084  013 
 000  000  000  000  000  029  013  000  000  002  000  000  024  067  072  000 
 000  000  000  000  009  024  008  000  000  000  000  000  030  066  072  000 
 002  002  004  010  012  013  008  000  002  000  002  009  033  054  070  000 
 010  012  018  020  014  004  009  014  012  012  014  020  019  040  070  000 
 006  012  019  019  012  010  035  042  028  026  022  014  000  033  074  000 
 000  006  012  010  008  025  059  053  034  035  031  015  000  042  094  017 
 004  007  003  001  008  046  067  046  030  031  024  011  006  064  106  021 
 011  009  000  000  015  060  057  029  018  018  010  004  009  078  102  015 
 007  003  000  000  030  058  037  010  002  003  004  010  022  086  094  013 

Celda8

 000  000  000  000  004  024  037  026  000  000  006  011  016  016  006  000 
 001  002  006  010  014  025  026  024  004  006  006  000  008  011  006  000 
 002  005  011  016  021  029  029  029  021  011  002  000  009  012  005  002 
 001  002  004  009  017  025  025  030  022  004  000  000  012  013  002  002 
 000  000  000  000  007  010  010  014  006  000  000  001  016  008  000  004 
 000  000  001  004  004  006  008  008  000  000  000  007  016  002  000  013 
 001  004  010  013  009  005  010  009  002  004  006  006  007  000  001  020 
 002  004  008  007  004  005  016  016  010  012  010  004  000  000  003  019 
 000  000  000  000  000  005  012  012  011  012  014  006  000  002  006  018 
 000  000  000  000  000  009  009  010  012  002  010  008  004  010  006  013 
 000  000  000  000  006  008  004  008  016  002  000  000  000  006  000  007 
 000  000  000  000  005  000  001  012  017  004  000  000  000  004  000  004 
 000  000  000  000  000  000  000  017  018  002  000  000  000  001  000  004 
 000  000  000  000  000  000  000  016  016  004  000  000  000  001  002  004 
 000  000  000  000  000  000  000  010  012  006  000  000  000  002  002  002 
 000  000  000  000  000  000  000  005  009  012  004  003  000  003  002  000 

Celda9

 003  004  000  005  010  009  007  006  003  002  010  010  000  006  027  037 
 001  006  004  007  010  004  000  000  000  000  010  012  012  024  034  032 
 000  000  001  007  009  004  006  011  014  015  024  020  016  021  022  017 
 004  000  000  009  010  007  020  029  026  026  026  014  007  014  018  012 
 008  002  008  018  017  017  030  031  018  018  014  010  006  008  016  016 
 019  018  025  031  026  020  023  019  005  001  000  003  008  008  011  018 
 027  028  033  034  022  011  006  012  002  000  000  003  007  008  007  012 
 026  027  027  022  008  004  000  010  004  000  002  010  010  006  004  005 
 024  020  013  007  000  000  000  008  010  003  004  006  008  004  006  008 
 022  018  010  006  000  000  000  006  014  006  000  002  012  006  002  006 
 018  013  008  006  000  000  000  004  010  006  000  004  014  008  000  002 
 014  010  004  004  003  000  000  003  007  006  003  008  012  006  002  003 
 010  007  000  001  007  006  002  003  004  004  006  008  006  006  008  007 
 006  002  000  002  009  010  005  002  002  004  008  006  002  008  016  012 
 002  000  000  004  008  008  006  004  002  004  008  004  004  014  019  010 
 000  000  003  006  004  002  004  008  007  008  011  010  012  021  020  009 

Celda10

 031  022  020  020  012  004  000  000  001  000  000  000  008  010  008  000 
 025  018  014  010  008  006  005  005  004  000  000  000  014  012  002  000 
 012  007  007  005  004  006  006  008  008  008  009  008  021  012  000  000 
 008  005  009  012  007  009  012  017  016  018  020  014  016  009  002  004 
 011  013  019  021  013  016  025  027  022  020  016  009  004  008  002  006 
 016  016  020  020  016  022  031  025  020  014  009  006  002  011  011  012 
 018  020  016  013  013  019  019  009  008  010  011  012  012  023  022  014 
 016  021  020  014  012  012  007  000  000  006  015  022  024  026  020  012 
 016  016  018  017  013  009  006  002  002  005  016  020  018  008  005  007 
 009  008  013  017  015  008  005  007  008  007  006  006  000  000  003  010 
 004  006  011  016  016  010  006  008  008  006  000  000  000  000  007  012 
 004  006  011  018  016  011  008  006  004  001  000  000  000  000  019  017 
 004  004  010  020  018  010  006  004  000  000  000  000  000  010  023  018 
 005  003  010  023  023  007  000  002  003  000  000  003  006  013  020  019 
 004  004  016  034  029  007  002  001  006  003  004  010  012  014  022  027 
 002  007  025  034  018  000  004  006  004  004  002  007  012  015  028  036 

Celda11

 000  000  000  000  014  024  019  014  014  000  000  000  000  008  022  026 
 000  000  008  008  004  020  022  020  014  000  000  000  000  000  008  028 
 000  011  022  021  003  008  026  026  016  000  000  000  000  000  000  009 
 006  025  020  016  006  000  028  029  014  000  000  000  000  000  000  000 
 011  026  006  000  002  004  027  027  010  000  000  002  000  000  000  000 
 017  020  000  000  002  007  020  021  007  000  001  004  000  000  000  000 
 016  009  000  000  006  010  013  012  006  004  009  007  000  000  002  008 
 012  006  000  000  005  008  009  012  009  010  013  003  002  008  016  018 
 008  006  002  000  000  002  003  016  021  014  006  002  000  005  010  010 
 006  006  007  002  000  000  001  018  023  011  004  000  002  007  008  004 
 008  000  004  006  007  003  000  024  027  002  003  000  006  011  004  002 
 006  000  000  010  022  028  020  029  031  000  002  004  008  006  000  000 
 008  002  003  010  022  028  033  033  035  007  008  010  006  000  000  000 
 009  008  007  006  008  007  017  018  020  007  010  010  004  000  000  000 
 011  010  006  002  000  008  000  000  004  007  000  000  000  000  000  000 
 012  005  000  000  000  008  000  000  000  010  002  000  000  004  004  000 

Celda12

 014  002  017  014  014  017  009  000  000  006  008  010  014  011  006  006 
 042  030  001  016  024  021  006  000  000  007  014  014  014  010  004  002 
 028  040  041  028  018  016  008  000  000  000  016  017  010  004  002  002 
 000  020  048  059  038  000  009  010  000  000  010  015  004  000  002  004 
 000  000  031  039  047  030  000  012  004  000  003  008  003  000  004  008 
 002  005  022  014  022  039  030  000  001  002  002  005  010  010  008  006 
 013  006  010  017  000  006  023  021  006  000  000  008  022  022  008  004 
 016  006  000  004  004  000  000  012  026  022  006  004  026  030  018  016 
 004  000  000  000  002  000  000  000  012  028  034  026  018  026  030  024 
 000  000  000  000  000  000  000  000  012  018  030  037  030  015  025  034 
 000  000  004  012  017  015  013  014  030  019  021  026  034  034  017  023 
 000  000  003  009  012  012  012  022  039  023  018  014  021  038  046  033 
 000  000  000  002  000  000  006  023  033  014  011  007  018  028  036  050 
 000  000  000  004  000  000  002  018  018  000  005  010  016  014  010  013 
 000  000  004  008  004  006  006  010  010  002  006  016  012  000  008  011 
 000  004  008  012  010  012  008  000  005  008  006  006  008  004  000  002 

Celda13

 002  000  000  006  009  012  014  016  027  019  000  000  000  000  035  044 
 000  000  004  014  015  006  010  008  016  010  000  000  000  003  049  043 
 001  003  008  016  020  010  000  000  008  008  000  000  000  026  056  037 
 006  010  010  014  020  016  002  000  002  004  000  000  002  047  054  023 
 008  012  012  012  018  016  004  000  000  000  000  000  020  056  039  006 
 008  013  014  013  014  011  000  000  000  000  000  004  044  048  017  000 
 012  019  019  018  014  003  000  000  000  000  000  032  050  028  006  000 
 024  022  017  014  007  000  000  002  002  006  018  038  031  014  008  002 
 025  020  013  006  004  002  001  006  008  010  016  021  016  010  008  002 
 026  014  010  003  000  006  008  003  007  006  006  014  014  008  002  000 
 032  027  008  000  000  007  014  011  009  006  003  016  017  004  000  000 
 026  026  012  000  000  014  026  019  010  009  008  020  014  000  000  000 
 042  010  000  000  010  028  026  012  002  004  011  022  012  004  006  009 
 022  017  000  000  015  035  033  010  000  000  008  014  006  008  014  012 
 000  000  006  014  020  022  028  014  000  002  013  010  004  008  011  006 
 000  000  000  023  024  008  008  010  006  015  022  010  006  010  006  000 

Celda14

 021  010  006  005  012  016  017  018  020  018  012  004  000  003  012  015 
 014  005  004  002  002  012  018  018  014  014  016  016  014  009  013  010 
 006  000  002  008  017  018  017  013  007  008  014  022  024  024  019  005 
 001  000  007  020  030  021  008  002  000  007  015  014  020  022  013  000 
 000  002  015  022  023  009  000  000  000  013  013  005  008  005  000  000 
 000  006  017  014  010  006  000  000  002  020  009  000  000  000  000  000 
 002  011  017  007  004  003  000  000  006  020  002  000  000  000  000  011 
 000  006  012  007  005  005  004  006  011  017  004  000  000  000  001  042 
 000  002  012  014  011  004  003  008  013  016  006  000  000  000  025  051 
 000  000  011  020  019  008  002  007  011  009  000  000  000  008  049  046 
 000  000  009  022  024  014  002  008  006  000  000  000  000  039  063  038 
 004  006  018  027  022  014  005  004  004  000  000  000  013  061  058  026 
 008  013  025  026  015  010  008  004  000  000  000  000  051  063  035  010 
 008  013  020  014  003  003  008  006  000  000  000  024  061  041  011  006 
 001  005  012  007  000  000  003  000  000  000  000  039  044  016  004  007 
 000  000  010  008  000  000  000  000  000  000  020  047  033  011  005  009 

Celda15

 008  000  000  000  030  038  018  000  000  000  000  016  039  084  085  014 
 002  000  000  001  022  028  016  000  000  000  000  008  036  069  069  008 
 000  000  000  008  008  017  016  005  000  000  000  004  021  046  052  000 
 000  004  022  017  011  007  013  010  002  000  006  006  010  040  054  000 
 000  026  033  022  023  024  023  019  014  011  012  012  008  032  054  000 
 022  045  038  027  026  030  030  028  027  022  019  018  017  037  055  002 
 050  054  040  029  024  021  022  026  029  022  022  023  023  036  054  008 
 060  051  037  024  018  012  012  017  016  012  014  018  016  020  043  004 
 045  032  023  012  012  010  006  003  000  000  001  000  000  006  038  000 
 021  018  017  002  004  006  003  000  000  001  000  000  000  010  040  000 
 009  010  018  007  000  002  005  005  003  003  000  000  002  025  055  013 
 013  010  013  008  001  000  006  011  014  013  011  012  016  040  058  015 
 008  012  016  010  001  002  001  002  006  008  009  013  018  036  045  007 
 003  008  013  007  001  000  000  000  002  001  000  009  013  021  029  000 
 006  003  003  000  000  000  000  003  003  000  003  009  005  009  022  000 
 007  000  000  000  000  000  005  014  009  002  001  013  008  009  022  001 

Celda16

 000  000  000  000  000  000  000  004  010  018  010  000  000  003  004  000 
 000  000  000  000  000  003  006  006  010  018  008  000  000  002  006  000 
 000  000  000  000  000  006  012  011  010  010  002  000  000  000  005  000 
 001  002  006  009  009  010  016  013  008  005  000  000  000  000  002  004 
 002  004  010  016  015  009  011  012  006  004  001  005  006  005  004  007 
 001  004  010  014  014  009  003  009  006  006  004  000  002  006  013  012 
 000  001  004  008  012  012  006  002  004  006  007  000  000  002  015  012 
 000  000  000  002  008  012  011  002  000  004  012  004  000  000  012  014 
 000  000  000  000  002  009  012  010  002  002  018  008  000  000  013  016 
 000  000  000  000  004  004  012  016  016  012  020  006  000  000  012  022 
 000  000  000  000  008  004  010  016  023  024  014  000  000  000  010  022 
 000  000  000  000  010  008  000  006  014  020  014  000  000  000  007  018 
 000  000  000  000  008  009  004  001  002  005  008  006  003  000  006  016 
 000  002  005  006  000  004  006  008  008  000  002  009  012  008  011  025 
 003  006  012  014  010  005  010  016  013  000  000  005  012  016  018  032 
 002  003  003  002  004  010  017  018  009  000  000  003  010  018  019  029 

Celda17

 000  000  005  006  002  000  002  014  015  014  016  017  017  020  018  010 
 000  001  008  008  002  000  003  018  021  015  013  015  018  022  021  009 
 000  002  008  008  006  003  016  030  028  019  016  017  022  027  022  009 
 002  003  002  005  013  016  029  036  030  023  020  015  016  020  012  007 
 005  002  000  003  018  030  035  033  026  019  011  002  007  017  010  000 
 006  005  005  012  026  038  037  025  013  004  000  000  001  009  012  007 
 013  016  018  018  024  032  027  014  004  001  000  000  000  002  010  014 
 017  024  021  013  009  019  022  012  000  000  000  002  004  002  008  014 
 018  017  009  000  000  008  018  016  004  000  001  004  007  009  010  013 
 016  004  000  000  000  003  014  018  011  002  000  002  008  014  014  010 
 020  003  000  000  000  002  012  018  016  008  000  000  008  013  012  010 
 018  002  000  000  000  005  010  014  013  009  002  000  008  010  010  010 
 012  000  000  002  007  011  012  009  006  005  002  002  010  013  011  010 
 014  004  002  014  015  012  008  005  002  000  000  004  017  018  011  008 
 020  014  013  021  017  008  006  004  004  002  000  003  021  020  009  006 
 017  009  010  019  021  014  012  008  004  006  010  012  022  018  008  004 

Celda18

 005  009  020  025  012  004  003  002  000  004  010  012  012  014  026  030 
 000  003  014  018  013  012  010  000  000  006  017  015  012  012  016  016 
 002  000  008  013  017  020  014  000  000  014  022  013  007  004  006  013 
 008  008  007  009  018  026  016  004  007  018  017  007  004  002  008  017 
 001  010  012  019  026  027  017  008  008  009  008  008  005  003  011  020 
 006  004  008  019  024  016  014  010  000  000  006  013  008  001  008  017 
 012  010  009  012  012  002  005  010  000  000  012  016  010  002  003  012 
 012  010  015  016  006  000  000  005  002  006  017  014  008  005  001  008 
 010  010  017  013  000  000  000  000  006  016  020  012  007  007  002  009 
 010  013  016  008  000  000  000  000  008  023  023  012  008  008  008  012 
 009  014  014  008  000  000  000  000  008  022  022  012  009  014  016  010 
 006  007  010  009  002  000  000  004  020  025  020  010  006  016  024  007 
 005  000  002  008  006  000  000  012  022  027  028  024  012  011  024  006 
 006  000  000  006  006  000  000  016  028  023  017  014  009  008  012  005 
 007  002  000  004  006  000  003  013  022  019  016  020  014  000  000  000 
 006  006  004  004  005  004  006  013  012  007  007  018  024  014  002  000 

Celda19

 006  000  000  000  000  006  001  001  000  008  006  000  002  008  012  012 
 000  000  000  000  000  007  010  005  002  007  009  003  000  004  010  014 
 000  000  000  000  000  011  008  000  000  012  017  006  000  000  003  008 
 003  000  000  000  003  010  005  000  000  021  018  002  000  000  004  009 
 002  002  003  004  003  006  007  008  016  029  013  000  001  006  011  013 
 000  005  013  010  004  001  008  001  013  020  009  006  008  012  013  010 
 000  008  018  015  007  000  004  010  004  005  009  010  011  009  006  002 
 013  012  018  012  006  000  000  014  016  010  011  004  006  005  001  000 
 022  007  010  006  002  005  006  018  032  027  015  004  004  002  000  000 
 018  006  000  000  000  008  017  026  043  034  018  015  011  002  000  000 
 004  000  000  000  000  006  014  016  034  030  015  015  012  004  000  000 
 000  000  000  000  000  007  005  006  023  026  006  001  001  001  001  002 
 000  000  000  000  006  012  001  000  014  022  007  000  000  000  000  001 
 000  000  000  010  010  013  004  000  006  014  004  000  000  000  000  000 
 000  000  000  014  012  008  006  000  000  004  002  000  000  000  000  000 
 000  000  000  014  012  006  010  006  000  000  000  003  006  000  000  000 

Celda20

 007  006  011  013  013  009  006  000  000  008  014  006  000  007  014  012 
 013  013  017  016  014  004  002  001  000  003  010  011  007  006  010  014 
 014  020  020  014  011  002  007  015  019  014  001  010  016  012  003  000 
 016  025  018  010  007  009  013  021  025  023  014  006  014  010  000  000 
 017  020  012  008  007  018  012  012  010  012  015  011  009  002  000  000 
 006  004  000  000  007  019  004  000  000  000  008  012  008  005  006  013 
 000  000  000  000  010  014  000  000  001  002  002  004  006  008  010  021 
 000  000  000  000  015  014  000  007  012  010  005  003  006  011  015  024 
 000  000  000  003  014  012  006  005  011  010  008  008  014  024  029  036 
 000  000  000  008  011  008  008  006  000  004  008  010  026  042  045  047 
 000  000  005  008  006  003  002  004  005  000  004  010  037  051  048  045 
 003  000  005  011  008  000  000  000  011  008  001  012  035  037  029  025 
 003  000  000  012  012  000  000  000  014  014  004  011  018  021  020  017 
 000  000  000  010  012  000  000  000  013  016  010  008  008  014  022  022 
 000  000  000  010  014  001  000  000  010  015  012  004  002  012  026  026 
 000  000  000  007  016  004  000  000  006  012  011  004  003  015  026  024 

Celda21

 005  000  004  018  006  004  000  000  008  022  028  017  010  009  004  000 
 014  013  013  013  000  000  006  010  004  012  022  023  019  010  005  000 
 000  005  012  009  004  005  012  016  014  006  004  016  018  012  012  008 
 000  003  005  002  002  004  006  008  010  014  014  004  000  006  018  018 
 002  009  007  002  002  001  002  006  012  016  017  012  001  000  016  019 
 021  021  018  013  011  008  011  020  021  018  012  008  009  015  020  004 
 024  024  025  020  020  020  030  038  030  025  017  013  017  024  026  020 
 027  028  025  018  021  028  043  043  030  029  028  028  029  030  028  030 
 040  036  023  016  016  029  038  030  020  026  039  044  040  034  030  031 
 048  035  023  017  014  021  021  012  010  023  035  044  038  031  029  028 
 039  023  016  014  014  013  010  006  008  020  018  016  020  020  022  022 
 014  007  006  007  008  006  007  010  008  009  006  000  000  007  012  016 
 004  000  001  004  002  002  010  011  002  001  000  000  000  001  007  008 
 008  000  000  004  005  010  013  003  000  000  000  000  000  006  009  002 
 010  000  000  005  012  017  008  000  000  002  000  001  002  011  008  000 
 011  003  002  003  011  009  004  001  000  002  000  000  000  010  004  001 

Celda22

 000  000  007  011  000  000  000  000  000  012  048  049  027  009  004  010 
 000  000  004  012  001  000  000  000  000  032  050  030  007  000  001  009 
 000  000  006  010  002  000  000  000  004  041  038  018  004  000  000  008 
 010  006  008  011  005  000  001  004  021  037  021  008  007  006  002  006 
 016  014  012  016  011  000  002  009  024  024  004  000  010  018  010  003 
 007  014  018  021  015  000  000  006  018  014  000  000  004  022  018  007 
 011  006  016  017  014  006  000  000  007  008  002  002  000  016  022  014 
 036  036  022  000  005  010  009  005  008  010  000  003  006  006  016  014 
 034  037  036  026  007  000  008  011  012  012  006  000  006  010  013  010 
 024  022  024  026  021  007  000  010  014  012  011  008  002  010  015  017 
 020  015  010  010  014  016  014  014  008  006  008  014  014  010  008  012 
 019  014  005  003  010  018  022  017  010  006  002  006  012  012  014  016 
 010  008  006  008  014  020  022  017  014  018  019  013  000  005  014  020 
 000  000  009  016  018  020  022  024  026  029  024  024  018  008  004  010 
 000  006  017  022  022  022  022  024  029  033  028  026  030  035  030  015 
 009  020  023  021  022  024  022  022  031  032  030  030  035  039  040  038 

Celda23

 006  000  000  000  000  002  017  019  007  006  007  021  018  016  026  007 
 006  000  000  002  002  007  020  015  006  009  015  023  020  020  029  012 
 008  000  000  005  006  012  017  012  008  014  013  013  016  024  031  014 
 008  004  004  006  010  016  017  015  017  017  014  012  022  029  027  009 
 008  012  009  009  016  019  016  016  021  018  014  014  020  021  016  000 
 010  015  010  008  012  012  010  014  022  016  006  004  004  014  016  000 
 013  016  013  012  011  008  011  016  024  016  000  000  000  014  019  000 
 016  020  018  016  009  004  012  020  022  014  000  000  000  018  022  000 
 018  024  024  023  017  012  015  018  018  010  000  000  000  018  025  000 
 026  031  028  024  020  013  007  008  010  010  004  000  004  017  024  000 
 023  025  018  020  018  007  000  000  004  010  012  008  004  012  022  000 
 018  017  013  016  020  013  000  000  000  010  016  010  000  009  022  000 
 020  018  012  014  024  022  008  000  000  006  012  008  000  010  026  000 
 016  021  018  018  028  030  017  002  000  000  004  003  000  015  034  000 
 000  016  019  021  031  034  024  008  000  000  001  000  000  022  042  000 
 032  018  008  017  026  028  025  018  006  000  000  001  000  024  046  000 

Celda24

 000  000  000  000  000  010  011  007  004  000  006  013  018  023  023  020 
 000  000  000  000  009  016  012  010  010  009  013  024  030  028  025  018 
 001  003  008  010  018  023  022  022  021  014  017  027  024  018  017  016 
 003  008  020  027  030  034  034  027  022  018  024  030  016  012  012  016 
 003  008  020  030  036  039  034  018  014  018  027  029  018  020  020  020 
 000  000  000  004  015  015  008  000  000  002  010  016  018  021  022  018 
 000  000  000  000  010  003  000  000  000  001  007  015  016  010  010  009 
 000  000  000  000  010  004  000  000  000  005  010  015  019  008  000  001 
 000  001  004  005  003  002  002  001  002  017  023  018  016  008  000  002 
 000  001  004  004  002  000  003  008  020  030  022  012  014  008  002  007 
 001  002  002  002  002  006  011  020  032  028  008  004  015  014  010  010 
 001  001  000  000  005  013  017  024  031  016  003  005  024  021  010  007 
 000  000  000  000  006  010  011  017  017  003  000  006  024  015  002  002 
 000  000  000  000  006  010  011  013  008  000  000  011  026  013  000  000 
 000  000  000  000  004  010  016  016  004  000  000  012  024  015  000  000 
 000  000  000  000  006  010  017  016  004  000  000  006  017  016  008  004 

Celda25

 008  000  002  014  022  017  014  010  004  004  012  017  023  020  012  004 
 006  000  000  012  020  011  005  005  002  003  007  011  016  018  013  004 
 012  001  000  014  026  013  000  000  000  002  007  006  007  010  006  000 
 018  014  006  010  026  014  000  000  000  004  012  010  008  011  005  002 
 022  026  022  005  014  014  003  000  000  006  018  017  015  018  011  009 
 018  022  024  008  000  010  016  006  000  007  018  016  009  009  007  008 
 008  011  015  014  003  001  026  024  013  010  014  014  007  006  006  000 
 003  004  005  012  016  010  030  037  020  010  013  011  004  004  005  001 
 007  008  009  014  019  014  025  036  020  009  012  011  007  006  003  000 
 012  015  021  030  036  028  018  036  028  016  014  014  016  016  014  012 
 008  010  018  031  042  040  021  035  038  025  019  018  019  015  014  014 
 004  005  009  017  028  037  030  032  050  038  022  014  012  010  010  008 
 003  006  007  012  016  032  042  038  065  049  020  014  008  007  007  006 
 000  002  004  008  006  020  038  043  057  043  017  021  018  010  004  002 
 001  000  000  003  000  000  008  012  014  022  009  018  022  012  004  001 
 002  000  000  004  001  000  000  000  000  021  024  006  002  006  008  006 

Celda26

 002  008  010  006  002  004  006  010  009  003  000  008  018  024  020  009 
 000  008  012  004  000  002  006  010  011  009  009  008  004  017  029  025 
 000  006  010  005  006  009  010  008  012  013  009  010  010  009  020  026 
 000  005  006  004  012  014  005  003  011  014  008  006  011  014  015  009 
 010  012  010  003  010  016  007  002  008  012  012  010  011  012  012  007 
 012  015  014  008  006  016  011  006  007  013  018  021  019  011  007  006 
 000  007  007  007  005  016  014  008  013  026  032  030  023  012  009  006 
 000  006  004  000  002  010  014  009  011  020  018  010  010  004  004  005 
 000  004  007  002  000  004  014  011  010  014  011  005  010  010  000  000 
 008  002  007  007  003  005  012  010  006  006  004  003  009  010  004  006 
 012  008  008  013  009  009  015  010  000  000  000  006  010  008  004  008 
 008  006  006  013  008  008  013  003  000  000  002  010  014  012  005  003 
 002  000  000  010  007  007  006  000  000  000  005  013  016  012  002  000 
 000  000  000  008  008  010  006  000  000  000  006  012  012  010  006  002 
 002  005  006  003  005  008  007  000  000  000  008  010  005  005  009  006 
 006  012  015  012  004  002  005  000  000  001  010  007  000  003  010  008 

Celda27

 015  010  000  002  014  012  020  010  000  000  003  006  010  004  000  000 
 002  013  007  000  016  023  026  006  000  000  010  010  010  008  000  000 
 004  000  000  002  018  026  020  001  000  000  015  014  011  009  001  004 
 000  000  000  000  013  022  014  004  000  008  026  023  016  011  004  008 
 000  000  000  000  000  022  025  020  015  027  034  025  015  012  011  012 
 007  006  006  000  000  026  046  048  037  034  032  022  016  017  018  016 
 008  014  019  025  027  046  074  062  037  026  021  016  014  014  015  010 
 011  020  028  033  036  038  062  058  031  011  007  010  006  004  007  003 
 004  020  033  037  034  022  042  054  029  008  002  008  008  007  006  002 
 012  004  018  026  029  024  027  052  033  008  010  004  007  008  004  001 
 019  014  000  002  010  016  015  038  039  008  006  006  004  004  000  001 
 016  016  000  000  000  007  012  019  030  018  002  000  006  003  000  000 
 009  012  002  000  008  013  011  000  012  019  018  011  002  002  006  009 
 004  006  005  002  010  016  010  000  000  011  023  024  012  002  004  001 
 003  002  005  010  007  002  002  000  000  000  014  032  027  010  005  003 
 004  002  002  008  010  000  000  000  000  000  000  029  040  024  008  000 

Celda28

 000  000  000  004  014  008  000  000  004  011  014  015  016  018  021  022 
 000  000  004  011  013  008  002  004  005  013  024  027  019  012  014  022 
 005  005  013  015  015  017  012  012  013  018  026  024  011  002  008  021 
 010  008  012  015  014  014  012  015  019  017  017  016  006  000  009  018 
 013  012  014  018  012  006  010  021  020  014  003  008  006  006  014  014 
 018  018  019  019  007  000  006  016  007  003  000  000  006  010  017  014 
 014  017  017  014  006  000  004  016  008  000  001  003  009  013  019  021 
 004  008  010  011  009  004  000  012  010  000  006  010  012  017  024  027 
 000  000  002  005  009  011  010  015  009  004  005  009  013  021  024  022 
 000  000  004  006  000  006  007  004  002  006  008  007  014  021  016  011 
 000  000  003  010  002  000  000  000  000  010  015  013  017  021  011  000 
 000  000  004  010  004  000  000  000  003  016  026  022  020  018  005  000 
 008  007  011  010  000  000  000  006  011  023  029  020  013  005  000  000 
 006  014  021  015  010  006  007  012  016  021  018  010  006  000  000  000 
 002  008  012  009  010  008  004  009  013  011  004  005  004  000  000  003 
 002  006  006  000  000  000  000  006  013  008  000  000  001  002  002  000 

Celda29

 013  004  001  002  006  002  000  002  000  000  000  000  000  010  010  014 
 018  007  000  000  003  004  000  000  000  002  009  013  013  016  018  023 
 019  004  000  002  002  001  000  000  000  016  023  019  016  010  013  017 
 014  006  004  004  008  008  005  001  007  025  022  012  008  001  004  016 
 006  008  012  008  008  011  014  011  015  026  015  006  002  000  000  010 
 009  015  021  014  010  011  010  012  017  025  008  000  000  002  000  000 
 020  025  025  013  008  007  002  006  014  019  002  000  004  009  007  000 
 024  020  013  003  001  005  001  004  011  011  002  004  006  008  012  014 
 016  010  006  000  000  005  008  012  011  006  000  002  002  003  010  018 
 012  009  006  000  000  008  018  017  008  004  000  000  002  004  009  016 
 006  012  010  002  000  010  018  012  000  000  000  000  000  005  008  011 
 000  012  014  004  000  008  016  012  004  000  000  000  000  000  004  004 
 000  010  014  008  000  003  012  014  009  003  000  000  000  003  001  000 
 000  006  010  008  002  000  008  014  012  006  000  000  000  003  000  000 
 008  004  000  002  002  001  005  010  012  010  006  000  000  000  000  000 
 005  004  000  000  000  002  001  004  010  014  012  004  000  000  000  001 

Celda30

 027  029  024  020  017  016  018  021  032  027  027  032  035  032  031  036 
 030  024  018  016  012  011  014  020  030  025  024  026  026  024  026  030 
 020  012  005  002  002  008  015  017  022  016  010  006  004  008  014  017 
 019  007  000  000  000  000  002  000  004  003  000  000  000  000  000  000 
 018  006  000  000  001  006  000  000  000  000  000  000  000  005  004  000 
 012  003  000  000  009  009  000  000  005  008  009  012  014  024  026  022 
 002  002  000  003  015  017  016  024  032  034  038  040  039  045  040  025 
 012  012  016  021  022  022  028  033  035  034  033  032  029  032  021  012 
 024  032  036  031  025  026  029  024  018  015  015  019  022  024  018  014 
 022  032  031  024  020  017  018  014  008  004  002  011  018  023  022  022 
 012  012  006  002  004  000  007  011  009  008  006  001  004  011  012  014 
 000  000  000  002  000  000  002  011  012  010  007  003  004  009  002  000 
 000  000  000  004  000  000  002  012  014  008  006  006  010  012  000  000 
 000  000  000  002  000  000  004  010  010  007  008  013  016  013  000  000 
 000  000  002  006  004  004  011  007  004  012  020  022  019  012  003  014 
 000  002  012  010  008  014  025  018  016  026  030  023  017  014  013  021 

Celda31

 042  036  024  023  024  012  016  026  022  006  000  005  004  024  044  000 
 033  032  034  048  054  033  014  018  022  008  004  013  010  022  040  000 
 018  021  030  053  049  038  036  022  000  000  006  020  018  028  045  000 
 000  007  020  031  013  008  014  014  000  000  000  018  022  039  057  000 
 000  005  010  006  000  000  000  000  000  002  002  010  017  044  066  000 
 019  016  011  006  001  000  004  012  020  028  034  033  031  057  078  009 
 020  020  024  026  021  016  025  032  044  048  046  040  034  065  086  021 
 009  015  027  024  020  013  025  028  032  037  036  034  034  057  073  014 
 012  015  014  004  006  005  011  015  003  014  024  030  031  043  059  009 
 018  009  000  000  000  005  001  014  008  008  019  022  020  033  057  016 
 008  000  000  000  004  012  014  018  020  016  011  007  008  036  060  022 
 000  000  000  011  016  022  030  032  027  016  004  002  004  034  046  008 
 000  000  024  031  027  029  032  031  024  017  013  013  012  026  032  000 
 006  034  047  036  028  028  021  016  018  020  021  024  027  031  032  003 
 030  052  040  022  021  021  012  008  010  012  017  027  032  033  035  018 
 036  038  020  012  011  007  005  006  008  012  017  025  023  019  020  014 

Celda32

 000  000  000  000  008  010  014  016  006  000  000  000  004  012  018  012 
 000  000  000  000  008  008  013  014  005  002  006  002  000  006  020  016 
 000  000  000  000  006  010  014  010  001  003  011  006  002  007  013  011 
 001  001  000  000  005  014  014  004  000  005  012  008  003  004  005  004 
 002  003  003  000  002  016  017  002  000  004  010  008  007  006  000  001 
 001  002  004  003  000  015  020  006  000  000  003  006  008  005  000  002 
 000  000  000  003  004  012  018  008  000  000  000  002  008  004  000  004 
 000  000  000  000  004  010  014  009  000  000  000  000  007  005  001  008 
 000  000  000  000  001  003  012  011  002  000  000  000  007  007  006  014 
 001  002  004  004  004  002  012  016  003  002  003  006  014  014  014  017 
 002  004  008  008  006  006  020  020  000  000  000  010  016  010  006  010 
 001  002  004  004  004  011  024  012  000  000  000  010  005  000  000  007 
 000  000  002  002  003  015  019  000  000  000  004  010  000  000  000  006 
 000  000  002  004  004  013  009  000  000  000  006  008  000  000  000  007 
 000  000  000  000  002  008  006  000  000  000  004  004  000  000  004  006 
 000  000  000  000  002  004  003  000  000  002  000  003  000  002  004  005 

Celda33

 002  000  000  004  004  000  004  000  000  016  036  020  000  002  008  010 
 004  000  000  004  009  012  016  020  012  000  038  035  008  005  004  007 
 006  006  006  010  016  018  012  021  026  012  026  048  022  006  004  006 
 008  012  011  010  013  010  000  004  018  018  004  050  036  000  003  002 
 010  016  014  012  012  007  000  000  000  011  005  034  044  014  000  000 
 014  019  016  014  011  006  000  000  000  000  002  012  040  026  003  000 
 016  020  018  018  012  004  000  000  000  000  000  000  030  036  018  002 
 017  018  017  020  015  004  000  000  000  000  000  000  019  046  036  014 
 018  012  012  018  016  006  002  000  000  000  003  002  012  052  047  020 
 013  004  005  015  018  009  002  000  000  000  014  026  029  061  047  018 
 006  000  002  013  016  010  002  000  000  002  016  026  025  040  032  018 
 006  002  004  008  010  009  005  003  014  019  015  016  012  006  020  031 
 012  012  011  005  005  009  010  017  026  019  013  016  014  000  014  050 
 016  021  014  008  010  013  013  018  018  009  009  018  019  012  013  061 
 016  022  014  009  013  015  014  016  016  010  012  013  018  019  010  052 
 016  024  016  012  019  023  024  026  026  026  024  012  012  012  002  036 

Celda34

 012  016  020  020  016  010  006  002  001  005  009  003  000  003  010  009 
 012  016  016  018  019  018  013  008  005  008  008  000  000  002  004  006 
 010  012  010  010  013  014  010  004  003  010  007  001  000  000  000  000 
 002  003  004  004  004  006  004  003  006  015  006  000  000  000  000  000 
 002  004  000  000  000  000  001  008  017  015  006  003  002  000  000  000 
 002  008  000  000  000  000  000  012  023  014  008  009  011  008  001  000 
 009  018  012  011  000  000  003  025  023  014  010  008  007  004  001  000 
 017  027  019  012  002  000  019  035  017  009  006  002  000  000  004  005 
 015  023  010  004  001  006  039  037  008  004  003  000  000  000  007  012 
 016  024  004  001  006  018  050  032  008  004  004  003  001  001  005  011 
 022  030  005  002  012  033  043  018  008  009  009  007  006  004  006  006 
 041  039  004  000  007  029  019  000  000  002  007  008  010  010  010  007 
 066  038  004  000  004  016  000  000  000  000  000  006  009  010  010  008 
 075  032  008  001  010  010  000  000  002  003  000  000  002  004  005  004 
 076  032  014  016  018  006  000  000  004  006  000  000  000  000  002  000 
 080  049  008  023  023  014  010  010  006  004  000  000  000  000  004  000 

Celda35

 008  004  000  000  004  000  000  000  000  000  000  016  045  044  018  000 
 010  008  000  000  000  000  000  000  000  000  000  000  038  056  031  002 
 009  011  002  000  000  000  000  004  000  000  009  012  018  046  042  020 
 004  009  008  000  000  000  003  006  000  002  014  022  012  022  049  048 
 000  002  007  003  000  000  002  003  000  004  010  011  008  000  046  072 
 000  000  004  008  004  003  002  000  004  006  001  000  000  000  028  083 
 000  000  002  008  010  006  000  000  006  006  000  000  000  000  005  076 
 002  000  000  004  008  006  000  000  006  008  000  000  000  000  000  056 
 012  008  000  000  004  004  000  000  007  014  008  002  004  006  002  024 
 014  010  003  000  000  002  000  000  006  016  015  002  003  012  016  002 
 008  008  007  008  008  006  002  000  005  014  016  008  000  012  025  024 
 007  007  008  010  010  006  002  000  002  013  016  011  009  012  022  026 
 007  008  009  007  002  000  000  000  000  014  019  013  012  016  013  018 
 004  006  010  008  002  000  002  002  000  010  020  016  017  018  002  007 
 000  000  004  007  008  008  010  010  004  002  014  016  022  024  002  000 
 000  000  000  001  010  014  014  012  010  006  006  012  023  026  005  000 

Celda36

 000  002  004  000  000  000  000  000  014  012  004  002  004  006  007  004 
 000  011  009  006  004  004  000  000  004  010  008  010  014  014  011  007 
 021  026  017  014  016  022  026  022  010  000  002  008  020  024  019  010 
 044  029  014  010  012  016  023  028  028  025  016  004  012  024  023  013 
 050  022  014  012  010  008  012  020  026  028  026  022  017  022  018  010 
 072  022  005  009  005  000  000  008  016  020  022  027  030  038  038  026 
 090  041  000  003  002  000  000  002  005  010  013  020  026  035  038  031 
 096  064  014  000  000  000  000  010  004  004  003  003  009  020  027  023 
 084  083  038  002  000  000  001  014  007  000  000  000  008  016  021  015 
 052  088  066  020  000  008  010  014  005  000  000  000  008  018  019  010 
 012  069  084  046  008  006  012  010  003  003  011  016  013  014  016  010 
 012  034  078  069  034  010  008  009  008  012  018  020  017  014  013  009 
 016  002  053  078  063  026  004  005  008  011  009  008  008  008  016  022 
 014  014  024  068  082  044  004  000  000  000  000  000  000  000  012  026 
 007  012  001  040  080  064  021  000  000  000  000  000  000  000  015  024 
 000  001  000  008  061  082  048  008  000  000  000  000  000  000  012  022 

Celda37

 000  000  000  001  000  002  001  000  005  011  012  006  000  000  000  012 
 000  000  000  000  000  004  009  010  008  007  009  003  000  000  008  036 
 000  000  000  003  006  008  011  012  013  013  020  016  014  014  032  056 
 001  000  008  023  023  019  015  014  007  007  018  024  022  024  037  048 
 000  006  022  022  018  022  023  013  002  000  012  019  011  018  031  030 
 017  007  016  024  023  014  016  020  012  004  008  022  012  014  025  017 
 032  032  018  008  024  030  014  000  010  010  003  016  020  019  016  004 
 022  028  032  025  014  022  018  005  000  000  004  012  020  022  010  000 
 009  012  022  029  026  014  002  000  006  008  004  011  018  016  004  000 
 002  004  006  015  022  025  022  014  008  016  008  004  015  014  002  002 
 006  007  004  002  008  016  028  036  036  032  005  000  014  020  010  008 
 008  009  004  000  002  015  018  024  027  024  016  002  000  020  022  020 
 022  012  000  000  008  018  008  000  000  005  014  018  008  002  018  024 
 023  010  001  000  010  014  000  000  000  010  000  012  018  014  000  009 
 012  000  002  000  006  006  000  000  005  018  000  000  007  017  014  000 
 016  000  000  000  000  000  000  000  008  018  000  000  000  004  010  013 

Celda38

 024  027  016  003  004  021  031  028  028  028  026  020  015  015  017  019 
 056  042  027  014  018  026  026  026  024  023  020  019  014  014  015  012 
 060  030  020  020  021  019  013  015  013  012  010  012  011  011  008  006 
 035  008  000  008  008  005  008  014  009  000  000  004  008  006  002  003 
 018  006  000  000  000  000  010  020  010  000  000  002  007  004  000  004 
 006  006  000  000  000  004  020  021  005  001  005  006  003  000  000  005 
 000  004  002  000  000  012  021  008  001  000  008  012  008  000  000  002 
 000  004  004  000  007  018  009  000  002  012  012  006  003  001  001  000 
 001  005  008  009  018  014  000  000  007  022  014  000  000  000  000  005 
 004  004  008  012  012  000  000  000  010  024  014  000  000  000  000  003 
 012  004  000  010  016  002  000  000  008  019  012  000  000  000  000  004 
 016  000  002  002  013  004  000  000  005  016  012  004  000  000  000  002 
 025  013  002  010  015  000  000  000  004  014  010  006  002  000  000  000 
 018  022  023  023  009  000  000  000  002  007  006  008  010  000  000  000 
 000  011  028  040  026  000  004  009  003  000  000  009  016  005  000  000 
 008  000  011  036  042  024  001  007  008  004  000  002  012  006  000  002 

Celda39

 021  019  010  008  004  000  000  003  007  012  017  020  010  004  006  004 
 011  010  006  005  004  004  004  004  004  008  013  013  002  000  002  000 
 010  013  006  004  006  008  006  003  002  004  008  008  000  000  003  000 
 012  017  011  004  004  002  000  000  002  001  002  006  002  000  005  000 
 014  020  014  002  000  000  000  002  006  000  000  002  004  004  006  000 
 016  020  012  001  000  000  000  005  010  003  000  001  004  004  007  000 
 016  019  008  000  000  000  000  006  006  004  003  002  002  005  010  000 
 014  016  002  000  000  002  010  004  000  003  010  008  004  007  012  000 
 017  012  000  000  000  006  011  000  000  003  018  016  008  008  012  000 
 010  006  000  002  012  012  005  000  000  005  018  016  010  012  013  000 
 008  004  002  007  011  008  000  000  000  005  011  010  012  016  016  000 
 005  006  008  012  001  000  000  000  000  004  005  006  012  019  022  000 
 004  008  008  006  000  000  000  000  004  007  006  005  006  017  026  000 
 002  007  006  000  000  000  000  002  008  012  012  002  000  013  032  000 
 000  002  005  000  000  000  000  002  008  016  014  000  000  010  037  000 
 000  000  004  004  000  000  000  000  008  016  012  000  000  014  041  000 

Celda40

 001  001  000  000  005  006  002  000  005  009  008  003  000  000  001  006 
 001  002  004  002  006  008  003  004  010  012  008  002  000  000  000  006 
 000  000  000  000  004  008  006  000  004  006  004  004  004  004  002  004 
 000  000  000  000  002  010  014  007  000  000  003  005  004  004  006  005 
 000  000  000  000  003  014  023  014  000  000  001  002  000  000  002  002 
 000  000  000  000  010  016  024  018  000  000  000  000  000  000  000  000 
 000  000  000  000  022  020  015  014  002  000  000  000  000  000  003  005 
 000  000  002  004  023  014  006  006  004  000  000  000  000  000  000  008 
 000  001  004  005  023  016  006  000  002  000  000  000  000  000  000  004 
 001  002  004  006  024  018  005  002  000  000  000  002  002  001  000  000 
 000  000  000  000  021  014  000  000  000  004  001  002  002  004  006  006 
 000  000  000  000  022  010  000  000  000  006  000  000  000  003  010  012 
 000  000  000  000  024  009  000  000  000  007  001  000  002  000  008  013 
 000  000  000  000  020  008  000  000  000  006  005  004  006  005  002  010 
 001  002  002  000  014  006  000  000  002  008  010  011  008  002  002  009 
 001  002  002  000  008  005  000  003  008  008  007  007  002  000  004  012 

Celda41

 017  024  020  018  026  030  030  033  037  039  029  012  004  002  000  018 
 020  023  021  023  026  025  021  023  026  025  013  006  000  000  004  000 
 020  022  020  022  029  026  014  008  008  010  004  000  000  002  014  010 
 014  020  018  020  028  028  016  006  004  010  008  000  000  008  018  019 
 009  018  018  018  024  026  016  006  006  012  008  000  004  012  016  020 
 007  016  020  016  018  022  016  011  014  018  010  005  008  010  012  016 
 009  015  020  014  014  019  016  016  021  019  011  007  006  004  004  009 
 013  016  018  012  014  019  019  022  026  027  018  009  005  000  000  003 
 014  020  018  012  016  020  023  028  032  028  016  004  004  006  006  007 
 012  022  020  014  014  018  023  028  034  032  014  000  000  004  008  009 
 019  032  037  030  022  019  017  024  032  029  012  000  000  000  002  000 
 026  040  043  033  024  022  025  036  044  029  003  000  000  000  006  000 
 029  039  035  024  016  016  027  045  047  023  002  000  000  000  008  000 
 027  031  023  014  010  013  028  040  030  006  001  004  007  006  007  000 
 018  017  015  012  012  019  029  031  018  003  004  011  016  018  016  013 
 016  015  015  016  018  023  026  023  016  008  006  009  014  021  024  020 

Celda42

 078  064  004  011  022  020  016  014  006  000  000  000  000  004  006  000 
 060  067  026  006  001  006  010  010  007  002  000  000  000  011  009  004 
 030  060  044  022  005  000  000  006  009  010  008  008  015  019  010  006 
 000  046  054  028  008  005  000  000  000  005  011  018  025  014  005  003 
 011  024  054  032  011  014  004  000  000  001  009  016  017  009  003  002 
 016  000  042  035  022  024  007  000  000  007  010  008  004  002  002  002 
 014  008  024  038  037  035  010  000  000  009  007  000  000  000  001  001 
 008  006  004  038  050  038  003  000  000  012  014  000  000  000  002  004 
 009  006  000  026  054  044  004  000  000  016  022  006  000  000  000  005 
 011  010  000  006  052  054  010  000  000  018  028  011  000  000  000  001 
 000  000  000  000  049  070  023  006  004  014  025  012  000  000  000  002 
 000  000  000  000  051  086  040  014  019  026  019  007  000  000  002  006 
 000  000  000  000  048  088  040  000  013  025  013  000  000  000  003  011 
 001  008  015  012  028  073  046  010  012  005  000  000  000  000  002  011 
 014  019  024  019  000  048  050  034  026  000  000  000  000  000  000  004 
 016  016  018  016  004  024  050  050  032  000  000  000  000  003  000  000 

Celda43

 000  000  000  000  005  010  008  009  013  012  006  004  016  022  008  000 
 004  004  002  002  003  002  001  004  008  010  007  003  008  014  007  000 
 009  012  011  008  003  000  000  000  000  003  004  004  001  006  003  000 
 006  010  010  006  001  000  000  000  000  002  002  000  000  001  000  000 
 002  004  006  004  000  000  000  004  007  007  004  000  000  000  000  003 
 000  000  002  004  000  000  004  012  012  012  008  004  004  006  009  016 
 000  000  000  002  009  012  015  017  012  014  014  010  008  010  014  020 
 004  004  002  003  013  021  018  015  010  015  020  018  013  012  015  017 
 011  013  011  007  010  014  012  006  009  013  022  024  019  014  017  015 
 008  011  012  010  008  004  004  003  011  013  016  022  022  020  023  016 
 000  004  008  010  008  004  006  011  018  015  008  010  017  022  026  020 
 004  006  008  008  008  009  014  020  020  010  002  000  006  017  017  016 
 008  000  000  000  000  005  014  018  016  008  000  000  005  014  006  002 
 010  006  000  000  000  006  008  009  000  000  000  000  004  006  000  000 
 008  010  004  000  000  003  007  010  004  000  000  000  001  000  000  000 
 001  011  012  000  000  001  003  005  006  000  000  004  002  000  000  000 

Celda44

 000  000  000  000  036  088  075  022  002  005  006  003  000  000  008  012 
 000  000  000  000  016  074  090  048  014  016  012  005  000  002  012  007 
 000  000  004  008  002  042  084  079  036  008  006  000  000  002  012  004 
 003  000  004  010  009  004  054  094  070  019  000  000  000  002  012  006 
 011  007  006  010  015  008  015  076  090  048  002  000  000  000  010  006 
 022  015  014  014  016  020  011  034  078  072  032  000  000  000  004  002 
 021  015  016  016  012  015  022  008  041  076  062  016  000  000  000  000 
 014  012  016  017  014  013  018  018  003  058  078  038  000  000  000  000 
 010  011  018  014  017  016  013  012  006  026  066  052  008  000  000  000 
 008  010  015  003  005  005  003  004  008  000  030  046  030  005  000  002 
 016  012  009  000  000  000  000  000  006  007  000  022  043  035  018  012 
 019  017  008  000  000  002  006  007  009  012  010  000  034  050  037  018 
 006  010  006  006  013  018  020  018  014  010  010  008  014  040  041  023 
 000  000  000  000  000  000  000  000  000  000  000  001  000  017  034  034 
 000  000  000  000  000  000  000  000  000  000  000  004  002  000  022  046 
 000  000  000  000  000  000  000  000  001  002  014  016  012  006  007  041 

Celda45

 012  008  002  000  000  000  000  000  005  018  004  000  000  000  002  014 
 000  007  010  000  000  000  000  000  004  018  008  003  000  000  000  006 
 000  000  010  006  000  000  000  000  008  020  010  002  000  000  004  001 
 000  000  004  003  000  000  000  000  013  022  010  000  000  000  008  002 
 000  000  000  000  000  000  000  000  020  026  013  000  000  007  011  000 
 000  000  000  000  000  000  000  001  022  029  017  000  000  009  011  000 
 000  000  000  000  000  000  000  000  018  026  018  001  000  006  008  003 
 000  000  000  000  000  000  000  000  012  018  012  002  000  006  010  010 
 000  000  000  000  000  000  000  000  005  008  006  004  006  014  018  018 
 001  000  000  000  000  000  000  000  000  004  008  008  010  022  025  012 
 005  000  000  000  000  000  000  000  000  007  014  010  010  021  022  008 
 000  000  000  000  000  000  000  000  002  010  014  010  008  014  012  006 
 000  000  000  000  000  000  010  008  003  008  010  009  010  007  002  004 
 010  000  000  000  000  016  014  002  000  006  008  006  010  004  000  006 
 031  002  006  004  006  022  007  001  000  003  004  003  007  002  000  010 
 042  008  000  004  007  014  000  002  006  004  000  002  007  002  000  011 

Celda46

 018  014  008  016  035  036  018  002  000  002  008  005  000  002  006  008 
 014  016  017  020  013  020  020  010  004  000  000  007  016  012  002  006 
 004  010  016  015  006  000  010  008  002  004  012  016  006  007  012  010 
 000  004  008  005  000  000  002  006  000  000  007  024  022  012  007  012 
 000  000  000  000  000  000  000  006  000  000  000  007  022  026  028  026 
 000  000  000  000  000  011  008  000  000  000  000  000  007  020  028  034 
 006  008  006  006  004  000  000  000  000  000  000  000  005  014  010  014 
 017  017  010  006  000  000  000  000  000  000  000  002  016  022  010  000 
 016  018  010  000  000  000  000  000  000  000  013  019  019  007  000  000 
 006  013  009  000  000  000  000  000  000  002  027  031  008  000  000  000 
 001  008  005  000  000  002  000  000  000  008  029  019  000  000  000  000 
 004  006  001  000  000  004  000  000  000  004  016  009  000  000  000  003 
 009  008  002  000  006  003  000  000  000  002  004  001  000  000  009  010 
 016  013  006  008  005  000  000  000  000  002  000  000  007  009  006  004 
 020  014  006  006  002  000  000  000  000  007  003  000  011  016  000  005 
 016  006  002  008  010  003  000  004  008  017  007  004  006  016  006  008 

Celda47

 003  000  002  004  000  000  000  000  009  016  004  000  000  024  047  000 
 003  000  000  000  000  000  000  000  007  012  000  000  000  034  054  000 
 004  000  000  000  000  001  007  003  000  004  002  000  001  032  056  000 
 020  023  022  018  011  001  004  002  000  001  014  008  000  024  057  000 
 018  021  032  038  036  026  012  001  000  000  018  010  000  023  063  000 
 038  030  012  010  022  017  005  000  000  000  012  014  003  045  085  018 
 028  038  034  016  000  000  000  000  000  004  022  032  034  062  081  014 
 000  014  027  026  002  000  000  004  022  033  046  045  037  051  064  004 
 000  000  001  014  014  000  000  014  045  043  022  012  015  042  061  006 
 000  000  000  001  018  008  000  002  036  044  030  024  030  049  059  000 
 000  004  012  010  021  017  006  002  010  028  026  028  036  060  074  000 
 008  014  018  017  017  015  006  016  016  023  019  016  018  054  086  000 
 005  006  010  018  018  019  009  013  016  029  041  037  020  032  086  000 
 000  004  008  012  018  017  010  006  008  025  041  038  028  037  090  008 
 006  008  009  007  009  008  006  004  006  025  035  026  010  026  088  014 
 014  012  009  006  006  004  006  008  018  032  031  018  002  032  092  020 

Celda48

 000  000  000  000  007  006  002  002  001  000  002  006  004  000  008  013 
 000  000  000  000  013  012  005  000  000  000  004  009  012  015  021  023 
 002  004  010  014  024  011  001  000  000  000  014  022  024  025  028  030 
 002  006  016  020  020  008  005  006  010  020  034  033  028  027  030  030 
 001  004  008  009  007  008  012  018  025  035  038  030  021  020  023  019 
 000  000  000  000  001  004  011  019  027  028  023  017  011  009  013  010 
 000  000  000  000  006  008  012  020  023  015  011  011  008  006  008  006 
 000  000  000  000  014  015  016  022  019  010  008  005  003  008  015  011 
 002  004  006  006  017  017  016  015  009  000  004  002  000  010  015  009 
 003  005  006  002  012  013  008  006  008  006  003  006  006  013  011  002 
 001  002  005  005  010  012  007  004  009  015  013  010  008  011  008  002 
 001  004  010  015  013  008  008  012  023  026  018  011  010  008  004  003 
 001  003  008  014  014  011  017  024  028  023  015  012  014  011  006  011 
 000  000  002  002  006  012  027  032  025  013  010  010  012  011  011  019 
 000  000  000  000  002  017  033  035  024  012  010  009  006  010  011  012 
 000  000  002  003  014  028  038  037  027  021  010  007  004  008  008  001 

Celda49

 014  016  018  020  016  016  020  020  017  008  000  000  002  010  013  012 
 024  028  028  023  011  008  015  019  017  007  000  000  006  006  000  000 
 030  031  029  023  015  011  012  015  014  002  000  008  012  008  001  000 
 024  020  020  020  023  027  028  029  023  010  004  008  014  009  005  002 
 007  002  012  021  031  033  029  032  030  022  017  008  006  010  010  000 
 000  001  016  031  034  025  018  024  024  020  021  018  010  010  011  000 
 001  012  036  041  026  013  010  014  013  011  018  023  023  019  013  002 
 012  031  045  035  015  007  012  016  012  006  010  016  020  018  013  008 
 011  026  030  018  006  007  015  015  012  009  004  006  007  006  006  008 
 005  018  024  018  008  011  015  006  008  014  012  006  006  003  004  010 
 006  015  018  016  014  015  007  000  006  023  027  012  010  010  011  012 
 014  024  018  009  016  018  006  000  011  034  028  001  002  011  016  014 
 027  031  017  006  012  017  008  004  023  028  015  000  000  012  014  014 
 028  024  010  008  013  016  012  012  013  012  006  006  012  015  005  006 
 015  014  006  003  014  020  015  004  004  006  008  016  019  010  000  000 
 008  012  008  006  011  010  002  000  000  007  013  020  018  004  000  004 

Celda50

 008  002  001  007  009  006  048  060  037  002  002  001  000  008  002  002 
 000  000  000  000  008  006  040  065  046  014  010  007  008  016  007  004 
 000  000  000  002  011  007  029  066  056  014  007  008  013  016  008  004 
 006  008  012  018  022  016  015  060  060  020  000  000  009  008  003  004 
 002  009  019  026  028  020  006  048  050  016  000  000  012  004  001  006 
 000  002  012  016  015  009  000  036  032  000  000  018  026  010  000  005 
 000  002  004  002  000  000  000  031  020  000  000  028  038  022  010  003 
 006  005  002  000  000  000  000  031  018  000  000  027  038  028  018  006 
 011  010  006  000  001  004  000  026  022  000  006  038  040  023  016  004 
 014  015  012  008  011  014  006  009  022  000  006  043  035  017  010  000 
 012  013  014  016  022  028  023  003  011  008  024  036  021  007  008  001 
 011  012  013  016  023  032  036  022  000  011  040  043  017  003  009  016 
 014  014  011  008  010  016  022  016  005  008  046  052  023  008  022  036 
 010  013  012  006  001  000  001  006  012  026  064  067  036  023  036  039 
 001  007  011  010  005  002  006  016  026  046  082  083  049  032  034  021 
 007  000  004  008  012  018  028  034  034  051  086  080  037  019  020  008 

Celda51

 000  007  014  010  006  012  015  014  011  011  010  013  012  010  010  006 
 004  004  010  014  012  008  006  006  006  009  009  007  008  010  010  004 
 000  002  011  011  012  006  000  000  004  004  002  000  000  000  000  000 
 004  007  011  007  007  003  000  000  008  004  000  000  000  000  000  000 
 012  010  005  006  007  003  003  004  008  000  000  000  000  000  000  000 
 010  007  001  004  010  006  004  004  000  000  000  000  000  000  001  022 
 000  002  002  000  010  008  001  001  000  000  002  000  000  004  030  036 
 000  000  000  000  008  014  007  004  004  004  000  000  008  018  036  027 
 000  000  000  000  012  025  017  010  010  004  000  000  014  028  032  023 
 000  000  000  008  021  023  012  013  016  006  000  000  019  024  022  018 
 006  006  000  012  023  019  017  017  000  000  000  010  023  013  008  007 
 018  024  023  027  020  008  018  022  000  000  008  025  020  005  001  001 
 029  024  027  034  024  012  008  010  000  000  012  018  007  000  002  002 
 018  012  018  022  017  014  004  000  000  011  016  004  000  000  002  005 
 001  002  010  008  006  006  000  000  007  020  015  003  000  000  000  006 
 002  010  013  008  004  000  000  004  031  035  025  015  010  002  000  001 

Celda52

 000  000  000  000  002  004  007  011  020  019  018  018  018  017  007  018 
 000  000  001  012  014  016  016  014  021  019  014  016  020  023  018  000 
 000  000  005  012  008  010  011  006  013  016  012  019  023  025  025  016 
 000  004  015  011  007  006  008  006  011  018  016  017  018  020  024  027 
 008  020  020  010  004  002  004  006  012  020  015  005  005  007  013  021 
 029  025  017  006  000  000  000  003  012  018  008  000  000  000  002  005 
 030  026  020  009  001  000  000  000  012  014  006  002  006  007  002  000 
 023  020  020  012  002  000  000  011  016  016  016  014  013  007  000  000 
 019  011  012  010  006  004  006  021  020  018  015  004  000  000  000  000 
 009  000  000  006  013  018  018  021  017  008  000  000  000  000  000  000 
 000  000  000  005  018  026  024  014  004  000  000  000  000  000  000  002 
 001  004  008  014  021  023  018  006  000  000  000  000  000  018  021  016 
 006  014  021  026  018  010  000  000  000  000  000  000  029  039  026  022 
 012  015  017  010  000  000  000  000  000  013  020  032  044  041  028  030 
 012  006  000  000  000  000  000  010  024  033  034  038  045  041  026  026 
 004  004  000  000  000  000  016  032  034  029  024  026  034  028  010  008 

Celda53

 036  024  000  000  002  004  000  000  002  006  006  003  007  000  000  008 
 016  030  014  000  004  000  000  000  003  006  012  010  000  000  000  008 
 000  021  022  016  017  014  012  006  004  004  002  000  000  000  008  024 
 023  021  018  022  032  029  018  012  000  003  000  000  000  010  039  039 
 028  033  026  015  034  028  000  002  003  000  000  004  014  039  053  038 
 014  028  022  008  018  028  007  000  018  023  021  024  036  050  048  031 
 002  018  010  008  000  018  020  018  025  026  026  027  039  043  034  022 
 002  016  008  014  012  004  019  029  027  010  015  020  032  030  023  017 
 007  023  012  018  019  014  006  018  032  027  006  015  023  020  018  016 
 012  021  008  006  013  020  022  010  020  038  028  020  016  013  015  016 
 008  018  008  000  010  026  034  032  018  032  042  029  013  007  014  020 
 004  009  012  009  025  036  030  032  028  026  041  034  012  007  008  025 
 018  015  027  033  033  026  012  013  015  008  028  038  017  000  000  024 
 033  032  037  031  016  005  000  000  000  005  013  032  025  000  000  010 
 028  029  024  013  000  000  000  000  005  014  012  018  025  012  000  000 
 010  016  016  009  002  000  005  010  018  021  020  012  020  018  001  000 

Celda54

 009  000  002  014  018  012  000  000  000  006  000  000  006  012  014  012 
 008  002  010  019  017  012  000  000  000  002  002  005  014  019  023  019 
 021  021  028  027  018  009  001  000  002  002  006  019  024  023  022  016 
 024  025  030  024  017  014  008  004  003  006  017  028  026  016  007  004 
 024  029  031  022  018  018  014  007  004  015  027  029  020  007  000  000 
 025  030  027  017  013  014  012  008  010  027  027  016  007  003  002  001 
 019  018  010  005  005  003  002  006  020  027  011  000  002  006  004  012 
 011  005  000  000  002  000  000  006  024  017  002  000  004  014  015  014 
 012  008  004  004  004  002  004  012  021  009  006  004  010  024  025  018 
 014  014  010  006  002  003  009  018  018  008  010  012  016  025  023  014 
 016  014  009  002  000  008  020  020  015  010  010  014  011  016  016  010 
 015  006  000  000  003  020  017  005  004  008  008  007  004  006  012  010 
 016  000  000  000  009  015  000  000  005  008  000  000  000  004  013  013 
 014  000  000  000  009  009  000  000  008  010  000  000  000  012  025  035 
 004  008  007  013  011  001  000  000  004  006  000  000  015  039  049  052 
 000  018  028  019  012  009  007  006  001  002  002  017  039  050  049  043 

Celda55

 016  018  013  010  009  003  005  012  033  037  023  012  004  044  093  019 
 013  017  016  010  005  000  002  021  039  029  012  006  009  047  086  011 
 011  009  011  010  008  006  011  030  034  014  005  002  006  045  080  005 
 008  002  006  012  018  022  024  036  031  007  000  000  007  046  078  000 
 008  010  004  012  023  024  022  031  026  007  002  002  015  050  077  000 
 007  016  009  009  015  010  010  013  009  000  004  015  022  045  072  000 
 017  025  014  003  008  005  000  000  002  000  000  018  007  030  070  000 
 020  027  015  004  000  004  000  000  000  007  016  009  000  027  072  002 
 017  021  008  002  000  000  000  000  000  011  022  012  007  049  091  019 
 008  005  000  000  000  000  010  013  015  020  028  026  024  061  092  022 
 000  000  000  000  000  026  039  026  020  022  035  035  026  051  077  010 
 000  000  000  004  029  053  043  021  015  016  028  029  022  047  072  006 
 006  013  020  030  048  049  027  016  014  009  016  022  023  049  069  006 
 034  030  032  034  036  028  015  016  020  018  013  020  022  040  054  000 
 044  029  028  023  018  012  010  012  018  022  018  018  022  038  052  000 
 029  014  014  013  010  004  008  009  006  012  016  010  012  037  054  000 

Celda56

 001  003  008  014  027  032  033  031  019  012  006  000  004  000  000  000 
 002  004  010  017  029  023  018  020  007  000  000  000  000  000  000  000 
 001  002  006  009  017  007  006  014  006  000  000  000  000  000  000  007 
 000  000  000  000  006  000  004  009  002  000  002  009  014  016  022  025 
 001  001  000  000  005  003  006  007  000  000  002  013  020  027  026  014 
 002  004  005  000  002  010  011  004  000  000  008  015  016  012  004  000 
 002  004  007  004  000  014  012  000  000  002  014  012  004  000  000  000 
 002  004  005  005  006  017  011  000  003  003  013  010  000  000  000  000 
 001  002  004  006  008  016  011  009  008  004  005  008  000  000  000  000 
 000  001  004  010  016  015  010  011  004  001  000  006  000  000  000  000 
 000  000  002  012  022  017  010  005  000  000  000  002  000  000  000  000 
 000  000  000  005  016  010  006  000  000  000  002  000  000  000  000  000 
 000  000  000  000  007  000  001  000  000  000  002  000  000  000  000  000 
 003  009  021  028  036  031  034  036  034  034  035  034  032  034  042  050 
 009  022  046  060  068  063  068  071  072  070  070  072  076  084  093  098 
 000  000  000  000  006  001  000  000  000  000  000  000  000  000  000  000 

Celda57

 006  012  009  008  009  004  000  001  007  012  012  020  016  002  000  001 
 010  014  006  000  004  005  006  014  019  010  007  016  016  003  000  000 
 019  011  000  000  006  014  020  022  013  003  004  013  016  004  000  000 
 017  000  000  000  015  021  014  010  008  006  004  008  011  004  000  000 
 000  000  000  006  018  016  006  004  012  012  004  002  006  006  002  004 
 000  000  000  010  013  005  000  001  014  015  005  004  008  010  012  016 
 000  000  008  010  005  000  000  000  014  016  012  013  012  009  013  018 
 000  000  010  008  000  000  000  002  018  022  018  018  012  006  013  018 
 000  000  005  004  000  000  000  010  024  025  020  017  012  006  017  023 
 000  000  000  000  000  000  004  024  032  028  021  017  015  013  018  021 
 000  000  000  000  002  009  024  036  035  031  028  022  017  012  011  018 
 000  000  006  009  011  016  030  039  034  030  026  015  008  008  008  015 
 003  016  017  009  003  011  030  037  028  021  016  006  003  005  007  014 
 059  066  056  048  046  057  074  073  057  046  043  037  030  027  031  036 
 104  102  093  091  092  104  112  104  086  075  075  070  066  064  068  069 
 004  003  000  000  000  011  020  020  010  003  006  002  000  000  005  008 

Celda58

 010  004  000  000  009  024  035  036  028  031  057  040  000  000  007  002 
 006  008  000  000  001  008  014  017  012  000  034  031  002  002  010  000 
 002  014  004  001  000  000  000  000  000  000  016  028  010  008  011  005 
 014  034  024  010  000  000  000  000  000  000  002  024  015  010  010  008 
 031  043  023  011  002  000  000  002  002  000  000  019  012  010  012  013 
 023  024  005  004  006  007  010  010  004  000  000  010  006  008  017  018 
 022  022  006  000  002  005  006  006  004  000  000  000  000  010  023  021 
 018  022  010  000  000  000  000  000  000  000  000  000  000  016  028  024 
 018  018  011  000  000  000  000  000  000  000  000  000  004  024  032  028 
 016  015  008  000  000  000  000  000  000  000  000  000  007  030  038  032 
 016  012  002  000  000  000  000  000  000  000  003  006  013  035  045  032 
 016  008  000  000  000  000  000  000  000  002  010  017  025  047  057  030 
 013  002  000  000  000  000  000  002  004  006  012  020  035  061  062  024 
 027  014  012  014  018  027  040  050  052  052  058  065  085  104  088  055 
 058  054  056  062  066  073  081  087  090  094  101  107  125  129  104  089 
 001  000  000  000  000  000  003  000  000  000  000  000  016  021  005  000 

Celda59

 004  016  011  002  000  000  000  019  040  035  025  020  020  014  000  000 
 002  010  000  000  000  000  007  026  033  028  021  015  014  008  000  000 
 010  010  000  000  000  003  016  019  022  019  008  000  000  000  000  000 
 017  010  000  000  005  017  010  005  012  012  000  000  000  000  000  015 
 018  010  000  000  013  011  002  000  005  001  000  000  000  000  008  014 
 018  013  005  002  005  005  000  000  000  000  000  000  002  012  019  014 
 018  018  012  003  002  003  002  001  002  000  004  007  010  017  025  025 
 020  016  010  008  010  010  007  006  006  003  000  000  008  019  027  028 
 018  006  006  019  022  014  008  009  008  005  004  005  009  013  016  021 
 010  000  006  029  030  015  008  012  012  012  014  011  001  006  016  025 
 003  002  021  040  030  016  010  009  007  005  004  000  000  000  016  028 
 006  025  051  046  021  008  012  012  006  000  000  000  000  003  011  022 
 014  044  047  020  004  000  010  016  010  001  000  002  006  010  012  012 
 059  077  057  035  038  042  049  054  047  041  040  042  042  040  040  042 
 096  099  078  070  078  084  090  092  083  077  073  072  073  072  073  075 
 007  011  002  002  002  000  004  009  006  004  001  000  000  000  001  002 

Celda60

 000  001  004  000  000  021  037  031  022  016  013  015  018  007  000  000 
 000  004  014  019  024  032  028  012  007  008  011  012  009  000  000  000 
 008  018  029  031  027  024  016  004  004  008  014  014  010  004  000  000 
 020  020  025  030  024  016  010  003  003  008  014  014  010  007  007  007 
 014  016  020  023  019  009  003  000  000  007  014  012  008  009  015  018 
 016  018  014  010  018  008  000  000  002  013  016  011  013  014  016  016 
 022  018  012  010  019  017  009  011  013  016  013  007  012  014  012  008 
 018  019  018  023  030  030  018  020  012  005  004  004  002  007  008  008 
 019  020  024  033  028  025  021  020  016  004  000  006  000  000  002  006 
 020  011  018  027  018  014  020  018  022  020  016  010  002  000  000  000 
 028  012  006  012  008  010  016  013  018  024  024  016  009  007  005  004 
 027  022  011  006  006  001  002  005  000  008  009  008  007  009  012  012 
 022  025  015  006  008  003  000  004  004  000  000  000  000  000  003  005 
 045  041  030  025  027  021  018  018  022  016  020  026  028  026  026  028 
 075  069  063  062  060  053  052  054  056  050  052  056  058  059  059  060 
 003  004  008  012  009  002  000  000  002  000  000  000  000  000  000  000 

Celda61

 000  010  010  010  010  012  021  022  022  020  020  017  020  021  002  005 
 002  010  002  006  008  017  023  020  015  015  015  016  006  014  003  002 
 002  010  000  000  000  013  013  005  000  006  002  004  000  006  009  000 
 008  009  000  000  000  014  006  000  000  008  002  000  000  000  014  011 
 018  016  013  016  016  019  010  002  000  008  002  000  000  002  018  020 
 014  014  016  020  024  022  018  012  008  009  003  001  004  012  027  023 
 004  008  008  008  012  016  016  014  013  008  001  000  006  026  032  019 
 004  008  002  000  002  009  012  016  021  019  010  004  014  033  026  010 
 006  005  000  000  008  015  016  018  028  030  022  015  027  034  017  008 
 004  000  000  002  017  022  019  019  020  022  022  026  038  035  017  012 
 007  006  005  018  023  021  015  010  004  005  012  023  036  032  021  018 
 012  014  016  027  020  016  012  004  000  000  008  021  025  021  014  013 
 007  013  019  027  019  017  014  006  002  004  016  025  018  006  000  000 
 033  040  049  055  050  046  039  034  032  036  051  050  040  033  026  026 
 068  072  073  075  070  064  060  058  060  065  074  066  058  060  060  060 
 007  008  005  007  003  000  000  000  000  004  013  007  000  000  000  000 

Celda62

 002  014  036  022  002  004  005  004  001  001  016  028  035  037  032  020 
 009  004  032  030  004  000  000  002  004  003  021  030  029  027  019  009 
 012  012  018  036  014  006  005  004  006  008  024  035  032  024  014  007 
 012  015  005  034  029  010  013  008  009  015  027  036  031  017  008  009 
 008  008  002  024  041  016  014  015  014  020  023  028  025  013  005  006 
 005  005  006  013  044  032  014  020  017  017  016  019  020  014  006  003 
 005  006  012  016  038  042  019  019  017  011  010  011  015  016  008  004 
 004  006  014  016  030  040  024  008  012  007  003  004  012  016  010  002 
 007  010  015  018  023  028  028  002  002  006  005  003  010  016  010  002 
 011  012  018  019  017  012  020  013  000  010  012  008  009  012  010  004 
 012  011  019  018  014  004  005  020  019  017  016  012  008  007  008  008 
 010  008  019  013  008  002  000  022  036  019  011  012  010  006  007  010 
 006  010  016  003  000  000  000  014  042  028  004  011  013  010  003  006 
 034  039  038  028  028  036  044  044  058  054  035  033  036  036  031  024 
 064  066  064  062  064  070  078  080  084  088  068  054  056  058  058  059 
 003  000  000  000  000  000  000  000  007  027  016  000  000  000  000  000 

Celda63

 010  004  000  005  008  010  007  006  005  001  007  006  002  036  060  000 
 006  008  003  002  004  008  008  000  006  009  004  004  000  034  063  000 
 011  016  007  000  000  002  000  004  004  012  000  000  000  028  063  000 
 015  015  002  000  000  004  001  006  004  002  004  000  009  033  064  002 
 008  008  000  000  005  013  011  006  002  000  005  013  012  037  065  008 
 002  004  006  008  014  015  009  004  002  004  004  026  024  037  061  012 
 003  003  014  018  010  005  000  001  006  014  016  029  024  030  051  010 
 003  006  015  010  001  000  000  004  009  014  014  010  015  029  044  000 
 000  003  008  002  000  005  008  010  004  000  000  000  000  030  054  000 
 002  008  008  000  000  010  018  006  000  000  000  000  000  024  063  000 
 009  014  014  012  014  015  016  004  000  000  000  000  000  018  067  000 
 007  009  012  012  015  011  005  004  000  006  005  000  000  024  079  011 
 006  006  016  013  000  000  000  005  000  002  000  000  000  054  106  031 
 032  030  028  027  016  019  022  029  025  021  020  024  037  096  120  038 
 070  064  056  060  055  051  054  056  049  049  054  062  077  111  110  038 
 011  004  000  008  009  000  000  002  000  000  000  000  011  039  050  000 

