Celda0

 000  000  000  000  000  000  000  002  003  001  000  000  001  001  000  000 
 000  000  000  000  000  000  000  004  007  004  001  000  002  002  000  000 
 000  000  000  000  000  000  000  008  014  012  003  000  004  004  000  000 
 000  000  000  000  000  000  000  010  020  018  002  000  004  004  000  000 
 000  000  000  000  000  006  015  028  037  029  006  001  006  011  006  005 
 000  000  000  000  000  014  024  030  029  016  004  004  006  020  015  017 
 000  000  000  000  000  018  020  018  013  009  007  012  007  026  028  023 
 001  002  004  007  006  012  014  010  008  013  013  006  002  024  032  014 
 002  004  006  008  006  006  012  014  013  017  006  000  000  023  036  001 
 000  000  000  000  002  011  016  018  017  013  000  000  000  018  036  006 
 000  000  000  000  007  009  002  012  014  010  000  000  000  008  028  008 
 000  000  000  000  013  006  000  005  012  013  006  000  000  000  017  008 
 000  000  000  000  010  012  000  000  008  016  012  000  000  000  013  007 
 000  000  002  000  004  016  006  000  002  015  010  000  000  002  017  007 
 000  000  004  009  008  019  011  002  006  016  004  000  000  004  022  010 
 000  000  000  006  009  011  009  000  002  010  000  000  000  000  026  022 

Celda1

 000  000  000  003  001  000  000  000  000  000  000  000  000  000  000  000 
 000  000  001  008  002  000  000  000  000  000  000  000  000  000  000  000 
 000  000  004  018  006  000  000  000  000  000  000  000  000  000  000  000 
 000  000  006  026  007  000  000  000  000  000  000  000  000  000  000  000 
 004  006  012  026  006  000  000  006  010  012  014  014  012  010  014  023 
 010  006  015  025  001  000  000  000  004  010  018  020  014  009  014  029 
 018  011  019  027  008  001  000  002  012  024  030  028  024  023  028  037 
 016  009  012  018  004  003  000  000  007  016  022  022  020  026  036  032 
 001  001  009  017  001  002  000  000  000  000  000  000  001  011  024  016 
 000  000  015  025  007  000  000  000  000  002  000  000  000  010  004  000 
 000  000  020  020  000  000  000  000  000  000  000  000  004  018  001  000 
 000  000  017  020  000  000  000  000  002  000  000  000  020  024  002  002 
 000  000  014  014  000  000  000  002  000  000  000  013  038  015  000  000 
 000  000  014  010  000  002  006  000  000  000  000  037  036  000  000  000 
 000  000  012  012  000  005  006  000  000  000  006  030  012  000  000  000 
 000  002  013  014  000  000  000  000  000  000  009  018  006  000  000  005 

Celda2

 001  005  006  002  000  000  000  000  002  000  000  000  000  000  000  000 
 004  013  013  005  000  000  000  000  004  000  000  000  000  000  000  000 
 014  028  023  008  000  000  000  002  004  000  000  000  000  000  000  000 
 022  034  020  004  000  000  000  003  000  000  000  000  000  000  000  000 
 053  046  014  000  000  010  019  013  008  004  002  000  000  000  000  004 
 048  027  005  003  016  031  028  016  008  002  003  006  004  000  000  016 
 029  004  000  004  022  031  024  014  007  004  011  018  018  010  002  019 
 013  000  000  011  020  024  009  000  000  010  019  019  014  012  012  030 
 004  003  009  013  018  021  002  000  000  013  012  008  002  002  012  031 
 001  006  006  005  014  018  002  005  004  004  000  000  000  000  008  007 
 006  004  000  006  014  013  003  005  006  000  000  000  000  004  010  000 
 004  003  004  019  015  005  006  000  004  002  000  000  000  006  008  000 
 000  006  018  024  011  007  008  002  002  002  000  000  000  002  000  000 
 001  013  024  017  008  008  007  002  000  000  000  000  000  000  000  000 
 011  021  017  006  002  000  000  000  000  000  000  000  000  000  000  000 
 014  012  004  000  000  000  000  000  000  000  000  000  000  000  000  000 

Celda3

 000  009  015  008  001  001  002  001  002  003  001  000  000  000  000  000 
 000  022  035  020  004  004  005  002  005  008  003  000  000  000  000  000 
 004  049  068  040  014  010  012  007  012  015  004  000  000  000  000  000 
 021  064  072  044  024  022  020  014  016  015  000  000  000  000  000  000 
 060  093  061  025  026  034  030  020  016  009  000  000  000  002  000  000 
 066  085  046  000  015  040  040  025  014  005  000  000  000  006  001  000 
 072  085  040  010  000  032  041  032  017  002  000  000  004  012  003  003 
 086  087  028  002  008  030  029  032  023  003  000  000  011  016  006  002 
 072  070  022  000  009  035  023  016  024  010  000  000  012  016  010  000 
 043  056  029  008  020  030  012  000  011  016  006  006  014  014  008  000 
 013  050  050  028  026  031  012  000  000  008  016  022  022  011  004  000 
 000  056  070  036  020  030  020  000  000  000  014  033  030  014  004  000 
 000  066  082  027  004  026  030  011  001  012  016  025  030  023  009  004 
 000  072  082  015  000  024  040  025  010  017  027  024  019  029  016  002 
 000  069  082  014  000  021  046  036  024  024  022  019  018  022  018  007 
 000  062  080  020  000  016  044  041  033  022  016  016  016  012  011  009 

Celda4

 000  000  000  000  000  000  000  003  002  000  000  000  000  000  000  000 
 000  000  000  000  000  000  000  006  006  000  000  000  000  000  000  000 
 000  000  000  000  000  000  000  008  010  000  000  000  000  000  000  000 
 000  000  000  000  000  000  000  008  009  000  000  000  000  001  003  000 
 000  000  004  006  004  004  011  022  014  008  008  008  006  007  010  006 
 000  000  000  000  000  000  016  018  010  008  008  005  000  000  004  003 
 002  000  000  000  000  006  020  004  000  000  000  000  000  000  002  006 
 008  008  010  013  015  017  017  001  000  002  000  000  001  000  000  004 
 000  002  004  010  017  016  006  000  000  008  006  008  009  004  000  000 
 000  000  000  000  006  006  000  000  004  006  001  005  006  002  000  000 
 000  000  001  002  000  000  000  000  005  008  004  000  000  000  000  000 
 000  003  007  000  000  000  000  000  004  010  004  000  000  000  000  000 
 006  008  001  000  000  000  000  000  000  004  000  000  000  000  000  000 
 010  008  002  000  000  000  000  000  000  000  000  000  000  000  006  006 
 008  000  000  000  000  000  000  004  004  002  000  000  004  005  007  006 
 007  000  000  000  000  000  002  007  008  006  006  009  015  016  008  009 

Celda5

 003  003  001  000  000  000  000  000  000  000  001  004  002  000  000  000 
 005  007  002  000  000  000  000  000  000  000  001  009  006  000  000  000 
 005  012  006  000  000  000  000  000  000  000  000  016  010  000  000  000 
 000  008  008  000  000  000  000  000  000  000  000  012  002  000  000  000 
 007  000  004  000  002  013  018  016  014  024  046  038  020  000  000  000 
 004  003  000  003  003  012  012  008  004  016  032  019  017  012  010  019 
 000  000  000  005  006  000  000  002  002  008  014  000  002  021  044  064 
 000  000  000  000  003  000  000  000  000  000  008  000  000  039  071  069 
 000  000  000  000  000  000  000  000  000  000  004  008  046  076  068  036 
 000  000  002  000  000  000  002  000  000  000  021  060  093  082  038  014 
 000  000  008  002  001  000  000  000  000  011  058  092  090  047  012  004 
 000  006  019  009  004  000  000  000  010  047  081  080  049  010  002  000 
 008  018  021  006  001  000  000  000  040  077  077  052  024  002  000  000 
 008  014  006  000  000  000  000  021  069  082  059  034  020  003  000  002 
 001  012  001  000  000  000  012  048  070  070  045  025  016  002  002  007 
 006  006  000  000  000  011  060  062  050  048  037  019  009  000  000  004 

Celda6

 000  000  000  000  002  004  003  000  000  004  004  002  002  002  001  000 
 000  000  000  001  006  009  006  000  002  009  008  005  006  005  002  000 
 000  000  000  005  010  014  012  004  008  018  016  010  013  012  003  000 
 000  000  008  010  000  001  010  014  019  022  016  012  018  019  006  000 
 000  023  062  052  031  010  000  020  026  021  014  014  020  020  010  002 
 034  050  053  019  010  012  006  010  020  021  019  020  022  020  014  010 
 062  050  028  001  000  004  010  002  004  020  028  028  028  022  019  013 
 049  044  035  021  013  016  023  027  022  025  031  030  029  028  020  010 
 022  023  028  030  032  034  036  040  040  044  052  032  016  027  026  013 
 011  010  012  020  028  032  032  030  032  043  053  030  013  015  028  018 
 003  002  000  004  012  020  020  020  023  033  036  022  019  008  018  018 
 000  000  000  000  001  008  014  016  016  018  021  014  020  019  008  007 
 000  000  000  002  005  007  010  014  008  003  014  016  022  026  019  003 
 007  010  013  016  014  012  008  010  010  006  012  016  010  018  020  019 
 014  019  020  022  022  019  012  008  012  014  008  015  007  005  018  030 
 010  012  012  014  018  020  015  010  010  012  006  006  010  006  014  027 

Celda7

 000  000  000  000  000  000  000  000  001  000  001  002  001  003  008  000 
 000  000  000  000  000  000  000  000  002  000  002  004  002  008  020  000 
 000  000  000  000  000  000  000  001  002  000  000  008  002  018  046  000 
 000  000  000  000  000  000  001  003  000  000  000  005  000  026  065  000 
 007  006  009  011  014  022  020  014  008  007  006  002  000  029  072  000 
 008  000  001  008  016  026  018  012  005  002  002  002  001  028  073  001 
 004  000  000  000  002  010  007  012  008  001  000  000  000  030  076  002 
 000  000  000  000  002  016  012  004  001  000  000  000  000  036  085  006 
 000  000  000  000  000  019  020  000  000  000  011  016  014  054  094  011 
 000  000  000  000  000  018  018  000  000  014  034  034  032  061  088  008 
 006  000  000  000  000  014  014  000  005  033  039  030  032  049  073  004 
 005  000  000  000  011  012  008  004  009  030  031  019  021  029  061  005 
 000  000  004  014  014  014  009  000  012  028  024  003  002  012  055  005 
 016  006  000  020  025  012  006  006  011  028  022  000  000  014  054  000 
 038  036  020  007  027  020  007  000  005  020  012  000  000  020  057  000 
 035  040  042  029  013  014  011  006  004  012  008  000  000  024  062  000 

Celda8

 000  000  000  000  002  000  004  002  001  008  000  000  000  000  033  030 
 000  000  000  000  000  000  000  002  001  010  005  000  000  000  042  033 
 000  000  000  000  000  000  000  000  003  014  006  000  000  006  045  028 
 000  000  000  000  003  000  000  000  004  011  002  000  000  011  047  028 
 000  000  000  000  006  000  000  000  002  004  000  000  000  016  054  032 
 001  001  000  000  005  000  000  000  000  003  000  000  000  020  062  036 
 000  000  000  000  002  000  000  000  000  008  000  000  000  024  070  036 
 000  000  000  000  000  004  000  000  000  005  000  000  000  032  074  035 
 000  000  000  000  004  008  002  002  000  000  000  000  000  036  070  034 
 000  000  000  004  018  010  000  000  000  000  000  004  004  029  060  036 
 002  006  013  016  019  006  002  000  000  002  001  006  007  018  052  036 
 001  004  013  018  016  011  010  009  008  008  006  002  002  011  044  030 
 000  001  005  009  008  006  006  006  005  004  002  000  000  008  035  020 
 001  002  003  000  000  000  000  000  000  000  000  000  000  004  027  012 
 000  000  000  000  000  000  000  000  000  000  000  000  000  002  024  012 
 000  000  000  000  000  000  000  000  000  000  000  000  000  005  028  020 

Celda9

 000  000  010  010  000  000  000  000  001  023  023  002  000  000  004  014 
 000  000  010  012  000  000  000  000  007  033  018  009  002  008  018  015 
 000  000  006  012  000  000  000  000  026  010  000  000  002  015  010  004 
 000  000  000  010  000  000  000  016  030  000  000  000  010  007  000  000 
 000  000  000  004  000  000  000  024  020  000  000  004  018  005  000  002 
 000  000  000  000  000  000  000  025  006  000  000  010  016  006  000  004 
 000  000  000  000  000  000  014  017  000  000  000  012  012  005  001  004 
 000  000  000  000  000  004  016  000  000  000  002  010  006  002  004  006 
 000  000  000  000  000  015  014  000  000  002  009  006  002  000  004  008 
 002  000  000  000  000  014  008  000  000  006  005  005  002  000  003  008 
 002  000  000  000  000  010  002  000  002  003  005  009  001  000  000  006 
 000  000  000  000  003  004  000  000  002  002  008  008  000  000  000  005 
 000  000  000  002  012  000  000  000  001  004  011  005  000  000  000  002 
 000  000  000  013  014  000  000  000  003  012  021  014  013  019  020  022 
 000  000  000  025  023  010  008  011  016  020  022  015  014  012  008  011 
 004  000  000  022  016  000  002  005  005  006  011  012  014  008  006  008 

Celda10

 008  000  000  000  000  000  000  000  000  000  000  000  000  000  000  000 
 000  000  000  000  000  000  000  000  000  000  000  000  000  003  006  006 
 000  000  000  006  010  008  006  001  002  007  005  000  000  007  010  004 
 000  008  010  013  016  007  010  012  016  018  014  007  002  000  000  000 
 019  019  021  011  009  004  006  016  021  016  012  014  010  000  000  000 
 016  009  010  008  001  008  014  022  014  006  003  006  004  000  000  000 
 014  011  000  000  000  008  016  010  000  000  000  000  000  000  000  000 
 012  008  000  000  000  006  010  003  000  000  000  000  000  000  000  000 
 008  004  000  000  001  000  000  000  000  000  000  000  000  000  000  000 
 005  001  000  002  001  000  000  000  000  000  000  000  000  000  000  010 
 007  001  000  000  000  000  000  000  000  000  000  012  018  014  013  022 
 012  006  000  000  000  000  000  000  000  000  007  018  026  027  026  028 
 012  011  004  013  016  012  009  012  015  013  012  010  012  018  023  023 
 027  022  016  023  022  020  016  020  025  022  019  013  008  009  014  014 
 011  001  008  019  013  015  022  028  026  024  024  021  014  009  007  004 
 002  000  013  023  009  008  020  027  020  016  014  016  016  012  005  000 

Celda11

 012  072  083  028  006  020  044  041  034  026  025  026  018  014  002  004 
 006  056  068  026  004  014  036  039  035  028  028  029  014  014  009  002 
 000  048  064  030  000  006  030  038  038  032  028  024  004  000  002  004 
 000  047  064  030  000  006  024  032  042  039  028  018  003  000  000  000 
 000  048  061  023  000  008  022  030  045  041  025  014  002  000  000  000 
 000  048  057  019  000  007  025  036  042  032  022  019  009  000  000  000 
 008  050  055  021  000  004  030  037  028  018  020  028  020  000  000  000 
 015  058  056  024  002  010  043  037  009  004  016  027  025  002  000  000 
 020  065  060  026  003  013  043  035  008  006  007  014  018  003  000  000 
 040  076  060  026  006  015  036  031  012  016  022  021  021  015  017  022 
 047  061  042  028  017  015  024  030  012  005  019  026  029  032  030  036 
 036  035  034  037  028  008  009  026  015  010  018  014  012  016  010  007 
 017  024  044  057  032  004  005  031  030  023  022  017  016  017  007  004 
 007  020  055  062  028  011  020  054  057  045  039  040  042  031  021  023 
 003  025  063  062  030  022  036  066  062  046  042  048  047  028  022  025 
 005  043  074  069  041  029  043  066  054  038  036  036  030  019  017  015 

Celda12

 000  000  002  000  000  002  005  005  000  000  000  003  012  012  006  008 
 000  000  002  004  000  000  000  000  000  000  000  011  008  003  000  000 
 004  000  000  008  010  000  000  000  000  000  000  012  008  000  000  000 
 000  000  000  002  006  000  002  004  000  000  007  010  004  000  000  000 
 000  000  000  000  000  000  005  010  004  000  008  013  008  002  000  000 
 000  000  000  000  000  000  004  010  013  010  006  005  000  000  000  000 
 000  000  000  004  010  010  000  006  015  015  007  000  000  000  000  000 
 000  008  005  010  014  014  004  000  012  012  006  000  000  000  000  000 
 012  014  004  010  010  000  000  000  006  004  002  000  000  000  005  049 
 023  010  002  010  010  000  000  004  002  000  000  000  000  004  054  091 
 032  027  026  025  009  002  010  020  021  012  002  000  004  043  085  072 
 012  026  031  028  025  025  028  033  030  025  016  006  014  063  071  026 
 013  025  018  013  014  018  029  025  019  016  020  026  046  077  053  008 
 035  031  012  002  000  005  019  008  000  000  016  041  075  083  049  010 
 032  022  014  007  003  006  008  000  000  000  030  057  063  054  030  016 
 016  007  009  014  016  008  000  000  000  014  058  059  035  016  003  006 

Celda13

 006  001  000  000  007  074  094  051  026  027  032  021  008  000  000  000 
 000  000  000  009  049  097  072  028  022  021  018  016  010  000  000  004 
 000  000  000  035  070  067  021  000  010  020  015  007  011  004  002  004 
 000  000  026  063  052  017  003  000  004  021  020  018  021  013  006  006 
 000  010  054  062  017  000  000  006  018  022  014  014  009  000  000  004 
 000  027  058  034  000  000  008  019  017  016  006  001  002  000  000  008 
 012  039  043  016  000  009  018  009  002  010  010  002  000  004  000  010 
 025  039  028  004  002  020  025  010  000  004  012  011  006  000  006  012 
 071  059  032  012  012  017  018  006  000  001  014  018  010  001  000  002 
 074  043  029  025  024  020  016  011  008  010  025  027  005  001  004  002 
 027  010  013  013  011  008  020  031  034  042  056  043  019  012  014  008 
 003  006  016  010  005  000  017  028  028  037  045  026  017  014  021  015 
 002  013  016  008  007  006  025  030  021  023  022  007  004  000  006  000 
 000  004  006  000  002  010  034  033  023  022  017  000  000  000  002  002 
 005  000  004  002  000  014  027  017  012  015  013  000  000  000  000  004 
 013  017  013  004  003  018  017  004  008  020  016  000  000  004  000  000 

Celda14

 000  000  000  005  010  009  008  009  010  008  004  000  009  016  013  011 
 000  000  000  010  008  000  000  004  004  002  002  001  004  015  018  008 
 000  000  000  009  006  000  000  000  000  000  000  002  000  010  014  010 
 004  006  006  002  002  000  000  000  002  006  008  006  000  006  008  010 
 003  006  008  008  006  006  007  007  006  008  010  005  000  006  006  008 
 009  004  012  016  016  016  014  004  000  000  000  000  000  008  010  003 
 016  009  010  014  014  011  006  000  000  000  000  000  000  009  011  000 
 019  014  007  004  004  004  001  000  000  000  000  000  000  004  010  000 
 012  014  003  000  000  000  000  000  000  000  000  000  000  000  006  001 
 008  012  002  000  000  000  000  000  002  004  000  000  000  000  000  002 
 004  008  000  000  000  000  000  000  000  000  000  000  000  000  000  003 
 010  006  000  000  000  000  000  000  000  000  000  000  000  000  000  000 
 000  000  000  000  007  010  006  002  000  000  000  000  000  000  000  000 
 000  000  000  000  000  000  000  001  006  005  000  000  000  000  000  000 
 000  000  000  000  000  000  000  000  000  002  000  000  000  000  006  014 
 002  000  000  000  000  000  000  000  000  000  000  000  005  020  044  051 

Celda15

 012  020  036  042  029  004  002  005  004  008  011  004  000  029  067  001 
 000  000  008  021  024  014  000  000  002  004  010  014  008  036  070  000 
 001  000  000  000  000  006  006  000  000  000  001  018  018  042  074  000 
 002  000  000  000  000  002  004  000  000  002  001  012  016  043  080  000 
 002  000  000  000  000  001  004  003  004  013  024  018  000  036  084  000 
 000  000  000  002  005  000  002  006  009  026  024  024  010  024  085  000 
 000  000  000  002  006  000  000  002  008  020  009  005  006  023  087  003 
 000  000  000  000  002  000  000  000  002  009  006  000  008  040  103  020 
 000  000  000  000  000  001  000  000  002  004  011  021  032  062  106  026 
 000  000  000  000  000  003  004  006  009  017  036  049  034  049  084  017 
 000  000  000  000  000  008  016  035  040  035  036  032  008  023  066  010 
 000  000  000  000  012  031  048  057  042  019  004  014  008  028  070  012 
 000  000  000  026  047  049  044  034  010  000  000  006  016  044  078  013 
 000  012  031  043  043  032  015  012  008  000  000  004  024  058  081  009 
 020  032  035  028  021  014  004  001  002  000  000  008  027  062  078  000 
 043  033  021  008  006  008  007  000  000  000  002  020  028  055  078  000 

Celda16

 000  000  000  000  000  006  000  004  008  007  006  008  010  012  029  014 
 000  000  000  002  002  010  000  000  000  001  002  002  002  006  020  006 
 000  002  009  016  013  001  000  000  000  000  000  000  000  004  018  002 
 000  000  000  000  000  000  000  000  000  000  000  000  000  000  020  004 
 000  000  000  000  000  000  000  000  002  008  010  008  006  000  018  011 
 000  000  000  000  000  000  000  000  015  021  020  020  020  022  042  044 
 001  003  006  006  003  000  000  001  024  025  018  022  022  024  052  048 
 001  003  006  006  003  002  000  000  028  034  013  007  006  005  037  024 
 000  000  000  000  000  000  002  002  034  042  011  000  000  000  036  013 
 000  000  000  000  000  001  004  010  053  050  009  000  000  004  042  010 
 001  002  004  007  008  004  000  010  054  041  010  006  007  017  044  009 
 003  006  012  014  012  004  000  013  047  030  008  013  020  030  047  018 
 003  006  010  010  008  006  005  015  052  042  014  015  014  025  043  023 
 000  001  002  002  003  008  013  029  076  067  026  016  002  012  033  019 
 000  000  000  002  003  006  009  036  087  068  020  008  000  015  040  027 
 000  000  000  007  016  018  016  040  077  045  002  000  000  026  054  039 

Celda17

 000  000  000  017  016  004  002  007  007  009  019  030  031  025  028  024 
 000  000  000  010  014  014  018  024  028  030  035  042  040  034  030  024 
 000  000  007  021  023  027  032  038  040  033  036  045  038  020  004  000 
 000  000  010  022  024  028  037  044  035  024  034  042  023  000  000  000 
 006  013  019  026  025  025  033  034  018  013  027  025  003  000  000  000 
 032  034  036  042  036  027  025  020  012  012  019  007  000  000  000  006 
 026  024  036  047  037  024  019  012  008  012  012  000  000  000  004  008 
 003  000  029  036  021  016  014  014  015  008  000  000  000  010  024  011 
 000  002  037  029  011  012  016  022  023  014  006  002  006  031  030  014 
 003  019  051  032  016  023  029  023  014  006  006  016  024  028  018  011 
 008  038  058  039  026  030  026  016  000  000  002  024  031  016  004  014 
 014  043  054  040  026  019  010  002  000  000  016  033  020  011  000  012 
 018  035  042  029  009  000  000  000  000  006  020  014  000  000  000  004 
 015  029  034  018  000  000  000  000  000  004  006  002  000  000  003  006 
 026  037  035  013  000  000  000  000  004  005  002  000  000  004  008  011 
 037  038  022  000  000  000  000  000  004  001  002  010  006  004  003  006 

Celda18

 018  019  035  032  016  013  023  020  015  008  002  002  008  012  011  010 
 016  025  037  027  017  018  024  017  014  011  004  000  000  004  010  018 
 000  011  016  004  001  006  014  009  008  012  012  008  004  000  002  014 
 000  007  012  008  008  011  012  004  000  002  008  010  007  003  003  008 
 004  007  007  010  017  021  015  000  000  000  000  003  004  004  004  003 
 013  022  033  043  046  037  020  009  006  006  008  008  010  012  008  002 
 007  024  041  047  040  021  009  006  008  011  012  014  013  011  010  012 
 011  030  033  022  009  002  001  003  006  004  004  004  000  000  000  015 
 018  025  014  009  002  000  000  000  007  010  004  000  000  000  000  020 
 012  010  002  000  000  000  005  016  017  014  010  000  000  000  000  026 
 008  002  000  000  000  000  016  030  026  009  010  005  002  000  000  029 
 014  000  000  000  000  001  026  034  023  001  000  000  000  000  000  040 
 012  000  000  002  001  009  021  024  018  002  000  000  000  000  000  056 
 000  000  000  007  007  006  012  016  013  000  000  000  000  000  002  064 
 008  004  021  020  011  014  022  021  007  000  000  000  000  000  013  060 
 014  016  023  016  013  024  029  015  000  000  000  000  000  000  024  060 

Celda19

 025  068  083  074  045  026  038  055  040  025  022  016  009  006  007  006 
 045  077  078  065  034  013  022  034  018  008  013  011  002  000  000  000 
 041  058  058  047  019  005  013  024  011  002  010  016  009  001  000  000 
 027  039  053  044  013  006  018  032  018  006  002  018  020  005  006  000 
 018  037  062  046  007  006  024  037  021  013  006  012  024  012  002  004 
 021  040  061  038  000  004  024  029  012  009  014  010  016  014  000  000 
 033  042  057  033  000  002  015  019  010  000  003  007  004  006  000  000 
 036  040  056  032  000  000  010  015  012  005  000  000  003  005  000  000 
 026  025  044  024  000  000  006  014  014  008  004  008  014  010  006  000 
 024  016  036  022  000  000  006  012  012  010  008  014  020  002  000  000 
 030  007  028  024  000  000  011  011  006  010  012  010  008  000  000  000 
 038  002  018  027  000  000  014  011  002  006  010  000  000  000  004  032 
 041  000  004  024  004  002  015  010  000  000  000  000  000  011  036  052 
 036  002  000  020  014  015  018  008  000  000  000  000  016  047  056  039 
 030  002  008  032  031  026  018  002  000  000  000  006  057  068  044  024 
 030  000  000  028  023  012  003  000  000  000  017  051  076  055  025  020 

Celda20

 005  000  002  011  015  006  000  000  005  053  078  060  023  008  000  000 
 000  000  000  000  000  000  000  012  059  078  071  046  014  008  000  000 
 001  000  000  000  000  000  000  058  089  066  039  021  000  003  004  003 
 000  000  000  000  000  000  030  089  074  026  012  009  000  005  009  008 
 000  000  000  000  000  012  074  087  036  000  006  014  011  014  015  012 
 006  000  000  000  016  069  093  063  017  005  015  020  014  011  011  012 
 000  000  000  017  067  097  079  037  008  012  026  018  007  002  003  006 
 000  000  006  042  079  073  039  010  004  018  027  012  004  006  006  001 
 000  000  022  052  051  024  000  000  006  024  024  008  001  006  008  002 
 004  031  047  040  014  008  004  002  012  023  020  006  000  000  001  002 
 037  057  045  021  006  000  006  010  016  022  020  005  000  000  000  000 
 059  049  031  016  018  015  004  006  014  022  021  008  000  000  000  000 
 040  025  023  013  018  025  026  018  011  014  014  008  006  004  000  000 
 020  023  026  008  005  012  024  032  029  016  003  002  005  006  000  000 
 023  034  026  000  000  001  011  016  018  020  020  010  000  000  000  000 
 030  034  016  000  000  004  004  000  000  006  013  010  000  000  000  006 

Celda21

 006  016  022  018  009  025  020  004  006  022  018  000  000  002  000  000 
 000  010  010  012  012  035  033  018  014  018  012  000  000  000  000  000 
 006  014  007  006  010  039  039  021  016  002  000  000  000  000  000  000 
 014  017  009  008  014  040  034  011  009  000  000  001  000  000  000  000 
 017  016  010  013  022  032  022  002  004  003  000  004  000  000  000  000 
 018  012  004  006  013  010  010  006  003  006  004  000  000  000  000  000 
 008  000  000  002  006  002  008  011  000  000  000  000  000  000  000  000 
 000  000  000  000  002  004  010  008  000  000  000  000  000  000  000  012 
 000  000  002  000  000  004  008  000  000  000  000  000  000  004  016  020 
 000  000  001  000  000  000  000  000  000  000  004  010  014  007  003  003 
 000  000  000  000  000  000  000  000  000  011  031  027  007  000  000  006 
 000  000  000  000  000  000  000  007  023  033  019  003  000  000  002  011 
 000  000  000  000  004  012  011  021  025  010  000  000  000  008  022  019 
 000  000  000  000  012  020  011  008  004  002  001  004  026  044  034  024 
 000  004  011  012  007  014  012  012  006  001  009  022  050  050  024  022 
 000  004  002  000  000  009  018  016  012  006  012  031  047  033  014  018 

Celda22

 004  001  000  000  000  000  002  000  000  000  000  012  031  040  052  047 
 003  008  000  000  000  000  000  000  000  002  035  057  046  037  023  015 
 000  006  000  000  000  000  000  000  000  027  056  050  028  022  012  000 
 000  000  000  000  000  002  005  008  015  025  021  014  000  001  005  004 
 000  000  000  000  009  021  031  027  017  006  006  010  006  000  000  004 
 000  000  000  005  026  042  037  018  010  013  012  008  008  003  008  010 
 000  010  012  017  042  043  024  009  004  014  023  026  026  024  020  020 
 022  025  025  024  043  037  018  006  007  012  014  016  022  027  022  023 
 022  022  026  033  042  030  016  004  002  014  014  004  007  018  013  016 
 005  013  022  036  028  014  011  004  000  011  016  008  010  014  003  000 
 000  010  016  023  014  008  001  002  000  008  018  012  009  010  002  000 
 008  013  017  008  002  004  003  000  002  008  016  012  004  001  000  004 
 022  027  018  008  002  004  006  003  009  010  009  008  000  000  004  011 
 029  030  012  013  014  014  008  000  006  001  000  004  000  000  012  017 
 025  018  004  015  024  022  014  003  000  000  000  002  000  000  014  019 
 018  006  000  013  018  016  014  012  006  000  000  000  000  001  010  015 

Celda23

 032  020  010  002  000  001  012  006  000  000  012  034  020  042  074  000 
 007  006  004  000  000  000  012  013  002  014  034  040  010  030  072  000 
 004  002  005  003  002  004  015  023  020  024  035  028  004  029  074  003 
 004  002  010  013  013  014  024  028  019  017  020  008  000  034  077  006 
 003  010  015  024  025  025  032  028  011  007  012  002  000  038  073  002 
 006  016  018  022  026  029  035  027  018  006  007  004  004  038  069  000 
 015  020  018  010  015  024  031  025  026  022  013  006  006  039  068  000 
 023  023  014  004  006  018  027  020  020  021  021  018  014  038  068  000 
 020  021  014  006  004  012  019  006  003  005  009  012  014  041  076  008 
 005  010  010  006  002  006  014  004  000  000  004  009  016  051  086  022 
 004  001  000  000  002  000  010  011  006  012  013  020  030  063  087  026 
 008  002  000  000  002  006  010  022  019  017  016  023  034  058  070  013 
 005  000  000  000  001  004  002  016  018  006  008  010  021  039  050  000 
 000  000  007  004  001  000  000  008  026  009  000  002  018  036  048  000 
 000  000  012  011  004  002  000  000  023  014  000  000  014  034  050  000 
 001  000  014  019  012  006  008  006  010  006  000  000  006  032  056  000 

Celda24

 000  000  000  008  026  026  024  037  062  030  000  000  000  039  053  038 
 000  000  000  000  017  008  010  021  049  024  000  000  000  040  044  033 
 000  000  000  000  016  000  000  008  042  020  000  000  000  036  037  025 
 001  001  000  000  020  000  000  005  043  024  000  003  002  036  036  019 
 001  002  002  000  022  000  000  002  046  028  000  000  002  040  040  017 
 001  004  008  005  016  000  000  003  048  026  000  000  002  044  041  012 
 002  006  012  010  007  000  003  019  053  014  000  000  018  043  025  000 
 002  005  010  008  000  000  000  026  049  004  000  006  034  036  008  000 
 001  002  003  004  000  000  000  028  038  003  002  007  035  017  000  000 
 000  000  000  000  000  000  000  036  038  000  000  004  020  000  000  000 
 000  000  000  001  002  001  000  032  032  000  000  008  013  000  000  000 
 000  000  000  000  002  006  006  020  014  000  000  014  010  000  000  001 
 000  000  000  000  001  006  007  012  000  000  000  026  016  004  000  000 
 000  000  000  000  000  000  000  004  000  000  005  037  026  002  000  000 
 001  004  008  008  000  000  000  002  000  000  016  051  028  002  001  004 
 002  006  010  007  000  000  000  007  004  006  034  049  016  000  002  005 

Celda25

 033  019  000  000  000  000  000  008  012  006  000  010  013  002  002  003 
 024  000  000  000  000  000  007  016  015  011  002  000  014  008  006  012 
 014  000  000  000  000  012  020  015  008  010  012  006  006  010  008  016 
 000  000  000  000  011  015  014  011  004  011  019  016  004  009  008  014 
 000  000  000  012  019  008  012  014  008  008  009  008  002  004  006  009 
 000  000  011  031  017  008  014  011  003  000  000  000  000  000  004  006 
 000  002  028  029  013  011  009  000  000  000  000  000  000  000  002  006 
 000  012  030  019  015  009  002  000  000  000  000  000  000  008  012  016 
 002  022  020  005  004  000  000  000  002  000  000  000  002  009  012  018 
 004  017  020  010  000  000  000  006  000  000  000  002  008  011  001  004 
 001  006  012  013  000  000  000  010  000  000  004  013  010  006  000  004 
 000  000  004  011  002  000  000  008  000  000  004  009  006  000  001  007 
 005  002  007  012  000  000  000  006  000  000  002  004  003  000  000  010 
 008  008  007  006  000  002  004  006  000  000  000  000  000  000  000  008 
 010  009  003  000  000  001  010  010  005  000  000  000  000  000  000  004 
 004  006  000  000  005  012  005  004  008  004  000  000  000  000  000  000 

Celda26

 010  016  006  006  009  015  011  000  000  000  000  000  000  000  034  062 
 008  006  003  000  014  015  005  000  000  000  000  000  000  000  041  070 
 013  000  000  000  003  018  010  000  000  000  000  000  000  000  054  081 
 009  000  000  000  000  016  018  000  000  000  000  004  010  016  057  062 
 001  000  000  000  000  016  023  004  002  002  004  006  010  008  032  046 
 000  000  004  006  013  028  029  006  002  000  000  000  000  000  036  039 
 002  010  030  034  026  017  006  000  000  000  000  000  000  014  054  037 
 028  040  041  027  009  000  000  000  000  000  000  000  000  033  046  008 
 036  036  018  000  000  000  000  000  000  000  000  000  000  038  042  006 
 025  018  000  000  000  000  000  000  000  000  000  000  000  040  043  019 
 023  018  000  000  000  000  000  000  000  000  000  000  000  047  053  033 
 018  015  000  000  000  000  000  000  000  000  000  000  015  054  051  028 
 014  008  000  000  000  000  000  000  000  000  000  008  035  053  035  024 
 012  002  000  000  000  000  000  000  000  000  000  000  033  043  037  028 
 011  000  000  000  000  000  000  000  000  000  000  002  028  034  039  036 
 010  002  000  000  000  000  000  000  000  000  000  011  028  031  039  034 

Celda27

 033  000  006  025  014  001  000  000  005  016  040  055  045  024  015  026 
 039  000  005  024  008  000  000  008  031  047  049  035  012  009  019  032 
 040  000  001  019  002  000  009  044  064  057  043  023  008  005  018  026 
 029  000  000  019  011  028  055  067  060  043  029  014  008  000  012  027 
 022  000  007  030  047  056  061  051  033  022  016  005  006  004  001  026 
 010  000  024  059  061  049  044  032  015  010  014  005  000  008  008  013 
 000  005  050  070  048  032  033  025  012  006  006  005  005  002  000  000 
 000  019  064  053  026  027  032  020  008  011  008  006  007  000  000  000 
 000  034  053  033  021  033  035  022  008  006  008  006  000  000  000  000 
 015  032  045  026  022  038  036  022  011  001  000  000  000  000  000  014 
 008  022  046  036  033  043  035  016  004  000  000  000  000  000  006  019 
 003  022  053  041  023  028  028  008  000  000  000  004  008  006  010  011 
 012  030  050  032  012  020  022  001  000  002  003  012  020  012  010  010 
 017  031  046  024  009  020  018  000  000  016  017  014  018  010  008  020 
 023  030  040  024  018  034  024  006  013  030  020  006  008  012  016  021 
 017  023  038  034  034  034  014  002  013  025  013  002  000  010  020  020 

Celda28

 037  028  006  000  000  000  000  000  000  004  000  000  000  000  000  018 
 034  015  000  000  000  000  000  000  000  000  000  000  000  022  022  005 
 024  008  000  000  000  000  000  000  000  000  000  007  017  024  028  016 
 026  009  000  000  000  000  000  000  004  002  016  025  015  002  010  017 
 030  009  000  000  000  000  000  006  027  036  028  013  002  000  000  008 
 027  008  000  000  000  000  017  033  047  035  012  006  000  000  000  000 
 014  014  000  000  000  028  029  026  027  014  003  008  009  002  000  000 
 005  024  006  000  014  026  014  003  006  011  012  008  010  004  000  000 
 009  030  014  004  008  010  010  004  000  010  019  010  002  000  000  006 
 039  030  004  007  007  005  011  011  009  016  022  004  000  000  000  014 
 024  002  000  008  013  007  012  014  007  009  008  000  000  000  000  016 
 000  000  000  004  017  012  011  011  009  009  000  000  000  000  005  012 
 008  008  010  007  011  012  008  006  006  006  000  000  000  003  007  006 
 022  024  024  022  010  004  006  002  000  000  004  008  009  010  009  004 
 016  024  025  020  010  000  004  000  000  000  014  018  007  000  005  011 
 009  006  012  010  004  001  000  000  000  006  023  018  002  002  008  017 

Celda29

 005  000  000  000  000  014  025  026  024  020  023  035  038  022  015  021 
 000  000  000  000  002  020  028  028  027  022  024  032  029  016  017  018 
 000  000  000  000  006  024  033  036  027  015  014  018  013  006  010  004 
 014  006  004  005  017  038  043  035  018  007  010  013  008  005  009  004 
 016  020  022  024  036  049  040  018  008  003  010  014  006  006  010  006 
 012  024  032  033  034  042  028  005  000  000  008  012  007  009  012  010 
 005  016  022  022  016  027  017  006  005  004  000  006  009  012  012  012 
 000  010  016  016  010  013  008  001  004  009  012  010  014  015  008  009 
 010  011  012  014  010  001  006  000  000  002  006  010  013  019  013  004 
 012  004  002  003  008  004  000  000  000  011  008  000  004  018  016  012 
 008  002  002  000  000  004  000  000  004  015  012  000  011  020  013  010 
 004  000  000  000  000  000  000  000  008  014  014  018  024  018  005  008 
 001  000  000  000  000  000  000  000  008  012  018  026  022  007  000  006 
 002  004  002  000  000  000  000  000  001  008  024  032  014  000  000  000 
 020  022  019  014  004  000  000  002  000  000  028  038  017  000  000  000 
 028  027  020  012  006  002  003  009  006  005  025  039  018  000  000  000 

Celda30

 020  010  000  010  004  000  004  010  014  010  006  007  014  018  014  009 
 012  007  000  006  004  000  000  002  008  008  006  015  023  019  020  019 
 000  004  004  000  002  000  000  000  004  010  014  019  019  013  016  022 
 000  006  008  003  002  002  001  000  006  016  018  012  013  014  014  016 
 002  000  010  012  014  010  006  001  014  017  016  012  015  020  014  005 
 010  002  010  022  024  019  014  008  022  025  022  024  018  017  005  000 
 014  014  013  018  022  018  018  017  028  038  030  030  020  005  000  000 
 014  020  017  004  003  006  012  017  027  040  024  014  008  000  000  000 
 008  019  020  008  000  000  000  005  018  025  006  000  000  000  000  000 
 010  006  012  006  000  000  000  000  010  011  000  000  000  000  000  000 
 015  016  006  000  000  000  000  004  012  005  000  000  000  000  000  000 
 007  010  014  013  012  008  000  000  007  004  000  000  000  000  000  000 
 010  002  000  000  000  000  000  000  000  002  000  000  000  000  000  000 
 004  001  000  000  000  000  000  000  000  000  000  000  000  000  000  000 
 000  000  000  000  000  000  000  006  009  006  000  000  000  000  000  000 
 000  000  000  002  000  004  010  022  015  006  000  000  000  000  000  000 

Celda31

 004  013  029  030  020  008  008  007  000  000  000  000  000  034  067  000 
 024  037  039  028  017  004  002  000  000  000  000  000  000  041  076  003 
 030  039  029  011  003  000  000  000  000  000  000  000  000  042  080  000 
 018  018  004  000  000  000  000  000  000  000  000  000  000  042  086  000 
 000  000  000  000  000  000  000  000  000  000  000  000  000  050  101  000 
 000  000  000  000  000  000  000  000  000  000  000  000  000  066  118  000 
 000  000  000  000  000  000  000  000  000  000  000  000  006  093  138  013 
 000  000  000  002  000  000  000  000  000  000  000  011  057  117  140  019 
 000  000  000  004  000  000  000  000  000  000  010  049  069  105  124  018 
 000  000  007  000  000  000  000  000  002  025  039  047  043  072  099  003 
 000  010  005  000  000  000  000  002  037  045  037  030  022  066  099  000 
 006  004  000  000  000  000  004  031  042  037  032  030  027  068  103  002 
 000  000  000  000  000  000  040  055  046  039  034  024  019  065  104  005 
 000  000  000  000  005  035  069  064  045  037  023  008  003  051  094  000 
 000  000  000  020  043  063  076  059  033  021  008  008  008  050  090  000 
 000  000  032  057  060  057  056  038  015  009  006  013  018  049  087  000 

Celda32

 001  002  004  000  000  000  002  012  008  014  044  040  008  000  002  001 
 000  000  000  000  000  000  010  000  000  010  044  035  013  008  001  001 
 000  000  000  000  000  000  016  000  001  020  043  031  016  015  008  001 
 000  000  000  000  000  000  034  021  021  030  044  028  012  012  012  012 
 000  000  000  000  000  022  065  041  030  025  039  022  005  007  015  020 
 000  000  000  000  005  036  064  026  019  013  025  010  000  000  008  016 
 003  006  009  010  010  034  047  003  000  000  013  004  000  006  012  010 
 002  004  008  007  006  025  036  000  000  000  010  004  000  012  020  012 
 000  000  000  000  000  018  028  000  000  000  014  017  021  031  028  012 
 000  000  000  000  000  018  026  000  000  000  023  033  028  023  015  003 
 000  000  000  000  000  018  031  008  000  000  028  031  008  000  004  002 
 000  000  000  000  000  020  034  012  000  000  032  029  000  000  007  006 
 000  000  000  000  000  034  030  002  000  004  037  026  000  000  008  006 
 000  000  000  000  002  040  018  000  000  011  042  024  000  000  004  003 
 000  000  000  000  016  035  003  000  000  012  043  026  000  000  000  000 
 000  000  000  000  026  037  002  000  000  009  040  030  003  000  000  000 

Celda33

 000  002  002  000  004  011  006  008  002  009  006  000  000  002  001  000 
 000  002  012  012  010  002  004  012  007  002  010  006  001  002  002  000 
 010  021  027  018  009  002  000  009  010  000  002  004  000  000  000  000 
 024  026  020  010  005  004  006  013  013  002  001  003  002  000  000  000 
 022  017  010  007  008  012  026  037  030  020  013  011  012  012  010  009 
 014  014  015  012  014  016  034  038  028  026  022  017  014  014  016  018 
 012  013  017  011  014  013  027  027  017  020  018  013  010  008  009  012 
 006  006  006  005  006  009  019  022  015  012  010  007  006  004  001  001 
 001  000  000  006  002  000  009  018  012  002  004  008  010  010  007  002 
 000  000  000  004  009  004  005  016  014  000  004  009  011  010  005  000 
 000  000  000  000  008  012  006  012  016  000  006  006  001  000  000  000 
 000  000  000  000  000  014  012  012  020  008  002  003  000  000  000  000 
 000  000  000  000  000  010  016  016  022  012  000  000  000  000  000  004 
 000  000  000  001  000  002  014  016  016  008  000  000  000  000  000  007 
 000  000  001  008  000  001  007  008  002  000  001  000  000  000  000  000 
 005  001  004  010  004  000  000  000  000  000  002  001  000  000  000  000 

Celda34

 006  005  000  000  000  000  000  000  000  000  000  020  028  031  045  029 
 000  002  000  000  000  000  000  000  000  000  000  028  028  032  051  032 
 000  000  000  000  000  000  000  000  000  000  000  039  032  031  055  037 
 000  000  000  000  000  000  000  000  000  000  006  054  041  032  053  042 
 008  008  009  005  004  010  012  006  003  002  000  046  034  028  052  041 
 014  010  010  011  009  009  011  012  008  002  000  044  042  028  043  030 
 010  005  002  005  006  004  004  005  001  000  000  040  046  034  034  020 
 002  000  000  000  000  006  007  003  000  000  000  036  046  042  035  016 
 000  000  000  000  000  002  008  004  000  000  000  030  052  054  045  018 
 000  000  007  009  001  000  000  000  000  000  002  027  057  071  053  019 
 000  002  010  014  008  000  000  000  000  000  005  042  071  078  051  009 
 000  002  000  000  000  000  000  000  000  000  011  062  080  078  044  000 
 006  000  000  000  000  000  000  000  000  000  031  073  075  066  031  000 
 000  000  000  000  000  000  000  000  000  000  042  065  051  039  014  000 
 000  000  000  000  004  002  000  000  000  000  036  052  041  036  014  000 
 000  000  000  006  008  000  000  000  000  000  026  045  044  040  014  000 

Celda35

 002  006  034  038  030  019  004  000  014  022  012  005  008  004  012  020 
 000  004  036  037  024  013  004  009  023  026  018  013  016  014  002  010 
 007  012  040  037  022  014  014  024  031  029  021  017  013  012  006  000 
 008  012  040  039  024  021  022  024  027  023  016  011  001  000  000  003 
 004  004  032  033  019  016  015  016  020  014  007  002  000  000  000  000 
 003  008  034  030  014  014  012  016  024  017  004  000  000  000  000  000 
 002  016  039  025  008  008  008  017  030  022  004  000  000  000  000  000 
 004  021  042  023  000  001  004  020  036  028  010  004  001  000  000  000 
 002  022  042  022  002  004  016  037  052  041  016  002  000  000  000  000 
 003  016  046  028  000  009  034  052  052  032  000  000  000  000  000  000 
 002  011  047  030  003  015  043  046  030  010  000  000  000  000  000  000 
 000  017  044  026  008  021  038  026  012  002  000  000  000  000  000  000 
 000  018  034  018  012  026  029  020  012  000  000  000  000  000  000  000 
 000  025  032  016  014  021  016  014  014  003  000  000  000  000  002  011 
 001  037  033  015  020  020  005  008  014  007  000  000  000  000  007  020 
 020  046  028  016  026  024  012  013  016  005  000  000  000  000  014  014 

Celda36

 016  006  000  000  000  000  000  000  004  016  025  014  000  004  013  012 
 014  010  000  000  000  000  000  005  010  021  022  008  000  008  008  007 
 005  004  000  000  000  004  006  012  010  013  018  005  000  009  000  000 
 000  000  000  000  000  010  012  002  003  002  010  004  004  010  000  000 
 000  000  000  000  001  012  008  001  000  001  002  000  004  010  000  000 
 000  000  000  002  009  015  006  000  003  012  020  017  002  004  004  004 
 000  000  000  006  021  021  012  008  014  025  028  024  020  005  004  010 
 000  000  001  019  028  014  006  004  014  019  009  006  018  019  004  011 
 000  000  010  030  026  002  000  000  010  008  000  005  000  012  010  008 
 000  008  017  028  022  004  000  000  008  002  000  010  010  000  012  021 
 003  019  015  016  018  008  000  000  007  005  001  008  016  003  012  028 
 017  020  010  006  012  008  000  000  011  018  019  026  027  008  004  020 
 019  012  006  008  008  006  002  008  019  032  029  027  017  003  000  018 
 019  008  007  012  013  015  016  018  029  035  022  011  000  000  000  023 
 016  010  015  019  016  014  014  016  022  016  006  008  000  000  000  024 
 010  015  020  013  002  004  008  012  008  000  000  001  000  000  000  021 

Celda37

 021  018  012  008  007  010  014  019  016  022  038  049  029  011  008  004 
 024  017  002  011  022  028  027  027  025  030  039  047  030  012  012  010 
 025  024  000  005  024  036  035  029  030  026  022  024  014  000  003  010 
 024  024  002  004  017  018  021  020  022  016  012  002  006  000  000  013 
 020  020  008  016  016  000  000  003  006  006  009  002  000  006  010  005 
 018  014  009  024  019  000  000  000  000  002  000  000  000  010  016  000 
 019  008  002  024  026  007  004  002  000  000  000  000  000  010  015  000 
 021  005  000  019  030  016  004  000  000  000  000  000  000  014  008  000 
 018  002  000  012  024  019  008  000  000  000  000  000  011  012  000  000 
 024  002  000  008  017  015  006  000  000  000  000  007  000  000  000  000 
 030  020  014  024  032  015  000  000  000  000  000  006  000  000  000  000 
 021  016  018  034  036  014  002  000  000  000  000  000  000  000  000  001 
 011  000  000  022  017  004  006  002  000  000  000  000  000  000  001  000 
 008  000  003  018  008  000  000  000  000  000  000  006  006  003  000  000 
 006  000  010  021  003  000  000  000  000  006  021  044  033  010  000  000 
 008  000  010  021  000  000  000  000  000  019  033  035  009  000  000  012 

Celda38

 002  007  008  001  000  004  018  013  000  000  000  000  000  000  000  000 
 011  012  012  004  000  008  006  000  000  000  000  000  000  000  000  019 
 017  012  006  000  000  003  000  000  000  000  000  000  000  012  044  068 
 014  004  000  000  000  000  000  000  000  000  000  000  016  069  081  067 
 000  000  000  000  000  000  000  000  000  000  000  014  070  096  069  030 
 000  000  000  000  000  000  000  000  000  000  015  065  096  087  040  008 
 000  000  000  000  000  000  000  000  000  020  063  075  071  054  026  022 
 000  000  000  000  000  000  000  000  027  073  072  042  030  034  033  038 
 000  000  000  000  000  000  023  059  081  083  050  019  029  049  047  040 
 000  000  000  000  000  040  091  100  082  059  034  035  061  068  046  023 
 000  000  000  000  014  077  106  078  040  028  034  053  062  043  018  004 
 000  000  000  000  036  088  084  032  006  011  033  043  030  002  000  000 
 000  000  000  014  052  075  050  008  000  010  030  032  018  000  000  000 
 000  000  017  043  044  044  036  010  000  012  028  030  019  000  000  000 
 000  021  052  046  023  026  028  017  012  019  025  024  019  004  001  010 
 032  060  061  043  024  019  020  019  020  027  027  025  023  017  016  027 

Celda39

 014  040  049  050  037  025  022  014  002  004  003  016  014  045  088  007 
 056  049  031  019  018  018  014  014  004  000  000  016  009  044  090  016 
 064  031  009  001  016  029  036  027  012  002  000  020  014  038  076  002 
 042  020  014  012  032  049  046  024  011  006  001  020  016  040  078  000 
 013  016  026  031  038  038  026  005  000  002  004  015  020  048  086  008 
 009  023  029  031  018  008  017  006  000  000  002  006  022  052  083  006 
 030  036  024  014  003  000  010  012  001  000  003  000  014  060  090  000 
 044  027  003  000  000  000  009  020  008  002  004  004  000  060  098  000 
 029  016  000  000  000  000  014  024  010  002  008  011  006  052  102  000 
 004  001  000  000  000  007  024  022  007  002  008  015  014  046  098  000 
 000  000  002  006  000  014  033  020  002  008  009  014  022  038  085  000 
 000  000  000  014  019  014  029  016  002  014  021  006  010  025  078  001 
 000  000  000  003  019  016  011  010  006  017  022  009  000  023  087  018 
 000  000  000  000  007  008  000  008  012  015  018  010  000  034  087  011 
 012  008  000  000  000  002  000  008  013  010  014  014  002  037  083  000 
 030  021  006  000  001  011  012  003  010  009  013  014  000  036  089  000 

Celda40

 000  000  000  000  032  037  004  000  000  004  036  030  006  000  000  000 
 000  000  000  000  037  038  006  002  004  002  032  028  005  000  000  000 
 001  002  006  008  041  039  014  008  007  001  030  023  000  000  000  000 
 000  000  003  008  043  037  012  000  000  000  026  021  000  000  001  003 
 000  000  000  000  034  024  004  000  000  000  020  021  000  000  002  009 
 000  000  000  000  036  021  000  000  000  004  015  020  002  002  000  012 
 000  000  000  000  032  022  000  001  007  010  018  027  016  010  006  011 
 000  000  000  000  030  024  004  002  003  005  012  027  019  008  002  009 
 000  000  000  000  038  028  004  000  000  002  002  021  014  000  000  012 
 001  000  000  000  044  034  005  000  000  002  000  015  016  000  000  017 
 001  000  000  000  042  041  014  000  000  000  000  004  010  000  001  024 
 000  000  000  000  032  044  028  013  000  000  000  000  000  000  012  031 
 002  006  012  012  018  038  036  022  003  000  000  000  000  000  015  029 
 001  004  014  019  019  036  034  020  004  000  002  004  006  016  026  027 
 000  000  002  006  007  034  045  029  009  006  007  008  009  017  014  015 
 001  002  003  005  006  037  052  029  010  006  008  009  006  006  001  009 

Celda41

 003  002  002  011  010  000  000  000  000  000  000  002  000  000  000  005 
 000  000  000  015  015  000  000  000  005  012  007  000  000  000  000  000 
 000  000  001  020  018  009  008  010  014  012  010  000  000  000  001  000 
 000  008  018  028  020  014  009  005  003  000  001  006  008  006  000  000 
 011  022  025  017  010  010  003  000  000  000  000  006  020  022  014  008 
 022  024  011  006  000  003  000  000  000  000  000  000  010  015  016  018 
 024  019  000  000  000  000  000  000  001  002  005  008  000  000  004  016 
 020  012  000  000  000  000  000  002  006  004  006  008  000  000  003  012 
 016  002  000  000  000  000  000  000  008  006  004  007  000  002  016  011 
 012  000  001  002  000  000  000  000  002  005  004  008  009  010  018  012 
 008  000  000  002  000  000  002  002  000  003  002  008  016  014  016  016 
 011  000  000  000  000  000  000  000  006  012  009  006  012  014  018  019 
 015  000  000  000  000  000  000  001  005  006  002  000  004  013  020  018 
 015  002  000  000  001  008  006  002  008  000  000  000  000  012  020  018 
 013  003  002  004  017  024  028  022  013  000  000  000  000  011  020  020 
 014  005  000  000  016  011  014  018  016  015  016  014  008  008  017  016 

Celda42

 004  002  002  007  000  000  000  002  005  002  016  038  048  042  010  010 
 000  002  003  000  000  000  000  007  017  028  042  050  051  038  006  016 
 000  000  000  000  000  000  000  005  020  038  050  048  043  028  008  021 
 000  000  000  000  000  003  004  008  020  030  038  029  013  012  016  029 
 005  004  000  000  008  017  018  019  020  018  017  008  000  002  030  044 
 020  016  006  002  012  016  018  024  020  011  000  000  000  004  047  064 
 022  020  017  016  021  012  014  024  018  011  000  000  000  027  081  073 
 015  018  024  028  023  016  018  024  014  010  002  000  000  062  091  056 
 006  013  022  024  015  008  013  011  006  008  005  000  002  070  071  023 
 003  008  006  002  000  000  005  000  000  000  002  002  004  068  058  017 
 004  000  000  000  000  000  002  000  000  000  000  000  004  054  050  022 
 001  000  000  000  000  000  000  000  000  000  000  000  000  034  042  034 
 000  000  000  000  000  000  000  000  000  000  000  000  000  016  039  048 
 002  000  000  000  000  000  000  000  000  000  000  000  000  004  040  054 
 006  000  000  000  000  004  006  006  002  000  000  000  000  004  041  051 
 008  000  000  000  000  004  000  000  000  000  000  000  000  017  040  042 

Celda43

 036  039  017  019  028  021  012  016  021  014  011  006  000  000  022  014 
 045  030  012  023  026  017  010  009  010  009  012  012  010  008  025  023 
 041  030  020  028  024  014  009  006  007  007  000  004  012  014  025  026 
 043  035  035  037  023  006  004  005  006  006  000  000  006  016  025  026 
 049  045  046  040  018  002  000  005  011  003  000  000  009  022  025  021 
 054  046  039  023  004  000  000  003  014  002  000  008  019  019  008  000 
 046  031  021  010  001  000  000  000  006  002  003  014  020  010  000  000 
 020  020  016  004  000  000  000  000  000  004  010  016  014  003  000  004 
 006  014  014  004  000  000  000  000  000  007  013  017  012  000  000  011 
 004  013  014  007  007  009  010  012  020  027  023  020  020  014  012  011 
 016  020  018  015  020  018  016  023  036  034  023  017  012  006  000  000 
 030  023  012  010  015  012  016  029  033  023  017  009  000  000  000  004 
 036  020  012  012  018  019  020  028  022  012  006  000  000  000  006  012 
 034  017  012  016  020  024  027  022  008  000  000  000  000  000  006  014 
 031  016  014  020  023  021  020  019  011  000  000  000  000  004  000  008 
 030  016  016  026  026  016  010  015  013  000  000  000  000  000  000  000 

Celda44

 011  019  015  000  000  007  012  010  001  000  000  000  000  000  000  020 
 018  016  006  000  000  006  012  007  000  000  000  000  000  000  000  022 
 017  009  004  004  005  000  000  000  000  000  000  000  000  003  014  034 
 016  005  000  001  004  004  000  000  000  000  002  016  023  024  031  029 
 013  000  000  000  004  008  010  010  010  010  022  042  032  022  014  002 
 004  000  000  005  013  015  012  010  012  016  024  028  012  004  000  000 
 006  000  002  015  014  012  008  004  004  014  017  010  008  000  000  000 
 010  006  009  018  008  004  002  000  004  014  012  003  000  000  000  000 
 014  010  014  014  000  000  000  006  013  011  000  000  000  000  000  000 
 014  012  014  008  000  000  002  013  016  004  000  000  000  000  000  017 
 015  016  010  002  000  000  006  012  008  000  000  000  000  000  008  017 
 016  018  008  000  000  002  006  002  000  000  000  000  003  012  010  000 
 014  016  009  000  000  004  002  000  000  000  000  000  011  000  000  000 
 014  015  012  005  006  002  000  000  000  000  000  000  001  000  000  000 
 016  021  017  008  002  000  000  000  000  005  005  000  000  000  000  000 
 014  024  022  009  000  000  000  000  000  000  000  000  000  000  001  035 

Celda45

 010  000  008  018  000  000  000  006  016  014  000  000  000  000  004  035 
 016  002  008  010  000  000  004  020  012  000  000  000  000  000  017  043 
 026  012  004  000  000  000  008  006  000  000  000  000  005  022  040  040 
 017  002  000  000  000  000  000  000  000  000  000  029  047  046  046  042 
 000  000  000  000  000  000  000  000  001  000  018  054  060  052  045  040 
 000  000  000  000  000  000  000  000  019  024  038  056  059  049  038  020 
 000  000  000  000  000  000  000  026  060  055  053  056  051  040  033  026 
 000  000  000  000  000  000  025  077  078  057  053  050  044  041  030  038 
 012  028  022  002  000  030  067  078  055  036  036  037  042  048  035  032 
 035  013  006  006  029  062  059  038  025  024  027  036  045  040  021  010 
 011  000  000  012  048  050  022  016  032  036  036  047  048  025  012  011 
 000  000  000  033  045  029  016  028  054  059  046  044  040  020  008  012 
 000  006  042  051  032  028  045  062  069  059  036  021  015  006  012  005 
 004  046  063  038  018  037  064  063  046  030  015  008  008  008  000  006 
 037  063  048  014  008  035  050  035  015  004  008  008  002  005  010  002 
 060  059  034  003  002  028  038  022  006  000  002  010  006  000  002  006 

Celda46

 060  064  055  044  037  033  020  008  021  036  035  036  039  035  024  020 
 045  039  037  037  034  028  021  006  016  042  042  032  030  021  003  000 
 031  028  028  025  020  012  017  016  015  037  038  030  034  018  000  000 
 037  031  020  007  010  006  009  014  012  023  026  026  034  022  000  000 
 033  017  010  000  009  011  003  012  014  006  016  029  033  022  000  000 
 012  004  000  000  011  016  012  020  026  014  006  034  037  022  003  002 
 002  002  000  001  018  017  013  021  026  030  018  022  036  026  005  000 
 032  014  003  008  008  001  007  022  011  022  028  010  019  028  012  000 
 044  038  018  005  001  000  005  028  020  000  010  012  000  021  018  006 
 028  041  034  012  000  000  004  022  018  011  000  000  000  005  020  014 
 008  021  026  022  016  016  012  004  008  012  006  000  000  000  014  026 
 006  000  011  022  024  019  013  001  000  004  003  000  000  000  002  035 
 004  000  007  016  015  006  002  000  000  000  003  009  000  002  000  028 
 002  000  000  000  000  000  000  000  000  000  010  019  000  007  010  004 
 000  000  000  000  000  000  000  000  009  008  006  018  004  000  006  008 
 000  000  000  000  000  000  000  010  024  030  008  000  006  008  000  012 

Celda47

 016  010  001  000  010  012  021  014  003  010  008  002  000  039  100  000 
 000  000  000  000  018  006  008  011  008  007  000  000  000  041  106  000 
 000  000  000  000  018  018  000  000  000  000  000  000  006  044  103  000 
 000  000  000  000  012  026  000  000  000  000  000  000  008  054  113  014 
 000  000  000  000  006  034  008  006  000  000  000  008  003  051  109  015 
 000  000  004  010  004  036  012  000  006  004  000  009  004  051  102  000 
 002  009  014  016  006  023  015  000  000  010  004  004  002  052  106  000 
 000  002  000  000  000  004  012  004  000  000  000  000  008  063  111  004 
 003  000  000  000  004  000  004  014  012  000  004  009  032  078  115  015 
 006  000  000  002  014  006  000  024  031  026  034  026  024  064  103  009 
 016  000  000  000  000  002  003  027  044  040  031  022  000  064  108  000 
 034  000  000  000  000  021  034  025  037  034  000  002  000  061  120  000 
 044  009  000  000  038  051  052  028  008  032  018  000  000  048  123  000 
 036  029  003  019  059  051  030  022  005  024  030  003  008  030  115  000 
 027  044  025  019  039  028  004  016  026  045  046  012  010  015  103  000 
 038  047  020  003  026  029  007  020  030  032  019  000  000  007  095  000 

Celda48

 003  007  014  016  014  045  052  017  001  002  006  008  003  000  000  006 
 003  008  017  020  018  042  041  008  000  000  000  000  000  000  000  006 
 001  004  013  023  024  029  027  006  000  000  000  000  000  000  000  006 
 000  003  014  028  031  017  019  010  002  002  000  000  000  000  002  001 
 001  004  010  018  021  015  012  012  006  012  008  000  000  006  012  008 
 001  001  000  002  006  008  002  011  004  005  012  012  006  015  028  017 
 000  000  000  000  002  004  000  006  006  000  000  008  010  019  028  016 
 000  000  000  000  000  000  000  000  008  000  001  004  006  013  017  012 
 000  000  000  000  000  000  000  000  014  012  009  006  006  014  009  010 
 000  000  000  000  000  000  000  000  020  015  002  002  008  026  014  002 
 000  000  000  000  000  000  000  000  021  012  000  000  018  033  019  013 
 000  000  000  000  000  000  000  011  024  005  000  000  028  028  011  012 
 000  000  000  000  000  000  000  023  023  000  000  004  026  015  000  004 
 000  000  000  000  000  000  004  022  016  000  002  001  014  008  000  000 
 000  000  000  000  000  000  009  016  012  000  000  000  010  004  000  001 
 000  000  000  000  001  010  015  015  007  000  000  000  008  005  002  007 

Celda49

 014  008  000  002  012  006  000  000  000  002  011  020  026  028  025  005 
 012  008  004  006  010  006  001  004  001  000  000  009  024  032  026  014 
 007  006  008  012  013  010  011  013  012  010  008  016  019  012  009  014 
 000  004  012  016  016  017  015  010  012  014  013  007  006  003  000  000 
 002  004  016  013  016  025  016  000  000  003  002  000  000  002  002  000 
 022  029  039  026  028  037  017  000  000  000  000  000  000  004  004  007 
 022  039  040  025  026  032  013  004  004  006  009  014  017  023  025  031 
 017  027  020  010  005  016  008  006  013  014  011  012  015  025  025  024 
 020  018  003  000  000  011  012  000  000  002  001  003  013  020  010  000 
 020  020  005  000  000  009  010  002  000  000  002  009  021  018  004  000 
 018  019  006  000  005  014  012  005  006  010  015  017  018  006  000  000 
 018  020  009  009  014  014  015  015  015  019  018  011  004  000  000  000 
 011  013  009  015  017  016  020  017  011  012  008  004  000  000  000  000 
 006  012  016  020  017  016  017  009  002  002  000  000  000  000  000  000 
 010  015  019  013  004  006  005  000  000  001  000  000  000  004  008  014 
 010  014  013  002  000  004  008  002  000  002  000  000  002  004  006  014 

Celda50

 001  000  000  000  000  000  000  000  000  000  000  000  018  034  026  030 
 002  000  000  000  000  000  000  000  000  000  000  000  035  045  015  026 
 020  022  016  009  000  000  000  000  000  000  000  000  041  052  014  027 
 008  016  024  029  026  018  008  000  000  000  000  000  044  068  036  035 
 000  002  019  027  035  038  033  019  003  000  000  000  046  066  031  021 
 015  024  029  018  015  026  035  036  029  023  018  011  036  058  035  023 
 039  036  020  002  000  000  006  020  036  043  042  037  039  032  032  040 
 023  008  000  000  000  000  000  000  016  030  040  046  045  030  027  048 
 004  000  000  000  000  000  006  004  002  008  019  028  033  034  049  076 
 000  000  000  000  000  000  013  014  006  000  004  010  013  022  050  063 
 000  000  000  000  000  008  000  000  001  000  000  000  002  018  032  025 
 000  000  000  000  001  008  002  000  000  000  000  000  004  027  020  010 
 000  000  000  000  005  004  000  000  000  000  000  000  004  038  022  004 
 000  000  000  007  006  002  000  001  000  000  000  000  010  053  033  008 
 019  017  010  005  003  002  001  002  006  000  000  000  028  065  030  006 
 024  029  024  011  000  003  008  002  005  002  000  000  041  058  015  000 

Celda51

 032  019  020  030  028  012  006  018  022  007  002  000  000  000  000  001 
 040  020  022  036  028  009  007  025  030  010  012  013  007  000  000  006 
 045  020  020  042  034  018  019  031  024  004  010  020  020  010  004  014 
 041  021  019  042  040  025  022  024  017  009  008  011  014  018  020  028 
 033  028  026  038  042  026  014  012  013  012  008  000  004  018  029  028 
 032  036  031  031  034  030  015  010  012  012  008  000  002  010  017  010 
 042  036  024  018  024  029  022  015  014  014  010  002  000  002  000  000 
 042  030  026  016  016  028  032  024  019  014  006  000  000  000  000  000 
 043  014  024  020  015  028  041  034  018  006  000  000  000  000  000  000 
 030  019  030  021  011  025  045  040  018  000  000  000  000  001  006  006 
 011  026  043  031  012  016  040  041  022  006  010  018  022  023  014  000 
 016  028  034  021  016  010  029  038  032  033  041  042  032  010  000  000 
 016  032  030  011  000  010  035  037  034  044  042  022  013  000  000  000 
 008  021  024  020  012  029  052  047  037  038  032  000  000  000  000  000 
 007  010  017  028  033  044  048  039  033  025  013  000  000  000  000  000 
 012  023  034  045  038  029  032  024  012  004  000  000  000  000  000  004 

Celda52

 007  012  015  008  000  000  000  000  000  000  000  000  000  000  035  061 
 013  004  000  000  004  004  000  000  000  000  000  000  000  031  064  071 
 019  014  010  000  000  000  000  000  000  000  000  012  034  054  063  058 
 028  013  009  000  000  000  000  000  000  002  026  042  050  045  034  026 
 015  000  000  000  000  000  000  000  020  038  036  048  051  034  020  018 
 000  000  000  000  000  000  000  012  052  041  034  058  055  035  033  030 
 000  000  000  000  000  000  000  034  061  039  039  057  040  026  033  029 
 000  000  000  000  000  000  000  050  070  039  030  032  016  012  017  013 
 002  004  000  000  000  000  017  064  058  028  014  016  010  008  012  012 
 000  000  000  000  000  004  045  052  028  020  022  025  015  006  010  013 
 000  000  000  000  000  033  057  040  006  008  028  038  021  003  008  012 
 000  000  000  013  019  049  064  037  020  008  018  039  029  008  008  011 
 000  000  024  034  036  062  067  033  021  020  004  022  033  020  015  010 
 000  025  055  029  035  069  064  036  026  032  026  013  022  023  020  012 
 015  050  043  022  045  071  053  033  026  032  036  032  025  010  012  011 
 021  033  017  022  060  063  024  008  014  019  029  026  018  012  003  000 

Celda53

 063  050  026  004  000  017  034  025  011  006  006  010  010  000  000  000 
 058  034  010  000  000  005  028  024  010  012  021  019  007  000  000  000 
 041  014  000  000  000  000  020  023  007  010  031  031  004  000  000  000 
 018  001  000  000  000  000  008  025  011  006  026  030  008  000  000  000 
 012  000  000  000  008  005  000  022  021  010  015  022  014  000  000  000 
 013  002  002  012  019  026  020  010  022  013  010  018  018  002  000  000 
 022  020  016  018  021  030  039  025  006  012  009  012  014  002  000  000 
 009  012  012  014  026  026  042  041  017  003  008  006  004  000  000  006 
 003  000  001  008  023  027  026  036  026  000  006  009  000  000  000  012 
 002  000  000  004  015  022  003  004  010  000  000  020  000  000  000  009 
 001  000  000  000  006  020  008  000  000  000  000  020  008  000  000  006 
 000  000  000  000  001  020  006  000  000  000  000  009  018  004  022  039 
 000  000  000  000  000  024  008  000  000  000  000  000  030  042  055  043 
 002  000  000  000  000  024  014  000  000  000  003  014  042  049  038  015 
 006  006  000  000  000  011  014  000  000  000  010  020  028  032  032  013 
 004  010  002  000  000  000  012  000  000  004  008  008  005  014  030  020 

Celda54

 000  000  000  000  000  000  002  021  019  021  006  000  007  023  020  023 
 000  000  000  000  000  000  000  016  008  000  000  000  008  030  030  026 
 000  000  000  000  000  000  000  009  004  000  000  007  032  034  022  024 
 000  000  000  004  006  002  000  000  000  000  000  018  045  021  000  015 
 000  006  002  003  018  000  002  000  000  000  000  020  027  009  000  005 
 004  000  006  000  014  000  000  005  011  006  000  019  016  000  012  019 
 004  000  000  000  000  004  000  004  003  004  006  028  024  013  022  030 
 006  000  000  000  000  008  012  011  003  008  020  042  041  029  027  024 
 012  000  000  000  002  012  025  025  014  017  027  032  030  021  017  014 
 022  016  004  013  010  011  027  018  001  004  012  006  015  012  000  000 
 024  028  016  016  026  020  018  008  000  010  010  000  002  011  004  003 
 029  020  028  029  036  036  009  000  006  023  019  005  000  005  013  010 
 029  013  027  035  017  016  006  000  016  036  023  010  012  008  016  019 
 012  012  012  028  016  000  000  000  021  036  020  000  012  012  002  020 
 000  000  000  004  010  000  000  009  040  039  011  006  002  002  000  013 
 000  000  000  000  004  013  002  021  052  035  006  000  009  000  000  001 

Celda55

 031  022  012  010  028  032  008  010  010  000  000  000  000  010  102  009 
 014  004  000  013  038  034  000  000  000  000  000  003  008  024  109  011 
 016  005  000  006  036  038  000  000  005  014  022  039  030  034  111  011 
 021  018  007  017  033  032  010  004  010  015  017  023  013  024  102  011 
 026  034  038  039  035  020  012  001  000  002  000  000  000  015  084  000 
 038  048  049  037  016  004  000  002  004  000  000  000  000  030  091  000 
 034  032  038  025  000  002  000  000  012  010  000  002  000  036  101  000 
 019  010  027  030  010  000  007  006  006  019  000  017  021  040  105  000 
 014  012  007  025  020  004  000  009  010  012  010  006  017  031  100  000 
 008  014  015  009  017  007  002  000  004  000  010  002  000  017  093  002 
 014  013  017  016  000  002  010  014  000  000  000  009  000  024  096  008 
 016  020  011  012  004  000  013  019  000  000  000  007  004  040  104  014 
 026  025  006  000  000  000  014  025  000  004  008  007  008  052  105  009 
 028  014  000  000  000  000  014  036  020  022  032  040  031  055  100  000 
 039  014  000  000  000  008  021  040  029  018  037  043  036  044  097  000 
 038  018  000  000  002  016  016  022  030  014  017  004  001  022  094  006 

Celda56

 000  000  000  004  009  019  022  014  002  000  000  000  010  009  010  011 
 000  000  000  000  008  021  024  010  000  000  000  004  010  011  012  006 
 000  000  000  000  008  016  012  000  000  000  002  006  009  010  012  005 
 003  006  010  009  005  010  008  000  000  004  008  007  010  013  016  009 
 002  004  008  009  004  000  000  002  000  003  010  013  022  026  024  009 
 000  000  000  000  000  000  000  013  013  009  012  021  035  036  024  008 
 000  000  000  000  000  000  019  032  021  012  009  018  030  024  012  010 
 001  002  004  000  000  001  026  023  008  004  000  010  020  008  000  001 
 001  003  006  002  000  009  024  010  000  000  000  008  022  006  000  000 
 000  000  001  000  000  009  021  009  000  000  000  005  026  010  000  000 
 000  000  000  000  005  009  012  008  000  000  000  003  028  013  000  000 
 000  000  000  000  002  002  002  006  000  000  001  008  023  014  000  000 
 001  002  002  000  000  000  000  008  004  004  010  010  010  010  004  000 
 007  018  038  052  051  046  044  064  066  059  060  060  056  052  054  055 
 012  030  069  098  108  110  110  126  119  105  106  110  111  109  114  113 
 000  000  000  000  000  000  000  017  012  000  000  000  000  000  007  009 

Celda57

 006  006  008  000  000  005  012  007  005  004  002  002  000  000  000  003 
 000  000  004  000  000  004  010  010  008  005  002  000  000  000  000  000 
 000  000  004  002  002  005  008  012  010  004  000  000  000  000  000  000 
 004  003  007  006  002  003  009  011  008  002  000  000  001  002  000  000 
 004  007  015  011  005  003  006  005  007  006  002  000  002  000  000  000 
 000  006  016  008  004  000  005  002  009  013  003  000  000  000  000  004 
 006  008  014  002  004  003  005  003  009  012  000  000  000  002  006  010 
 008  006  006  006  000  004  008  008  007  007  000  000  003  016  018  011 
 000  000  000  003  006  004  004  005  002  000  000  000  004  012  006  002 
 000  000  000  000  008  013  010  007  004  000  000  000  010  012  000  000 
 000  000  000  000  006  014  010  009  008  001  000  003  017  002  000  000 
 000  000  000  000  006  011  004  004  007  002  003  016  009  000  000  004 
 004  004  002  000  004  014  005  000  000  001  014  022  002  000  000  007 
 054  057  058  058  055  069  061  056  054  053  070  059  036  041  048  050 
 105  105  108  112  114  125  117  111  118  122  127  108  100  105  110  109 
 001  000  000  000  000  012  009  000  000  001  007  000  000  004  000  000 

Celda58

 008  017  023  020  013  007  013  003  005  004  000  000  038  044  010  002 
 000  000  002  011  016  015  011  002  006  010  010  002  027  036  017  016 
 000  000  000  001  010  013  007  000  000  004  008  003  009  028  026  030 
 000  000  000  000  000  001  000  000  000  000  000  005  013  041  043  035 
 000  000  000  000  000  000  000  000  000  000  000  002  036  072  054  027 
 012  014  009  001  000  000  000  000  000  000  000  000  032  053  017  002 
 014  015  012  002  000  000  000  000  000  000  000  000  030  048  010  000 
 004  000  000  000  000  000  000  003  002  000  000  000  022  046  020  002 
 000  000  000  000  000  000  007  016  014  005  000  000  016  044  028  010 
 000  000  000  000  000  002  015  010  004  000  000  005  022  036  026  016 
 000  000  000  000  000  006  009  000  000  000  000  000  027  029  013  019 
 000  000  000  000  001  011  000  000  000  000  000  000  034  031  005  012 
 000  000  000  000  012  000  000  000  000  000  000  007  047  035  012  000 
 046  055  063  063  061  052  052  057  066  073  078  083  117  098  069  066 
 112  117  122  119  114  114  120  128  128  128  128  128  162  157  128  128 
 004  000  000  000  000  000  000  000  000  000  000  000  025  025  000  000 

Celda59

 019  025  029  031  020  021  028  022  011  004  000  000  000  000  000  018 
 018  014  018  020  016  018  020  011  004  006  000  000  000  000  003  020 
 020  012  020  022  015  014  014  002  000  000  000  000  000  012  040  043 
 018  014  022  020  009  006  010  004  000  000  000  000  000  026  049  032 
 017  020  019  010  000  000  009  006  000  000  000  019  032  031  020  002 
 015  027  015  000  000  000  004  000  000  000  000  027  045  035  010  000 
 018  027  009  002  003  006  000  000  000  000  007  027  034  031  014  004 
 019  026  006  000  004  008  002  000  002  014  023  021  015  024  022  013 
 017  018  003  000  000  000  000  000  013  023  028  024  017  011  022  024 
 018  012  000  000  000  000  000  004  009  014  019  023  028  022  014  028 
 024  010  000  000  000  000  012  018  004  001  008  013  019  024  018  022 
 028  013  000  000  000  000  020  020  002  000  010  019  016  006  014  011 
 022  015  000  000  007  025  026  009  000  001  012  016  014  006  000  003 
 060  056  047  063  086  088  080  073  068  068  074  064  049  048  055  060 
 128  138  136  142  150  140  128  128  128  128  132  128  124  125  133  128 
 000  008  010  014  020  012  000  000  000  000  001  000  000  002  015  011 

Celda60

 036  026  008  029  060  034  000  000  016  016  020  022  012  006  008  010 
 030  024  020  040  047  001  000  000  022  021  010  016  010  000  000  009 
 025  009  028  056  036  000  000  004  022  019  000  006  008  000  002  007 
 025  012  020  054  032  000  000  010  016  014  006  000  007  014  008  006 
 004  012  016  030  020  002  007  018  015  010  004  000  000  014  021  015 
 000  008  019  006  000  002  018  027  023  014  000  000  000  004  019  024 
 006  022  026  020  010  000  014  027  032  024  004  000  000  010  014  020 
 016  036  031  023  025  026  024  018  027  030  012  000  000  014  017  008 
 030  044  030  016  020  027  033  030  027  020  012  000  000  018  022  002 
 038  038  018  004  012  018  031  034  032  016  000  000  000  021  022  000 
 039  035  016  000  008  019  028  021  020  015  006  000  000  013  016  000 
 031  032  018  012  012  017  018  011  010  009  004  000  002  000  001  000 
 017  025  024  024  017  007  007  012  010  008  000  000  000  001  000  000 
 060  062  073  076  062  046  049  057  048  052  054  054  054  058  064  069 
 120  122  140  133  108  095  100  101  089  096  109  118  118  119  126  128 
 000  004  029  025  005  001  009  010  000  000  000  000  000  000  000  000 

Celda61

 002  001  002  000  000  000  013  011  016  020  012  003  000  001  025  022 
 015  004  000  000  000  007  024  024  028  027  025  015  006  000  012  018 
 000  004  006  013  020  023  018  015  016  010  022  024  013  000  002  013 
 000  002  012  028  030  025  008  010  021  012  008  016  011  005  009  017 
 010  012  011  021  019  019  018  011  022  016  000  000  002  005  013  009 
 019  014  006  009  014  010  022  024  024  007  000  000  000  004  000  000 
 018  006  000  006  020  012  014  022  018  002  000  000  000  008  002  000 
 008  000  000  009  024  014  004  004  006  003  000  000  000  002  004  000 
 000  000  000  010  024  016  006  002  000  000  000  000  000  000  000  000 
 000  000  000  008  020  014  006  000  000  000  000  000  000  000  000  000 
 000  000  000  002  008  009  008  002  000  000  000  000  000  000  000  000 
 000  000  002  000  000  001  010  009  000  000  000  000  000  000  007  000 
 002  010  006  000  000  000  008  015  000  000  000  000  000  001  010  002 
 075  073  059  052  054  055  056  061  046  049  054  059  066  072  075  072 
 130  128  122  118  118  125  128  133  123  126  128  128  132  130  132  133 
 001  000  000  000  000  000  001  004  000  000  000  001  006  001  002  004 

Celda62

 000  000  000  000  000  012  015  028  038  008  002  000  004  000  000  003 
 002  003  005  008  006  000  020  034  026  000  000  006  007  002  005  013 
 008  012  016  006  004  000  020  032  018  005  000  001  004  004  004  004 
 006  014  020  001  000  003  028  026  006  006  008  003  000  000  000  000 
 000  012  018  000  000  005  034  023  000  000  004  001  002  004  004  000 
 000  016  016  000  000  010  023  009  000  000  000  000  002  012  012  002 
 008  023  010  000  000  012  021  008  000  000  003  005  011  020  014  003 
 012  024  004  000  000  013  019  006  000  000  002  016  029  023  007  002 
 003  019  004  000  002  018  016  000  000  008  012  028  026  016  007  000 
 000  008  000  000  014  028  014  000  000  018  036  034  017  012  012  004 
 002  000  000  000  020  032  014  000  000  030  042  026  007  008  012  008 
 004  001  000  000  022  029  015  004  011  022  031  020  004  002  004  010 
 004  000  000  000  023  026  016  017  018  012  020  018  008  010  000  007 
 068  068  070  074  093  094  088  087  079  070  072  064  058  066  061  060 
 128  128  128  129  142  148  146  141  133  128  128  122  124  131  122  114 
 000  000  000  003  012  016  016  011  005  004  003  000  007  016  009  000 

Celda63

 027  020  000  006  015  007  002  002  022  026  013  000  000  027  092  000 
 018  014  012  015  007  000  000  000  006  022  012  000  000  042  103  000 
 000  008  020  014  000  000  000  000  000  009  008  000  000  054  112  002 
 000  001  016  012  000  000  006  000  002  002  000  000  000  061  121  005 
 000  000  004  000  000  011  016  008  013  017  012  006  006  065  119  000 
 000  000  000  000  000  018  024  021  021  014  010  006  008  067  118  001 
 000  003  007  011  008  014  024  025  016  002  006  004  006  064  115  005 
 002  012  020  018  015  008  018  024  020  004  003  003  000  062  111  002 
 006  010  014  007  012  012  015  014  015  014  000  000  000  066  118  000 
 005  014  014  005  006  011  011  000  004  018  006  000  000  068  126  000 
 000  020  021  009  003  007  009  005  000  012  011  000  000  062  128  000 
 009  026  022  004  001  004  005  007  007  003  006  000  000  053  128  000 
 011  018  016  003  000  001  000  000  002  000  000  000  000  048  126  000 
 062  061  062  056  054  052  048  046  050  054  056  058  061  098  156  032 
 115  114  117  115  112  109  108  106  108  111  116  122  126  147  183  078 
 000  000  005  007  005  000  000  000  002  000  000  000  000  019  072  000 

