Celda0

 000  000  000  000  000  000  000  000  003  002  000  000  000  000  000  000 
 000  000  000  000  000  000  000  000  006  005  000  000  000  000  000  000 
 000  000  000  000  000  000  000  002  012  009  000  000  000  000  000  000 
 000  000  000  000  000  000  000  006  012  006  000  000  000  000  000  000 
 000  000  000  000  000  000  000  014  013  000  000  000  004  005  013  018 
 000  000  000  000  000  000  000  010  008  000  000  000  002  002  000  000 
 000  000  000  000  000  000  000  006  006  002  000  000  000  000  004  000 
 000  000  000  000  000  000  002  004  004  006  002  000  000  000  006  000 
 000  000  002  001  000  000  000  004  004  009  008  001  008  012  013  013 
 000  000  000  000  000  000  000  004  008  011  010  002  008  012  016  022 
 000  000  000  000  000  000  001  008  014  012  008  000  000  000  012  015 
 000  000  000  000  000  006  008  014  018  013  005  000  000  007  017  008 
 001  002  004  008  014  015  009  007  012  012  006  003  002  017  014  000 
 002  006  015  022  022  014  007  002  010  016  011  012  014  021  005  000 
 003  008  016  023  024  020  015  012  018  028  023  020  022  018  006  000 
 003  006  011  014  018  020  021  020  027  044  038  027  023  015  011  012 

Celda1

 001  001  001  000  000  000  002  003  000  000  000  000  000  000  000  000 
 001  002  002  000  000  000  004  007  002  000  000  000  000  000  000  000 
 000  004  002  000  000  001  008  014  006  000  000  000  000  002  000  000 
 000  000  000  000  000  005  012  016  010  002  000  000  000  005  000  000 
 012  000  000  000  001  012  014  014  014  012  009  006  006  012  006  007 
 000  000  000  000  006  018  017  010  014  014  003  000  002  004  000  000 
 000  004  010  006  010  022  015  007  012  012  002  001  005  001  000  000 
 000  014  021  016  018  028  014  003  012  011  002  002  002  000  000  000 
 016  019  018  017  023  032  018  012  019  012  000  000  000  000  000  000 
 023  016  014  016  021  026  017  017  019  006  000  000  000  000  000  000 
 011  004  006  009  012  011  006  008  009  004  000  000  000  000  000  004 
 000  000  000  001  002  000  001  010  010  000  000  000  000  000  000  012 
 000  000  000  000  002  002  000  009  014  000  000  000  000  004  010  023 
 000  000  000  003  015  018  020  012  005  000  000  000  005  021  034  042 
 000  000  004  011  030  024  024  018  008  002  006  011  020  036  040  034 
 014  018  020  026  033  013  008  004  003  006  014  018  022  037  029  012 

Celda2

 000  003  005  000  000  005  005  001  000  000  000  000  002  001  000  000 
 000  008  012  000  000  012  010  000  000  000  000  000  004  003  000  000 
 000  015  025  000  006  027  015  000  000  000  000  000  005  006  000  000 
 000  010  027  010  018  033  009  000  000  000  002  002  002  003  001  000 
 007  000  020  028  038  029  000  000  000  014  022  018  014  010  011  019 
 000  000  014  046  049  020  000  000  010  020  014  012  014  018  018  014 
 002  006  009  053  061  025  012  010  018  008  000  007  015  016  018  013 
 002  012  014  054  064  023  012  013  008  000  000  014  017  012  011  014 
 000  006  017  046  057  028  008  015  010  004  009  019  016  012  011  012 
 005  006  007  020  048  035  004  009  014  010  009  014  013  013  012  008 
 014  009  000  008  042  040  018  005  004  004  000  012  013  009  006  001 
 018  003  000  000  038  048  029  011  000  000  000  009  012  008  006  004 
 016  000  000  000  038  056  031  001  000  001  006  002  004  008  011  010 
 022  006  000  003  039  054  024  000  000  016  010  000  000  010  022  018 
 023  014  006  002  031  043  017  000  007  020  004  000  000  016  029  014 
 008  010  006  000  027  034  016  006  021  013  000  000  012  021  020  010 

Celda3

 000  000  002  003  002  002  000  000  000  002  004  004  002  000  000  000 
 000  000  002  007  006  005  000  000  000  006  010  010  004  000  000  000 
 000  000  000  010  014  013  002  000  000  016  022  020  008  000  000  000 
 000  000  000  000  017  022  004  000  003  025  030  024  010  000  000  000 
 018  030  035  018  002  022  012  000  008  026  030  022  011  000  000  000 
 000  004  018  023  009  011  020  011  007  017  028  024  009  000  000  002 
 004  000  000  012  026  015  016  019  004  008  028  028  008  000  000  018 
 015  008  002  013  032  031  010  014  002  005  028  028  011  002  011  020 
 015  016  017  021  028  030  022  000  000  010  030  024  014  012  010  010 
 010  014  022  028  026  030  034  022  002  013  032  021  011  014  015  010 
 004  012  017  022  023  034  046  048  038  016  020  014  007  014  019  014 
 000  008  010  008  011  020  034  050  059  045  010  002  008  014  018  018 
 004  004  006  004  006  001  004  016  032  038  028  012  004  012  016  020 
 000  000  003  010  011  004  000  000  000  000  020  036  024  002  017  023 
 000  000  000  012  017  016  009  000  000  000  011  034  036  019  010  022 
 000  000  011  016  011  012  015  018  022  029  049  034  032  021  000  013 

Celda4

 000  001  005  004  000  000  000  000  000  001  001  001  000  000  000  004 
 000  003  011  008  000  000  000  000  000  002  003  002  000  000  000  010 
 000  008  020  014  000  000  000  000  000  003  006  004  000  000  000  022 
 000  012  019  010  000  000  000  000  004  002  003  004  000  000  000  033 
 014  022  013  000  000  000  000  004  012  003  000  000  000  000  011  048 
 019  013  002  000  000  000  000  008  016  006  000  000  000  000  043  061 
 020  007  000  000  000  004  014  016  021  014  004  000  000  027  061  056 
 013  002  000  000  006  016  022  021  023  012  000  002  011  048  061  039 
 010  002  000  005  011  012  010  013  013  003  000  006  030  053  044  020 
 011  006  000  004  003  000  000  003  002  000  004  021  040  038  022  010 
 017  017  004  001  000  000  000  004  000  003  020  037  030  019  015  008 
 028  030  007  000  000  000  000  001  000  014  036  028  008  011  022  009 
 036  036  007  000  004  008  007  000  002  022  031  006  000  015  026  005 
 035  034  011  000  004  008  010  006  000  026  024  000  000  023  025  004 
 030  031  016  001  000  002  001  010  012  028  021  002  008  025  018  003 
 030  034  020  001  000  004  015  006  016  024  024  017  015  009  012  010 

Celda5

 004  000  000  000  000  002  005  001  000  000  001  004  001  000  000  000 
 010  002  000  000  000  005  010  002  000  000  002  009  003  000  000  000 
 024  008  000  000  000  008  014  000  000  000  006  016  007  003  000  000 
 035  015  002  000  000  002  006  000  000  000  012  018  010  008  000  000 
 040  020  021  025  018  008  000  000  000  000  020  018  012  010  000  000 
 041  025  027  014  000  000  000  000  000  005  029  025  016  006  000  002 
 029  018  017  002  000  000  000  000  002  024  042  032  012  000  000  002 
 013  005  008  000  000  000  000  000  010  036  044  029  009  000  000  002 
 003  000  000  000  000  000  008  015  036  046  040  018  008  001  000  001 
 001  000  000  000  000  000  004  028  041  034  016  000  000  000  005  004 
 000  000  000  000  000  002  013  020  015  002  000  000  000  000  004  008 
 001  000  000  000  000  002  018  025  009  000  000  000  000  000  004  002 
 001  002  003  000  000  000  017  022  004  000  000  002  006  015  014  000 
 006  004  000  000  000  002  018  016  003  002  002  000  012  026  016  000 
 012  009  000  000  002  015  026  020  014  015  020  016  019  031  014  001 
 004  004  000  006  017  023  025  020  013  006  011  021  039  045  023  014 

Celda6

 000  000  002  001  000  000  000  000  000  000  000  000  000  000  002  003 
 000  000  004  002  000  000  000  000  002  002  000  000  000  000  004  006 
 000  000  002  000  000  000  000  000  007  006  000  000  000  000  006  012 
 000  000  000  000  000  000  000  000  009  009  000  000  000  000  001  012 
 018  016  012  000  000  000  004  000  003  010  000  000  000  002  000  009 
 018  004  000  000  000  008  005  000  000  011  000  000  000  000  000  013 
 019  007  000  000  000  006  000  000  000  014  004  000  000  000  000  024 
 016  006  000  000  000  000  000  000  000  018  008  000  000  000  000  032 
 011  004  000  000  000  000  000  000  009  022  009  000  000  001  007  041 
 003  000  000  000  000  000  000  000  019  017  004  000  000  000  014  042 
 000  000  000  000  000  000  000  001  015  009  004  000  004  006  018  032 
 000  000  000  002  000  000  000  006  007  001  010  008  008  010  013  021 
 000  000  006  012  002  003  003  014  009  007  015  010  000  000  004  014 
 000  000  008  022  005  014  016  018  013  017  022  004  000  000  006  010 
 010  018  014  024  016  015  020  012  007  024  022  011  000  000  006  004 
 026  036  032  022  019  009  015  010  002  030  017  009  005  006  004  000 

Celda7

 001  000  000  000  003  001  000  000  000  001  002  000  000  004  009  000 
 003  000  000  001  008  002  000  000  002  003  003  000  000  009  022  000 
 008  000  000  002  020  004  000  000  008  006  002  000  000  019  050  000 
 016  000  000  000  026  005  000  000  014  006  000  000  000  026  066  000 
 026  003  006  002  021  004  000  008  025  014  009  011  014  035  067  000 
 034  009  002  002  019  003  000  012  026  012  007  009  010  026  060  001 
 038  004  000  001  031  017  012  005  026  014  000  002  000  017  059  005 
 034  000  000  007  037  018  014  004  014  017  008  006  000  019  062  005 
 025  000  000  011  030  008  004  001  000  020  024  018  008  025  067  006 
 019  000  000  009  026  011  000  000  000  024  047  032  012  027  069  007 
 008  000  000  006  022  007  000  000  002  036  053  021  002  020  062  001 
 008  000  000  005  018  000  000  000  005  035  038  010  000  022  061  001 
 007  000  000  003  017  000  000  000  015  028  028  008  000  035  075  014 
 006  000  000  004  018  000  000  010  018  016  019  009  005  050  084  019 
 006  000  003  017  026  006  008  023  021  008  013  013  014  053  079  009 
 008  014  007  021  023  010  011  028  023  006  004  016  020  053  072  000 

Celda8

 001  002  004  004  006  008  012  018  035  054  038  020  014  012  014  020 
 000  000  000  000  003  000  002  008  028  038  014  004  002  002  001  005 
 000  000  000  000  005  002  000  002  016  021  004  000  000  000  000  006 
 000  000  000  000  006  007  004  006  016  016  004  001  006  008  008  009 
 000  000  000  000  009  011  007  011  026  029  019  016  018  020  018  011 
 000  000  000  000  014  017  011  015  030  028  016  012  010  004  001  001 
 000  000  000  000  017  019  008  009  022  019  008  000  000  000  000  000 
 000  000  000  000  018  019  010  008  014  014  005  000  000  000  000  004 
 000  000  000  000  016  016  014  010  010  006  000  000  000  000  000  011 
 000  000  000  000  016  015  018  017  012  000  000  000  000  000  000  016 
 000  000  000  000  017  014  018  020  014  000  000  000  000  002  015  020 
 001  002  003  002  016  010  013  018  014  000  000  000  000  004  009  005 
 001  000  000  000  012  008  008  013  012  003  000  000  000  007  003  001 
 000  000  000  000  006  008  006  008  012  007  000  000  004  013  012  013 
 000  000  000  000  002  010  010  008  008  006  004  006  014  020  019  017 
 000  000  000  000  000  012  018  018  007  000  006  016  023  026  021  017 

Celda9

 026  032  031  026  013  000  000  000  000  002  005  006  009  026  014  002 
 016  019  014  008  000  000  000  000  000  005  000  000  002  020  012  002 
 008  005  000  000  000  000  000  003  010  012  008  011  013  024  020  017 
 006  002  000  000  001  007  011  012  012  013  016  022  026  032  034  029 
 006  000  000  000  008  017  022  020  014  011  018  024  024  031  034  021 
 004  004  000  000  003  022  026  026  021  014  017  020  018  023  021  008 
 007  000  000  000  004  020  023  020  024  016  010  014  014  012  002  000 
 016  003  000  000  008  022  020  005  008  007  000  010  012  003  000  000 
 019  006  000  000  010  024  021  005  000  000  000  009  016  000  000  002 
 018  005  000  002  009  020  017  004  000  000  000  009  017  001  000  013 
 013  005  002  001  007  016  012  001  000  000  000  008  014  004  007  033 
 008  006  002  002  008  014  008  000  000  000  002  005  009  012  032  042 
 006  004  000  002  008  013  010  002  002  011  015  010  010  032  047  026 
 013  003  000  000  002  008  015  016  016  018  018  016  023  049  041  000 
 012  008  007  008  004  000  018  030  019  004  004  013  042  057  029  004 
 010  012  016  018  015  006  018  036  016  000  000  029  052  044  015  007 

Celda10

 000  007  008  002  022  028  018  018  019  002  000  004  020  016  010  008 
 002  008  014  014  016  014  016  026  017  000  000  019  029  012  005  007 
 015  016  018  020  016  000  007  033  018  000  016  038  026  009  007  012 
 021  020  020  024  023  012  000  032  023  014  036  031  012  006  008  012 
 008  010  022  030  027  020  016  030  023  022  024  012  010  011  005  007 
 001  004  014  020  019  024  028  025  010  018  021  011  012  018  009  007 
 002  006  004  000  004  018  025  018  001  008  020  012  012  022  017  010 
 004  009  007  007  010  012  014  009  002  004  019  004  005  027  028  016 
 016  013  014  020  019  011  006  005  002  004  017  000  000  031  039  018 
 028  016  007  009  010  008  008  009  006  000  016  002  012  037  039  016 
 034  011  000  000  000  009  015  014  014  013  027  032  035  043  034  008 
 023  003  000  000  000  012  018  018  022  024  032  037  030  023  015  002 
 000  000  000  000  011  020  014  018  022  024  019  020  014  005  004  004 
 000  000  002  008  021  030  016  016  017  019  016  009  012  010  010  008 
 000  009  005  009  035  043  023  022  020  018  016  010  013  024  019  011 
 004  010  005  017  050  044  022  022  024  021  016  010  011  031  025  014 

Celda11

 002  002  017  017  006  004  010  020  029  037  058  042  040  032  018  000 
 006  008  016  015  005  004  005  008  010  011  025  012  025  039  042  032 
 011  011  014  012  004  006  006  002  000  000  009  003  000  019  040  046 
 015  018  016  009  010  009  008  006  002  000  002  004  003  018  032  036 
 017  025  020  013  015  010  005  008  007  006  010  026  033  026  022  024 
 020  026  013  006  005  008  000  000  002  007  019  033  023  004  000  009 
 021  026  007  000  002  008  000  000  000  000  009  014  000  000  000  000 
 017  022  008  000  002  005  000  000  000  003  008  004  000  000  000  005 
 010  016  014  005  003  000  000  000  000  004  004  000  000  000  000  004 
 002  012  020  011  004  000  000  000  000  006  004  003  006  009  009  007 
 000  008  016  008  003  000  000  000  000  008  005  004  003  006  012  016 
 000  002  004  000  001  004  000  000  008  010  002  000  000  001  011  009 
 002  000  000  000  000  006  010  011  010  008  002  000  000  004  014  002 
 010  008  002  000  000  004  017  020  010  004  000  000  000  004  014  006 
 011  013  013  010  005  004  024  028  011  000  000  000  000  002  009  005 
 012  014  016  012  008  012  030  028  007  000  000  000  000  004  010  007 

Celda12

 023  036  020  000  000  002  026  024  004  006  016  015  002  000  004  020 
 010  022  018  000  000  000  024  040  018  002  013  014  000  000  000  017 
 034  010  003  001  000  000  017  040  029  006  006  008  000  000  000  004 
 036  028  012  000  004  002  010  032  032  010  000  001  002  000  000  000 
 034  038  030  019  008  000  002  024  031  012  000  000  008  002  000  011 
 027  037  036  034  026  007  000  018  030  016  000  000  010  006  006  022 
 003  014  028  040  042  032  014  002  020  016  002  002  012  012  014  024 
 002  000  010  028  038  046  046  031  002  006  008  012  018  021  019  016 
 000  000  002  007  012  027  042  044  028  009  005  016  023  025  018  006 
 002  001  003  000  000  003  015  026  032  034  027  015  013  020  016  003 
 012  004  000  000  000  000  000  009  024  036  038  028  007  006  012  005 
 008  003  000  000  000  000  000  003  014  022  030  040  039  022  002  002 
 000  000  000  000  000  000  000  000  002  009  026  039  054  054  044  032 
 000  000  002  004  001  000  000  000  000  007  028  029  030  044  054  056 
 004  004  000  000  000  000  000  000  004  012  020  012  000  012  029  040 
 011  009  000  000  000  000  000  006  014  016  014  007  000  004  014  016 

Celda13

 004  000  000  010  016  014  008  010  007  000  002  016  049  043  024  018 
 004  000  000  002  006  002  000  010  009  001  004  028  046  021  010  006 
 000  000  007  010  000  002  000  010  010  000  001  031  031  002  000  000 
 002  000  008  016  007  000  001  006  004  000  004  028  019  000  000  002 
 022  016  008  007  008  000  000  000  000  000  012  033  018  000  001  008 
 018  004  001  000  000  005  004  000  000  000  021  039  019  000  000  002 
 018  000  000  000  000  007  013  002  000  000  029  042  018  000  000  001 
 012  000  000  000  000  006  014  002  000  006  036  042  014  000  008  010 
 002  000  000  000  000  003  008  000  000  016  041  038  013  006  014  013 
 000  000  000  000  000  002  001  000  002  024  040  036  018  012  014  007 
 000  000  000  000  000  000  000  000  004  024  035  036  030  020  011  004 
 000  000  004  000  000  000  000  000  006  018  027  037  042  026  004  000 
 018  002  004  004  000  000  002  011  014  016  021  034  043  028  000  000 
 050  040  024  008  000  000  009  014  010  014  023  027  033  023  000  000 
 044  052  054  044  024  010  002  005  008  015  022  024  020  014  003  000 
 024  040  055  064  062  047  022  000  004  025  030  020  012  010  007  000 

Celda14

 026  034  034  022  017  020  016  017  012  036  012  008  018  022  016  008 
 022  019  026  028  025  035  020  026  026  032  011  012  025  021  008  006 
 019  013  014  027  034  037  023  028  030  016  014  014  016  005  000  000 
 021  011  005  015  028  029  026  028  026  017  014  006  002  000  000  000 
 016  009  002  010  023  023  025  024  020  014  005  000  000  006  009  005 
 006  004  006  018  020  011  010  008  004  000  000  000  001  008  012  010 
 000  000  006  023  022  010  006  000  000  000  000  000  000  000  004  008 
 012  010  000  017  020  010  004  000  000  000  000  000  000  000  000  000 
 016  017  010  009  018  010  000  000  000  000  000  000  000  000  000  000 
 001  002  004  012  026  015  003  000  000  000  013  016  014  012  012  016 
 000  000  000  008  018  006  000  000  000  000  014  009  019  029  030  022 
 000  000  000  012  020  008  000  000  000  004  014  002  008  018  020  010 
 000  000  001  014  022  014  000  000  000  013  020  012  014  010  006  000 
 000  002  006  014  021  014  000  000  004  028  029  021  018  006  002  005 
 000  006  008  012  018  011  000  000  006  023  019  015  009  003  003  008 
 000  006  007  009  015  006  000  000  012  020  015  009  000  000  004  004 

Celda15

 009  019  010  015  015  004  004  025  018  003  000  018  022  052  074  000 
 012  020  019  021  014  004  002  023  007  000  000  022  022  048  074  000 
 005  022  030  023  012  006  002  018  005  000  000  023  024  047  070  000 
 010  024  022  006  005  000  000  010  009  000  002  018  027  046  064  000 
 010  026  015  002  008  000  000  004  015  000  000  010  030  050  065  000 
 008  020  012  004  010  000  000  003  014  000  000  004  028  056  070  003 
 004  013  013  007  006  000  000  002  010  000  000  000  024  062  077  000 
 005  012  012  008  002  000  000  000  006  002  000  000  020  064  082  000 
 009  019  013  002  000  000  000  000  004  006  000  000  014  061  085  000 
 025  021  012  004  000  000  002  004  009  006  000  000  004  056  088  000 
 025  011  005  002  002  004  005  004  001  000  000  000  000  050  089  000 
 005  000  000  000  002  005  004  000  000  000  000  000  000  045  086  000 
 000  000  001  004  001  004  000  000  000  000  000  006  000  038  085  000 
 008  008  008  006  000  002  002  006  011  009  009  013  002  034  086  000 
 009  004  000  000  000  004  016  014  016  016  012  008  001  033  087  001 
 000  000  000  000  002  015  020  008  006  008  004  000  000  035  086  000 

Celda16

 000  000  000  004  005  011  020  014  000  000  004  022  029  027  023  018 
 000  000  000  000  000  004  017  012  000  000  004  024  035  028  023  009 
 000  000  001  000  000  002  014  004  000  002  014  024  036  035  020  000 
 002  004  006  003  001  010  016  000  000  004  024  025  031  036  024  000 
 001  000  000  000  004  029  026  014  008  002  026  026  024  029  028  009 
 000  000  000  000  015  039  027  025  030  030  045  042  027  018  026  016 
 000  000  000  000  024  029  022  022  029  029  038  029  013  008  017  018 
 000  000  000  000  024  032  031  018  022  016  016  004  002  008  014  018 
 003  005  006  002  019  034  040  008  000  000  004  000  000  011  018  018 
 003  006  010  008  018  030  032  000  000  000  010  006  004  016  016  014 
 001  005  014  016  020  031  014  000  000  000  022  017  023  037  021  006 
 002  007  017  022  026  045  017  006  002  003  027  029  046  049  025  016 
 003  007  016  022  026  043  018  022  026  019  020  028  042  037  014  016 
 002  004  010  016  016  025  006  017  028  026  014  022  040  040  014  006 
 001  002  006  010  010  007  004  013  030  038  036  034  036  036  022  008 
 000  000  000  002  000  000  010  009  020  032  037  031  026  028  023  010 

Celda17

 006  006  010  008  006  007  024  036  010  000  014  039  033  011  000  001 
 000  000  002  000  000  002  030  036  017  015  030  029  017  010  000  000 
 000  000  000  001  000  007  029  029  022  023  019  007  011  014  000  000 
 000  000  000  006  016  020  020  020  018  011  000  000  010  018  000  000 
 000  000  000  008  022  025  018  018  019  007  000  000  008  018  000  000 
 000  004  013  024  034  036  027  023  017  004  000  000  004  016  001  000 
 004  004  017  021  031  037  028  020  016  012  008  004  000  016  004  001 
 012  012  011  009  019  023  017  012  014  016  008  004  000  014  007  000 
 018  015  005  004  016  021  020  014  015  014  003  002  002  010  006  000 
 022  017  003  005  018  024  022  015  014  012  004  004  004  015  008  003 
 019  024  010  012  024  025  014  012  014  013  000  008  014  030  026  022 
 013  028  020  009  013  014  006  004  014  020  006  005  016  036  028  020 
 021  038  022  002  008  013  001  000  012  025  015  000  003  015  006  000 
 021  028  011  000  011  017  002  000  014  029  014  000  002  010  004  000 
 008  006  002  005  020  022  008  010  027  035  012  000  002  006  000  000 
 004  002  002  012  022  014  005  012  028  025  004  003  012  010  004  001 

Celda18

 000  004  009  027  049  028  010  010  014  016  012  008  003  033  034  020 
 000  000  014  030  034  008  000  000  000  004  004  000  000  034  037  016 
 000  000  014  032  030  000  000  000  000  000  000  000  000  031  043  018 
 000  000  014  028  020  000  000  000  000  000  000  000  002  019  040  036 
 000  008  022  023  006  000  000  000  000  000  000  000  010  010  027  047 
 002  008  017  015  000  000  000  000  000  000  000  002  009  005  011  046 
 002  000  015  014  002  000  000  002  002  005  013  016  008  000  000  036 
 000  000  018  016  000  000  002  005  010  018  027  025  015  001  000  022 
 000  009  023  006  000  000  010  012  016  025  024  014  011  003  000  006 
 007  021  013  000  000  016  017  012  010  015  010  000  000  004  003  000 
 018  021  006  002  007  013  001  000  000  008  004  000  000  008  014  010 
 014  012  004  002  001  005  000  000  002  006  002  001  000  008  016  015 
 001  006  004  006  004  001  000  000  002  008  008  004  000  000  006  011 
 000  008  006  012  018  018  015  014  012  012  006  000  000  000  002  008 
 007  010  004  004  008  008  009  016  018  014  002  000  000  006  014  014 
 010  009  004  001  000  000  004  013  014  014  011  008  016  023  018  014 

Celda19

 019  021  024  020  016  014  021  019  005  002  000  000  000  007  013  012 
 022  025  028  029  026  018  013  012  006  000  009  013  013  015  015  012 
 014  019  018  020  022  021  013  000  002  004  006  018  018  012  012  020 
 016  008  004  005  012  016  016  006  000  012  013  002  002  000  006  024 
 028  000  000  000  004  008  012  014  008  007  017  008  000  000  004  024 
 036  000  000  000  000  000  001  008  012  008  020  021  011  010  008  020 
 037  000  000  000  000  000  000  000  013  019  023  024  012  016  019  024 
 032  000  000  000  000  000  002  004  008  014  006  014  010  010  016  012 
 022  008  000  004  000  000  002  015  008  001  004  012  014  004  000  000 
 007  013  015  006  000  000  000  017  015  000  010  017  008  004  000  000 
 005  017  029  012  002  000  000  014  020  015  020  014  006  000  002  000 
 012  018  023  007  003  007  004  008  021  020  013  004  006  006  002  000 
 010  002  014  010  000  003  004  003  018  020  014  002  000  000  000  000 
 007  000  004  012  006  000  000  000  008  016  014  005  000  000  000  000 
 006  000  000  014  010  006  000  000  000  014  018  008  002  002  004  011 
 005  000  000  016  015  007  000  000  000  014  022  010  000  005  014  018 

Celda20

 013  002  000  000  000  000  005  020  019  013  002  000  006  016  012  002 
 005  000  000  000  000  000  022  026  013  007  001  000  010  019  008  000 
 013  006  000  000  000  013  026  020  008  008  010  011  017  014  006  000 
 014  011  003  000  004  012  017  017  016  017  022  024  022  010  000  000 
 006  000  002  005  004  004  018  034  033  023  026  028  022  009  000  000 
 002  000  000  002  000  003  032  057  044  022  018  017  014  009  006  011 
 006  004  005  002  000  010  042  062  039  016  011  007  006  009  011  010 
 008  010  014  014  012  019  039  048  024  003  008  006  004  008  014  009 
 000  008  020  030  028  022  035  038  024  006  002  005  008  016  021  016 
 000  007  018  028  030  027  035  030  020  012  000  000  004  012  015  014 
 006  013  009  010  017  024  026  021  012  008  000  000  004  004  000  002 
 006  008  000  000  002  010  011  004  004  001  000  000  004  006  000  000 
 004  006  000  000  004  005  002  002  000  000  000  000  000  006  004  006 
 003  000  000  000  009  008  000  001  004  006  006  002  000  005  004  004 
 010  004  000  000  010  007  004  004  005  013  017  012  003  001  002  000 
 008  010  011  008  007  002  005  011  013  017  013  011  004  000  000  000 

Celda21

 006  017  028  044  062  070  058  033  004  024  035  022  012  014  014  005 
 000  006  004  000  014  036  056  064  056  037  034  017  010  016  020  007 
 000  004  003  004  006  000  026  054  072  070  058  035  012  004  016  006 
 000  002  006  004  005  009  000  015  036  052  056  053  044  028  006  000 
 002  009  021  013  005  004  002  000  000  006  018  031  044  052  046  030 
 012  019  029  014  008  000  000  000  000  004  008  006  004  023  040  046 
 004  009  022  012  014  010  000  000  000  004  010  011  008  005  002  020 
 000  005  020  008  006  008  002  000  000  003  007  007  009  018  014  000 
 008  003  020  008  000  000  000  000  000  004  006  004  005  017  019  000 
 014  014  023  000  000  000  000  000  000  004  010  007  006  015  017  002 
 015  023  014  000  000  000  000  000  000  000  010  012  014  020  017  008 
 009  012  004  000  000  000  000  000  000  002  005  010  024  024  015  016 
 011  000  000  000  000  000  000  000  002  009  008  003  024  031  017  024 
 009  000  000  000  000  000  001  008  010  004  000  000  018  033  028  022 
 004  003  000  000  007  012  012  006  000  000  000  003  022  035  033  020 
 002  004  000  000  005  012  008  000  000  000  006  021  033  038  036  022 

Celda22

 002  000  003  006  010  001  000  002  012  012  018  016  000  000  006  007 
 000  000  001  004  002  000  004  016  017  003  012  018  006  000  007  010 
 000  000  003  004  002  003  017  035  023  007  001  012  012  008  000  000 
 000  000  004  012  016  016  025  032  013  000  000  004  016  012  000  000 
 011  000  000  014  028  027  028  028  012  000  000  001  018  011  000  000 
 042  028  012  005  027  027  024  027  020  000  000  004  017  008  000  000 
 031  042  048  042  042  023  006  014  016  004  000  014  018  006  000  000 
 008  028  044  052  051  042  032  014  000  000  009  021  018  010  006  004 
 003  012  018  025  034  041  050  050  037  018  009  014  010  010  013  014 
 006  009  010  012  026  038  036  044  054  062  060  043  020  000  004  016 
 008  011  013  016  034  041  025  030  043  058  065  062  056  052  038  012 
 018  012  011  021  040  039  019  020  029  036  036  036  046  064  080  077 
 021  010  009  024  031  022  008  010  014  014  006  002  009  034  046  068 
 009  003  005  016  012  009  004  001  000  000  000  000  004  017  010  008 
 004  000  000  008  007  008  010  002  000  000  000  002  009  008  008  010 
 006  002  000  004  008  008  008  000  000  000  000  010  012  006  005  008 

Celda23

 003  000  000  000  005  015  007  000  000  000  000  000  000  040  086  000 
 011  015  014  008  006  008  000  000  000  000  000  000  000  042  088  000 
 002  010  014  014  008  000  000  000  000  000  000  004  008  048  094  005 
 000  000  003  009  006  000  000  000  000  000  004  012  016  048  092  003 
 000  002  000  000  000  000  002  008  004  000  005  018  016  044  086  002 
 000  000  000  000  000  000  014  007  004  000  006  015  009  038  083  008 
 000  000  000  000  000  006  007  000  000  002  003  014  004  032  077  005 
 006  000  000  000  004  008  004  000  000  006  006  007  002  038  081  002 
 014  000  000  000  004  008  008  008  008  008  008  007  000  040  088  000 
 023  008  000  000  006  013  020  019  008  004  002  000  000  038  092  000 
 017  012  004  006  008  013  017  012  000  000  000  000  000  041  095  003 
 054  028  008  002  004  010  020  018  000  000  000  000  000  048  096  005 
 078  074  058  036  013  000  016  018  002  000  000  000  000  048  091  000 
 032  051  066  074  072  062  048  022  000  000  002  000  000  048  096  000 
 004  000  018  046  070  086  090  081  064  050  035  018  000  044  100  000 
 003  006  016  010  016  039  056  072  084  089  088  079  061  067  111  010 

Celda24

 000  000  000  000  000  000  014  020  015  024  026  021  016  024  015  004 
 000  000  000  000  000  006  026  036  032  025  026  024  021  016  002  000 
 000  000  000  002  006  012  025  038  037  020  022  022  018  007  000  000 
 000  000  003  006  007  006  015  030  026  003  001  002  003  000  000  000 
 000  001  004  006  006  004  010  026  024  001  000  000  000  000  000  000 
 000  000  000  002  000  000  004  019  018  003  000  000  000  000  006  002 
 000  000  000  000  000  000  004  012  010  006  000  000  000  000  000  000 
 000  000  000  000  000  000  004  008  006  006  000  000  000  001  000  000 
 000  000  000  000  000  004  000  003  003  002  000  000  004  014  010  015 
 000  000  000  002  015  014  012  004  000  000  000  006  029  034  028  033 
 001  003  007  010  029  022  024  019  014  012  012  024  038  032  020  024 
 001  004  008  012  033  023  020  022  024  027  031  033  027  014  000  000 
 002  003  004  004  025  011  007  014  022  028  030  022  008  002  001  000 
 000  000  000  000  019  006  000  010  021  020  012  005  000  000  002  002 
 000  000  000  000  015  004  002  013  021  012  003  000  002  010  011  008 
 000  000  000  000  013  002  002  018  020  005  004  001  008  014  014  012 

Celda25

 003  006  002  013  025  016  008  012  020  009  000  002  009  000  000  003 
 002  011  010  016  024  013  012  023  023  006  000  006  006  000  000  005 
 000  014  020  029  031  017  022  038  031  015  012  007  001  000  000  004 
 003  018  026  031  022  011  021  032  022  008  014  013  010  012  014  008 
 006  019  024  030  028  016  014  021  018  008  000  004  008  015  024  028 
 000  018  022  028  034  024  011  011  013  011  006  002  004  004  006  016 
 000  018  024  028  039  030  008  003  006  007  010  011  008  008  010  003 
 000  015  022  024  038  034  008  000  002  006  010  014  012  014  018  006 
 024  033  020  012  034  037  008  000  003  012  011  014  018  026  026  005 
 037  033  020  004  027  040  009  000  003  020  014  016  027  031  018  000 
 024  020  014  006  018  040  013  000  000  026  019  017  028  025  012  000 
 006  007  004  001  008  034  020  000  000  030  026  014  020  021  012  002 
 000  000  001  002  000  024  024  000  000  030  032  011  009  017  016  004 
 000  000  000  009  010  010  019  000  000  030  039  014  002  012  014  002 
 003  000  003  014  026  022  002  000  000  032  046  022  002  006  008  000 
 008  006  008  019  026  028  015  000  000  035  050  028  002  000  004  000 

Celda26

 004  000  004  006  000  000  006  010  008  002  009  014  021  018  007  005 
 000  000  006  014  002  000  002  010  010  003  000  006  009  000  000  000 
 001  000  006  016  004  000  000  009  010  008  004  000  000  000  000  000 
 000  000  004  014  006  000  000  007  007  010  010  004  000  000  000  004 
 024  016  011  013  004  000  006  008  002  008  011  006  002  000  004  007 
 024  026  027  026  019  015  019  015  008  000  008  008  006  003  001  000 
 004  011  020  022  022  022  024  017  012  004  003  008  010  007  000  000 
 000  000  008  007  009  010  010  006  006  008  006  006  011  006  000  000 
 000  000  012  010  000  000  000  000  000  001  008  016  025  010  000  000 
 000  000  012  012  000  000  000  000  000  000  007  025  034  018  008  000 
 000  000  006  006  000  000  000  002  004  004  014  028  024  007  006  009 
 000  000  002  004  000  000  000  006  004  004  022  028  010  000  000  012 
 000  000  002  005  000  002  002  002  002  006  026  023  000  000  000  008 
 000  003  004  006  005  002  003  000  002  010  024  013  000  000  008  014 
 002  013  008  004  010  001  002  002  003  012  017  005  000  003  020  021 
 000  015  010  001  010  009  000  004  007  013  007  002  006  022  032  026 

Celda27

 007  010  006  017  022  008  000  000  004  015  022  012  002  006  016  017 
 006  018  018  018  024  007  000  000  000  008  018  014  002  000  009  016 
 004  014  016  008  018  006  000  000  000  008  015  015  003  000  000  016 
 010  014  014  010  013  008  002  005  006  010  008  012  004  000  000  018 
 007  010  016  014  002  006  000  003  008  003  000  007  006  000  000  018 
 000  000  010  013  001  000  005  004  004  005  000  000  006  000  000  014 
 000  001  001  009  004  000  012  018  015  012  010  002  002  004  005  013 
 000  006  000  002  006  006  019  030  021  011  012  010  007  016  014  007 
 000  006  006  000  000  004  010  022  020  009  013  015  018  031  020  009 
 000  000  004  000  000  000  000  016  029  014  006  010  016  030  019  018 
 010  002  000  000  000  000  000  010  033  026  000  002  010  023  011  014 
 018  013  005  001  000  000  000  004  034  036  004  006  017  024  004  001 
 017  017  016  012  006  000  000  000  032  042  016  003  018  013  000  000 
 012  017  020  015  007  004  006  008  029  035  018  012  012  000  000  000 
 009  013  014  012  008  008  012  017  029  014  008  016  015  000  000  000 
 010  006  002  000  007  017  024  024  020  002  000  014  020  008  000  000 

Celda28

 006  010  018  018  010  002  006  019  022  012  000  000  002  000  002  003 
 015  003  008  012  010  006  015  030  025  004  000  000  000  000  001  004 
 024  012  000  002  008  013  025  033  020  004  002  002  005  004  000  002 
 029  016  003  000  004  013  021  020  006  000  002  005  006  006  005  008 
 029  016  006  008  007  002  004  006  003  000  000  000  002  006  010  017 
 022  012  008  012  010  002  004  006  002  000  000  000  002  008  009  008 
 012  008  010  012  007  003  008  009  002  000  000  000  003  008  008  003 
 005  006  008  007  002  004  012  012  000  000  000  002  000  000  004  003 
 006  016  014  000  000  003  014  014  000  000  001  004  000  000  000  000 
 019  030  015  004  000  004  016  014  000  000  000  001  000  000  000  000 
 016  022  006  003  004  013  020  016  005  006  002  000  000  003  002  000 
 004  010  000  000  002  007  010  012  005  004  012  014  009  002  006  000 
 007  009  000  001  002  002  007  012  009  003  012  021  020  010  002  000 
 012  012  000  000  006  004  008  017  015  013  016  012  010  005  000  000 
 006  010  002  000  000  003  011  019  017  017  015  004  000  000  002  005 
 000  004  008  006  003  004  012  017  019  020  014  006  004  006  011  013 

Celda29

 004  000  000  000  004  001  000  001  003  004  016  023  022  019  023  017 
 000  000  000  002  002  000  000  010  021  018  017  014  010  010  018  018 
 001  002  004  003  000  000  000  006  020  021  012  009  004  005  014  021 
 010  012  012  004  000  000  000  005  010  011  008  007  007  009  019  027 
 017  017  014  009  008  008  008  009  002  001  003  005  009  012  021  030 
 004  006  006  008  012  014  012  006  000  000  000  005  013  015  020  027 
 000  002  000  000  000  005  006  001  000  000  000  015  021  018  018  018 
 000  000  000  000  002  000  000  000  000  006  014  024  023  015  010  006 
 000  000  000  000  005  001  000  000  002  006  015  021  015  007  002  000 
 000  000  000  000  005  000  000  000  000  000  009  014  004  002  000  000 
 002  001  000  004  017  016  016  011  003  000  010  012  002  000  000  000 
 000  000  000  005  022  029  029  028  018  008  004  012  007  007  005  001 
 000  000  000  000  020  028  020  022  024  018  005  010  017  016  006  002 
 000  000  000  000  012  039  024  000  010  014  008  009  025  013  002  004 
 008  006  002  002  006  035  030  002  000  004  004  004  026  012  002  010 
 013  014  012  016  029  041  025  008  003  004  003  000  022  016  004  005 

Celda30

 006  002  006  008  014  012  002  000  000  000  005  005  003  004  007  008 
 014  006  005  006  011  010  004  004  006  008  006  002  000  002  006  009 
 020  014  002  002  006  008  000  000  005  008  007  008  010  012  010  009 
 024  016  004  000  007  010  000  000  002  007  010  015  016  012  007  007 
 028  018  002  000  008  009  000  001  007  009  011  012  008  003  002  010 
 020  006  000  000  004  012  002  002  006  006  006  002  000  000  003  010 
 010  002  000  000  000  012  014  004  000  004  007  001  000  000  003  001 
 002  001  002  000  002  006  015  008  003  011  013  000  000  003  004  000 
 000  003  004  000  000  008  012  008  011  016  002  000  000  007  009  000 
 003  008  002  000  002  010  012  006  009  008  000  000  000  007  014  004 
 006  012  000  000  004  016  007  000  000  003  000  000  000  004  015  014 
 006  012  000  000  008  014  003  000  000  004  007  002  006  010  016  016 
 008  010  000  000  010  009  000  000  000  005  013  010  002  000  004  012 
 014  010  002  001  009  004  000  000  000  005  019  018  002  000  000  008 
 017  008  006  008  006  000  000  000  000  009  030  030  006  006  008  010 
 003  000  004  008  002  000  000  000  000  020  043  026  002  004  007  004 

Celda31

 004  010  016  015  012  014  014  014  034  056  074  087  093  093  132  048 
 012  018  020  017  012  011  011  003  002  013  018  032  055  072  111  055 
 009  010  013  015  013  010  006  002  007  014  008  000  006  032  065  027 
 010  012  016  018  016  016  016  012  008  008  004  000  000  020  040  000 
 017  019  023  024  019  015  011  005  002  004  001  000  000  022  045  000 
 010  010  018  020  009  000  000  000  000  002  000  000  000  019  048  000 
 002  010  019  013  000  000  000  000  000  000  000  000  000  020  050  000 
 000  012  021  010  000  000  000  000  000  000  000  000  000  026  052  001 
 005  021  021  004  000  000  000  006  010  008  000  000  004  029  052  000 
 008  016  012  001  000  000  007  017  012  008  002  000  002  026  053  000 
 010  005  006  003  000  004  013  015  001  000  000  000  000  025  056  001 
 007  000  000  004  006  003  007  004  000  000  000  000  000  026  058  000 
 010  000  000  000  011  008  003  000  000  000  000  000  000  024  059  000 
 012  005  000  000  006  006  000  000  000  000  000  002  000  019  061  000 
 006  006  001  000  000  000  000  000  005  006  011  007  006  023  067  005 
 000  002  000  000  000  002  011  020  017  019  022  012  008  034  076  015 

Celda32

 000  000  000  000  012  000  000  017  024  002  002  006  015  012  011  010 
 001  002  002  000  010  000  004  016  020  005  000  004  014  004  001  000 
 000  000  000  001  006  000  006  014  016  006  000  000  002  000  000  000 
 000  000  000  004  009  000  002  010  014  012  000  000  000  000  000  000 
 000  000  004  010  011  004  000  004  012  018  006  000  000  000  000  000 
 002  004  008  010  008  004  000  000  010  020  010  000  000  000  000  003 
 003  006  008  004  000  000  000  000  010  015  008  007  008  000  000  004 
 002  004  006  000  000  000  000  002  015  008  004  012  010  000  000  012 
 001  001  000  000  000  000  000  002  006  004  004  012  006  000  000  020 
 000  000  000  000  000  000  000  000  000  004  007  012  006  000  007  018 
 000  000  000  000  000  006  008  003  000  003  008  014  012  008  011  011 
 000  000  000  000  010  010  012  009  006  004  013  017  013  007  003  000 
 000  000  002  002  010  001  000  002  006  008  017  012  007  008  004  000 
 003  006  012  010  007  000  000  002  008  013  012  002  002  008  002  000 
 004  010  019  020  012  005  006  011  014  014  008  000  002  008  000  000 
 003  008  016  018  012  008  010  014  011  004  000  000  001  004  000  000 

Celda33

 008  007  007  019  024  020  018  010  002  030  048  030  004  002  010  007 
 000  000  001  016  020  006  007  006  001  020  045  030  008  010  021  014 
 000  000  000  015  013  000  000  000  003  012  040  026  010  020  030  018 
 000  000  000  013  006  000  000  002  008  007  034  022  006  022  040  022 
 000  004  008  003  000  000  000  002  010  004  026  022  001  013  040  034 
 010  019  021  015  000  000  000  000  004  000  020  030  001  000  030  041 
 024  034  028  021  014  006  003  001  000  000  018  041  007  002  019  040 
 033  033  015  010  016  020  014  000  000  000  021  050  011  000  010  039 
 028  015  000  000  006  016  016  004  000  000  020  051  021  000  003  043 
 022  014  000  000  000  003  008  010  012  013  012  040  032  000  000  046 
 012  012  001  000  000  000  002  010  018  023  016  022  035  003  000  039 
 003  010  006  000  000  000  000  001  008  013  014  018  029  008  000  024 
 000  009  012  000  000  000  000  000  002  008  012  012  017  007  000  012 
 000  010  016  001  000  000  000  000  008  016  020  016  004  000  000  014 
 000  009  018  001  000  000  009  016  018  024  028  026  015  000  000  023 
 000  006  016  002  000  007  026  025  019  024  027  026  020  006  000  020 

Celda34

 008  008  009  002  011  012  000  000  003  010  000  004  022  033  033  027 
 010  006  006  009  018  009  000  000  000  010  002  010  032  029  021  015 
 010  010  013  022  021  005  002  003  001  007  008  016  029  020  012  010 
 002  005  013  023  017  007  006  009  012  010  012  019  028  014  002  002 
 005  000  008  014  007  000  002  008  016  016  018  027  032  015  000  000 
 014  000  010  014  010  002  001  015  018  018  013  022  027  014  004  002 
 016  003  012  014  012  010  009  017  010  007  004  011  020  010  004  010 
 018  002  010  014  012  014  014  012  003  000  000  008  018  014  003  011 
 034  010  001  010  012  014  014  012  007  000  000  006  018  016  006  002 
 041  010  009  002  005  012  016  014  010  002  000  005  015  014  010  004 
 045  005  000  001  000  007  022  019  007  002  002  006  010  010  010  005 
 046  018  000  000  000  004  022  023  005  000  010  010  006  003  006  002 
 044  028  000  000  000  005  018  020  005  000  017  018  004  000  001  000 
 048  034  000  000  000  007  012  014  004  002  021  026  010  000  000  000 
 051  028  000  000  000  006  012  014  006  006  020  024  013  006  003  000 
 054  034  000  000  000  006  018  020  012  014  019  013  008  009  009  003 

Celda35

 012  003  000  000  008  024  030  022  008  000  000  010  021  012  002  000 
 002  000  000  003  014  026  020  010  001  000  002  006  016  010  004  003 
 000  000  000  008  017  018  010  010  010  010  007  000  008  006  008  014 
 000  000  000  012  017  010  008  013  018  020  016  006  000  000  010  020 
 000  000  010  023  017  010  006  009  015  021  024  018  005  000  009  022 
 002  007  025  025  010  006  004  007  012  018  022  021  013  002  008  024 
 014  018  024  017  002  002  004  006  007  004  002  007  014  011  005  024 
 016  017  015  009  002  004  005  002  000  000  000  000  004  010  003  013 
 007  007  003  001  001  006  008  002  000  000  000  000  000  000  000  000 
 000  000  000  000  007  004  003  001  000  000  000  000  000  001  004  000 
 000  000  000  000  010  012  000  000  002  002  005  010  014  020  026  025 
 000  000  000  000  007  014  002  000  008  012  014  020  028  034  040  043 
 000  002  004  004  003  008  005  000  004  015  024  030  034  035  034  034 
 000  006  015  011  011  006  000  000  002  010  022  027  024  020  015  013 
 002  011  015  006  002  002  000  000  008  016  015  007  002  000  000  000 
 001  006  008  004  000  000  002  003  009  019  009  000  000  000  000  000 

Celda36

 000  002  009  010  013  016  018  021  023  020  010  006  009  014  017  014 
 007  008  011  016  019  018  016  018  022  019  007  004  007  012  014  012 
 008  005  007  010  012  010  010  014  021  019  007  004  006  009  011  012 
 014  004  004  004  006  009  014  020  021  012  000  004  008  008  008  008 
 018  010  006  004  005  012  022  022  016  008  002  000  002  004  001  000 
 019  010  009  010  014  022  029  021  005  000  004  008  000  000  000  002 
 020  008  010  013  013  019  023  013  000  000  002  011  004  000  000  009 
 018  011  013  018  018  017  017  007  002  000  000  010  008  000  002  013 
 008  012  018  025  028  024  021  012  007  004  000  008  012  004  003  007 
 000  010  026  036  038  033  026  013  006  005  006  011  012  006  000  002 
 016  008  029  042  040  034  022  006  000  002  005  008  007  005  000  002 
 038  028  032  036  038  032  024  008  000  000  000  002  002  002  002  002 
 031  023  013  020  032  032  026  014  000  000  000  004  002  000  000  000 
 014  012  006  006  021  030  029  022  005  000  004  006  006  003  001  000 
 006  011  010  005  010  024  030  030  016  008  011  006  004  001  002  005 
 004  013  016  014  011  013  026  034  026  008  002  000  000  002  000  007 

Celda37

 012  012  012  014  024  026  024  023  012  008  006  008  015  012  008  001 
 010  007  007  008  015  017  022  022  009  007  008  010  011  000  001  003 
 010  006  006  011  019  021  017  010  000  005  008  008  006  004  000  003 
 007  004  004  011  017  017  010  008  002  006  008  006  004  006  009  008 
 006  010  009  011  013  014  013  016  010  008  006  003  002  002  004  004 
 006  019  022  016  015  018  022  021  014  008  006  004  000  000  000  000 
 014  016  023  022  014  022  031  021  011  004  004  006  004  002  000  000 
 018  017  014  016  012  018  026  008  002  000  004  008  007  006  004  000 
 018  017  006  004  000  004  018  005  000  000  007  007  002  000  000  002 
 016  020  002  000  000  000  010  007  000  000  003  004  000  000  000  000 
 012  018  004  000  004  008  008  002  000  000  000  000  000  000  000  000 
 009  015  008  004  013  018  018  010  003  000  000  000  000  000  000  000 
 008  015  014  002  000  000  002  004  004  000  000  000  000  000  000  000 
 006  014  014  005  000  000  000  000  000  000  000  000  000  000  000  000 
 015  017  010  003  000  000  000  000  000  000  000  000  000  000  000  000 
 025  027  020  010  001  000  000  000  000  000  000  004  004  000  000  000 

Celda38

 000  003  003  000  000  000  000  000  000  028  042  020  002  000  000  000 
 004  009  004  000  000  000  000  000  000  026  034  020  008  000  000  004 
 013  016  005  000  000  000  000  000  005  017  020  016  006  000  003  012 
 015  016  001  000  000  000  000  005  016  005  006  009  002  001  012  020 
 003  012  000  000  000  000  000  017  020  000  000  004  002  005  018  022 
 000  006  000  000  000  000  004  031  023  007  006  008  013  017  023  020 
 000  001  000  000  001  010  026  039  024  014  016  021  023  017  016  017 
 000  000  004  004  014  029  046  041  023  017  018  021  017  008  009  021 
 002  001  004  005  019  041  043  031  022  018  014  016  015  015  018  029 
 000  002  000  008  023  033  024  017  018  020  020  022  026  026  025  023 
 000  000  001  012  025  022  012  007  007  015  024  032  036  029  024  011 
 000  004  008  020  022  015  011  011  008  008  018  024  024  016  013  008 
 000  007  014  018  014  006  007  010  014  015  008  004  004  000  005  012 
 000  006  021  019  015  011  004  002  012  018  010  005  007  004  004  009 
 000  010  034  037  028  016  009  002  006  012  010  011  014  008  000  000 
 002  031  054  048  027  010  004  002  002  007  010  018  019  001  000  000 

Celda39

 000  000  000  000  008  014  025  024  012  015  016  010  006  035  070  010 
 000  000  000  002  016  024  026  012  000  004  001  003  006  030  058  000 
 000  000  000  002  019  026  026  014  003  005  002  000  000  024  056  000 
 002  000  000  002  018  018  018  017  009  002  000  000  000  029  060  000 
 004  002  012  024  033  019  012  019  014  000  000  000  006  043  068  000 
 007  008  019  034  032  016  015  031  021  003  000  000  017  054  074  002 
 016  012  011  016  009  005  011  025  006  000  003  011  033  065  078  004 
 022  004  000  004  006  002  015  017  000  000  013  024  037  060  072  001 
 015  000  000  004  016  024  025  017  010  012  016  018  018  041  064  000 
 002  000  000  016  037  034  024  021  020  016  009  003  000  031  062  000 
 000  000  002  022  028  018  015  019  012  008  004  002  000  027  062  000 
 004  002  001  016  020  018  018  016  002  004  011  014  007  022  064  000 
 012  004  000  019  025  025  028  017  003  008  015  016  010  018  063  000 
 006  002  002  024  026  026  026  011  001  002  003  003  005  019  065  003 
 000  004  010  020  021  023  018  004  000  000  000  000  000  020  063  005 
 000  018  018  011  015  022  016  000  000  000  000  000  000  018  058  003 

Celda40

 001  003  008  010  010  008  010  008  004  000  000  000  000  000  000  000 
 000  000  001  007  013  013  008  003  000  000  000  003  004  000  001  000 
 000  000  000  000  006  010  006  002  000  000  000  008  010  000  000  000 
 000  000  000  000  000  000  000  001  002  000  000  004  007  000  000  000 
 000  000  000  000  000  000  003  000  000  000  000  000  002  000  000  000 
 000  000  000  000  000  000  008  001  000  000  000  000  004  000  000  001 
 000  000  000  000  000  000  002  000  000  000  000  000  007  000  000  000 
 000  000  000  000  000  000  000  000  000  000  000  000  002  003  000  008 
 000  000  000  000  000  000  000  000  000  000  000  000  000  006  015  029 
 000  000  000  000  001  000  000  000  000  006  014  020  022  033  046  054 
 000  000  000  000  006  001  004  006  004  014  022  027  030  034  043  045 
 000  001  004  005  002  004  000  006  006  018  023  019  016  014  021  027 
 001  002  003  002  000  000  000  000  011  030  029  011  004  000  010  026 
 000  000  001  002  002  002  007  020  029  037  027  010  004  002  010  026 
 000  000  000  000  004  012  032  046  036  028  017  012  014  014  018  030 
 001  002  003  003  010  019  036  039  019  012  009  013  020  024  029  041 

Celda41

 000  002  014  008  001  017  024  018  015  016  018  017  014  011  004  004 
 000  000  011  013  010  014  012  014  013  010  006  006  008  014  020  012 
 000  000  012  018  018  013  007  012  015  010  000  000  005  017  024  018 
 000  000  020  029  029  021  016  016  008  004  000  000  002  016  022  017 
 000  006  036  048  042  030  025  022  010  000  000  000  007  012  014  012 
 013  027  042  048  037  021  016  012  010  006  006  008  005  000  000  000 
 012  012  022  036  028  011  004  000  000  000  000  001  000  000  000  000 
 015  010  018  034  028  014  006  000  000  000  000  000  000  000  004  014 
 038  035  044  054  038  021  012  006  006  005  002  000  001  006  014  024 
 055  048  056  060  038  024  019  013  010  005  001  000  006  009  012  019 
 038  028  034  035  014  006  003  000  000  000  000  002  009  008  003  004 
 025  016  019  022  004  000  000  000  000  000  002  013  015  003  000  000 
 025  017  018  021  011  006  003  000  003  009  014  024  016  006  004  004 
 028  021  018  021  016  008  014  015  012  011  015  020  008  006  006  000 
 034  026  014  012  012  000  007  012  009  007  008  004  000  000  000  000 
 044  028  005  004  008  006  006  000  004  004  000  000  000  000  000  000 

Celda42

 047  044  007  000  000  008  022  020  012  011  011  004  004  011  013  006 
 026  042  022  000  000  008  020  016  011  012  012  008  008  020  020  005 
 000  028  026  005  000  008  018  016  012  011  014  015  019  024  019  004 
 002  012  017  006  006  018  024  018  013  013  016  016  014  015  010  000 
 004  002  004  000  014  038  034  014  010  017  016  010  007  012  011  000 
 004  009  010  000  011  050  042  016  015  027  018  000  000  011  014  000 
 006  008  004  004  012  050  038  022  031  037  017  005  005  020  023  009 
 014  000  000  000  016  049  024  024  040  025  000  000  008  023  020  006 
 025  008  000  000  029  045  014  018  042  026  000  000  015  014  008  000 
 024  018  009  015  061  063  030  026  028  017  000  006  022  018  008  000 
 010  012  012  051  098  075  029  014  006  004  002  010  023  023  013  000 
 004  002  000  051  087  035  002  000  000  001  007  015  024  027  016  003 
 003  002  000  047  074  006  000  000  004  013  015  023  032  030  015  004 
 000  004  004  024  070  016  000  000  016  027  030  031  033  023  012  004 
 000  009  014  000  058  029  000  004  029  037  027  021  018  014  011  002 
 002  013  017  014  053  037  006  011  031  034  022  016  014  014  012  000 

Celda43

 002  004  004  004  006  008  009  013  015  015  004  000  000  000  000  000 
 000  000  006  011  015  018  011  012  011  006  000  000  000  002  006  012 
 000  000  006  020  021  012  003  000  000  000  000  002  002  004  006  010 
 000  000  004  022  024  011  001  000  002  002  000  002  000  000  000  001 
 000  000  000  016  024  012  000  002  009  009  001  000  002  000  000  000 
 000  000  000  014  026  014  002  004  012  012  002  000  001  002  000  000 
 009  005  002  023  038  031  019  017  020  018  009  008  008  020  015  012 
 002  000  002  029  039  034  023  018  018  018  012  012  018  031  020  020 
 000  000  002  028  037  038  027  018  016  010  003  000  004  014  002  011 
 000  002  011  028  036  038  026  015  014  006  000  000  002  011  004  002 
 004  012  017  027  032  032  020  006  005  006  005  004  004  007  006  000 
 006  016  018  025  028  025  019  012  000  004  011  014  011  012  009  002 
 002  007  012  017  022  015  014  016  005  000  009  016  016  013  007  000 
 000  000  004  008  014  010  010  018  008  000  010  010  006  003  000  000 
 000  000  008  016  020  014  014  024  010  000  007  010  000  000  000  000 
 000  000  008  022  026  026  022  020  003  000  000  008  000  000  000  000 

Celda44

 006  012  014  014  009  002  016  030  028  013  000  000  000  004  006  013 
 014  013  012  008  004  003  009  022  021  008  000  002  007  005  008  016 
 014  012  008  004  002  003  012  020  008  000  000  018  022  010  006  009 
 000  000  000  002  002  001  009  012  000  000  000  028  030  012  001  001 
 000  000  000  000  000  000  008  010  000  000  004  029  032  014  000  000 
 000  000  000  000  000  000  008  010  005  008  012  023  030  016  000  000 
 004  000  000  000  000  000  008  012  012  005  008  011  024  022  009  012 
 018  012  000  000  000  000  006  010  014  008  001  008  016  022  014  000 
 017  014  003  000  000  001  006  007  008  011  010  006  006  010  010  004 
 012  014  009  004  001  002  009  005  000  006  015  012  004  000  000  004 
 006  012  017  018  018  020  022  010  003  000  012  014  006  000  000  000 
 000  005  012  018  022  023  016  010  011  014  015  010  004  000  000  000 
 000  000  000  000  002  005  004  006  012  017  014  007  002  002  007  016 
 000  000  000  000  006  008  000  006  011  014  014  010  004  002  004  010 
 000  000  000  000  010  015  010  008  011  012  014  015  009  004  002  000 
 000  000  000  008  020  019  013  007  005  009  008  010  006  004  004  002 

Celda45

 027  024  010  001  000  000  000  000  000  002  010  014  015  012  006  004 
 021  012  000  000  000  000  000  000  000  004  004  002  006  012  014  012 
 014  010  000  000  000  009  015  014  008  002  000  000  000  000  006  008 
 004  004  000  000  004  013  012  010  008  002  000  000  000  008  000  000 
 000  000  002  008  008  002  000  000  000  000  000  000  000  010  004  000 
 000  000  002  010  008  002  000  000  000  000  000  000  000  008  005  000 
 012  008  002  000  004  004  000  000  000  000  000  000  005  009  000  000 
 006  008  000  000  000  010  007  000  006  006  004  004  010  012  002  000 
 000  000  000  000  000  014  017  011  012  008  000  000  006  005  000  000 
 010  002  000  000  000  021  028  008  000  000  000  000  005  002  000  000 
 011  016  004  000  012  037  025  000  000  000  000  000  006  002  000  001 
 000  016  016  016  030  037  006  000  000  000  000  006  024  021  020  020 
 017  001  010  032  041  020  000  000  003  010  013  017  028  020  015  016 
 016  014  002  024  038  024  010  000  004  008  007  001  012  006  000  008 
 000  002  008  006  016  026  028  014  000  000  000  000  006  010  011  017 
 000  000  009  018  013  012  029  022  000  000  001  000  000  014  023  016 

Celda46

 015  040  047  029  003  000  000  005  003  004  011  018  014  000  000  008 
 012  022  028  016  001  000  002  006  002  001  012  012  004  000  002  022 
 000  013  023  014  005  008  007  004  002  001  015  006  000  000  014  020 
 000  008  020  011  010  018  010  001  000  002  012  000  000  000  014  017 
 000  002  015  008  012  024  014  000  000  002  004  000  000  002  014  010 
 000  000  011  012  013  021  017  000  000  000  000  000  002  019  019  007 
 000  000  010  022  015  011  016  008  000  000  000  006  014  019  015  007 
 000  003  012  024  016  004  012  012  000  000  006  006  002  009  019  012 
 000  005  007  017  018  006  009  011  002  002  002  006  006  014  016  000 
 000  000  000  012  021  011  008  012  004  006  002  002  008  015  016  002 
 000  000  000  016  020  009  007  014  006  000  000  000  006  012  016  012 
 017  010  013  029  011  000  008  014  004  000  000  000  005  012  017  020 
 019  020  023  020  000  000  010  010  001  000  000  003  009  014  015  017 
 016  020  016  004  000  000  008  006  002  000  000  000  011  018  015  010 
 012  010  006  004  005  002  001  004  008  008  008  008  009  020  020  009 
 000  000  000  006  010  004  000  010  016  011  006  011  016  024  021  008 

Celda47

 027  020  012  004  009  018  011  000  000  000  000  000  000  024  058  002 
 019  006  003  001  008  012  001  000  000  000  000  000  002  032  063  000 
 010  000  000  000  006  005  000  000  000  000  000  000  006  040  070  000 
 015  002  000  000  002  000  000  000  006  008  000  000  002  042  076  000 
 011  000  000  000  000  000  000  000  010  010  000  000  000  040  079  000 
 000  000  000  000  000  000  000  000  011  007  000  000  008  049  086  007 
 008  009  012  017  016  008  000  000  008  006  002  010  013  048  086  009 
 010  012  019  028  026  012  000  001  006  011  017  013  006  037  080  000 
 000  009  025  022  016  007  004  008  013  018  019  007  004  033  080  000 
 000  019  021  000  000  000  004  013  013  013  014  008  010  044  088  009 
 016  022  005  000  000  000  004  011  007  006  014  016  014  054  092  018 
 020  007  000  000  000  004  008  008  004  005  017  026  024  049  074  005 
 019  004  000  002  010  011  006  002  002  008  022  033  024  033  056  000 
 010  006  004  003  006  002  000  000  006  014  025  031  013  021  050  000 
 002  008  014  000  000  000  000  004  014  017  020  020  006  019  052  000 
 004  020  021  002  000  000  000  007  020  016  011  014  002  020  056  001 

Celda48

 002  004  009  011  017  022  031  027  007  006  008  013  020  028  035  045 
 001  004  010  016  016  018  026  025  012  012  010  015  022  029  036  037 
 002  006  014  020  016  011  021  025  017  014  010  009  019  026  026  015 
 004  009  018  022  021  016  021  023  015  008  008  002  014  018  009  000 
 002  004  010  014  020  022  020  017  015  002  004  002  006  008  006  004 
 000  000  000  000  006  016  016  008  009  005  000  000  000  000  002  011 
 000  000  000  000  006  002  002  000  002  001  000  000  000  000  002  012 
 001  001  000  000  007  006  000  000  002  000  000  000  000  000  008  013 
 001  002  002  000  000  000  000  000  010  007  008  008  002  000  016  019 
 000  000  001  003  000  000  000  008  024  022  010  012  014  014  021  018 
 000  000  000  000  000  000  000  026  045  031  011  014  019  021  017  013 
 000  000  000  000  000  011  021  044  046  028  012  015  016  016  014  010 
 000  000  000  000  002  014  021  030  032  021  006  005  006  009  011  012 
 000  000  000  000  006  011  012  017  025  016  000  000  001  005  007  010 
 000  000  000  000  014  019  014  013  021  014  000  000  000  003  004  004 
 000  000  000  000  028  026  009  003  012  011  000  000  006  004  002  000 

Celda49

 042  017  000  000  003  010  014  007  000  004  004  002  000  000  000  004 
 022  000  000  000  002  011  014  012  006  001  006  006  001  000  004  010 
 003  000  000  000  004  008  011  014  012  003  000  000  000  000  005  008 
 000  000  002  004  006  006  008  014  014  004  000  000  000  000  010  006 
 000  000  002  008  010  008  007  012  013  002  000  000  000  003  007  003 
 005  000  000  005  007  004  000  010  012  001  000  000  000  004  004  006 
 009  002  004  005  002  000  000  004  010  003  000  000  001  012  010  011 
 007  004  005  006  004  002  000  000  008  008  000  002  012  021  010  002 
 012  006  005  009  008  000  000  000  008  014  009  010  020  019  002  000 
 008  000  000  009  005  000  000  000  012  020  017  013  015  006  000  000 
 007  000  000  009  004  000  000  000  015  024  021  014  006  000  000  000 
 005  000  000  007  006  000  000  004  025  027  021  013  004  000  001  004 
 007  000  000  004  006  000  000  013  028  020  016  013  003  004  004  005 
 009  004  000  005  004  000  005  021  022  009  014  014  000  000  001  001 
 008  014  018  019  014  010  015  024  017  006  010  010  000  000  000  000 
 003  016  024  023  020  020  020  023  014  006  002  003  000  000  002  000 

Celda50

 006  006  010  014  050  042  008  011  031  035  023  014  014  016  010  000 
 006  003  008  011  031  033  000  004  027  026  014  012  018  019  008  002 
 008  012  019  016  010  026  004  004  018  015  012  014  014  012  006  002 
 011  018  026  026  009  010  008  014  020  012  013  017  012  009  008  005 
 011  020  025  026  017  000  006  026  039  038  029  020  008  005  008  010 
 013  018  022  022  021  012  001  042  072  058  028  010  001  003  006  014 
 017  010  016  018  018  017  016  061  077  039  006  000  000  004  009  018 
 010  005  000  004  004  004  010  061  055  016  000  000  000  002  013  024 
 001  006  000  000  000  000  007  049  032  000  000  000  000  005  013  027 
 000  002  000  000  000  000  006  050  024  000  000  011  022  026  029  046 
 000  000  000  000  002  004  000  046  032  000  000  024  052  036  025  037 
 004  000  000  000  000  003  000  032  044  000  016  037  070  037  011  008 
 004  000  000  000  000  006  014  020  046  011  010  030  066  028  000  000 
 000  000  001  001  004  016  030  028  036  019  002  020  053  019  000  000 
 000  006  013  014  012  016  029  032  018  016  001  020  046  014  000  004 
 002  004  006  010  008  006  011  018  016  019  015  026  043  014  005  010 

Celda51

 000  000  006  020  028  032  024  014  000  000  000  008  002  000  000  005 
 007  016  029  041  043  034  018  009  000  000  000  010  003  000  000  004 
 013  026  044  046  038  024  011  006  000  000  000  019  015  012  009  000 
 008  025  033  023  011  008  011  009  002  000  004  021  020  016  017  010 
 014  018  010  000  000  010  016  013  008  008  010  018  014  000  000  005 
 020  018  003  000  000  016  022  011  006  010  011  009  004  000  000  000 
 024  018  000  000  003  022  022  006  000  000  005  004  000  000  002  002 
 028  018  000  000  013  025  012  000  000  004  006  000  000  000  005  010 
 030  015  003  007  018  016  004  000  000  007  008  000  000  000  006  008 
 043  021  014  016  012  005  000  000  000  004  002  000  000  004  007  006 
 027  006  009  011  002  000  000  000  000  000  000  000  001  008  006  002 
 010  006  016  012  000  000  007  007  002  000  000  000  004  008  005  002 
 000  010  026  020  003  005  016  008  002  001  007  012  007  000  004  008 
 000  016  028  025  012  018  019  004  004  011  021  020  010  000  004  015 
 018  029  024  024  024  023  009  000  006  022  019  012  008  008  014  023 
 023  027  021  024  029  016  000  000  000  014  001  000  003  010  018  016 

Celda52

 000  000  002  010  016  013  012  004  002  005  002  000  002  003  006  010 
 000  000  000  007  013  016  018  008  006  002  000  000  004  010  010  012 
 000  000  000  011  016  018  018  011  010  006  000  000  006  012  012  008 
 002  000  004  018  019  015  011  004  002  000  000  000  002  000  000  000 
 004  001  003  017  016  009  005  000  000  000  000  000  000  000  000  002 
 008  006  000  014  016  011  005  000  000  000  000  000  000  000  006  012 
 012  014  008  004  012  014  009  000  000  000  000  000  000  000  015  020 
 005  010  012  007  003  011  012  000  000  000  000  006  015  026  034  027 
 002  000  003  004  000  003  011  004  000  000  008  024  036  035  028  018 
 002  000  000  000  003  003  006  004  000  000  014  030  032  020  012  008 
 000  000  000  001  010  014  010  002  000  004  017  021  014  002  002  004 
 002  002  009  015  015  014  012  006  006  011  013  012  008  002  000  000 
 013  020  017  015  011  006  008  008  008  009  001  004  006  004  000  000 
 021  017  009  009  008  004  006  008  008  002  000  000  003  000  000  000 
 013  010  006  004  001  000  000  000  000  000  000  000  000  000  000  000 
 002  008  010  002  000  000  000  000  000  000  000  001  000  000  000  002 

Celda53

 010  008  010  016  016  007  009  016  013  000  000  008  012  016  021  012 
 016  014  008  011  008  009  000  002  016  013  002  000  008  002  010  010 
 009  012  011  016  012  019  023  019  003  008  012  014  002  000  005  011 
 002  006  011  020  018  020  028  030  019  002  010  018  006  000  008  012 
 000  004  007  010  004  002  010  012  010  012  015  011  004  005  011  007 
 002  000  000  000  000  004  000  000  006  014  016  006  000  005  011  006 
 003  000  000  000  000  006  002  000  006  007  000  000  000  000  007  011 
 010  004  001  000  000  005  004  000  000  000  000  000  000  000  000  013 
 012  011  008  006  006  008  003  000  000  000  000  002  008  014  014  015 
 011  014  014  014  016  012  002  000  000  000  002  012  005  012  024  029 
 009  012  010  006  006  002  000  000  010  014  009  002  000  007  024  024 
 000  000  000  000  000  000  000  010  021  022  011  000  002  019  020  010 
 000  000  000  000  003  000  000  018  015  019  016  010  016  026  015  008 
 000  000  000  010  006  000  008  022  011  008  008  009  015  017  010  013 
 000  005  014  011  006  006  023  028  005  000  000  000  006  008  007  012 
 010  018  014  004  006  017  027  018  000  000  000  000  008  006  006  012 

Celda54

 000  000  000  004  004  001  002  019  015  006  005  010  019  023  016  006 
 000  000  004  000  000  000  004  013  006  003  006  010  017  018  013  013 
 000  000  003  000  000  000  006  009  004  006  010  012  014  013  016  023 
 000  000  000  000  000  000  002  004  006  012  014  012  014  016  012  006 
 000  000  002  006  010  006  000  000  014  020  016  012  013  012  006  002 
 000  000  012  008  008  008  007  004  019  022  014  011  011  004  000  000 
 012  014  018  004  000  002  012  019  027  019  008  008  008  002  000  000 
 024  026  014  003  001  000  005  016  020  008  000  004  008  006  002  004 
 020  029  018  000  000  000  002  010  003  000  000  004  010  012  013  010 
 025  020  016  002  000  000  000  010  004  000  000  006  008  014  014  009 
 024  024  010  000  000  000  007  015  010  006  010  010  003  011  017  008 
 017  024  020  011  004  009  018  024  022  018  018  014  009  003  014  016 
 020  020  016  016  016  019  019  018  015  013  014  012  010  006  013  025 
 021  010  001  004  008  012  005  005  008  006  007  006  008  010  016  028 
 014  005  000  000  000  002  000  000  005  016  012  000  004  006  010  017 
 010  004  000  002  002  000  000  000  000  016  022  009  000  000  004  012 

Celda55

 009  023  015  004  008  010  008  005  020  018  012  012  002  023  059  001 
 022  021  002  000  003  010  011  006  012  016  014  014  002  025  060  000 
 025  007  000  000  000  000  000  004  005  012  013  013  004  028  062  000 
 003  000  000  000  000  000  000  000  000  006  008  010  006  032  066  000 
 000  000  000  000  000  000  000  000  002  004  004  007  006  036  072  000 
 000  000  000  000  000  001  000  000  004  006  002  004  006  041  078  000 
 000  000  000  000  000  002  000  000  002  010  006  005  010  052  092  012 
 007  007  002  000  001  008  007  009  006  018  021  016  016  057  091  007 
 010  008  003  000  004  020  015  014  018  025  021  009  004  046  083  000 
 008  010  012  012  017  028  020  016  020  020  014  003  000  039  081  000 
 006  013  020  026  024  025  017  009  009  014  016  014  012  042  082  002 
 016  015  014  018  016  004  005  003  003  010  018  018  020  047  086  010 
 027  011  002  001  001  000  000  003  008  016  015  004  006  037  078  007 
 021  001  000  000  000  005  005  000  009  016  016  005  000  033  071  000 
 012  000  000  000  002  007  013  008  004  013  010  001  000  040  075  000 
 002  000  000  005  010  006  006  009  003  007  006  000  002  044  078  000 

Celda56

 000  002  008  014  036  017  000  000  009  011  000  000  009  012  000  000 
 001  004  010  016  027  005  000  000  008  013  000  000  009  016  000  002 
 002  004  008  008  014  002  000  000  010  014  001  002  004  014  003  004 
 001  002  004  006  012  004  000  000  008  014  000  000  000  010  009  004 
 000  000  000  002  012  004  000  000  000  008  002  000  000  002  009  016 
 000  000  000  000  008  000  004  007  000  000  010  002  006  002  006  024 
 002  006  010  008  007  004  012  016  011  007  022  015  011  014  023  037 
 005  012  024  026  019  016  018  018  019  021  027  012  007  014  026  028 
 003  008  016  020  021  020  018  014  013  014  012  004  005  012  010  006 
 001  002  004  004  008  011  010  007  005  002  000  000  007  008  000  000 
 000  000  000  000  002  000  000  000  002  000  000  003  008  003  000  000 
 000  000  000  000  003  000  000  000  000  000  000  006  008  001  000  000 
 000  000  000  000  000  000  000  000  000  000  000  006  005  000  000  000 
 004  009  016  016  010  008  009  010  012  021  030  035  026  024  026  029 
 008  019  040  052  055  056  058  058  059  066  073  070  068  071  073  074 
 000  000  000  000  000  000  000  000  000  003  003  000  000  001  000  002 

Celda57

 008  013  012  013  014  018  019  017  005  000  000  000  000  002  006  002 
 008  016  005  005  006  010  013  012  006  000  000  000  004  006  014  006 
 012  018  007  006  005  003  008  008  012  012  013  012  010  012  018  002 
 009  015  013  009  006  000  012  010  008  019  026  026  016  005  011  000 
 017  016  018  008  004  002  006  014  004  014  022  022  014  002  003  004 
 024  015  012  000  001  004  002  012  014  012  011  010  007  004  001  008 
 025  010  008  001  000  000  006  013  015  010  000  000  003  006  005  011 
 013  001  002  002  001  003  009  013  008  004  001  000  000  000  000  009 
 004  000  000  004  008  008  008  004  000  000  002  000  000  000  000  012 
 004  000  000  004  010  007  006  003  000  002  004  000  000  000  000  017 
 004  003  000  000  006  005  005  000  000  009  008  000  000  000  005  029 
 002  000  000  000  003  006  006  000  000  014  012  000  000  000  017  029 
 000  000  000  000  004  008  006  000  000  012  008  000  000  000  014  018 
 030  032  034  034  038  043  043  041  044  044  031  026  030  034  045  040 
 074  076  078  078  082  086  086  084  081  075  070  070  073  075  080  073 
 003  000  000  000  004  008  009  007  002  000  000  000  000  000  006  003 

Celda58

 001  000  000  000  002  000  006  000  008  017  022  027  036  015  006  003 
 003  000  000  003  001  000  006  002  000  008  018  023  027  010  000  000 
 002  008  015  012  008  006  006  004  000  008  026  027  026  001  000  000 
 000  013  014  007  009  018  022  016  008  000  027  035  018  000  000  003 
 001  008  004  000  006  016  022  021  014  000  015  038  021  000  000  019 
 008  003  003  007  011  012  012  012  010  002  000  028  017  000  008  034 
 010  003  006  013  018  014  005  000  002  005  000  010  007  010  031  042 
 010  002  004  011  012  012  002  000  000  002  002  000  002  023  043  042 
 016  001  004  007  002  000  000  000  000  000  001  000  006  035  050  037 
 020  006  006  002  000  000  000  000  000  000  002  002  010  042  044  031 
 026  007  002  000  000  000  000  000  000  000  003  006  013  035  038  031 
 017  000  000  000  000  000  000  000  000  001  006  012  016  021  030  036 
 010  000  000  000  000  000  000  016  018  006  002  012  023  021  017  034 
 026  017  014  014  018  032  048  060  060  048  042  051  068  065  063  069 
 063  061  064  069  077  091  095  085  087  088  089  101  106  098  099  104 
 000  000  000  000  005  015  014  000  000  000  000  011  013  003  000  005 

Celda59

 010  018  015  019  026  012  000  000  006  008  000  000  004  012  012  004 
 012  025  016  015  016  006  000  000  007  006  000  006  011  012  010  003 
 026  036  019  012  005  000  000  005  014  012  007  004  003  004  002  000 
 039  036  019  011  004  002  005  011  009  002  000  000  002  000  000  000 
 041  032  017  009  010  010  005  005  004  000  000  000  006  000  000  000 
 041  028  010  002  003  002  000  000  000  000  000  006  006  000  000  000 
 034  017  005  000  000  000  000  002  000  000  000  011  006  000  000  000 
 024  010  004  002  003  005  013  016  012  006  000  009  008  000  000  000 
 017  004  004  011  012  014  018  018  016  014  012  008  008  002  008  016 
 013  000  005  016  019  010  006  001  002  006  010  008  004  003  011  023 
 016  003  004  014  018  012  006  000  000  000  000  004  006  010  015  015 
 024  007  004  010  012  010  005  000  000  000  000  000  006  008  009  011 
 030  013  008  016  010  002  003  000  000  000  000  005  006  004  012  023 
 064  054  054  053  038  032  035  037  038  042  042  047  044  041  050  058 
 104  095  088  077  066  066  074  075  072  076  078  080  076  072  078  081 
 014  016  014  006  000  000  006  005  000  000  000  002  002  000  007  012 

Celda60

 000  002  006  004  001  000  000  000  000  000  000  005  007  004  008  012 
 000  000  001  006  004  000  000  000  000  000  000  006  014  016  013  008 
 000  005  009  005  000  000  000  000  000  003  004  006  018  017  006  001 
 002  009  004  000  000  000  000  000  010  010  010  009  018  014  003  000 
 005  003  000  000  003  006  008  008  013  008  008  009  015  009  004  000 
 007  010  006  008  010  013  017  016  006  000  000  004  013  011  006  000 
 009  024  020  009  008  008  012  014  006  000  000  010  014  012  007  005 
 014  030  024  004  002  002  001  004  007  008  005  013  014  012  010  010 
 028  028  019  005  000  000  000  000  002  014  015  013  017  019  015  010 
 022  013  010  003  000  000  002  002  002  008  010  009  023  026  014  005 
 010  006  002  000  000  000  009  015  011  008  007  012  028  026  007  000 
 010  012  006  000  002  011  022  018  006  004  007  018  027  018  003  000 
 021  014  009  006  014  024  020  005  000  000  003  014  014  006  000  001 
 048  038  038  042  051  051  040  034  028  028  038  040  033  029  027  032 
 068  062  066  070  076  071  064  066  067  070  078  072  063  062  061  064 
 003  000  000  000  004  003  000  000  000  002  007  003  000  003  003  002 

Celda61

 010  006  000  000  009  014  017  009  000  000  000  014  015  006  006  010 
 008  004  000  000  012  010  010  006  000  000  000  016  013  010  007  005 
 004  005  003  001  010  004  004  006  000  000  006  013  010  006  008  002 
 000  000  000  000  009  004  000  004  000  000  007  007  008  008  000  002 
 000  000  000  000  010  012  008  004  000  001  005  002  000  006  000  000 
 000  002  004  004  012  018  007  009  009  008  003  000  000  000  000  000 
 004  002  002  003  011  017  008  009  010  004  000  000  000  000  000  000 
 006  000  001  004  008  017  014  005  000  000  000  000  000  000  000  000 
 006  004  004  004  009  024  018  002  000  000  004  004  006  008  010  012 
 006  010  010  008  012  024  013  004  008  011  012  009  014  019  017  014 
 002  008  014  018  013  011  008  000  006  010  012  018  020  023  020  015 
 000  003  012  022  017  001  005  005  000  004  013  027  027  028  030  030 
 003  007  015  014  012  007  003  008  003  004  016  030  029  026  034  034 
 039  044  043  036  038  046  050  051  042  041  053  060  051  042  046  048 
 070  073  068  065  070  079  084  080  076  077  087  085  072  065  062  066 
 002  000  000  000  000  000  000  000  000  003  012  011  005  005  002  000 

Celda62

 009  009  007  011  010  002  000  004  008  004  022  020  000  000  002  012 
 010  015  011  008  008  004  004  013  021  023  023  016  002  000  006  019 
 009  016  008  000  000  000  000  020  019  024  021  005  000  000  016  021 
 005  008  005  000  000  000  007  022  016  010  009  004  000  000  018  028 
 000  000  000  000  000  000  016  024  012  000  002  007  014  015  009  026 
 000  000  000  002  002  014  025  023  010  000  005  014  026  034  032  033 
 000  002  006  009  020  030  028  019  009  007  014  021  025  031  035  028 
 000  009  013  011  020  028  022  013  008  010  017  019  019  018  019  016 
 014  024  020  014  023  028  018  008  006  009  014  011  009  003  004  006 
 018  027  024  027  036  031  014  000  000  007  012  009  006  000  000  000 
 021  024  024  035  037  018  000  000  000  009  011  004  000  000  000  000 
 027  019  019  029  021  004  000  000  004  016  014  000  000  000  000  000 
 025  012  009  018  008  000  000  000  006  024  020  000  000  000  002  002 
 046  042  041  049  038  033  038  042  047  066  062  041  040  041  044  043 
 070  076  078  084  076  073  080  088  093  106  099  077  075  078  084  080 
 000  000  000  006  003  000  000  000  001  016  017  001  000  000  005  000 

Celda63

 000  000  000  010  011  010  000  005  006  000  002  002  007  049  080  002 
 008  010  012  019  016  009  000  000  002  004  002  009  020  061  090  014 
 005  003  002  011  009  000  000  000  000  011  017  021  027  061  086  011 
 008  000  003  010  005  000  000  000  014  021  020  019  023  052  074  000 
 020  006  013  016  008  006  010  010  014  018  009  008  010  044  073  000 
 030  019  016  014  010  010  014  012  004  015  006  000  000  042  077  000 
 029  021  013  004  000  005  006  006  006  014  004  000  000  040  082  000 
 014  014  003  000  000  010  007  006  010  011  000  000  000  033  082  000 
 007  009  000  000  000  011  017  001  008  004  000  000  000  028  078  000 
 002  005  004  008  012  004  014  012  000  000  000  000  000  029  080  002 
 004  005  001  010  018  013  000  010  004  000  000  000  000  036  089  006 
 005  006  002  004  004  008  002  000  006  000  000  000  000  052  098  012 
 004  002  001  008  004  000  000  000  006  002  000  000  006  061  097  011 
 036  028  024  029  027  024  032  037  047  043  038  036  052  094  113  027 
 076  070  069  072  069  066  074  082  091  085  083  084  098  120  121  045 
 000  000  000  003  003  000  000  000  006  003  000  000  014  039  055  000 

