Celda0

 000  000  000  000  000  001  002  000  000  001  000  000  000  001  001  000 
 000  000  000  000  000  002  003  000  000  002  001  001  000  000  002  000 
 000  000  000  000  004  002  001  000  000  002  004  004  002  000  001  000 
 000  000  000  000  012  002  000  000  000  002  006  009  006  000  000  000 
 000  000  000  000  018  004  002  000  001  007  013  022  026  015  010  004 
 000  000  000  000  018  002  000  000  003  008  019  031  030  010  002  000 
 000  000  002  002  012  000  000  000  006  014  024  030  019  002  000  000 
 000  000  000  000  008  000  002  002  006  019  028  020  008  000  000  000 
 000  000  000  000  007  007  001  005  011  025  023  012  004  000  000  000 
 000  000  000  000  008  014  008  002  014  021  014  005  002  000  000  002 
 000  000  000  000  005  013  014  009  013  013  008  002  003  002  000  000 
 000  000  002  006  009  008  015  015  011  008  006  005  003  000  000  000 
 001  002  004  006  009  006  012  016  012  007  007  006  000  000  000  000 
 000  000  000  001  009  008  010  012  011  007  006  006  000  000  000  000 
 000  000  000  000  009  001  000  008  008  007  004  002  000  000  000  000 
 000  000  000  000  013  000  000  004  004  008  007  000  000  000  000  000 

Celda1

 000  000  000  000  000  001  002  000  000  002  004  003  001  000  001  002 
 000  000  000  000  000  002  006  000  000  004  009  006  002  000  002  004 
 000  000  000  000  000  005  014  000  000  008  016  011  006  002  004  004 
 000  000  000  000  000  010  024  006  007  011  014  008  005  005  008  004 
 004  007  008  006  006  025  049  031  022  019  022  007  000  006  011  004 
 004  008  010  008  005  031  051  020  006  002  011  004  006  018  019  003 
 000  002  005  004  002  036  046  009  004  004  013  004  006  023  020  010 
 000  000  002  000  000  039  037  006  010  015  017  007  007  020  013  007 
 000  006  003  002  002  039  030  007  006  012  016  014  014  018  010  005 
 002  011  004  002  000  036  028  006  000  004  007  006  008  005  006  006 
 001  013  002  000  000  032  028  002  000  008  010  002  000  000  004  007 
 002  012  002  000  000  026  022  000  000  008  012  006  008  006  002  000 
 004  014  000  004  004  017  014  000  000  009  014  010  013  013  004  000 
 006  018  000  000  000  015  009  000  000  012  018  010  011  012  008  000 
 012  018  000  000  000  024  014  000  000  016  024  008  005  006  008  006 
 020  013  000  000  002  036  022  000  000  015  027  010  001  000  004  008 

Celda2

 001  000  000  000  000  002  000  000  000  000  001  001  000  000  000  000 
 002  000  000  000  000  004  000  000  000  000  002  002  000  000  000  000 
 000  000  000  000  000  005  002  000  000  000  006  004  000  000  000  000 
 000  000  000  000  001  004  003  000  000  000  009  004  000  000  000  000 
 000  000  000  004  005  001  000  000  000  004  016  004  000  000  000  000 
 000  000  000  008  010  000  000  000  000  009  012  000  000  000  000  000 
 002  000  000  011  012  000  000  000  007  012  004  000  000  000  000  004 
 010  010  005  004  006  000  000  000  014  012  001  000  000  000  006  006 
 012  014  011  003  000  000  000  002  015  008  000  000  000  005  014  012 
 004  004  000  000  000  000  000  002  008  004  000  000  000  006  014  016 
 000  000  000  000  000  000  000  000  006  006  000  000  000  005  008  014 
 000  000  000  000  000  000  000  000  004  010  004  002  008  002  000  004 
 000  000  000  000  000  000  002  006  006  006  004  002  007  000  000  000 
 000  000  000  000  002  001  004  008  008  002  000  002  003  000  000  009 
 000  000  000  000  006  002  003  005  005  004  001  004  004  002  000  010 
 000  000  000  000  010  010  004  004  000  002  008  012  011  010  008  000 

Celda3

 000  000  000  000  000  000  000  001  002  005  006  001  001  002  000  001 
 000  000  000  000  000  000  000  002  005  014  015  004  002  004  000  002 
 000  000  000  000  000  000  000  008  010  029  034  011  004  008  000  003 
 000  000  000  000  000  000  005  016  010  032  046  022  008  008  000  000 
 000  000  000  004  013  014  031  059  043  044  054  044  037  033  026  024 
 000  000  003  010  008  002  027  059  037  033  052  052  032  015  016  024 
 004  004  009  012  004  000  027  054  030  027  049  049  016  000  009  005 
 002  008  018  010  004  000  024  058  037  029  034  026  004  000  006  006 
 008  018  015  004  000  002  027  062  049  029  016  010  004  000  000  000 
 015  021  007  000  000  003  039  071  049  024  006  000  004  002  000  000 
 019  021  010  001  000  000  038  068  040  020  005  000  000  002  000  000 
 014  018  012  000  000  000  048  067  024  012  008  000  000  000  002  000 
 010  007  003  000  000  000  062  074  014  005  016  000  000  002  012  004 
 016  000  000  000  000  000  074  074  004  000  026  000  000  002  012  004 
 015  000  000  000  000  000  077  066  000  000  034  016  002  008  006  002 
 009  000  000  000  000  000  069  055  004  007  037  027  002  004  004  004 

Celda4

 003  000  000  000  000  000  000  001  001  000  001  003  002  000  000  001 
 007  001  000  000  000  000  000  003  002  002  004  006  002  000  000  004 
 014  004  000  000  000  000  000  005  005  006  010  010  000  000  000  012 
 016  007  000  000  000  000  000  000  002  008  013  008  000  000  000  014 
 014  000  000  002  018  030  034  030  022  016  010  003  000  000  002  007 
 020  000  000  000  002  010  010  007  004  000  000  000  000  000  000  000 
 001  002  000  000  000  002  000  000  000  000  000  000  000  000  000  002 
 000  000  000  000  000  006  000  000  000  000  002  000  000  000  000  006 
 000  000  000  000  000  010  002  001  009  014  016  017  014  008  000  006 
 000  000  000  000  001  006  008  005  015  014  010  012  014  014  017  024 
 000  000  000  000  006  004  004  012  012  008  006  000  000  007  020  037 
 003  006  004  006  011  012  003  008  023  004  000  000  000  006  019  032 
 002  001  005  008  010  014  012  003  022  009  000  000  003  016  019  017 
 003  000  000  005  008  010  014  015  011  007  000  000  009  015  012  004 
 004  003  002  007  008  006  008  010  003  001  000  000  003  010  009  000 
 006  008  009  009  006  001  000  000  002  000  002  000  000  006  014  004 

Celda5

 001  000  000  000  000  000  000  000  003  001  000  000  000  000  000  002 
 004  000  000  000  000  000  000  002  006  002  000  000  000  000  000  004 
 008  000  000  000  000  000  001  006  010  002  000  000  000  000  000  006 
 007  000  000  000  000  000  006  012  011  000  000  000  000  006  002  001 
 000  000  000  000  003  009  018  028  017  004  003  004  004  021  030  021 
 000  000  000  004  013  014  020  020  000  000  000  000  000  014  021  000 
 000  002  010  022  024  024  029  021  006  000  000  000  000  006  020  008 
 013  011  015  016  012  014  020  012  010  004  000  000  000  000  018  016 
 020  014  002  000  003  012  016  000  000  000  000  000  000  000  017  020 
 031  015  000  000  002  010  008  000  000  000  000  000  000  002  014  020 
 040  025  018  015  015  012  000  000  000  000  000  003  012  016  018  016 
 026  018  022  024  018  012  010  010  008  007  006  008  013  011  001  008 
 004  000  004  008  008  010  014  016  011  004  000  002  006  000  000  002 
 000  001  002  000  000  000  000  000  000  000  000  000  002  000  000  000 
 001  000  002  000  000  000  000  000  000  001  008  008  004  004  005  000 
 000  000  000  000  000  000  004  004  002  008  011  007  003  003  004  002 

Celda6

 002  000  000  000  002  003  002  002  002  001  000  001  001  000  001  001 
 005  000  000  000  004  007  005  004  004  003  002  002  001  000  002  002 
 006  000  000  000  004  013  011  007  006  008  006  004  000  000  000  002 
 000  000  004  000  000  010  013  009  011  015  009  003  000  000  000  001 
 014  005  006  000  002  000  007  010  016  018  008  002  000  000  000  001 
 000  001  001  000  000  000  000  006  014  016  008  006  002  000  000  004 
 000  000  000  000  000  000  002  000  004  009  006  008  008  000  001  016 
 000  000  000  000  000  000  000  000  004  004  000  004  012  005  005  013 
 004  000  000  002  003  002  000  000  010  002  000  002  008  007  012  010 
 007  000  000  008  012  004  005  004  010  002  001  018  016  006  002  004 
 006  000  000  009  018  000  004  013  014  007  012  013  002  003  002  000 
 008  000  000  002  014  004  002  005  005  008  011  000  000  000  000  000 
 013  000  000  000  006  007  012  008  001  006  003  000  000  000  000  000 
 010  002  000  000  000  005  012  008  005  010  004  000  000  000  002  028 
 002  007  008  006  002  002  008  008  008  010  004  000  000  008  037  055 
 000  015  023  010  004  003  015  019  015  006  001  000  008  036  050  039 

Celda7

 000  000  000  001  002  002  000  000  001  000  000  000  000  001  007  000 
 000  000  000  003  005  004  000  000  002  000  000  000  000  002  018  000 
 000  000  002  008  010  004  000  000  002  000  000  000  000  006  046  000 
 000  000  001  011  010  000  000  000  004  000  000  000  000  020  072  000 
 005  000  000  008  004  000  000  004  002  000  000  000  000  046  101  019 
 014  002  000  000  000  000  000  000  000  000  000  004  014  061  089  004 
 015  000  000  000  000  000  000  000  000  000  008  027  027  048  079  000 
 000  000  000  000  000  008  002  000  000  007  046  047  024  042  076  000 
 000  000  000  000  014  015  000  001  021  045  052  035  020  049  084  011 
 000  000  003  017  021  002  000  016  043  040  027  022  017  044  079  013 
 000  000  012  022  008  000  003  038  035  016  012  024  016  037  071  006 
 000  000  015  024  010  003  029  036  008  000  012  026  011  030  066  000 
 007  014  016  022  020  024  029  014  000  000  014  015  002  025  064  000 
 046  038  034  040  040  023  008  002  000  000  016  014  000  026  065  003 
 047  028  028  040  042  019  005  000  000  000  013  012  006  034  066  000 
 022  012  016  027  029  018  020  012  000  000  012  010  003  036  072  000 

Celda8

 000  000  000  000  014  000  000  003  003  007  011  002  000  000  000  000 
 000  000  000  000  012  004  001  008  010  010  012  004  000  000  000  000 
 000  000  000  000  012  005  000  004  006  004  006  004  000  000  000  000 
 002  004  007  007  015  005  000  001  009  005  004  002  000  000  000  000 
 002  004  010  012  014  006  006  007  012  003  001  000  000  004  006  004 
 001  003  008  012  009  005  008  015  014  004  000  002  002  010  012  014 
 000  002  006  010  008  002  007  008  005  000  000  007  005  002  005  012 
 000  000  000  002  005  006  008  004  000  000  000  008  006  000  000  003 
 000  000  000  000  000  008  010  005  002  003  006  007  000  000  000  006 
 000  000  000  000  006  004  000  000  000  000  000  000  000  000  000  006 
 000  000  000  000  007  006  002  000  000  000  000  000  000  000  000  003 
 000  000  000  000  004  004  002  000  000  000  005  002  000  004  007  003 
 000  000  000  003  009  004  000  000  000  004  011  000  000  001  004  000 
 000  000  006  013  012  006  004  004  005  010  001  000  000  000  000  000 
 001  002  006  008  002  000  000  003  007  000  000  000  000  000  000  000 
 000  000  000  000  000  000  004  002  000  000  000  000  002  008  005  010 

Celda9

 024  011  000  000  002  038  025  000  000  011  025  011  000  000  002  006 
 018  014  000  000  000  032  023  000  000  010  025  012  000  000  004  006 
 011  013  000  000  000  022  017  000  000  018  032  015  000  000  006  006 
 007  006  000  000  000  012  010  000  000  026  038  022  002  000  006  010 
 006  000  000  000  000  010  007  000  005  025  038  024  002  000  008  016 
 017  010  007  009  011  024  022  012  004  020  034  020  000  000  012  014 
 025  020  014  016  017  024  020  008  000  018  032  014  000  008  016  006 
 019  012  012  010  010  015  013  003  000  016  032  012  001  010  016  002 
 014  000  000  002  005  007  002  000  000  012  032  016  003  006  012  008 
 010  000  000  002  006  000  000  000  000  012  033  022  004  000  005  015 
 004  000  000  008  009  001  000  000  000  016  035  021  006  004  009  021 
 000  000  004  010  012  012  010  008  008  033  044  024  009  010  019  032 
 000  000  002  001  007  014  016  014  010  028  035  011  000  009  019  026 
 000  001  002  000  000  006  008  008  005  020  031  006  000  008  026  027 
 001  005  002  000  000  005  009  010  012  029  040  014  010  011  020  022 
 009  007  002  000  000  001  010  016  022  039  045  021  016  014  011  010 

Celda10

 000  000  000  000  016  017  002  000  000  000  004  005  004  002  001  000 
 000  000  000  012  024  015  000  000  000  000  000  000  002  000  000  000 
 000  000  000  018  024  011  000  000  001  000  000  000  002  000  000  000 
 004  008  008  017  016  010  005  000  000  000  000  000  001  000  000  000 
 010  004  006  009  008  010  009  000  000  000  000  000  000  000  000  000 
 008  004  004  007  003  008  008  003  000  000  000  000  000  000  000  000 
 000  014  018  008  004  002  005  008  004  000  000  000  004  007  003  000 
 000  016  024  008  000  000  002  008  003  000  000  000  005  002  001  005 
 008  021  014  006  002  000  002  004  000  000  000  000  004  000  000  000 
 020  016  003  000  004  006  004  000  000  000  000  000  000  000  000  000 
 029  019  006  006  006  008  008  007  012  016  013  004  000  000  000  000 
 037  020  002  000  000  003  012  012  010  010  008  002  000  000  000  000 
 026  004  000  000  000  001  018  022  009  000  000  000  000  000  000  000 
 015  000  000  000  000  004  022  021  006  000  000  000  000  000  002  002 
 012  000  000  000  003  010  022  016  004  000  002  002  003  007  005  000 
 010  006  000  006  012  020  026  023  017  011  008  006  004  000  000  000 

Celda11

 000  000  000  000  000  000  056  048  015  020  035  028  010  000  002  001 
 000  000  000  000  000  000  045  048  032  030  027  022  018  009  005  005 
 000  000  000  000  000  000  043  052  042  034  020  016  019  014  006  000 
 000  000  000  000  000  000  055  073  053  031  018  012  010  013  014  004 
 000  000  000  000  000  002  071  080  042  020  014  002  000  012  023  012 
 000  000  000  000  000  000  069  064  024  010  006  000  000  016  026  015 
 000  004  000  000  000  000  064  061  028  007  000  000  000  018  022  011 
 009  002  000  000  000  001  054  058  035  010  000  002  010  015  012  007 
 000  000  000  000  000  001  047  052  038  019  004  009  010  004  004  006 
 000  000  000  000  000  000  052  053  032  022  004  000  000  000  000  004 
 000  000  000  000  000  008  058  050  028  014  003  000  000  000  001  004 
 002  000  000  000  000  016  068  058  032  019  008  002  002  020  029  026 
 004  007  003  000  000  031  088  066  027  015  006  005  011  032  021  014 
 001  006  012  009  004  040  081  042  014  013  001  000  012  022  008  005 
 000  000  002  004  000  034  066  032  012  014  008  004  020  021  013  021 
 000  000  000  000  002  029  058  034  026  033  028  025  026  021  013  013 

Celda12

 002  009  008  002  000  000  000  000  002  002  005  004  004  002  015  008 
 004  011  004  000  000  006  008  001  000  000  006  006  005  008  018  010 
 000  006  004  000  005  006  000  000  000  000  007  011  003  010  014  011 
 000  002  006  004  000  000  000  000  000  011  002  008  013  009  004  003 
 002  000  004  004  000  000  000  000  019  016  011  000  011  014  006  000 
 007  002  000  000  000  000  000  005  007  000  002  006  001  015  012  003 
 009  004  000  000  000  000  004  000  000  007  000  010  015  023  021  013 
 008  006  000  002  005  002  000  000  000  014  008  002  010  012  008  010 
 007  004  004  008  008  001  000  000  000  012  008  004  003  000  000  010 
 004  002  007  012  010  002  000  007  018  017  007  005  005  001  003  017 
 002  004  013  013  008  006  012  020  023  018  014  010  013  013  016  030 
 019  029  031  015  005  011  019  017  012  006  006  009  018  020  023  024 
 016  031  020  008  004  020  023  012  002  000  000  009  012  009  012  003 
 027  033  016  010  010  025  021  004  000  000  003  010  004  004  012  000 
 030  018  010  008  006  010  010  000  000  000  007  010  004  006  012  002 
 014  002  000  004  004  000  006  000  000  006  011  007  009  018  016  006 

Celda13

 000  000  000  000  000  002  005  006  004  000  000  000  000  000  000  000 
 007  007  002  000  001  004  000  000  000  000  000  011  018  014  007  008 
 009  003  002  006  009  006  004  008  012  008  010  027  024  018  013  020 
 002  000  000  006  007  006  008  008  006  006  006  012  000  000  002  034 
 000  004  002  000  000  000  000  000  000  000  003  007  000  000  010  049 
 006  012  005  001  002  004  006  008  010  012  027  035  031  031  032  057 
 019  027  022  022  022  023  023  020  016  016  038  039  030  033  032  044 
 013  020  016  016  017  018  012  000  000  006  021  010  000  007  014  018 
 018  016  006  003  009  010  006  000  000  014  018  002  000  000  003  010 
 029  027  022  016  012  007  006  008  009  020  008  000  000  012  014  013 
 035  030  031  018  010  003  000  000  006  022  004  000  000  020  022  008 
 012  016  021  001  002  000  000  000  002  018  000  000  002  029  019  000 
 000  012  024  007  000  000  000  000  004  010  000  002  018  037  010  000 
 000  004  022  014  000  000  000  000  006  016  010  026  026  022  000  002 
 000  000  019  017  000  000  000  000  017  045  037  032  016  000  007  027 
 006  007  014  014  000  000  000  010  053  066  029  009  000  000  031  047 

Celda14

 007  033  035  021  021  021  030  027  010  000  001  013  032  046  033  012 
 028  049  048  036  030  025  022  014  003  002  019  040  044  036  013  002 
 049  050  044  028  016  007  000  000  000  012  045  053  037  021  010  009 
 052  031  024  012  006  004  000  000  010  039  053  037  012  003  008  018 
 044  018  016  014  010  010  008  008  037  050  030  004  000  002  013  015 
 040  022  018  014  007  010  022  044  061  043  009  000  001  015  022  010 
 026  012  007  000  000  014  050  069  057  032  021  020  034  041  033  025 
 005  000  000  000  004  043  063  040  020  018  028  042  050  041  031  036 
 008  006  000  000  031  067  039  005  000  016  037  041  031  021  023  028 
 015  012  010  012  056  057  011  004  021  046  046  028  020  021  027  020 
 004  000  002  020  054  030  010  020  045  050  035  022  025  031  027  020 
 000  000  002  036  039  018  021  039  043  034  025  023  024  017  010  002 
 000  014  038  039  024  022  034  041  035  025  016  008  000  000  000  000 
 021  052  053  024  013  019  026  031  028  015  000  000  000  000  000  000 
 053  053  030  013  012  012  013  020  022  010  000  000  000  000  000  000 
 032  014  010  020  021  011  011  017  016  006  000  000  000  000  000  000 

Celda15

 008  011  012  013  012  008  012  018  018  015  015  009  000  031  075  000 
 007  014  008  004  004  010  000  010  026  036  036  032  023  042  083  008 
 015  021  009  006  002  009  006  004  014  022  031  035  036  055  091  022 
 024  026  016  014  010  006  008  002  000  005  012  017  020  044  078  020 
 010  012  012  010  012  004  002  002  003  007  011  010  002  027  062  010 
 003  008  012  006  011  012  008  004  009  018  023  016  005  033  065  010 
 026  026  024  018  023  032  040  040  040  046  042  026  019  044  065  007 
 037  029  022  028  032  042  046  044  034  032  022  012  014  033  049  000 
 017  012  014  031  034  030  024  021  015  002  000  002  000  018  042  000 
 009  007  018  034  024  008  002  004  004  000  000  005  000  016  044  000 
 016  014  019  023  006  000  000  000  000  000  000  005  000  017  048  000 
 001  002  002  010  001  000  000  000  000  000  000  003  004  028  059  010 
 000  000  000  006  004  000  000  000  000  006  014  017  025  048  068  018 
 000  000  000  006  008  000  000  000  002  017  028  030  033  048  059  011 
 000  000  000  006  008  002  000  000  015  027  023  023  019  033  044  002 
 000  000  000  002  006  004  000  002  017  022  007  006  006  025  042  006 

Celda16

 000  000  000  000  000  000  005  004  000  000  000  000  006  016  013  007 
 000  000  000  000  004  005  003  000  000  000  000  000  007  019  012  000 
 000  000  000  000  008  006  000  000  000  000  000  000  004  012  008  000 
 000  000  000  000  008  003  000  000  000  000  000  000  000  000  004  001 
 000  000  000  000  006  000  000  000  001  000  000  000  001  000  010  021 
 001  002  000  000  001  000  000  013  018  012  010  010  014  011  022  030 
 001  003  006  004  002  010  023  031  019  008  010  021  020  008  006  018 
 000  000  000  004  015  031  036  026  005  000  000  010  000  000  000  016 
 000  000  003  011  027  034  028  012  002  000  000  012  000  000  000  015 
 003  008  015  016  020  016  006  000  000  006  012  013  001  004  006  013 
 004  008  013  008  004  006  001  000  000  016  032  032  023  018  016  016 
 001  002  001  000  006  013  008  008  008  021  028  026  023  016  008  002 
 001  002  005  007  017  021  014  013  009  012  012  004  009  010  002  000 
 005  010  016  016  022  020  008  004  002  007  010  000  002  009  012  004 
 001  002  004  008  019  012  002  000  002  013  017  009  012  015  018  014 
 000  000  000  000  013  000  000  000  011  022  017  011  012  014  014  009 

Celda17

 002  000  000  000  000  010  000  008  018  029  029  009  006  006  001  007 
 000  000  000  000  000  016  008  000  006  013  014  004  004  004  002  013 
 000  000  000  000  000  018  017  004  000  006  014  014  010  010  007  010 
 000  000  000  000  000  020  025  006  000  007  020  013  005  008  010  006 
 017  015  009  004  002  027  034  008  000  004  026  014  000  000  000  000 
 018  019  016  008  001  026  033  004  000  000  023  008  000  000  000  000 
 000  000  004  004  000  023  034  000  000  000  018  000  000  000  000  000 
 005  000  002  006  004  015  024  000  000  006  016  000  000  004  006  014 
 012  004  002  004  006  010  008  000  000  020  023  006  000  008  008  003 
 016  009  000  000  005  011  003  000  000  035  030  004  000  002  012  002 
 023  010  000  000  000  002  000  000  002  034  024  000  000  000  012  013 
 017  003  000  000  000  000  000  000  009  037  025  004  004  000  013  031 
 020  004  000  000  004  007  006  008  034  057  034  011  007  006  014  047 
 019  009  000  004  020  023  020  018  040  048  015  008  013  018  024  058 
 007  008  000  000  024  024  015  014  028  027  003  006  018  028  034  064 
 000  000  000  000  026  017  006  012  022  021  006  008  018  031  041  064 

Celda18

 023  024  008  001  008  017  021  022  011  001  000  001  000  000  000  000 
 030  016  002  000  012  016  017  013  000  000  000  004  006  007  006  004 
 021  006  000  002  018  020  016  006  002  003  004  006  007  004  000  000 
 010  004  000  004  013  014  006  000  000  000  000  000  000  000  000  000 
 004  002  002  008  012  012  001  000  000  000  000  000  000  000  000  002 
 005  006  004  008  012  009  000  000  000  000  000  000  000  004  014  022 
 006  013  009  004  006  005  000  000  005  014  022  028  030  030  026  021 
 017  021  010  000  000  005  010  030  043  039  041  044  042  034  020  010 
 002  010  010  008  016  031  043  049  040  022  022  025  028  026  018  008 
 001  013  023  025  032  042  043  035  020  007  006  008  008  010  013  012 
 016  027  031  027  028  034  029  018  009  004  003  000  000  000  002  010 
 041  041  036  025  020  024  018  006  000  000  000  000  000  000  000  003 
 059  055  044  024  010  014  012  000  000  000  000  000  000  000  000  000 
 068  056  038  030  014  004  016  003  000  000  002  000  000  000  000  000 
 073  053  026  020  017  004  013  011  000  000  003  000  001  004  004  001 
 073  049  015  008  012  012  004  014  000  011  012  006  006  011  014  008 

Celda19

 000  000  000  004  019  045  072  061  061  056  035  025  024  015  002  008 
 000  000  000  008  026  049  081  078  072  048  020  015  021  013  009  010 
 000  000  002  013  022  035  078  081  058  024  011  012  018  015  019  022 
 000  010  019  030  014  013  070  070  031  008  008  012  012  018  022  021 
 016  022  022  025  004  002  074  068  021  007  009  006  006  021  022  012 
 018  014  008  007  000  004  084  073  024  010  007  002  004  019  016  003 
 011  002  000  002  000  007  086  068  022  008  006  003  004  013  011  000 
 002  000  000  003  000  013  083  071  022  004  003  000  002  008  008  001 
 001  000  000  006  000  026  083  068  026  002  000  000  004  004  006  009 
 008  002  000  008  010  036  078  067  028  003  001  000  006  004  004  013 
 011  007  000  010  032  046  074  069  033  007  004  002  010  015  011  013 
 006  006  004  020  048  046  068  068  030  006  000  000  017  024  011  005 
 000  000  002  021  047  043  066  063  021  002  002  005  026  022  004  000 
 000  000  000  021  054  057  076  064  021  004  009  014  026  013  000  000 
 000  000  000  034  076  077  083  064  021  008  007  013  018  006  000  000 
 000  000  000  042  085  078  068  042  004  000  000  008  007  002  004  006 

Celda20

 012  006  008  013  012  006  000  000  000  010  011  008  013  019  012  006 
 019  025  029  019  014  010  009  005  000  006  012  016  019  020  010  002 
 026  029  026  010  007  004  003  002  002  005  017  025  026  018  002  000 
 019  024  014  000  000  000  000  000  007  023  031  031  028  012  000  000 
 008  011  001  000  000  000  002  006  016  024  021  022  025  005  000  000 
 000  000  000  000  000  000  006  010  014  011  006  012  014  000  000  000 
 000  000  000  002  004  005  006  004  000  003  008  012  006  000  000  000 
 005  010  010  012  010  006  002  000  000  010  027  024  006  000  000  009 
 009  008  008  010  010  004  000  000  001  028  042  023  012  008  008  017 
 009  004  005  004  002  000  000  000  006  030  028  000  000  001  004  004 
 008  000  000  000  000  000  000  000  009  030  022  000  000  000  002  002 
 002  000  000  000  000  000  000  000  015  022  013  000  000  002  005  008 
 000  000  000  000  000  000  000  003  021  024  014  006  006  003  002  002 
 000  002  008  010  004  000  000  004  021  027  022  012  004  000  000  003 
 001  010  006  003  000  001  003  002  018  030  019  004  002  000  000  006 
 005  005  000  000  000  002  008  012  021  026  022  000  000  000  000  006 

Celda21

 010  016  014  003  000  000  000  024  059  036  000  000  000  021  049  028 
 005  010  009  003  004  006  010  031  040  001  000  000  008  047  041  016 
 002  004  000  002  015  015  015  022  022  000  000  000  028  039  021  018 
 000  007  002  000  019  011  004  005  009  000  000  017  026  018  009  017 
 000  007  009  010  018  000  000  001  008  002  014  026  013  014  014  020 
 002  013  008  010  018  000  000  002  022  019  018  006  004  013  016  020 
 014  020  009  006  012  000  000  007  038  022  000  000  004  016  014  014 
 026  013  001  000  002  000  000  016  048  018  000  000  008  018  012  010 
 017  000  000  000  000  000  000  032  050  008  000  000  006  018  016  009 
 008  000  000  000  000  000  000  063  053  000  000  000  006  014  020  008 
 004  002  000  000  000  000  024  076  026  000  000  014  018  012  016  010 
 006  000  000  000  000  000  056  067  007  000  007  029  017  005  008  018 
 003  000  000  000  000  016  071  046  000  000  010  019  004  002  000  024 
 000  000  000  000  000  047  060  016  000  000  014  017  006  008  010  029 
 000  000  000  000  025  066  035  002  000  018  033  032  019  018  022  031 
 000  000  006  014  058  070  020  004  029  043  038  029  017  018  026  024 

Celda22

 007  000  015  031  025  012  009  012  007  003  000  000  000  000  000  000 
 019  030  032  031  015  007  000  008  001  000  002  000  000  000  000  000 
 038  040  025  014  002  000  000  008  003  000  000  000  000  000  000  000 
 033  022  002  000  000  000  000  012  010  000  000  000  000  004  012  012 
 024  006  000  000  000  000  000  016  015  000  000  000  002  008  012  008 
 018  000  000  000  000  000  000  014  016  000  000  000  000  000  000  000 
 010  000  000  002  000  000  000  008  012  002  000  000  002  000  000  007 
 004  000  000  006  000  000  000  003  007  004  000  001  008  013  014  019 
 001  000  002  010  006  006  008  005  006  001  002  012  015  012  018  021 
 000  000  006  012  011  008  012  010  006  002  008  020  011  004  014  014 
 000  002  007  013  017  008  006  008  006  004  013  015  004  004  010  002 
 013  012  015  021  017  004  000  002  006  006  010  006  003  008  008  000 
 025  014  012  015  008  000  002  007  010  009  008  010  014  020  014  008 
 030  013  010  009  007  006  016  019  012  010  011  019  024  029  022  018 
 027  013  008  008  010  017  023  018  010  010  010  016  019  023  015  012 
 011  010  006  007  013  022  019  010  008  013  012  011  010  012  004  000 

Celda23

 000  006  002  000  004  008  005  000  010  026  012  000  004  028  047  012 
 005  013  005  000  005  016  012  007  000  023  018  006  011  031  044  007 
 008  016  010  003  010  020  017  012  008  015  024  020  022  032  038  002 
 010  012  012  006  008  017  016  006  008  009  032  036  024  026  034  003 
 002  008  010  008  011  017  013  000  004  011  042  039  016  021  036  008 
 002  011  008  008  016  017  008  000  002  014  040  036  017  025  038  009 
 019  025  014  007  016  016  005  001  003  019  037  035  019  023  031  004 
 026  025  018  012  015  015  003  002  011  024  031  025  016  019  025  002 
 019  017  012  012  016  024  009  002  014  027  023  015  018  020  020  000 
 009  011  006  007  012  026  009  004  013  032  023  014  014  018  020  000 
 000  006  000  004  014  029  010  008  010  034  025  013  009  014  022  000 
 000  008  003  006  023  034  016  020  017  034  028  012  007  020  032  008 
 008  015  013  012  026  032  017  019  020  024  022  015  009  022  030  005 
 018  021  018  015  023  023  006  004  006  000  014  021  016  020  024  001 
 014  015  013  018  025  013  000  000  000  000  010  026  020  015  020  000 
 000  001  006  023  023  006  000  000  000  000  015  024  015  010  020  000 

Celda24

 000  000  000  000  012  000  000  007  026  021  010  000  000  000  003  002 
 000  000  000  000  013  000  008  021  025  006  000  000  000  000  000  000 
 000  000  000  000  020  010  012  022  018  000  000  000  000  000  000  000 
 000  000  000  000  026  020  006  011  008  000  001  004  000  000  000  000 
 002  004  006  002  024  022  012  012  002  000  001  010  010  000  000  000 
 002  006  012  014  021  017  014  014  001  000  000  008  012  005  000  001 
 002  005  010  012  011  016  015  010  002  000  001  011  010  008  002  004 
 002  004  004  000  000  017  018  008  002  000  001  013  004  004  003  006 
 002  004  004  002  001  024  022  008  006  006  004  010  000  000  000  015 
 001  004  012  022  024  034  021  004  003  002  002  000  000  000  000  021 
 001  004  014  026  028  024  010  000  002  000  000  000  000  000  005  026 
 001  004  009  012  012  008  002  000  003  003  002  002  000  000  016  034 
 000  000  000  000  000  002  001  000  009  005  000  002  006  000  020  045 
 000  000  000  000  004  006  005  006  018  004  000  008  018  014  021  060 
 001  002  006  010  008  004  005  015  017  004  007  029  026  024  024  066 
 001  002  002  004  004  002  004  019  006  000  013  034  016  019  014  053 

Celda25

 000  000  006  019  028  012  003  008  014  018  016  025  034  037  043  057 
 000  000  020  031  025  009  005  006  011  024  033  043  048  044  038  040 
 000  000  028  042  022  009  010  013  019  038  046  047  050  045  028  015 
 000  000  030  046  028  024  022  022  025  043  045  038  040  034  015  008 
 006  010  038  057  048  045  033  026  026  045  045  032  026  014  000  002 
 010  014  046  070  062  050  028  020  028  050  047  030  017  002  000  000 
 008  008  044  075  064  041  017  012  029  042  029  016  011  007  000  000 
 011  010  047  082  062  030  010  009  025  025  007  006  008  008  008  008 
 018  020  054  089  060  022  010  013  026  021  006  004  008  000  004  008 
 015  022  051  085  054  014  010  016  025  019  006  000  002  000  000  001 
 008  014  042  077  050  008  004  005  012  009  000  000  000  002  004  001 
 010  014  042  076  048  004  001  000  009  009  000  000  000  001  007  003 
 014  020  044  070  035  000  001  003  007  007  000  000  000  004  010  005 
 017  014  026  048  023  000  000  005  014  011  002  000  000  009  008  000 
 017  006  008  040  022  003  002  006  014  010  008  008  007  013  007  000 
 009  001  001  032  022  006  006  010  012  004  000  003  006  013  004  000 

Celda26

 062  035  004  004  012  020  018  013  008  014  020  016  014  014  005  000 
 038  017  000  002  008  017  022  016  017  019  019  020  018  010  000  000 
 014  009  000  000  000  002  012  016  014  016  007  006  000  000  000  000 
 009  010  000  000  000  000  008  015  011  002  000  000  000  000  000  000 
 010  016  010  014  014  013  015  012  010  000  002  000  000  000  000  000 
 008  017  015  022  024  018  009  003  002  000  000  000  000  000  000  000 
 009  012  010  006  006  003  000  000  000  000  000  000  000  000  000  000 
 011  006  010  005  000  000  000  000  000  000  000  000  000  000  000  000 
 009  004  004  000  000  000  000  000  000  000  000  000  000  000  000  009 
 000  000  000  000  000  000  000  000  000  000  000  000  000  000  000  022 
 000  000  000  000  000  000  000  000  000  000  000  000  000  000  000  036 
 002  003  002  004  008  008  000  000  000  000  000  000  000  000  000  051 
 002  000  000  000  002  000  000  000  000  000  000  000  000  000  018  064 
 000  000  000  000  000  000  000  000  000  000  000  000  000  003  048  065 
 000  000  000  000  000  000  000  000  000  000  000  000  000  014  057  049 
 000  000  000  000  000  000  000  000  000  000  000  000  000  033  054  041 

Celda27

 000  000  000  038  077  067  042  018  000  000  002  006  002  000  001  004 
 000  000  000  036  081  066  026  005  000  000  004  006  002  003  000  000 
 000  000  000  035  087  068  014  000  003  006  016  015  009  003  000  000 
 000  000  000  037  095  064  002  002  016  013  014  012  006  002  000  002 
 000  000  006  039  098  060  000  004  024  017  010  006  000  000  000  000 
 000  018  022  045  096  060  003  014  036  024  014  005  000  000  000  000 
 009  043  028  033  079  062  008  013  027  016  006  000  000  000  000  002 
 038  051  026  018  058  066  016  002  014  014  007  000  000  000  000  006 
 047  041  014  011  038  068  029  001  000  006  008  002  000  000  000  000 
 050  041  012  012  018  069  041  000  000  000  010  010  000  000  000  000 
 063  057  026  020  005  061  048  000  000  002  012  009  000  000  000  000 
 073  062  025  013  002  046  050  000  000  004  006  000  000  000  000  000 
 068  046  005  000  000  034  052  000  000  000  000  000  000  012  019  010 
 050  028  000  000  010  031  045  000  000  000  000  000  007  044  041  020 
 033  022  002  008  014  009  030  002  000  000  008  022  034  049  041  023 
 037  030  015  009  006  000  016  010  000  010  029  023  018  030  033  023 

Celda28

 000  000  000  000  000  004  012  020  026  023  014  000  000  000  006  011 
 000  000  000  000  000  003  011  017  012  001  002  000  000  000  017  013 
 000  000  000  000  000  006  012  008  000  000  000  000  000  000  022  018 
 003  000  000  000  000  010  015  000  000  000  000  001  010  016  017  010 
 000  000  000  000  000  010  008  000  000  002  006  016  018  019  014  002 
 000  000  000  000  000  004  000  000  010  016  019  022  015  008  008  000 
 000  000  000  000  000  003  000  004  020  032  030  020  012  002  000  000 
 001  000  000  000  000  008  012  023  042  047  029  013  009  000  000  000 
 000  000  000  002  016  025  037  044  049  039  013  004  006  000  000  000 
 000  000  000  007  020  029  043  046  036  016  000  002  008  000  000  000 
 000  000  000  010  017  024  035  036  020  003  000  000  012  000  000  000 
 000  000  004  026  036  030  028  028  016  008  011  010  012  000  000  006 
 000  001  030  051  046  028  023  030  026  020  020  020  010  000  000  006 
 017  022  046  047  029  014  020  037  034  018  010  006  000  000  000  020 
 032  035  045  034  015  007  019  035  023  004  000  000  000  000  000  037 
 026  032  036  026  011  006  016  024  010  000  000  000  000  000  003  043 

Celda29

 005  004  006  012  071  074  028  025  046  036  019  014  011  016  022  016 
 004  002  000  002  085  079  036  036  038  019  010  016  018  017  018  012 
 000  000  000  021  097  070  023  026  024  014  010  021  024  017  016  016 
 000  000  000  055  097  049  002  006  010  011  008  020  025  014  009  013 
 000  000  028  087  083  033  003  002  000  002  006  018  023  006  001  008 
 000  004  068  088  052  024  017  010  004  002  003  010  016  005  000  007 
 000  024  084  065  016  015  023  012  014  012  006  003  010  006  000  006 
 000  049  091  040  004  007  022  010  012  014  010  006  005  004  000  002 
 000  074  087  017  000  008  026  016  007  006  006  004  000  000  000  000 
 022  099  081  004  000  013  039  024  006  000  000  000  000  000  000  000 
 057  110  055  000  000  024  041  013  000  000  000  000  000  000  000  000 
 077  086  018  000  000  020  026  003  000  000  000  000  000  000  001  012 
 075  052  000  000  010  016  013  000  000  000  000  000  002  008  007  008 
 066  032  000  000  011  011  007  002  000  004  006  004  006  004  000  000 
 052  016  000  000  010  012  010  007  002  003  002  000  002  005  000  000 
 033  005  000  002  012  015  010  001  000  000  000  000  000  006  001  000 

Celda30

 006  002  018  012  012  018  013  006  008  013  014  008  004  006  000  001 
 016  009  023  021  004  004  010  004  004  005  005  002  000  002  000  000 
 020  024  023  018  000  000  008  009  008  005  000  000  000  002  000  000 
 012  020  010  009  000  000  004  010  008  004  000  000  000  002  001  000 
 013  008  004  000  006  000  000  006  005  002  000  000  000  000  000  000 
 014  000  000  000  008  006  000  000  002  000  000  000  000  000  000  000 
 010  000  000  000  004  010  000  000  000  000  000  000  000  000  000  000 
 004  000  000  000  000  012  000  000  000  000  006  004  000  000  000  004 
 000  000  000  000  000  014  012  000  000  000  011  011  011  012  012  019 
 000  000  000  000  000  012  024  007  017  018  020  016  014  006  002  004 
 000  000  000  012  021  017  021  018  004  003  002  008  006  000  000  000 
 014  010  014  027  024  018  003  016  003  000  000  006  002  000  000  000 
 002  000  001  012  005  006  002  006  011  005  015  013  005  000  000  004 
 000  000  007  016  004  005  010  006  019  028  025  019  018  016  012  006 
 000  003  023  020  007  008  014  013  023  035  022  013  014  015  010  003 
 000  008  016  004  000  001  008  008  009  028  012  000  000  000  000  000 

Celda31

 004  000  010  025  014  003  000  000  002  006  008  012  006  010  024  000 
 003  001  018  032  008  000  004  006  003  005  000  000  002  016  033  000 
 000  002  024  032  006  000  000  000  000  000  000  000  000  024  042  000 
 000  000  024  029  002  000  000  000  000  000  000  000  000  028  051  000 
 000  000  016  026  001  000  000  000  000  000  000  000  000  030  060  000 
 000  000  006  022  008  000  000  004  010  000  004  010  013  050  081  016 
 000  000  000  014  016  005  010  016  016  007  008  017  022  059  081  017 
 026  037  040  036  038  036  025  018  006  005  007  011  018  049  068  010 
 032  024  017  016  026  025  008  007  008  008  011  012  012  037  057  003 
 018  008  000  004  011  007  000  000  000  002  004  010  007  028  051  000 
 010  012  008  010  012  002  000  000  001  000  000  002  002  026  053  000 
 005  017  015  010  008  002  000  002  008  010  004  000  000  022  060  000 
 008  017  014  006  006  004  002  005  009  002  000  000  000  022  073  000 
 004  012  010  004  006  008  001  000  002  000  000  000  000  032  092  000 
 000  009  009  004  008  010  000  000  000  000  000  000  000  054  112  009 
 000  005  008  008  010  004  000  000  000  000  000  000  022  100  136  026 

Celda32

 000  000  000  000  000  000  003  015  000  000  018  028  000  004  001  040 
 000  000  000  000  000  000  004  010  000  000  019  023  000  000  000  036 
 000  000  000  000  000  000  009  008  000  000  028  011  000  000  000  044 
 000  000  000  000  000  002  014  002  000  008  028  000  000  000  000  056 
 001  000  000  000  000  010  014  000  000  019  032  000  000  000  001  060 
 000  000  000  000  002  015  004  000  000  026  032  000  000  000  002  060 
 000  000  000  002  013  007  000  000  005  028  022  000  000  000  004  058 
 000  000  000  005  005  000  000  000  020  027  008  000  000  000  009  054 
 000  000  000  000  000  000  000  000  029  020  000  000  000  000  012  044 
 000  000  000  000  000  000  000  009  030  008  000  000  000  000  012  035 
 000  000  000  000  000  000  000  016  025  000  000  000  000  000  011  028 
 000  000  000  000  000  000  000  018  018  000  000  000  000  000  008  023 
 000  000  000  000  000  000  008  026  015  000  000  000  000  000  007  020 
 000  000  000  000  000  000  026  029  009  000  005  008  008  010  027  038 
 000  000  000  000  000  000  031  019  003  002  000  002  004  008  028  031 
 000  000  000  000  000  010  026  010  001  002  000  000  000  004  024  016 

Celda33

 011  000  000  028  021  004  006  011  008  004  000  000  007  011  000  000 
 018  000  000  027  026  003  002  010  003  000  008  010  010  005  000  000 
 032  008  000  024  032  006  000  006  000  000  013  018  012  000  000  000 
 039  006  004  018  034  009  000  002  000  001  014  020  012  000  000  000 
 040  000  000  012  034  012  000  000  004  007  010  015  014  001  000  000 
 038  000  000  006  039  020  000  000  007  009  004  010  018  007  000  000 
 034  000  000  000  042  028  000  000  006  006  000  006  016  011  000  000 
 028  000  000  000  039  030  000  000  007  005  000  000  006  012  004  000 
 022  000  000  000  032  028  002  000  008  007  000  000  000  010  010  000 
 018  000  000  000  026  026  006  001  008  009  003  000  000  006  010  000 
 012  000  000  000  019  024  010  002  006  010  008  000  000  002  010  000 
 009  000  000  000  010  022  016  006  004  007  005  000  000  004  012  005 
 011  006  010  008  000  017  024  014  001  000  000  000  004  011  016  008 
 028  017  018  014  002  013  032  021  004  004  008  024  027  024  020  000 
 014  003  003  004  000  006  034  026  002  006  031  034  015  004  007  000 
 000  000  000  000  000  000  028  030  014  010  016  000  000  000  006  000 

Celda34

 000  000  000  000  000  000  000  000  000  000  000  000  006  049  057  050 
 000  006  011  012  012  010  006  003  000  000  000  000  021  051  055  049 
 004  012  018  020  018  012  008  002  000  000  000  007  033  040  040  023 
 003  002  000  000  000  000  000  000  000  000  000  027  044  032  025  010 
 000  000  000  000  000  000  000  000  000  000  000  047  050  030  016  006 
 000  000  000  000  000  000  000  000  000  000  002  060  055  034  020  012 
 000  000  000  000  000  000  000  000  000  000  011  060  060  044  032  027 
 000  000  000  000  000  000  000  000  000  000  029  070  074  055  033  024 
 000  000  000  000  000  000  000  000  000  022  055  079  078  046  022  026 
 000  000  000  000  000  000  000  000  001  047  050  057  055  027  014  026 
 000  000  000  000  000  000  000  000  024  047  029  030  042  024  009  022 
 000  000  000  000  000  000  000  000  046  053  023  022  040  026  007  016 
 000  000  000  000  000  000  000  011  071  072  036  034  052  039  020  021 
 000  000  000  002  013  017  024  043  086  078  038  033  049  041  027  025 
 000  003  018  027  024  020  025  049  079  067  025  017  039  041  026  017 
 004  015  019  012  002  002  011  040  065  054  014  010  041  043  016  006 

Celda35

 044  025  006  000  000  000  009  022  015  014  009  006  004  019  021  015 
 021  000  000  000  000  008  017  035  017  002  000  006  014  019  012  011 
 000  000  000  008  019  025  024  032  014  003  001  007  019  016  004  003 
 000  004  033  032  028  030  026  021  013  006  004  004  020  014  000  000 
 012  030  033  018  015  020  019  006  002  000  000  000  019  017  006  000 
 028  032  016  008  009  009  006  000  000  000  000  000  012  016  012  000 
 032  027  012  010  006  000  000  000  000  000  000  000  004  007  012  005 
 025  022  010  004  000  000  000  000  000  000  004  008  002  000  008  010 
 028  016  002  000  000  000  000  000  000  000  000  000  000  000  008  012 
 028  012  000  000  000  002  000  000  000  000  000  000  000  011  022  021 
 024  007  000  000  000  005  000  000  000  006  002  000  014  034  029  024 
 019  006  000  002  019  020  013  014  020  029  020  008  025  042  022  016 
 019  012  015  028  034  022  016  018  031  032  024  016  025  039  012  005 
 026  026  025  028  023  007  002  004  022  015  018  025  024  034  016  002 
 018  022  022  020  011  002  004  007  017  009  014  028  026  029  026  008 
 007  018  022  015  008  009  017  018  018  014  010  015  016  022  036  024 

Celda36

 013  014  011  011  010  010  014  015  006  000  000  000  000  000  011  050 
 018  006  000  007  011  009  007  004  003  000  000  000  000  000  016  054 
 017  014  004  010  012  003  000  000  000  000  000  000  000  000  022  059 
 010  021  014  006  006  000  000  002  000  000  000  000  000  000  029  062 
 000  020  022  003  000  000  000  002  000  000  000  000  000  007  052  069 
 000  014  026  006  000  000  000  002  000  000  000  000  000  028  064  060 
 000  010  028  011  000  000  000  004  004  006  000  000  002  042  060  041 
 001  012  027  018  006  004  000  008  004  000  000  000  014  050  051  025 
 011  022  037  037  013  003  000  006  002  000  000  000  026  060  052  018 
 020  022  030  030  004  000  000  000  000  000  000  000  038  060  050  020 
 021  010  016  025  000  000  000  000  000  000  000  004  050  058  043  020 
 011  004  002  016  005  000  000  000  000  000  000  028  071  064  039  018 
 004  004  005  008  002  000  000  000  000  000  004  065  090  055  020  016 
 002  003  006  002  000  000  000  000  000  004  041  101  089  033  008  014 
 010  015  015  010  002  000  000  000  006  019  069  107  070  018  010  013 
 025  029  024  020  013  008  006  004  004  012  064  087  049  010  007  008 

Celda37

 031  002  000  006  008  011  009  000  000  000  000  000  000  004  004  000 
 034  001  002  008  000  003  009  001  000  000  000  000  000  000  000  000 
 041  004  005  009  000  000  010  004  000  000  000  000  002  000  000  000 
 047  012  005  006  000  000  009  004  000  000  000  000  011  014  013  008 
 048  010  000  003  000  005  005  003  000  000  000  011  029  029  021  016 
 033  009  000  006  010  010  005  000  000  001  005  015  020  009  000  000 
 017  008  005  023  028  020  015  008  007  008  006  006  010  006  000  000 
 004  006  014  032  034  020  020  018  019  018  011  000  002  008  000  002 
 000  004  024  037  031  010  010  008  012  012  012  006  000  009  004  009 
 000  004  035  042  023  000  000  000  005  001  004  006  001  007  012  002 
 000  003  037  040  021  000  000  000  008  004  000  002  005  004  013  000 
 001  002  028  032  020  003  000  000  010  004  000  000  000  000  008  000 
 000  000  019  030  018  001  000  000  006  002  000  000  000  000  003  000 
 003  000  018  032  014  000  000  000  000  000  002  000  000  000  004  005 
 000  000  018  032  012  000  000  009  010  010  009  007  008  008  006  004 
 003  005  015  024  012  000  003  012  007  004  004  002  003  007  006  000 

Celda38

 000  005  014  003  000  008  001  004  000  021  014  000  000  000  000  000 
 000  005  008  000  000  012  006  004  004  009  014  002  000  000  000  000 
 008  006  004  000  000  012  012  000  007  000  008  010  004  000  000  000 
 006  004  000  000  002  012  014  000  000  000  000  010  011  000  000  000 
 008  001  003  009  007  006  011  002  000  000  000  004  016  008  000  000 
 000  000  004  004  000  000  010  002  000  000  002  010  019  006  000  000 
 000  002  002  001  000  000  012  006  003  004  008  010  000  000  000  000 
 004  011  008  006  004  005  019  016  009  010  008  000  000  000  000  000 
 018  026  017  012  008  002  014  014  002  002  000  000  000  000  000  009 
 006  009  000  000  000  000  008  018  000  000  000  000  000  000  035  064 
 000  000  000  000  000  000  000  011  000  000  000  000  000  039  064  064 
 000  000  000  008  008  000  000  000  000  000  000  007  060  068  057  050 
 003  020  024  017  002  000  000  000  000  000  024  073  086  069  052  044 
 018  030  015  000  000  000  000  000  004  043  078  080  065  049  038  027 
 015  016  000  000  000  000  000  015  067  090  078  043  018  016  018  011 
 005  002  000  000  000  000  028  080  095  076  036  000  000  014  021  012 

Celda39

 000  000  006  014  004  000  000  000  000  000  000  035  062  105  124  023 
 000  000  006  010  000  000  000  000  000  006  041  051  046  080  102  012 
 000  000  002  000  000  000  000  004  016  044  054  036  025  063  089  003 
 000  000  000  000  000  000  010  051  062  063  053  032  021  054  082  000 
 000  000  000  000  000  036  081  087  074  061  048  032  018  046  076  000 
 000  000  000  017  062  089  091  075  056  044  038  025  019  046  083  010 
 000  000  044  077  085  080  064  045  029  026  030  018  018  054  093  023 
 000  038  069  066  062  058  042  026  016  020  027  015  019  058  088  019 
 044  063  060  049  051  047  028  016  014  018  024  019  020  056  077  012 
 067  059  049  046  049  037  017  012  015  020  026  024  021  046  065  008 
 052  038  032  034  033  019  007  011  017  021  025  020  013  034  054  003 
 038  022  017  016  014  009  004  008  012  012  010  005  005  031  051  001 
 028  013  012  009  006  006  004  010  020  015  004  003  008  034  051  002 
 011  006  012  010  006  005  000  011  032  032  014  008  013  035  048  002 
 008  006  020  027  027  020  014  013  039  040  017  018  018  038  049  004 
 010  010  027  040  032  018  018  016  038  042  017  014  022  043  051  007 

Celda40

 000  000  000  000  000  021  027  008  002  002  000  000  001  005  020  005 
 000  000  000  000  000  033  028  005  000  003  000  000  000  002  012  000 
 000  000  000  000  012  046  036  004  000  002  000  000  000  000  012  000 
 000  000  000  000  026  057  032  001  000  000  000  000  000  000  012  000 
 000  000  000  000  041  052  020  000  000  000  000  000  000  000  010  001 
 000  000  000  008  050  040  015  000  000  000  000  000  000  000  010  006 
 000  000  000  004  038  024  012  002  000  000  000  000  000  000  012  010 
 000  000  000  000  027  014  010  007  001  000  000  000  000  002  017  009 
 000  000  000  000  022  010  008  008  008  000  000  000  004  018  026  015 
 002  004  006  004  021  016  010  007  010  002  004  016  028  044  045  034 
 001  004  012  018  038  029  014  012  015  008  010  020  030  046  047  036 
 000  002  010  018  031  013  002  006  011  008  008  011  018  025  022  010 
 002  006  013  018  022  008  006  013  017  016  016  017  018  017  011  002 
 004  009  017  018  017  015  021  027  026  025  025  023  019  016  017  014 
 002  004  005  000  001  003  013  014  014  020  024  023  020  016  020  019 
 000  000  000  000  004  005  006  006  009  017  023  023  016  011  015  018 

Celda41

 000  000  000  000  006  014  021  030  021  011  005  000  000  004  012  004 
 000  000  000  014  026  026  012  020  020  008  000  000  000  004  012  006 
 000  000  016  038  024  021  010  003  014  011  000  000  000  000  007  008 
 002  010  025  027  004  006  004  000  008  017  006  000  000  000  006  010 
 004  011  015  012  000  000  000  000  003  018  006  000  000  000  009  014 
 003  005  002  004  002  000  001  000  000  018  006  000  000  000  012  026 
 005  002  000  005  016  017  021  018  008  014  004  000  000  004  021  040 
 004  004  004  017  023  010  014  020  018  008  003  002  007  019  039  047 
 013  017  018  020  011  000  000  011  016  008  007  013  024  040  051  040 
 030  028  021  012  004  004  010  014  015  010  009  022  028  037  036  016 
 028  016  010  008  006  006  009  012  014  012  002  019  020  015  009  000 
 009  008  011  013  012  008  006  008  012  012  004  014  024  010  005  000 
 007  016  026  022  022  019  016  014  012  009  004  004  018  010  005  000 
 018  019  022  014  014  014  013  010  006  002  000  000  008  008  002  000 
 018  013  006  003  004  006  002  000  000  000  000  000  004  008  000  000 
 014  012  008  006  005  000  000  000  000  000  000  000  002  010  000  000 

Celda42

 000  000  000  000  000  000  008  033  058  046  008  004  039  034  001  000 
 000  000  000  000  000  000  009  033  058  040  006  000  034  032  004  000 
 000  000  000  000  000  000  012  031  050  031  000  003  024  026  006  006 
 006  000  000  000  000  000  018  035  048  033  000  000  019  020  004  010 
 010  000  000  000  000  000  022  031  042  037  005  000  018  023  004  013 
 026  009  000  000  000  023  043  032  030  038  012  000  018  034  023  023 
 028  004  000  000  002  036  041  021  017  034  016  000  018  042  020  006 
 016  000  000  000  000  024  022  006  005  025  018  000  017  044  026  007 
 002  000  000  000  000  018  018  010  004  014  014  000  022  046  035  023 
 000  000  000  000  000  014  016  016  007  009  012  008  032  054  041  021 
 000  000  000  000  002  016  016  017  012  016  026  028  045  056  033  014 
 000  000  000  000  011  020  014  016  020  025  032  035  053  063  036  014 
 000  000  000  000  016  022  012  020  030  034  033  035  053  061  034  018 
 000  000  000  000  018  022  016  036  051  044  038  041  054  052  023  012 
 000  000  000  000  029  041  048  063  062  048  048  052  052  037  010  000 
 000  000  000  018  050  058  067  073  059  050  057  051  034  017  008  004 

Celda43

 006  017  014  002  000  013  018  018  012  015  006  004  008  019  041  038 
 008  014  010  004  008  024  022  016  015  017  012  015  016  017  037  035 
 012  010  006  010  024  037  026  017  018  019  018  020  020  013  033  028 
 020  017  016  025  037  039  021  010  012  012  014  014  014  011  026  020 
 026  021  020  027  032  028  008  000  000  003  011  012  016  012  017  016 
 026  018  017  016  015  016  007  000  000  004  011  007  008  009  006  012 
 010  016  018  014  011  010  007  004  007  008  008  004  000  005  000  004 
 007  016  020  023  022  017  013  012  007  004  006  006  000  000  000  000 
 020  021  024  026  023  018  016  013  004  000  000  008  004  000  000  000 
 011  008  016  024  020  011  002  000  001  006  002  001  010  000  004  004 
 011  007  010  020  023  014  000  000  012  010  015  014  024  012  011  009 
 018  017  015  024  028  014  000  000  025  023  016  018  027  012  008  006 
 022  017  020  034  036  022  013  017  042  033  017  015  016  008  009  008 
 015  019  023  025  023  018  014  018  036  029  013  009  000  000  006  009 
 012  025  018  012  020  016  003  004  017  018  000  000  000  003  000  000 
 016  024  011  009  020  018  004  000  010  014  000  000  000  002  000  000 

Celda44

 030  024  014  010  006  000  000  000  000  002  059  071  032  000  000  007 
 014  006  000  000  000  000  000  000  000  025  073  064  022  000  000  015 
 000  000  000  000  000  000  000  000  003  056  081  051  017  004  008  023 
 000  000  000  000  000  000  000  002  023  078  073  036  021  023  025  031 
 000  000  000  000  000  000  000  006  054  086  059  028  028  034  030  030 
 000  001  000  000  000  000  002  024  073  079  040  017  025  027  017  013 
 000  000  000  000  000  000  014  047  077  057  013  005  020  017  005  000 
 000  000  000  000  000  000  020  062  073  036  004  004  019  011  002  000 
 000  000  000  000  000  004  040  070  063  029  000  002  015  009  000  002 
 003  000  000  000  000  010  056  064  041  026  004  001  015  016  011  012 
 008  006  000  000  000  028  065  051  019  020  012  008  022  020  010  006 
 006  006  002  000  005  056  078  044  010  011  016  014  020  012  004  004 
 004  002  004  012  033  084  081  035  012  011  017  014  015  009  006  010 
 001  000  002  018  055  082  055  016  004  006  013  014  015  010  003  003 
 000  000  000  017  060  053  017  004  000  000  009  017  013  000  000  000 
 000  000  000  019  046  023  002  002  001  000  006  014  007  000  000  000 

Celda45

 017  026  034  029  008  000  000  012  016  005  000  000  006  007  004  000 
 032  034  028  020  010  000  000  010  025  015  002  005  011  008  000  000 
 032  021  006  008  012  013  010  006  028  025  011  012  006  000  000  000 
 034  018  002  003  010  019  024  016  017  026  010  000  000  000  000  000 
 032  017  005  002  004  010  018  016  002  016  009  000  000  000  000  000 
 010  000  000  000  002  000  002  008  002  000  000  000  000  000  000  025 
 000  000  000  000  000  000  000  000  000  000  000  000  000  000  042  066 
 000  000  004  001  000  000  000  000  000  000  000  000  010  054  052  036 
 006  010  005  000  000  000  000  000  000  000  000  028  068  052  006  006 
 010  005  000  000  000  000  000  000  000  004  039  058  054  015  000  000 
 004  000  000  000  000  000  000  000  002  045  041  024  023  012  006  010 
 004  008  000  000  000  000  000  002  046  043  014  006  024  024  010  011 
 002  000  000  000  000  000  000  048  052  024  014  017  025  018  004  010 
 000  000  000  000  000  008  051  057  034  015  018  023  013  009  010  014 
 000  000  000  000  015  053  057  039  015  009  020  018  020  016  023  022 
 000  000  002  029  049  054  043  023  011  010  021  019  021  022  018  023 

Celda46

 000  000  000  000  000  039  070  074  059  029  006  004  006  019  028  015 
 000  000  000  000  047  064  039  024  020  011  008  011  016  015  024  013 
 000  000  008  052  063  030  001  007  014  010  014  011  000  000  018  016 
 000  007  053  056  032  008  008  028  035  020  007  010  000  000  012  022 
 007  056  066  040  019  015  023  035  031  014  007  002  006  007  023  035 
 062  071  055  032  020  017  018  020  014  004  011  012  017  028  041  042 
 063  042  023  016  012  011  014  017  017  013  016  020  019  032  038  029 
 026  012  007  010  009  014  023  028  027  016  007  008  011  027  031  017 
 026  021  017  015  014  021  026  026  018  002  000  002  011  021  023  014 
 030  036  019  009  011  016  013  010  004  000  000  008  011  006  014  019 
 030  038  020  004  005  012  011  006  002  001  002  005  007  000  007  022 
 026  037  020  004  011  026  025  013  007  002  000  000  008  002  002  018 
 025  035  021  013  027  035  024  012  012  009  004  000  013  015  007  006 
 026  032  024  023  032  027  011  003  008  014  016  014  014  012  000  000 
 027  032  029  030  032  019  005  006  011  011  012  009  000  008  008  006 
 026  025  026  030  027  014  008  011  010  002  000  001  002  008  027  018 

Celda47

 004  002  016  032  019  007  010  014  034  045  022  010  016  031  042  005 
 000  000  010  031  022  000  003  013  029  041  024  008  005  018  034  000 
 000  008  017  025  024  010  011  014  021  028  019  008  005  012  034  000 
 016  024  031  033  030  023  015  008  011  022  020  008  000  008  034  000 
 034  035  038  035  024  013  008  000  003  016  017  006  000  012  040  000 
 037  038  038  027  018  004  004  000  000  012  013  004  000  020  044  000 
 028  034  027  012  011  011  002  002  002  011  012  008  008  026  042  000 
 018  025  015  006  002  007  006  006  009  011  010  008  009  029  045  007 
 014  018  012  004  000  000  000  002  004  004  008  012  018  039  053  018 
 014  015  010  000  000  000  000  002  005  000  010  021  023  034  044  006 
 021  014  005  000  000  000  000  004  010  002  010  024  023  032  044  000 
 025  014  000  000  000  000  000  004  014  010  008  015  020  034  046  000 
 020  014  000  000  000  000  006  007  011  014  007  008  020  038  048  001 
 008  018  004  000  000  013  010  008  006  010  008  010  019  037  048  000 
 002  014  014  004  010  013  005  004  000  002  010  013  009  029  052  000 
 018  006  020  023  014  006  007  004  000  000  014  012  000  022  060  000 

Celda48

 000  000  004  012  028  020  012  017  021  015  016  012  000  000  008  014 
 001  004  012  018  031  020  021  028  020  002  009  010  000  000  008  018 
 002  005  010  012  022  014  019  021  010  001  000  004  000  000  007  014 
 002  004  005  004  013  008  008  001  000  000  001  000  000  004  006  006 
 000  000  000  000  009  006  000  000  000  001  000  000  000  005  007  006 
 000  000  000  000  011  007  000  000  000  008  004  000  000  000  002  009 
 000  000  000  000  015  009  002  005  006  003  003  000  000  000  000  009 
 002  005  010  008  011  008  000  002  005  000  000  000  000  000  000  002 
 002  004  005  003  002  003  001  000  000  000  000  000  000  000  000  000 
 000  000  000  000  000  000  000  000  000  000  000  000  000  000  000  000 
 000  000  000  000  002  000  000  000  000  000  000  000  000  000  000  000 
 001  001  000  000  002  000  000  000  000  000  000  000  000  000  000  002 
 001  003  006  002  000  000  000  000  000  000  000  000  000  002  002  010 
 000  000  000  000  000  000  000  000  000  000  000  000  003  011  018  024 
 000  000  000  000  000  000  000  000  000  000  003  006  012  028  033  027 
 000  000  000  000  000  001  000  000  000  000  007  016  024  035  029  009 

Celda49

 007  011  008  004  000  000  000  000  000  000  000  000  000  010  002  000 
 006  000  000  000  000  000  000  000  000  000  000  004  008  005  000  000 
 008  000  000  000  000  000  000  000  000  000  000  001  002  000  000  000 
 004  000  000  002  004  000  000  000  000  001  000  000  000  000  000  000 
 002  000  002  006  000  000  000  000  000  000  000  000  000  000  000  000 
 008  003  000  000  000  000  000  000  000  000  000  000  000  000  000  000 
 014  006  000  000  000  000  000  000  000  000  000  000  000  000  000  043 
 010  008  000  000  000  000  000  000  000  000  000  000  000  004  042  067 
 003  010  002  000  000  000  000  000  000  000  000  000  006  047  082  063 
 000  012  006  000  000  000  001  002  004  008  007  006  022  087  082  044 
 002  011  007  000  002  005  004  007  016  023  020  014  044  093  054  025 
 011  019  011  002  000  001  002  008  029  024  018  010  047  079  016  002 
 027  036  022  011  000  000  000  020  041  022  012  008  050  064  000  000 
 037  041  024  020  009  001  003  037  045  014  005  008  058  057  003  006 
 025  024  010  016  014  010  016  050  036  002  000  004  059  043  004  008 
 001  012  006  000  010  018  032  047  019  000  000  006  056  029  000  000 

Celda50

 000  000  000  051  068  067  075  075  057  050  051  036  016  007  006  007 
 000  000  033  085  089  077  081  080  058  040  033  024  012  006  006  007 
 000  001  073  109  102  077  078  078  048  026  019  022  014  007  000  004 
 000  049  098  116  097  058  057  058  026  012  012  016  013  007  004  000 
 019  084  102  106  075  032  036  040  012  002  004  008  011  005  006  002 
 066  095  092  085  051  023  035  032  004  000  000  006  008  000  000  000 
 087  094  084  073  046  032  035  014  000  000  002  005  004  000  001  008 
 082  087  081  070  043  022  008  000  000  004  008  012  012  012  016  021 
 063  077  073  052  017  000  000  000  005  013  023  032  032  024  020  017 
 041  067  057  026  000  000  000  004  016  022  026  029  019  009  009  008 
 021  057  041  014  000  000  000  012  020  019  016  016  008  000  000  004 
 008  048  026  000  000  008  014  014  014  015  012  007  002  005  009  002 
 011  043  018  000  004  028  026  010  009  017  017  005  000  005  017  006 
 019  036  014  000  016  033  020  006  014  029  028  012  012  010  014  007 
 013  022  012  003  016  026  018  015  027  036  024  004  004  005  003  004 
 000  009  010  013  021  032  031  027  029  027  011  001  002  004  002  001 

Celda51

 018  021  012  015  019  010  001  000  009  011  000  000  000  000  000  000 
 012  020  020  011  004  001  000  002  012  010  000  000  000  000  000  000 
 006  016  026  017  002  000  000  006  015  010  000  000  000  000  000  000 
 002  012  024  020  008  002  010  020  019  007  000  000  000  000  000  000 
 005  017  028  027  024  024  024  022  012  000  000  000  000  000  000  000 
 010  026  037  044  048  039  024  017  008  000  000  000  000  000  000  000 
 025  037  042  049  044  020  010  006  003  000  000  000  000  000  000  000 
 035  041  039  036  018  000  000  000  000  000  000  000  000  000  000  016 
 028  029  019  018  008  000  000  000  000  000  000  000  000  000  000  036 
 018  014  006  008  004  000  000  000  000  000  000  000  000  000  000  050 
 006  008  002  004  000  000  000  000  000  000  000  000  000  000  002  059 
 000  003  005  004  000  000  000  000  000  000  000  000  000  000  005  050 
 000  000  004  004  000  000  000  000  000  000  000  000  000  000  010  040 
 000  004  000  000  000  000  000  000  000  000  000  000  000  002  011  028 
 007  003  006  002  000  000  000  000  000  000  000  000  000  000  002  019 
 010  006  004  008  010  012  007  000  000  000  000  000  000  000  001  018 

Celda52

 000  000  006  027  028  009  000  000  000  002  003  008  003  000  000  000 
 000  000  021  037  022  006  000  000  002  013  006  000  000  000  000  000 
 000  002  048  051  017  000  000  004  021  029  006  000  000  000  000  020 
 000  013  057  050  018  018  028  031  021  000  000  000  000  012  036  034 
 000  026  064  051  020  026  036  016  000  000  000  000  019  042  024  011 
 000  050  077  043  006  008  000  000  000  000  000  028  033  010  000  015 
 034  083  077  015  000  000  000  000  000  011  047  030  004  000  017  046 
 062  089  053  000  000  000  000  000  011  055  033  004  000  018  047  051 
 068  068  017  000  000  000  000  007  037  028  000  000  013  043  041  028 
 072  048  000  000  000  000  032  034  016  004  000  000  026  028  015  014 
 064  030  000  000  002  034  042  014  002  000  003  010  008  006  010  015 
 048  014  000  000  014  019  010  004  002  012  019  018  004  000  010  020 
 030  005  004  008  000  000  006  019  014  011  024  028  026  020  006  018 
 020  011  019  006  000  000  016  030  017  012  023  021  019  036  044  037 
 026  034  021  000  000  002  031  029  018  016  018  015  020  034  043  042 
 036  032  002  000  012  032  033  023  018  016  019  024  030  028  015  020 

Celda53

 000  011  048  053  047  048  039  023  018  021  029  026  016  016  010  020 
 010  039  058  048  034  037  038  029  024  025  034  031  018  014  010  009 
 033  044  056  036  022  028  036  022  016  018  032  024  016  013  012  001 
 031  047  050  019  008  026  027  008  005  011  024  010  008  008  012  010 
 027  044  032  008  009  022  011  002  002  009  016  002  000  001  006  016 
 040  036  016  008  013  013  002  002  009  016  014  000  000  000  005  014 
 048  027  013  014  014  010  009  014  020  022  012  000  000  000  011  010 
 035  018  014  016  017  021  028  027  019  012  009  006  000  000  016  014 
 017  009  006  004  012  026  029  016  005  002  001  004  003  000  018  031 
 010  000  000  000  014  022  011  000  000  000  000  002  007  008  017  040 
 006  000  000  002  020  025  010  004  004  000  001  004  012  019  020  037 
 012  001  007  000  014  021  013  012  010  002  000  002  010  015  010  022 
 026  031  034  032  012  009  013  014  011  006  003  002  000  002  004  011 
 039  038  025  032  032  016  000  008  008  007  008  010  006  000  003  000 
 032  029  015  006  018  020  010  000  000  007  013  014  014  007  004  002 
 020  009  010  000  000  000  010  011  003  003  012  014  020  019  000  006 

Celda54

 021  012  019  026  017  007  007  011  007  002  003  009  015  014  028  020 
 016  008  016  022  010  004  008  014  011  011  012  014  014  008  014  020 
 010  016  022  025  015  007  011  017  010  008  008  006  002  000  006  020 
 000  021  030  033  024  010  008  013  006  000  000  000  000  002  005  014 
 014  021  037  036  020  007  007  003  000  000  000  000  001  007  008  001 
 022  023  041  036  020  013  010  009  004  000  000  003  002  005  005  000 
 024  028  040  038  026  013  002  004  010  014  012  009  004  006  008  006 
 025  034  028  024  022  004  000  004  008  015  019  018  011  013  017  016 
 037  031  022  000  020  010  000  015  015  008  012  018  018  014  017  010 
 040  019  010  006  012  020  013  024  013  002  004  006  010  009  003  000 
 035  017  000  019  022  027  024  021  005  000  000  006  000  000  000  000 
 027  020  009  019  031  028  018  012  002  001  000  000  006  000  000  000 
 024  024  020  014  016  016  000  002  011  000  000  000  002  004  000  000 
 020  026  021  019  012  000  000  000  018  013  000  000  000  000  000  001 
 010  020  020  026  015  000  000  000  015  022  000  000  000  000  002  009 
 006  008  013  028  016  000  000  000  002  014  000  000  000  002  000  000 

Celda55

 018  020  028  031  008  004  004  000  000  000  017  011  000  029  071  008 
 006  020  025  027  003  000  000  006  000  000  014  008  000  039  074  011 
 012  006  014  016  000  000  000  012  008  000  008  006  006  040  066  001 
 014  008  006  000  000  000  000  016  022  008  007  006  005  041  070  000 
 008  013  009  000  000  000  000  015  025  012  005  006  006  042  073  000 
 000  016  009  000  000  000  000  009  020  012  002  008  011  042  073  000 
 000  016  004  000  000  006  016  004  006  012  005  012  016  042  072  000 
 008  012  000  000  000  015  016  006  000  012  012  016  018  044  072  000 
 006  002  000  000  005  024  004  000  000  008  020  017  017  047  075  000 
 000  000  000  003  007  020  000  000  000  001  021  018  014  051  082  000 
 000  000  004  006  000  006  000  000  000  000  018  020  014  056  090  001 
 000  004  003  000  000  000  004  000  000  003  014  023  018  058  094  000 
 002  004  000  000  000  002  002  000  004  012  010  018  020  058  093  000 
 000  000  000  000  000  013  010  000  000  001  001  005  020  061  094  000 
 003  000  000  000  000  004  000  000  000  000  000  000  018  066  097  000 
 004  000  000  000  000  000  000  000  000  002  000  000  016  068  102  002 

Celda56

 000  000  000  000  000  000  000  000  000  002  004  014  022  024  008  000 
 000  000  000  000  000  000  000  000  000  005  006  007  009  004  000  000 
 000  000  000  000  000  000  000  000  000  005  006  006  005  000  000  000 
 000  000  000  000  000  000  000  000  004  004  001  004  008  002  000  004 
 000  000  002  004  006  007  004  000  006  006  000  003  014  008  004  006 
 001  002  002  000  000  000  000  000  002  008  000  002  021  014  002  010 
 000  000  000  000  000  000  000  000  000  011  001  000  023  016  000  011 
 000  000  000  000  000  002  007  008  003  014  004  003  018  015  000  014 
 000  000  000  000  010  015  018  019  016  016  004  000  010  010  004  014 
 000  000  000  000  004  006  008  014  024  022  011  004  004  007  007  009 
 001  003  006  006  003  000  002  010  024  030  024  014  008  010  008  005 
 001  003  008  011  012  011  019  028  028  024  024  022  016  019  015  013 
 000  000  000  000  008  017  030  031  016  008  010  014  012  019  020  020 
 004  010  021  032  042  047  058  052  041  040  042  044  046  058  060  057 
 012  028  060  077  085  082  086  080  078  081  084  085  088  101  098  091 
 000  000  000  000  005  003  007  003  000  000  000  000  000  011  008  003 

Celda57

 000  008  012  000  006  019  030  028  006  006  010  012  048  019  000  000 
 000  009  014  001  004  014  014  008  000  004  010  007  034  014  000  000 
 003  015  010  003  004  010  006  004  000  000  000  000  029  013  000  000 
 019  025  011  005  012  009  004  004  000  000  000  000  035  030  016  010 
 026  026  014  011  013  005  000  000  000  000  000  000  044  030  006  008 
 028  019  007  006  004  000  000  000  000  000  000  003  046  025  000  005 
 024  006  000  000  000  000  000  000  000  000  004  014  039  020  002  019 
 019  000  000  000  000  000  004  012  008  008  019  019  032  031  029  033 
 014  002  002  001  000  000  022  006  002  006  018  020  029  051  049  031 
 008  008  011  006  006  016  033  001  000  000  017  022  033  068  058  028 
 010  024  024  007  008  028  021  000  000  018  039  028  031  067  050  018 
 027  038  025  009  004  021  001  000  000  049  056  029  019  048  030  000 
 032  033  015  008  003  014  000  000  006  070  057  022  016  033  024  000 
 063  058  045  044  046  048  038  046  058  118  085  054  056  070  055  036 
 092  087  083  081  088  089  086  092  106  144  104  084  092  105  093  086 
 004  002  005  003  000  000  000  000  007  040  014  000  000  010  001  000 

Celda58

 000  004  015  032  043  042  032  017  011  010  003  006  013  016  011  002 
 001  012  036  053  042  023  014  010  010  011  006  005  008  008  005  000 
 006  029  046  042  020  008  008  012  016  013  006  006  004  000  000  000 
 007  043  044  028  016  013  013  020  028  018  004  004  004  000  000  000 
 014  059  054  034  030  026  016  020  025  008  000  004  002  000  000  000 
 031  072  063  040  036  030  018  019  018  000  000  006  002  000  000  001 
 042  061  051  031  028  026  016  012  006  000  000  006  006  000  000  004 
 030  034  034  022  015  008  001  000  000  000  000  002  006  000  004  012 
 022  021  030  026  011  002  000  000  000  000  000  002  005  004  012  017 
 024  019  026  022  012  002  005  002  000  000  000  004  006  006  017  022 
 015  010  012  016  014  008  003  000  000  000  000  008  010  006  016  020 
 000  000  013  023  020  010  000  000  008  014  014  021  022  012  013  014 
 000  004  031  037  027  011  003  001  006  014  022  033  032  021  018  009 
 040  055  073  068  052  044  038  032  034  044  054  066  065  059  057  050 
 085  092  098  087  071  070  071  070  072  080  086  089  087  083  082  082 
 000  007  017  012  000  000  000  000  002  006  006  007  006  002  000  000 

Celda59

 009  010  000  000  002  004  004  001  002  000  000  000  000  005  006  020 
 005  013  000  000  000  000  004  008  008  000  000  000  000  020  020  021 
 003  013  000  000  000  004  005  010  002  000  000  000  000  036  042  015 
 008  012  000  000  000  008  000  000  000  000  000  009  026  070  055  016 
 006  004  001  004  007  011  000  000  000  000  000  008  031  057  042  021 
 002  003  011  010  010  000  000  000  002  009  010  009  020  033  034  033 
 004  011  019  006  000  000  000  000  002  011  014  013  020  042  056  048 
 011  009  006  000  000  000  000  000  000  000  000  002  027  064  071  041 
 006  000  000  000  000  000  000  000  000  000  000  001  034  064  046  007 
 002  000  000  000  000  000  000  000  000  000  000  010  039  048  021  000 
 000  000  000  007  004  000  000  000  000  000  006  018  042  040  010  000 
 000  000  006  018  000  000  000  000  000  013  016  026  043  026  000  000 
 000  000  006  016  000  000  000  000  005  016  008  018  030  016  000  000 
 046  046  040  024  010  012  031  052  074  068  057  069  075  060  052  061 
 085  090  089  082  081  092  105  127  130  118  114  124  125  112  109  110 
 000  000  000  000  000  000  005  016  012  000  000  011  017  011  010  006 

Celda60

 036  028  003  006  029  038  024  012  010  018  023  027  025  020  011  010 
 026  030  015  016  028  021  006  000  006  020  027  022  017  020  018  012 
 016  038  035  018  015  006  000  005  022  026  020  020  020  022  010  000 
 020  048  039  011  004  004  011  029  034  026  022  023  024  019  006  000 
 031  045  029  004  003  018  034  034  025  025  031  036  033  016  000  000 
 032  025  017  010  009  028  034  021  016  025  031  031  023  011  010  011 
 021  008  006  018  021  024  017  008  010  020  022  014  004  001  004  004 
 008  000  000  025  028  017  008  008  012  016  014  004  000  001  000  000 
 000  000  000  026  030  016  009  007  009  015  015  006  002  000  000  000 
 000  000  000  014  036  031  013  008  006  011  012  008  004  000  000  000 
 004  000  000  000  035  050  022  000  002  011  009  004  000  000  000  000 
 010  005  000  000  024  056  034  003  004  016  010  000  000  000  000  000 
 010  007  000  000  009  047  042  010  002  018  014  000  000  000  000  000 
 064  052  046  050  051  073  073  048  032  028  019  006  010  018  028  036 
 105  101  100  104  107  118  120  101  080  076  070  065  066  071  078  084 
 000  000  000  000  000  011  026  021  000  000  000  001  000  000  000  000 

Celda61

 005  000  000  000  000  000  000  008  016  012  002  009  022  024  002  000 
 006  000  000  000  000  000  011  004  005  016  015  006  016  016  000  000 
 005  015  017  012  006  000  012  018  010  005  011  009  007  004  000  000 
 000  009  018  022  028  031  016  009  019  012  000  000  010  011  010  003 
 000  000  002  006  012  018  015  000  016  014  000  000  012  008  008  012 
 006  000  000  000  000  000  006  012  008  006  000  002  014  010  000  006 
 000  000  000  000  000  000  004  018  018  008  000  000  009  014  002  000 
 000  000  000  000  000  000  002  006  012  012  012  008  002  015  008  000 
 000  000  000  000  000  000  002  003  000  004  010  011  008  018  014  002 
 000  000  000  000  000  000  000  003  000  000  000  002  002  010  012  000 
 000  000  000  000  000  000  000  001  000  002  004  000  000  002  012  000 
 000  004  000  000  000  000  000  000  002  000  001  000  000  000  009  005 
 004  000  000  000  000  000  000  002  002  000  000  000  000  000  009  014 
 034  027  026  029  034  034  038  042  038  032  030  033  036  041  050  054 
 086  086  088  092  095  094  097  099  096  095  096  102  102  101  105  106 
 000  000  000  000  002  001  000  000  000  000  000  005  004  000  003  008 

Celda62

 006  009  001  018  014  000  000  000  000  000  000  000  000  009  000  000 
 018  010  009  002  003  000  000  004  000  000  000  002  000  000  000  000 
 028  028  000  002  000  000  000  004  000  000  000  010  000  000  000  000 
 021  034  012  000  000  000  000  000  000  000  000  006  000  000  000  001 
 017  022  009  000  000  000  000  000  000  000  000  000  000  000  001  012 
 017  017  000  000  000  001  000  000  000  000  000  000  002  010  024  022 
 008  004  000  000  000  000  000  000  000  000  000  000  016  023  011  007 
 004  000  000  000  000  000  000  000  004  003  000  000  021  021  000  000 
 000  000  000  000  000  000  000  000  010  006  000  000  014  025  010  000 
 000  000  000  000  000  000  000  006  017  009  000  000  008  029  014  000 
 000  000  000  000  000  000  000  013  013  000  000  000  005  026  009  000 
 000  000  000  000  000  000  003  014  000  000  000  000  003  015  004  000 
 000  000  000  000  000  004  012  002  000  000  000  000  002  006  002  000 
 040  045  050  052  057  057  057  050  048  049  050  053  061  063  057  052 
 095  096  104  109  110  106  106  106  110  115  120  126  134  132  125  122 
 003  000  000  001  000  000  001  000  000  000  000  005  010  005  000  000 

Celda63

 003  000  000  000  000  000  000  000  004  000  000  007  017  066  104  000 
 000  000  000  000  000  000  008  015  011  002  000  013  019  062  103  000 
 000  000  000  000  000  006  006  002  000  000  000  015  018  056  100  000 
 006  006  009  000  000  002  005  000  000  000  000  012  012  054  102  000 
 016  011  008  002  000  000  002  000  000  000  003  007  006  058  108  000 
 013  005  000  004  006  009  006  000  000  000  004  002  001  060  116  000 
 003  000  000  006  018  000  000  000  000  000  005  000  000  061  124  000 
 004  000  000  002  024  001  000  000  000  011  012  005  002  064  129  001 
 000  000  000  000  024  008  000  000  012  020  007  006  009  071  126  000 
 000  000  000  000  016  012  002  003  013  012  000  000  007  065  114  000 
 000  000  000  005  002  004  008  012  016  008  000  000  005  056  108  000 
 000  000  000  000  000  000  008  018  018  005  000  005  005  053  109  000 
 000  000  000  000  000  000  007  019  016  003  000  004  000  054  115  000 
 047  048  052  054  060  066  069  072  063  052  056  058  054  095  146  028 
 120  124  127  127  132  130  128  128  123  118  123  123  120  147  179  075 
 000  003  004  003  006  003  000  001  005  004  008  006  000  027  074  000 

