Celda0

 000  000  000  000  002  000  000  000  001  001  000  002  003  001  000  000 
 000  000  000  000  004  000  000  000  004  004  001  005  006  002  000  000 
 000  000  000  000  010  004  000  000  008  010  005  010  011  000  000  000 
 000  000  000  000  014  014  006  002  012  014  010  013  008  000  000  000 
 000  000  000  000  018  026  024  020  026  026  022  019  005  000  000  000 
 000  000  000  000  027  040  029  016  017  015  011  010  002  004  000  000 
 002  004  008  009  029  032  017  007  010  008  007  010  006  000  000  000 
 004  008  014  010  024  024  011  009  015  010  002  010  008  000  000  004 
 003  007  013  013  024  025  012  019  034  026  015  009  006  000  006  020 
 001  005  015  021  023  024  016  024  036  027  017  014  006  002  011  026 
 000  002  010  017  014  014  013  020  029  019  004  008  009  012  024  023 
 000  000  000  003  008  010  015  022  027  016  001  004  009  019  023  010 
 001  001  000  003  010  012  014  021  026  019  007  005  008  016  007  000 
 002  004  010  013  015  012  009  021  032  025  008  004  006  011  002  000 
 001  004  011  015  014  014  015  024  035  022  002  000  005  013  006  002 
 000  001  004  010  016  022  021  019  032  022  006  004  005  013  002  003 

Celda1

 000  000  001  001  001  001  000  000  000  001  000  000  004  006  001  000 
 000  000  004  002  000  000  000  000  000  002  000  000  008  012  003  000 
 000  001  008  000  000  000  000  000  000  004  000  000  014  022  006  000 
 000  005  008  000  000  000  000  002  003  005  000  000  016  024  006  000 
 005  009  002  000  000  000  002  008  012  018  014  013  022  029  008  000 
 008  004  000  000  000  004  011  005  010  015  008  008  024  037  014  010 
 012  004  000  000  002  017  014  010  009  015  004  002  027  036  012  010 
 018  006  002  004  011  019  009  011  016  011  000  009  026  027  004  006 
 027  015  016  016  012  010  006  011  019  014  006  010  026  025  001  000 
 021  016  017  019  013  002  010  024  022  016  016  014  016  022  004  000 
 011  009  013  014  012  004  015  031  023  015  020  016  002  012  000  000 
 002  003  014  012  012  006  012  032  024  011  012  010  008  006  000  000 
 000  006  017  011  016  016  009  032  027  010  008  008  012  014  001  000 
 000  012  019  013  014  020  013  024  031  010  006  007  012  017  016  010 
 000  012  023  012  002  008  008  012  030  018  000  000  016  022  024  028 
 002  006  020  017  004  000  006  007  024  018  000  000  027  029  018  022 

Celda2

 000  000  002  004  000  000  004  004  001  000  000  001  001  000  000  000 
 000  000  006  008  000  000  010  009  002  000  000  001  002  001  000  000 
 000  000  016  016  000  000  021  018  004  000  000  000  003  006  000  000 
 000  000  028  014  000  000  031  022  006  000  000  000  006  012  001  000 
 000  000  047  005  000  004  037  025  011  007  005  006  016  020  004  005 
 006  012  053  006  000  004  040  030  016  006  000  005  019  014  002  002 
 011  019  049  004  000  006  044  034  018  004  000  011  016  006  000  000 
 008  016  035  002  000  012  058  046  016  000  007  017  006  000  000  000 
 000  012  028  006  012  031  070  040  001  000  013  013  000  000  000  002 
 000  016  028  006  013  039  064  020  000  004  012  007  002  004  013  016 
 000  028  026  000  003  033  045  005  001  016  013  001  006  004  002  000 
 000  044  032  002  005  034  038  012  018  033  022  014  006  000  000  000 
 000  060  042  010  014  035  039  030  040  043  029  024  015  002  000  003 
 012  083  052  010  008  025  043  047  046  034  026  025  020  016  022  034 
 032  094  044  002  000  023  059  060  037  018  016  018  018  019  022  035 
 030  085  021  000  000  036  077  059  026  017  016  015  018  019  014  019 

Celda3

 000  001  001  000  000  001  003  004  001  000  000  000  000  000  010  009 
 000  002  004  000  000  000  006  010  003  000  000  000  000  000  022  023 
 000  000  012  008  000  000  010  020  008  000  000  000  000  000  041  049 
 000  000  016  018  001  000  003  022  015  000  000  000  000  000  046  058 
 008  006  007  018  011  000  002  012  018  000  000  000  002  012  064  064 
 003  001  000  011  019  009  000  000  013  000  000  000  004  016  072  073 
 000  000  000  007  024  018  004  004  004  000  000  000  017  037  081  075 
 000  006  012  018  033  028  012  012  004  000  000  000  016  040  073  060 
 005  010  018  024  036  031  010  006  000  000  000  000  000  016  042  034 
 011  004  006  018  033  022  000  000  000  000  000  000  000  022  038  030 
 000  000  002  016  020  004  000  000  000  000  000  000  000  034  044  030 
 000  000  000  016  023  007  000  000  000  000  000  000  005  054  065  052 
 000  002  000  004  019  018  000  000  002  000  000  000  021  082  089  054 
 027  022  017  008  012  024  002  002  005  005  000  000  039  103  075  030 
 026  026  024  024  027  034  006  003  002  000  000  008  054  093  058  022 
 012  018  022  025  023  026  011  012  005  000  000  004  054  085  053  015 

Celda4

 000  000  003  004  002  000  000  000  001  000  001  001  000  000  001  000 
 002  000  008  011  004  000  000  000  000  000  002  003  000  000  002  000 
 008  000  016  024  010  000  000  000  000  000  006  008  000  000  001  000 
 014  000  017  031  018  000  000  000  000  000  010  012  002  000  000  000 
 017  000  006  028  024  013  002  000  000  000  007  012  004  000  000  000 
 032  016  002  021  022  014  007  000  000  000  005  008  000  000  000  003 
 028  023  018  024  018  006  001  000  000  002  010  006  000  000  000  005 
 015  015  017  017  012  000  000  000  000  002  017  010  000  000  000  007 
 000  007  011  006  002  000  000  000  000  000  012  009  000  000  000  006 
 008  000  000  000  001  000  000  000  007  012  002  000  000  001  002  000 
 009  000  000  000  004  000  000  000  002  003  001  000  004  000  000  000 
 018  005  000  000  008  000  000  000  000  000  000  000  006  000  000  000 
 020  026  021  006  002  000  000  002  000  000  000  008  011  000  000  000 
 008  010  024  028  026  024  018  006  000  000  000  007  007  000  000  000 
 014  000  005  022  034  042  039  029  020  016  014  009  002  002  008  010 
 011  006  000  010  028  024  024  023  030  036  030  016  008  014  015  014 

Celda5

 000  001  001  000  000  000  000  000  000  000  001  001  001  000  000  000 
 000  001  001  000  000  002  001  000  000  000  002  002  001  000  000  001 
 000  000  000  000  000  004  004  000  000  000  002  000  000  001  002  003 
 000  000  000  000  000  004  006  000  000  000  000  000  000  004  005  004 
 000  000  005  006  004  000  002  000  000  000  000  000  000  002  006  006 
 006  006  003  006  007  007  004  000  000  002  000  003  002  000  008  008 
 011  012  007  000  000  000  000  001  000  003  004  000  004  007  014  014 
 008  006  004  000  002  004  000  000  000  000  000  000  000  002  007  006 
 000  000  001  002  006  010  008  000  000  000  000  000  000  013  008  001 
 000  000  006  002  002  012  010  000  000  000  000  000  000  020  010  000 
 000  000  018  004  000  008  010  000  000  000  000  000  000  017  013  002 
 000  006  026  012  000  008  004  000  000  000  000  000  000  014  019  010 
 000  000  022  020  013  010  000  000  000  000  000  000  000  014  023  012 
 002  000  010  018  019  014  001  000  000  000  000  000  000  014  020  010 
 012  014  012  007  008  006  004  006  000  000  000  000  001  007  014  006 
 016  014  008  006  006  000  000  006  002  000  006  008  008  000  007  006 

Celda6

 000  000  000  000  000  000  000  000  000  000  000  002  005  006  003  000 
 000  000  000  000  000  000  000  000  000  000  000  004  010  014  007  000 
 000  000  000  000  000  000  000  000  000  000  000  004  015  026  014  000 
 000  000  000  000  000  004  002  000  000  000  000  000  009  027  018  000 
 003  002  000  004  005  013  002  000  000  003  010  006  000  018  014  000 
 006  008  006  006  003  002  000  000  000  007  000  000  002  005  004  000 
 009  005  004  000  000  000  000  000  003  005  000  000  001  002  000  000 
 002  000  000  000  000  000  000  003  005  000  000  004  002  000  002  009 
 000  000  000  000  000  000  008  020  008  001  000  006  002  000  008  015 
 000  000  000  000  000  000  026  024  002  002  000  004  006  013  018  016 
 000  000  000  000  000  000  028  022  002  000  002  008  016  017  009  002 
 000  000  000  000  000  017  018  006  007  009  006  012  013  007  004  002 
 000  000  000  000  012  020  000  000  013  023  014  006  004  003  006  008 
 000  000  000  002  027  010  000  000  020  030  021  012  007  006  010  004 
 000  000  000  022  033  000  000  000  022  034  028  021  012  005  004  000 
 000  000  000  035  021  000  000  000  021  038  033  022  010  002  000  000 

Celda7

 000  000  001  000  000  002  001  000  001  002  000  000  000  001  005  000 
 000  001  002  000  000  002  002  000  002  005  001  000  000  002  012  000 
 000  005  004  000  000  000  002  003  006  010  006  000  000  004  026  000 
 000  010  010  004  000  000  000  007  006  012  015  002  000  006  035  000 
 000  010  018  010  000  000  003  009  007  012  016  003  000  009  042  000 
 000  008  020  012  011  014  013  007  008  015  014  000  000  012  048  000 
 000  014  019  007  018  027  011  000  004  014  013  000  000  012  050  000 
 014  027  025  013  026  029  004  000  000  010  018  004  000  010  048  000 
 020  027  019  009  022  021  000  000  000  004  018  008  000  012  054  000 
 014  013  006  002  011  011  000  000  000  001  011  004  000  022  062  000 
 003  003  000  000  006  004  000  000  006  007  000  000  000  031  067  002 
 002  002  000  000  003  002  000  011  010  002  000  000  000  038  072  004 
 002  000  000  001  005  004  007  012  000  000  000  000  002  042  070  000 
 000  000  000  009  006  001  011  013  000  000  000  000  008  042  068  000 
 000  000  004  016  002  000  010  010  000  000  000  000  013  039  064  000 
 000  000  011  016  003  000  005  001  000  000  000  004  014  035  064  000 

Celda8

 000  000  000  000  017  021  015  012  034  027  009  005  004  013  002  008 
 000  000  000  000  016  012  006  008  027  013  000  000  009  023  016  016 
 000  000  000  000  020  016  000  000  013  011  000  004  019  029  018  012 
 000  000  000  000  020  020  000  000  009  020  011  013  020  019  002  000 
 000  000  000  000  019  018  000  000  014  033  018  006  007  006  000  000 
 000  000  000  000  016  012  003  000  022  031  008  000  002  004  000  000 
 000  000  000  000  012  006  008  004  016  024  004  000  003  006  000  002 
 001  001  000  000  012  000  004  006  016  023  006  000  001  008  002  002 
 003  006  006  000  019  007  000  000  022  031  020  011  008  012  009  005 
 004  009  014  010  024  008  003  000  026  042  026  007  004  008  007  002 
 002  005  010  007  014  008  000  000  020  046  024  000  000  006  006  002 
 000  000  000  000  004  012  000  000  004  040  028  000  000  006  009  010 
 000  000  000  000  000  014  006  000  000  024  028  004  000  007  014  017 
 000  002  004  003  000  015  018  007  010  004  020  010  003  008  014  016 
 002  006  012  016  013  025  036  018  024  018  004  012  012  009  006  010 
 000  000  000  006  010  018  025  009  012  017  008  017  028  017  008  002 

Celda9

 014  016  017  013  010  003  015  016  019  016  002  015  046  031  012  013 
 020  025  023  017  019  017  018  017  006  014  017  034  051  020  008  010 
 014  019  016  016  023  018  008  006  002  012  029  036  033  002  004  013 
 006  016  012  014  018  007  000  002  004  014  040  030  016  000  004  016 
 008  017  010  010  004  000  000  000  008  019  036  022  014  002  006  013 
 012  010  000  000  000  000  000  003  010  013  018  019  020  006  004  008 
 012  009  002  000  006  010  015  024  020  011  006  018  027  009  001  002 
 009  011  014  018  016  020  033  036  026  016  006  021  032  004  000  000 
 009  016  018  010  003  012  026  017  010  012  014  023  029  000  000  000 
 006  013  010  004  006  014  012  000  000  002  014  015  019  000  000  000 
 008  009  001  002  014  020  006  000  000  008  007  004  010  000  000  000 
 016  006  000  004  020  016  000  000  008  016  000  000  002  000  000  002 
 018  004  000  008  018  006  000  005  016  012  000  000  000  000  000  002 
 016  008  004  008  005  000  008  021  019  010  000  000  000  000  008  008 
 013  014  015  006  000  000  020  031  014  007  000  000  000  000  022  014 
 008  016  019  006  000  008  032  026  008  003  000  000  002  003  025  012 

Celda10

 033  076  013  000  000  057  089  054  024  022  018  016  020  022  014  011 
 045  071  014  000  000  076  092  052  022  012  008  012  020  022  016  005 
 057  061  009  000  002  086  084  042  008  000  001  011  018  022  020  010 
 059  042  004  002  020  088  066  030  002  000  008  018  010  017  023  019 
 051  020  000  006  032  082  049  020  002  000  014  018  002  003  010  014 
 041  002  000  002  031  077  047  008  002  008  016  014  002  000  000  000 
 032  000  000  000  031  075  046  008  005  022  019  002  000  000  000  000 
 026  000  000  000  037  069  035  000  007  026  014  000  000  000  000  000 
 018  000  000  000  039  057  030  002  006  019  006  000  000  001  002  000 
 008  000  000  000  042  048  026  005  007  018  008  000  007  010  007  000 
 000  000  000  002  038  040  026  008  004  014  014  001  000  000  000  000 
 000  000  000  005  030  034  028  009  001  012  016  002  000  000  000  000 
 000  000  000  010  030  032  026  008  001  010  008  000  000  000  000  000 
 000  000  000  018  034  032  026  015  011  005  000  000  000  004  000  000 
 000  000  000  027  037  031  029  022  013  006  000  000  000  008  000  000 
 000  000  000  029  030  022  026  020  006  000  000  000  007  009  004  021 

Celda11

 013  016  022  022  018  020  017  018  006  000  000  003  061  089  063  010 
 012  006  016  016  012  020  023  015  002  000  000  028  078  097  060  002 
 006  007  000  006  005  017  016  005  002  009  020  055  101  109  053  009 
 002  006  003  002  006  010  005  000  003  018  024  063  114  107  035  017 
 010  000  010  000  006  000  000  000  000  008  005  051  099  071  004  000 
 010  012  004  002  000  000  000  000  000  000  000  052  082  048  000  000 
 005  015  006  000  000  000  000  000  000  000  000  057  068  036  000  000 
 000  002  000  000  000  000  000  000  000  000  025  069  055  030  000  000 
 000  000  000  000  000  005  000  000  000  000  052  058  042  035  008  008 
 000  000  000  001  014  017  002  000  002  025  067  037  040  046  006  005 
 000  000  000  010  024  016  004  005  022  062  067  020  036  057  006  010 
 000  000  003  031  022  012  004  006  018  064  048  020  023  064  007  012 
 000  000  034  038  016  006  000  000  006  049  020  005  008  062  018  000 
 000  021  036  019  001  000  000  000  013  040  004  000  004  056  022  000 
 017  024  012  007  000  000  000  000  022  036  000  000  006  047  018  000 
 032  012  000  002  000  000  000  000  027  032  000  000  008  042  014  000 

Celda12

 005  014  004  002  012  000  004  011  020  028  030  026  020  010  003  003 
 000  025  000  000  009  004  000  006  010  014  022  030  033  023  008  000 
 000  034  013  003  002  008  000  002  004  008  018  026  032  032  027  018 
 000  034  028  004  006  007  000  002  004  008  012  014  014  018  021  019 
 000  026  035  000  000  002  000  000  000  002  000  000  000  000  000  000 
 000  018  033  004  000  001  004  002  002  000  000  000  000  000  000  000 
 000  010  030  007  000  000  008  013  007  000  000  004  004  000  000  000 
 000  000  028  016  000  000  012  027  010  000  000  005  007  000  000  000 
 001  000  022  024  000  000  018  035  008  000  000  000  000  000  000  000 
 002  000  014  024  000  000  029  030  002  000  006  012  010  010  014  016 
 010  008  006  021  006  016  035  016  000  000  010  018  024  026  028  028 
 012  005  000  020  018  028  024  002  000  007  021  020  022  024  024  022 
 000  000  000  024  036  037  016  000  000  012  020  014  009  013  014  012 
 000  000  000  034  064  050  017  013  010  014  019  015  002  000  000  000 
 000  000  000  060  088  051  018  019  024  022  022  012  000  000  000  000 
 000  000  009  082  090  039  014  018  024  025  021  008  000  000  000  000 

Celda13

 012  018  012  005  005  008  004  000  000  004  020  015  004  003  000  000 
 010  014  016  010  007  008  011  012  008  000  020  022  000  000  000  000 
 014  006  011  015  014  016  021  021  016  012  018  019  000  000  000  000 
 012  009  013  014  010  010  015  014  010  013  021  017  000  000  000  000 
 001  008  012  010  000  003  000  000  003  012  011  000  000  001  008  012 
 000  006  000  000  000  000  000  000  000  007  000  000  000  000  012  020 
 000  002  003  000  000  000  000  002  010  000  000  000  000  000  003  008 
 000  000  003  000  000  000  000  013  014  000  000  002  000  000  006  010 
 000  000  000  000  000  000  000  016  007  000  001  002  000  001  020  018 
 012  004  000  000  000  000  013  018  006  000  008  004  000  010  027  016 
 026  022  012  000  000  011  029  014  008  012  010  010  014  038  046  027 
 020  017  012  010  016  037  032  007  004  016  000  006  023  062  053  030 
 004  000  000  002  014  027  007  000  000  012  004  000  030  050  022  008 
 000  000  000  000  011  013  002  000  000  000  006  015  033  029  000  000 
 000  000  000  000  016  014  010  007  001  000  010  030  043  030  009  010 
 000  001  006  006  021  016  009  008  006  008  025  042  047  032  014  018 

Celda14

 000  000  016  030  006  000  000  000  032  050  031  012  002  000  000  000 
 000  005  027  010  000  000  000  002  030  033  016  004  000  000  000  000 
 008  027  019  000  000  000  000  000  022  019  005  004  004  000  000  000 
 018  036  014  000  000  000  000  000  013  010  001  002  002  000  000  000 
 023  026  010  000  000  000  000  000  008  009  003  000  000  000  000  006 
 019  008  002  000  000  000  000  000  007  013  014  009  004  000  000  005 
 004  000  000  000  003  000  000  000  011  026  029  016  014  011  009  003 
 006  004  006  008  009  002  000  000  016  027  020  002  008  016  022  020 
 022  027  037  040  036  030  024  018  025  023  014  001  000  007  008  007 
 026  036  049  044  042  043  044  038  028  018  007  004  000  000  000  000 
 027  040  045  035  034  034  034  034  028  020  016  013  006  000  000  000 
 026  038  041  032  030  024  020  023  028  030  031  026  018  013  006  000 
 008  028  034  024  020  014  011  014  022  028  030  026  019  014  010  006 
 005  022  022  007  005  006  006  006  008  010  007  004  002  004  012  026 
 017  026  015  002  000  000  004  000  000  000  000  000  000  002  023  051 
 024  025  004  000  000  000  000  000  000  000  000  000  004  029  060  067 

Celda15

 000  000  008  012  008  003  000  000  000  000  000  008  004  028  070  000 
 000  004  003  008  010  007  000  000  000  000  006  012  000  018  078  000 
 004  007  002  004  010  012  000  000  000  000  015  008  000  023  090  000 
 005  002  000  000  011  018  000  000  000  000  008  000  000  044  108  011 
 004  000  000  000  012  016  000  000  000  000  000  000  005  067  116  008 
 000  000  000  000  010  002  000  000  005  000  000  013  023  064  102  000 
 000  000  000  002  002  000  000  002  020  012  011  023  018  055  102  000 
 014  008  002  000  000  000  000  010  030  025  023  018  013  058  106  000 
 010  012  009  005  008  016  024  041  051  038  019  010  010  062  110  000 
 002  002  004  018  037  050  056  064  056  030  008  004  007  064  114  000 
 000  000  011  056  061  050  046  049  038  028  020  012  005  062  116  000 
 000  000  051  078  047  031  024  022  017  017  019  019  017  070  117  002 
 015  042  077  061  017  014  017  016  012  010  010  013  018  073  119  012 
 050  070  065  032  006  009  019  024  021  018  015  016  021  069  111  011 
 062  048  028  010  007  012  024  024  023  019  017  019  022  060  098  004 
 047  029  019  014  014  016  026  018  016  016  019  021  016  048  090  003 

Celda16

 000  000  000  000  002  008  016  010  000  000  000  016  026  012  010  014 
 000  000  000  000  000  000  010  009  000  000  000  014  028  014  006  004 
 000  000  000  000  000  000  011  012  002  000  000  002  026  022  016  008 
 000  000  000  000  000  000  012  017  012  000  000  000  022  034  027  013 
 000  000  000  000  000  000  006  016  021  000  002  005  014  040  036  011 
 000  000  002  010  018  019  018  024  026  018  018  026  021  037  034  008 
 000  002  010  021  028  030  032  032  027  024  014  022  018  021  022  004 
 002  004  007  008  007  008  012  009  006  016  012  013  015  017  018  001 
 002  002  000  000  000  000  000  000  002  018  015  008  012  017  022  012 
 000  000  000  000  000  000  000  000  009  026  017  002  008  013  010  000 
 000  000  000  000  000  000  000  000  010  027  018  000  008  015  010  004 
 000  000  000  000  000  000  002  003  012  020  018  008  011  013  013  016 
 000  000  000  000  000  000  008  009  006  011  015  013  012  005  000  002 
 000  000  000  000  000  000  010  011  006  008  011  010  010  005  000  002 
 000  000  000  002  008  012  020  016  012  018  019  014  011  002  000  003 
 000  000  001  006  013  017  016  010  014  030  032  023  017  010  004  000 

Celda17

 006  005  010  006  008  020  026  017  006  006  005  006  013  012  021  002 
 008  000  000  006  018  024  022  014  007  014  016  000  000  000  006  000 
 000  000  000  000  016  016  016  013  012  024  026  004  000  000  000  000 
 000  000  000  000  004  004  010  014  018  032  037  016  000  010  012  010 
 000  000  000  000  000  000  008  018  024  038  048  039  020  027  032  036 
 000  000  000  004  005  006  014  031  041  051  054  036  004  010  016  018 
 000  000  007  007  006  009  025  039  038  033  036  029  004  000  000  000 
 001  011  020  018  018  018  030  034  025  020  024  024  007  000  000  000 
 012  019  021  018  020  022  019  015  014  012  015  020  008  000  000  000 
 000  004  008  008  004  006  002  003  018  013  012  020  004  000  000  009 
 000  000  001  010  018  005  006  003  020  018  022  036  012  000  000  006 
 016  010  002  012  029  027  020  023  023  020  031  041  014  010  001  000 
 010  013  010  011  031  024  005  011  008  008  030  036  000  006  001  000 
 000  000  002  000  024  026  006  000  000  000  024  038  007  000  000  000 
 004  000  002  001  013  023  015  010  011  008  009  037  020  001  001  000 
 004  000  001  012  013  014  022  026  015  008  000  036  034  010  008  000 

Celda18

 000  000  010  034  022  016  024  020  006  000  000  000  002  004  008  021 
 000  000  019  038  022  020  025  018  001  000  000  000  000  004  018  022 
 000  000  018  040  028  027  028  014  000  000  000  000  000  007  022  020 
 016  018  012  036  032  029  028  012  000  000  000  000  001  012  026  030 
 040  038  022  037  040  029  023  010  000  000  004  014  018  021  035  049 
 013  004  000  031  048  034  027  011  000  000  007  018  022  018  032  046 
 000  000  000  042  051  037  034  018  013  012  028  027  024  022  029  039 
 000  000  008  056  060  042  029  009  012  019  034  023  018  020  019  026 
 000  000  031  076  075  049  024  008  010  016  017  004  004  010  014  017 
 026  034  058  090  080  047  026  020  018  010  001  000  005  015  018  021 
 022  032  059  092  073  042  033  024  020  014  010  009  018  026  026  020 
 000  000  044  075  056  040  033  010  007  010  015  016  021  024  020  006 
 000  000  041  058  042  033  014  000  000  000  000  000  004  012  012  000 
 000  000  046  064  049  030  004  000  000  002  002  000  004  013  011  000 
 000  007  055  076  062  031  001  000  003  012  020  024  029  031  016  002 
 000  032  082  088  067  039  019  022  022  030  039  038  034  024  010  000 

Celda19

 014  000  000  000  000  000  004  010  030  026  000  000  006  042  014  000 
 006  000  000  004  003  004  008  016  029  017  000  000  003  046  018  000 
 005  002  008  008  000  000  000  009  010  000  000  000  000  047  020  000 
 027  029  030  020  005  000  000  004  000  000  000  000  000  038  016  000 
 053  051  044  032  022  017  016  014  006  000  002  007  006  022  008  000 
 048  041  028  023  018  024  029  021  010  009  014  014  012  008  000  000 
 040  027  004  002  004  014  021  016  010  010  012  014  011  000  000  009 
 038  026  000  000  001  010  011  008  010  009  006  007  008  000  000  059 
 029  024  000  000  007  010  010  012  014  009  002  003  006  008  034  107 
 022  018  009  006  010  008  008  014  015  006  000  000  000  008  063  122 
 012  006  015  010  000  000  000  000  003  003  000  000  000  000  078  105 
 001  000  013  015  000  000  000  000  000  000  000  000  000  016  092  078 
 000  000  006  014  001  000  000  000  000  000  000  000  000  052  100  050 
 000  000  000  008  006  000  009  010  005  000  000  000  010  078  097  031 
 000  002  007  004  007  008  014  020  012  000  000  000  024  089  088  020 
 000  006  014  010  000  016  011  014  008  000  000  000  039  094  070  006 

Celda20

 000  000  040  099  079  023  008  014  019  020  018  010  000  000  000  000 
 000  004  078  105  056  004  000  009  008  004  003  002  004  004  004  007 
 000  031  105  088  024  000  000  008  003  000  000  000  002  008  010  008 
 000  063  105  054  004  000  000  004  004  000  000  000  000  004  010  008 
 000  076  082  021  000  000  000  000  010  001  000  000  000  000  002  003 
 032  094  074  013  000  000  000  000  012  002  000  000  000  000  000  000 
 082  119  076  022  010  006  006  007  008  000  000  002  004  000  000  000 
 117  108  049  022  018  016  020  024  019  010  010  017  022  018  010  004 
 122  070  015  010  014  016  017  016  011  006  006  012  010  018  022  023 
 098  037  008  007  006  004  002  002  002  001  000  005  002  004  016  021 
 054  008  000  000  000  000  000  000  000  000  000  000  008  008  008  012 
 020  002  000  000  000  000  000  000  000  000  003  008  012  013  000  002 
 000  000  000  000  000  000  002  000  000  000  009  011  011  010  000  000 
 000  000  000  000  000  000  003  002  002  004  014  008  006  003  000  002 
 011  005  000  000  000  000  003  003  006  006  011  006  002  001  000  006 
 003  004  001  000  000  000  002  006  002  004  004  008  005  004  001  008 

Celda21

 006  012  014  015  020  009  000  002  002  000  014  028  036  023  002  005 
 011  011  013  019  017  005  000  002  004  000  012  030  038  024  000  000 
 004  000  005  023  021  018  014  016  020  020  021  038  038  016  000  000 
 001  000  009  032  021  024  026  026  032  038  038  053  038  000  000  002 
 001  002  024  038  018  020  022  023  028  034  034  043  025  010  005  000 
 000  000  027  026  002  005  011  012  012  015  017  023  012  016  020  010 
 000  000  021  012  000  004  004  000  000  000  000  006  002  006  014  010 
 006  019  029  007  000  006  006  000  000  000  000  006  008  004  000  000 
 023  042  048  032  027  018  006  000  000  000  000  007  011  002  000  000 
 023  052  052  034  032  028  024  021  018  012  003  005  007  000  000  000 
 025  056  039  018  014  015  020  023  022  014  008  002  000  000  000  000 
 025  044  014  002  000  002  006  010  009  006  004  000  000  000  002  045 
 025  028  000  000  000  000  000  000  000  000  000  000  000  000  048  087 
 028  017  000  000  000  000  000  000  000  000  000  000  000  036  080  079 
 020  004  000  000  000  000  000  000  000  000  000  007  038  064  068  048 
 009  000  000  000  000  000  000  000  000  000  024  063  070  053  033  028 

Celda22

 012  014  005  000  000  000  000  000  000  004  005  013  036  055  062  050 
 009  012  005  002  000  000  000  000  000  013  035  041  040  040  041  035 
 018  018  000  000  000  000  000  000  020  056  064  041  023  030  042  038 
 024  018  000  000  000  000  000  023  068  076  053  023  019  037  040  021 
 018  012  000  000  000  000  007  059  074  042  010  005  021  029  015  004 
 004  008  000  000  000  014  049  076  054  000  000  006  021  017  003  003 
 000  005  000  005  034  060  074  070  030  000  000  013  028  012  000  002 
 000  000  012  035  065  067  056  041  012  001  000  012  028  014  000  000 
 000  000  033  067  069  049  031  020  016  017  021  028  030  008  000  000 
 000  023  069  081  061  035  020  018  018  024  030  038  035  018  010  005 
 025  065  077  065  043  022  009  008  010  014  020  028  023  020  022  026 
 078  079  054  031  025  016  002  000  000  007  016  019  012  014  022  032 
 084  059  032  015  014  016  005  000  002  011  009  006  002  009  024  027 
 049  030  024  024  014  013  008  004  008  004  000  000  000  012  019  012 
 027  020  018  016  014  018  022  016  007  000  000  000  007  018  016  003 
 024  018  006  000  000  011  020  008  004  001  000  000  012  023  015  002 

Celda23

 032  032  032  031  030  030  029  016  014  020  030  030  022  047  093  009 
 024  029  030  032  041  046  038  028  023  024  031  028  029  052  098  016 
 022  019  018  025  042  042  040  036  032  024  019  014  017  040  086  010 
 002  003  010  027  035  023  026  031  034  032  025  018  016  037  081  011 
 000  000  002  014  013  000  002  010  022  036  042  040  036  051  089  024 
 006  008  006  008  008  000  000  000  000  017  029  034  032  046  083  025 
 012  014  018  025  020  012  008  004  002  010  004  000  000  032  075  021 
 014  022  025  035  031  033  036  036  024  000  000  000  000  040  066  007 
 010  032  032  018  005  003  016  024  021  010  000  000  004  047  066  000 
 000  022  028  018  012  012  009  000  000  000  012  024  033  061  070  005 
 025  010  006  010  012  013  012  003  000  000  003  017  032  062  079  025 
 038  034  019  004  006  004  008  012  002  000  011  019  018  045  064  015 
 030  036  039  033  019  006  007  022  022  018  026  029  017  036  052  000 
 010  016  028  032  024  012  010  029  029  025  035  037  020  023  046  000 
 000  000  000  004  009  008  005  025  020  010  012  011  006  021  042  001 
 000  000  000  000  000  002  000  022  021  008  005  010  008  021  045  010 

Celda24

 002  004  007  008  009  006  002  000  010  027  022  004  000  000  000  000 
 004  008  012  007  000  000  000  000  012  026  013  000  000  000  000  000 
 002  005  008  003  000  000  000  002  010  014  000  000  000  000  000  000 
 001  003  007  008  006  006  017  026  027  010  000  000  000  000  002  004 
 002  004  010  015  018  019  033  036  029  022  022  022  024  025  025  021 
 001  004  010  014  013  011  019  015  010  011  018  018  014  014  019  019 
 001  004  009  012  012  010  003  004  008  005  000  000  000  006  008  013 
 001  002  004  006  009  010  002  000  010  013  000  000  000  011  020  017 
 000  000  000  000  000  000  004  004  011  018  006  012  013  015  027  022 
 000  000  000  000  000  000  005  013  016  021  012  018  026  024  029  029 
 001  001  000  000  000  008  007  012  015  019  015  012  023  025  020  031 
 000  000  000  000  000  011  017  015  016  017  015  009  012  016  016  026 
 000  000  000  000  000  020  024  015  006  007  013  012  010  014  019  024 
 000  000  000  000  010  026  020  007  000  005  017  020  022  022  022  023 
 000  000  000  004  021  025  015  009  009  018  025  027  026  019  015  015 
 000  000  000  002  023  019  010  015  022  024  023  020  009  000  000  003 

Celda25

 000  000  004  013  016  001  016  030  011  000  005  046  047  013  012  010 
 000  002  018  017  008  002  000  025  018  000  021  053  037  002  000  010 
 000  002  024  027  000  002  004  012  016  014  034  037  010  000  000  000 
 000  000  021  032  012  000  012  018  010  012  040  036  000  000  000  000 
 018  020  031  036  020  003  008  020  017  010  034  032  000  000  000  019 
 024  034  045  043  029  013  013  027  018  016  037  034  001  000  000  028 
 021  031  029  023  022  018  024  036  018  011  031  028  000  000  000  032 
 018  017  006  001  005  008  025  037  019  011  023  016  000  000  000  053 
 016  013  005  000  000  017  031  032  014  012  017  003  000  000  027  089 
 031  032  024  015  005  026  049  031  005  008  010  000  000  008  060  094 
 039  034  022  024  026  052  066  034  008  005  003  000  000  016  072  079 
 027  017  000  012  026  047  053  022  007  001  000  000  002  040  077  065 
 021  011  004  002  019  031  026  004  000  000  000  000  001  064  080  055 
 025  013  004  013  023  017  003  000  000  000  000  000  018  085  076  045 
 019  012  011  027  028  004  000  000  000  000  000  020  061  101  066  031 
 008  002  010  033  025  002  000  000  000  000  000  049  098  101  050  017 

Celda26

 011  068  095  078  057  042  025  025  025  032  033  021  010  005  002  006 
 026  086  088  059  042  032  010  005  011  019  013  002  000  000  000  012 
 027  074  060  037  028  024  008  000  001  005  000  000  000  000  002  004 
 038  054  034  032  028  015  006  007  009  002  000  002  005  007  004  000 
 052  044  027  036  033  009  004  014  013  004  005  013  011  007  002  000 
 063  047  033  039  031  007  003  016  014  002  006  011  003  000  000  000 
 070  064  041  031  024  016  019  024  015  002  000  002  000  000  000  000 
 095  082  041  018  019  029  030  020  007  000  000  002  000  000  000  000 
 113  086  038  014  018  029  019  000  000  000  000  006  002  000  000  000 
 104  080  039  022  011  020  017  000  000  000  004  009  001  000  000  000 
 085  072  035  020  008  004  016  008  002  011  013  008  000  000  000  000 
 071  063  023  008  004  000  014  018  013  012  004  000  000  000  000  000 
 064  058  017  003  005  006  009  022  021  009  000  000  000  000  002  006 
 057  052  015  006  008  012  010  020  024  008  000  000  000  000  008  012 
 043  041  009  003  006  010  010  012  020  006  000  000  000  000  000  000 
 032  032  004  000  000  000  000  000  010  004  000  000  000  000  000  000 

Celda27

 012  020  012  006  000  020  015  000  000  000  000  000  052  091  047  000 
 018  012  000  000  000  014  015  000  000  000  000  000  052  088  040  000 
 002  000  000  000  000  004  005  000  000  000  008  006  042  083  038  000 
 000  000  000  000  000  000  000  000  000  008  009  000  036  082  038  002 
 000  000  004  006  004  000  000  000  000  004  000  000  044  099  053  018 
 002  004  004  000  000  000  000  000  000  000  000  000  062  107  049  016 
 000  000  000  000  000  000  000  000  000  000  000  000  081  110  043  010 
 000  000  000  000  000  000  006  004  000  000  002  006  088  106  034  002 
 000  000  000  008  019  026  022  007  000  000  000  002  079  094  024  000 
 000  003  011  020  025  026  018  005  000  000  000  001  077  084  018  000 
 004  013  016  012  007  008  006  004  004  003  000  011  088  084  006  000 
 004  012  008  000  001  000  000  004  010  010  002  017  099  087  013  004 
 009  005  006  007  004  000  000  006  012  008  000  025  106  077  005  002 
 004  000  000  008  010  003  000  006  010  006  000  036  106  058  000  000 
 000  000  004  002  000  000  000  000  002  000  002  043  094  046  000  000 
 000  000  002  001  000  000  000  000  000  002  010  047  083  038  000  000 

Celda28

 000  000  000  000  000  000  000  006  004  000  002  010  006  000  000  006 
 000  000  000  000  000  004  001  000  006  004  003  008  002  000  000  005 
 000  000  000  000  009  011  001  000  008  014  010  004  000  000  000  002 
 008  008  006  011  021  009  002  006  019  023  012  003  000  000  000  000 
 025  026  018  013  012  000  000  006  017  010  004  000  000  000  000  000 
 024  028  021  006  004  000  002  002  004  000  000  000  000  000  000  000 
 012  015  012  004  000  004  000  000  000  000  000  000  000  000  000  000 
 000  000  000  002  001  004  000  000  000  000  000  000  000  000  000  000 
 000  000  000  002  002  000  000  000  000  000  000  000  000  000  000  006 
 000  000  000  006  004  000  000  000  000  000  000  000  000  000  000  025 
 000  004  004  008  004  000  000  000  000  000  000  000  000  011  032  048 
 000  007  000  000  000  000  000  000  000  000  000  000  017  037  052  049 
 001  002  000  000  000  000  000  000  000  005  022  021  031  045  039  033 
 000  000  000  000  000  000  000  000  029  056  052  039  040  039  030  031 
 000  000  000  000  000  000  006  053  078  065  042  040  047  042  037  041 
 000  000  000  000  000  023  060  086  076  041  030  039  049  042  040  044 

Celda29

 000  000  000  000  000  000  000  000  000  014  061  076  054  022  004  024 
 000  000  000  000  000  000  000  000  016  050  063  047  016  004  000  016 
 000  000  000  000  000  000  000  009  053  062  039  015  004  000  000  008 
 000  000  000  000  000  000  020  047  062  045  013  002  002  000  000  006 
 000  000  000  000  000  021  041  044  040  023  002  000  001  000  000  008 
 000  000  000  000  020  036  033  025  024  018  010  010  007  000  000  010 
 000  000  000  015  042  038  022  018  021  017  012  014  012  004  000  006 
 000  002  019  052  059  036  016  016  016  009  002  002  004  004  006  003 
 012  020  039  060  053  025  008  011  018  007  000  000  000  001  008  010 
 034  031  038  042  029  009  008  004  014  006  000  004  000  004  009  008 
 045  035  024  014  014  005  000  000  004  002  002  008  004  002  007  006 
 044  028  005  000  011  012  002  004  000  000  004  007  006  000  000  000 
 036  024  010  007  022  040  033  028  019  014  014  006  000  000  000  000 
 038  033  029  030  044  059  043  034  029  020  013  008  000  000  000  000 
 045  040  034  034  044  045  018  010  022  024  017  008  002  000  000  000 
 045  034  026  026  040  031  006  000  011  023  022  011  002  000  000  000 

Celda30

 028  010  000  000  000  015  017  001  002  002  004  004  008  022  014  002 
 028  008  000  000  003  018  019  002  002  006  010  013  011  011  008  006 
 020  006  000  000  007  016  018  008  000  004  005  008  014  014  002  002 
 018  016  015  015  006  006  014  014  006  000  000  000  008  004  002  000 
 025  021  010  002  000  000  011  019  009  000  000  000  001  000  000  000 
 031  024  007  000  000  000  006  017  012  000  000  004  000  000  000  000 
 028  024  008  000  000  000  001  008  010  008  010  009  000  000  004  005 
 021  024  012  000  000  000  000  000  002  014  020  016  004  000  000  000 
 022  029  019  006  007  006  004  000  000  014  023  017  004  000  000  000 
 015  026  013  000  000  000  000  000  000  010  016  013  004  000  000  000 
 010  024  008  000  000  000  000  000  000  010  006  006  004  000  000  000 
 006  023  004  000  000  000  001  002  003  000  000  000  004  000  000  000 
 006  024  004  000  000  000  000  004  002  000  000  000  004  000  000  000 
 011  024  001  000  000  000  000  000  002  000  000  000  006  005  014  027 
 012  017  000  000  000  000  000  000  006  010  024  036  041  033  028  040 
 008  007  000  000  000  004  022  035  038  042  046  041  030  022  018  030 

Celda31

 000  000  002  004  003  006  010  029  032  014  006  003  012  030  044  000 
 008  010  010  005  002  012  025  038  032  010  010  020  018  023  044  000 
 016  016  002  000  002  017  028  022  007  000  006  015  010  019  043  001 
 012  014  005  000  010  024  015  001  000  000  010  018  002  012  040  002 
 000  000  010  022  018  011  000  000  000  000  003  014  009  024  046  000 
 000  000  012  036  024  003  000  000  003  004  000  000  011  037  056  000 
 000  000  007  028  020  008  006  007  008  010  004  000  003  043  067  000 
 000  000  003  010  011  014  017  018  004  000  000  000  000  038  074  000 
 000  000  002  001  002  010  016  018  004  000  000  000  000  030  078  000 
 000  000  000  000  000  000  004  009  006  000  000  000  010  052  096  018 
 000  002  000  000  000  000  000  004  008  015  015  018  029  073  101  028 
 000  003  008  007  002  009  023  027  025  029  027  021  023  051  071  007 
 000  011  035  048  048  046  044  037  032  031  027  022  016  036  060  000 
 042  058  062  054  040  026  023  031  035  030  024  026  021  040  063  003 
 054  053  043  033  019  007  016  037  038  030  024  025  023  041  062  005 
 038  033  030  032  024  015  025  040  031  020  020  017  017  033  053  002 

Celda32

 000  000  000  000  022  016  010  018  022  017  012  005  000  000  000  006 
 000  000  000  000  023  018  012  015  015  009  004  000  000  000  000  008 
 000  000  000  002  025  017  007  006  010  009  001  004  008  010  013  020 
 000  000  001  002  023  014  006  005  009  009  004  004  012  016  017  022 
 000  000  002  000  017  012  005  007  011  008  006  004  000  000  001  015 
 001  002  002  000  011  008  000  006  015  012  006  002  000  000  010  022 
 000  000  000  000  010  006  000  000  016  016  008  002  000  008  032  043 
 000  000  000  000  023  017  012  012  021  014  007  003  004  019  045  048 
 000  000  002  008  033  016  011  013  019  007  000  003  008  024  042  035 
 001  004  010  013  030  012  008  006  008  002  000  000  008  028  048  030 
 002  005  009  007  017  004  000  000  004  000  004  004  004  028  048  028 
 002  004  006  002  010  004  000  000  006  007  004  008  008  023  038  018 
 001  000  000  000  008  002  000  000  013  021  022  023  026  025  013  000 
 000  000  000  000  013  007  004  004  026  033  038  039  034  026  005  000 
 000  000  000  000  020  002  000  001  025  029  032  024  010  004  000  000 
 000  000  000  000  022  001  000  008  030  026  018  005  000  000  000  000 

Celda33

 012  003  010  030  016  004  000  000  000  000  014  080  104  078  031  009 
 014  007  019  040  017  008  002  000  000  000  037  103  089  056  029  007 
 021  014  035  054  016  006  000  000  000  010  068  104  066  040  028  010 
 020  015  038  045  000  000  000  000  000  024  084  095  056  034  025  009 
 013  013  035  028  000  000  000  000  006  035  092  091  064  054  044  024 
 017  020  038  009  000  000  000  000  022  059  089  079  058  049  034  014 
 027  020  024  000  000  000  000  032  051  058  069  054  032  023  014  002 
 017  004  000  000  000  000  000  055  051  037  047  037  015  012  010  002 
 000  000  000  000  000  000  008  061  048  030  044  037  014  010  013  011 
 000  000  000  000  000  000  024  076  055  028  037  032  014  013  021  020 
 000  000  000  000  000  000  047  075  031  006  024  028  010  002  012  012 
 000  000  000  000  020  024  038  047  018  000  022  032  014  006  016  018 
 000  000  000  022  059  033  018  026  012  005  027  032  014  012  028  027 
 000  000  000  064  093  041  030  050  052  057  074  068  049  049  053  039 
 000  002  012  099  105  045  040  066  071  064  061  051  041  040  037  027 
 008  014  026  111  097  032  025  048  048  025  010  015  018  013  013  014 

Celda34

 020  020  000  000  000  000  000  000  001  003  000  000  000  002  002  000 
 006  004  000  000  000  000  000  000  000  006  004  000  002  009  016  021 
 000  000  000  000  000  003  006  012  020  028  032  025  024  033  040  039 
 000  001  012  022  031  028  028  042  044  038  035  025  024  035  038  031 
 019  031  036  036  031  023  022  039  032  021  012  014  022  027  020  009 
 014  029  027  015  009  005  004  021  011  004  002  010  019  011  000  000 
 005  018  010  000  000  000  000  016  008  000  002  006  016  001  000  000 
 006  018  011  000  000  002  004  013  011  004  008  004  010  001  000  000 
 015  026  023  014  019  020  014  018  020  009  011  008  000  000  000  000 
 020  029  027  017  016  015  010  011  014  000  000  000  000  000  000  000 
 009  016  015  005  000  000  000  002  008  000  000  000  000  000  000  000 
 010  011  011  005  004  000  000  000  004  000  000  000  000  000  000  000 
 012  004  006  007  010  003  002  004  008  008  010  008  003  000  000  000 
 019  010  011  021  023  012  008  010  013  010  012  010  004  000  000  000 
 014  008  006  019  017  008  006  002  002  000  000  000  000  000  000  002 
 002  000  000  020  014  003  000  000  000  000  000  000  000  000  001  000 

Celda35

 000  005  006  005  004  000  000  000  000  008  016  051  081  037  003  002 
 025  026  024  022  018  010  001  000  002  006  012  055  079  033  000  000 
 036  028  024  018  014  010  007  004  000  000  002  059  073  013  000  000 
 023  014  006  002  004  010  012  006  000  000  000  058  053  000  000  000 
 002  000  000  000  000  007  011  007  000  000  000  064  047  000  000  000 
 000  000  000  000  001  006  012  012  004  000  000  054  037  000  000  035 
 000  000  000  000  006  000  007  006  000  000  000  038  033  000  027  087 
 000  000  000  000  006  000  000  000  000  000  000  036  056  066  077  081 
 000  000  000  000  004  000  000  000  000  000  000  055  112  110  069  034 
 000  000  000  000  007  000  000  000  000  000  022  094  132  094  023  008 
 000  000  000  006  014  000  000  000  000  017  078  108  117  065  002  000 
 000  000  000  010  019  000  000  000  006  087  106  088  088  051  000  002 
 000  002  003  004  015  000  000  000  055  123  097  052  052  043  000  000 
 006  000  000  000  001  000  000  000  081  110  065  022  010  030  000  000 
 004  000  000  000  000  000  000  019  067  072  036  000  000  022  006  000 
 000  000  000  000  000  000  001  037  052  067  043  000  000  022  012  006 

Celda36

 000  000  000  000  055  086  091  082  052  031  032  037  035  028  031  036 
 000  000  000  074  117  105  079  052  021  016  026  024  018  021  029  030 
 000  000  072  134  116  066  033  008  000  000  004  007  008  026  037  029 
 000  055  130  128  068  022  004  000  000  002  012  002  004  023  030  013 
 048  113  123  080  026  010  005  002  004  000  006  006  012  022  022  008 
 106  112  074  031  004  004  012  020  023  012  000  004  017  019  014  010 
 107  074  025  000  002  000  000  012  014  007  000  010  028  011  000  012 
 066  033  000  000  000  002  005  000  000  006  010  027  043  017  002  002 
 020  020  000  000  000  001  011  004  000  002  010  023  031  005  004  000 
 000  010  000  000  000  003  007  002  000  000  000  010  020  000  009  014 
 000  000  000  002  003  008  002  000  000  000  002  014  018  018  021  030 
 000  000  000  018  019  012  004  000  000  005  017  016  013  015  004  014 
 000  000  000  024  027  006  000  000  000  004  008  003  000  009  008  000 
 000  000  000  017  027  012  000  000  000  005  007  003  000  004  014  013 
 000  000  000  005  016  013  000  000  000  008  010  006  010  022  034  039 
 010  011  010  004  000  004  007  005  003  012  019  015  017  023  025  025 

Celda37

 032  020  015  018  040  026  016  004  006  002  002  000  000  000  000  000 
 020  012  008  011  033  015  012  000  000  000  000  000  000  000  000  022 
 018  013  010  009  024  000  000  000  000  000  000  000  004  014  024  056 
 002  000  000  002  016  000  000  000  000  002  008  020  028  028  029  057 
 000  000  000  005  019  006  010  014  018  029  038  036  039  036  028  053 
 000  000  000  011  031  017  025  030  030  037  045  030  030  026  024  051 
 014  002  009  011  029  006  006  012  019  027  029  006  000  000  005  045 
 024  012  000  001  024  004  000  000  000  008  004  000  000  000  010  046 
 015  018  000  005  019  003  000  000  000  004  000  002  001  000  018  050 
 002  010  010  020  030  015  014  016  010  006  019  024  025  006  010  058 
 025  011  010  032  029  003  002  010  010  004  026  019  012  000  000  062 
 021  018  015  035  021  000  000  000  000  000  020  007  000  000  001  063 
 008  013  012  040  019  000  000  000  000  000  010  002  000  000  039  071 
 010  014  018  052  029  018  009  000  000  000  004  005  005  026  065  055 
 020  022  030  059  025  018  014  014  014  012  007  017  018  048  079  049 
 007  012  024  040  004  002  004  007  012  016  010  006  018  048  064  030 

Celda38

 007  004  004  014  028  047  059  059  051  043  033  014  004  006  019  029 
 051  052  044  043  050  054  051  047  036  028  014  002  000  010  029  028 
 083  067  052  044  039  029  027  028  014  008  005  006  007  022  032  024 
 076  047  034  030  024  020  022  021  007  005  009  013  014  027  029  021 
 067  032  017  018  018  022  025  016  008  010  016  016  014  023  022  015 
 065  024  006  005  008  015  014  008  002  003  006  010  014  025  024  012 
 057  015  007  007  005  003  000  000  000  002  005  016  030  037  031  018 
 047  008  010  014  010  001  000  000  006  010  019  037  040  027  016  014 
 041  003  002  006  008  005  000  000  004  008  022  042  028  008  000  000 
 044  000  000  000  002  004  000  000  000  003  024  042  016  006  000  006 
 052  006  000  004  002  002  004  004  000  010  039  044  013  014  019  018 
 048  015  004  003  002  002  008  016  015  025  051  038  010  017  026  022 
 037  015  008  000  000  002  010  014  018  024  040  020  000  000  004  003 
 020  013  004  000  000  002  007  006  012  018  019  006  002  006  000  000 
 025  026  016  012  004  006  007  006  011  016  006  000  000  002  000  000 
 022  021  019  020  022  010  004  006  001  000  000  000  000  000  000  000 

Celda39

 026  020  023  031  027  022  026  033  018  005  007  007  008  025  047  000 
 018  014  017  021  015  016  025  027  007  000  000  002  004  024  049  002 
 016  017  023  021  008  008  021  017  004  002  004  004  005  030  056  008 
 015  016  024  020  008  010  012  002  002  006  006  000  004  028  050  002 
 008  007  012  009  007  012  006  000  002  000  000  000  004  023  046  000 
 001  003  006  006  009  010  001  000  003  000  000  000  000  014  044  000 
 006  000  005  008  014  010  000  000  011  012  012  006  000  010  049  000 
 015  012  007  009  017  011  002  002  010  004  000  000  000  016  060  007 
 011  018  014  020  027  016  007  006  000  000  000  000  000  027  062  000 
 004  006  009  027  029  011  003  000  000  000  000  000  000  037  070  000 
 006  000  007  023  012  000  000  000  000  000  000  000  000  043  076  000 
 011  008  010  006  000  000  000  000  000  000  000  016  028  068  094  015 
 000  000  000  000  000  000  000  000  008  020  032  045  041  065  084  013 
 000  000  000  000  000  000  005  027  032  033  043  045  033  052  072  013 
 000  000  000  000  001  015  025  025  012  011  024  024  016  038  061  012 
 000  000  008  024  030  024  016  008  003  008  011  005  000  022  046  000 

Celda40

 000  000  000  000  021  002  000  016  035  022  006  000  000  000  000  000 
 002  003  003  000  018  004  000  018  036  017  000  000  000  000  016  024 
 002  004  006  002  016  004  000  012  033  012  000  000  000  000  041  048 
 002  003  002  000  017  006  002  007  026  002  000  000  000  012  069  067 
 000  000  000  002  024  004  000  010  022  000  000  000  002  052  093  064 
 000  000  006  016  033  000  000  012  022  000  000  000  023  065  082  035 
 000  000  007  014  013  000  000  004  018  000  000  012  042  055  051  010 
 000  002  006  006  000  000  000  000  008  000  000  034  051  049  039  003 
 002  004  007  004  000  000  000  010  008  000  019  062  057  050  041  005 
 000  000  000  000  000  000  000  035  017  010  048  075  050  038  029  000 
 000  000  000  000  000  000  004  027  000  002  052  055  022  022  022  000 
 000  000  000  000  000  000  010  014  000  000  043  032  014  023  020  000 
 001  004  012  010  000  000  018  010  000  018  042  014  009  024  019  000 
 005  013  024  012  000  000  026  014  002  037  044  023  027  041  022  000 
 004  010  015  005  000  000  032  020  015  044  037  027  043  053  026  014 
 002  004  004  000  000  000  037  030  035  047  030  026  039  033  009  010 

Celda41

 002  009  035  109  080  015  012  035  030  000  000  011  021  018  015  013 
 004  006  038  098  060  005  006  025  016  000  000  006  016  022  024  015 
 012  012  044  087  045  003  001  011  012  000  002  011  012  016  023  018 
 014  015  047  078  041  009  000  000  012  009  003  008  007  004  011  016 
 008  006  042  064  034  011  000  000  010  012  002  010  013  003  000  004 
 000  000  036  045  026  012  000  000  004  012  002  008  019  010  000  000 
 000  000  036  032  018  014  000  000  000  016  009  013  027  026  013  012 
 000  009  037  028  016  016  008  007  007  030  026  021  033  036  024  023 
 006  010  028  021  014  014  012  008  009  024  015  002  016  025  011  003 
 000  002  013  014  013  013  017  000  000  012  014  000  012  026  015  000 
 000  002  006  008  012  012  020  004  000  000  012  003  010  022  014  008 
 000  011  015  015  012  007  020  009  000  000  008  009  008  014  008  012 
 007  024  016  015  008  000  020  021  012  010  009  015  005  006  004  011 
 006  032  024  010  000  000  026  033  018  028  028  029  017  022  032  040 
 012  037  032  018  003  000  030  040  013  024  022  015  011  017  030  037 
 027  047  038  025  010  008  033  042  014  007  004  000  001  002  019  025 

Celda42

 000  000  000  023  018  003  000  000  003  000  000  000  000  000  000  000 
 000  000  000  022  018  000  000  000  008  000  001  004  002  000  000  000 
 000  002  006  020  017  000  000  000  008  005  000  007  012  012  012  012 
 003  000  000  016  018  002  000  000  002  010  000  006  012  012  008  005 
 000  000  000  019  023  000  000  000  000  018  016  001  000  000  000  000 
 000  000  001  019  023  000  000  000  000  024  024  002  000  000  000  000 
 008  002  000  010  014  005  000  000  003  024  022  002  000  000  000  000 
 026  028  027  016  001  004  000  000  002  018  020  006  000  000  000  000 
 014  026  032  028  020  014  017  013  006  006  016  006  000  000  000  000 
 001  011  020  024  026  024  024  020  021  016  009  002  000  000  000  000 
 016  013  000  011  022  027  020  012  018  026  018  004  000  000  000  000 
 028  022  008  003  003  014  014  006  015  016  012  000  000  000  000  000 
 026  022  012  013  014  002  000  000  011  000  000  000  000  000  000  000 
 035  017  011  014  010  001  000  000  005  000  000  000  000  000  000  020 
 032  026  030  026  010  000  000  000  000  000  000  000  000  000  000  065 
 018  018  026  025  021  024  025  018  005  000  000  000  000  000  027  103 

Celda43

 000  000  000  000  000  014  043  050  054  080  062  016  014  027  019  014 
 000  000  000  000  008  057  071  048  058  090  055  006  001  009  018  002 
 012  009  000  000  032  088  075  049  063  078  022  000  000  004  028  000 
 004  000  000  000  054  113  079  045  061  051  002  000  000  007  038  004 
 000  000  000  000  076  131  078  029  024  006  000  000  000  010  038  010 
 000  000  000  000  112  131  056  010  000  000  000  000  000  008  031  016 
 000  000  000  047  141  115  030  004  000  000  000  000  004  007  016  012 
 000  000  018  096  146  101  018  000  000  001  012  018  026  029  014  000 
 000  014  065  108  128  092  024  014  009  012  018  024  030  034  030  019 
 000  068  093  077  098  079  016  010  002  007  005  013  015  015  025  035 
 038  096  065  028  072  063  001  000  000  006  006  000  000  000  004  020 
 072  108  039  007  059  046  000  000  000  002  012  008  000  000  011  003 
 108  126  043  014  048  036  000  000  000  000  006  015  003  000  013  002 
 131  129  037  013  030  030  000  000  000  000  000  016  023  010  015  005 
 139  105  009  000  020  025  000  000  002  000  000  010  039  026  009  000 
 127  079  000  000  015  018  000  001  004  011  006  000  039  037  010  000 

Celda44

 024  030  028  023  016  009  015  017  014  023  024  007  006  014  013  013 
 010  010  012  017  018  015  017  028  038  047  037  016  007  009  006  004 
 000  000  000  010  018  018  011  029  049  052  034  029  029  028  016  002 
 000  000  011  015  017  022  018  020  040  029  007  014  023  019  008  000 
 000  005  025  017  010  016  018  006  032  032  006  004  007  000  000  000 
 000  011  021  006  000  000  007  012  023  024  004  006  013  000  000  000 
 012  018  010  000  000  000  000  007  020  014  000  002  014  000  000  000 
 018  032  014  004  006  003  000  005  004  001  000  005  012  000  000  000 
 017  038  028  015  014  016  017  008  000  000  002  014  012  000  000  000 
 030  051  045  017  008  008  020  024  010  000  000  010  010  000  000  000 
 023  043  047  012  004  000  014  014  019  018  010  000  000  000  000  002 
 009  027  032  000  000  000  019  002  010  018  022  020  010  000  000  019 
 007  017  021  000  000  000  022  002  000  005  014  021  020  008  000  030 
 002  004  009  000  000  009  023  000  000  000  004  008  006  000  000  032 
 000  000  001  000  000  016  025  000  000  000  000  000  000  000  000  025 
 000  000  000  000  000  016  024  000  000  000  000  000  000  000  004  025 

Celda45

 004  000  009  016  000  000  000  000  000  001  000  000  024  052  034  000 
 004  007  010  002  000  000  000  000  000  000  000  002  019  048  026  000 
 002  018  012  000  000  000  000  004  006  008  012  022  040  050  021  000 
 000  032  025  010  000  000  011  017  014  012  020  032  034  026  010  001 
 000  038  024  008  003  000  014  004  000  000  014  021  008  000  006  000 
 000  040  028  000  000  000  008  003  000  002  026  007  000  000  000  000 
 004  041  020  000  000  000  000  000  000  008  029  007  000  000  000  000 
 020  041  007  000  000  005  004  000  000  009  018  002  000  000  000  000 
 033  043  000  000  000  002  002  000  000  000  000  000  000  000  000  028 
 036  038  000  000  000  000  000  000  000  000  000  000  000  006  025  062 
 034  022  000  000  000  000  000  000  000  000  000  000  015  043  052  049 
 034  002  000  000  000  000  000  001  000  000  008  028  045  052  036  013 
 032  000  000  000  000  000  005  014  012  027  050  048  037  034  022  000 
 022  000  000  000  000  000  026  047  051  053  044  025  018  024  030  018 
 004  000  000  000  000  032  068  075  057  029  008  010  008  019  027  024 
 000  000  000  005  047  077  077  060  028  008  000  016  028  021  012  013 

Celda46

 000  004  012  004  010  002  000  002  000  000  000  000  000  000  000  000 
 000  008  018  002  000  000  000  000  000  000  000  000  000  000  014  043 
 000  010  017  000  000  000  000  000  000  000  005  012  010  012  041  053 
 004  008  008  000  000  000  000  000  013  030  049  043  030  014  025  026 
 000  004  001  000  000  000  017  031  040  051  061  041  033  026  023  027 
 000  004  002  000  004  032  044  043  038  041  038  011  012  024  029  038 
 000  007  011  009  028  040  038  028  014  012  012  000  000  007  019  026 
 004  022  033  038  035  025  016  003  000  000  008  008  005  005  009  011 
 060  059  046  034  019  007  006  000  000  000  000  015  017  010  008  008 
 075  052  029  004  002  000  000  003  002  006  006  005  020  012  005  008 
 036  012  002  000  000  004  006  007  010  000  002  000  012  009  000  007 
 020  020  000  000  000  014  029  027  016  004  006  009  008  010  007  004 
 006  028  004  012  018  037  045  029  020  020  019  018  016  020  019  012 
 029  053  033  024  026  041  035  011  003  007  010  011  010  008  007  000 
 028  034  013  006  011  020  007  000  001  006  000  004  004  000  001  000 
 012  008  004  000  000  005  000  000  000  017  010  008  010  004  000  000 

Celda47

 023  036  036  038  035  024  016  004  009  022  011  000  000  026  049  000 
 050  038  027  027  026  016  015  016  035  043  024  023  022  042  058  008 
 038  028  026  022  014  008  009  016  037  034  018  020  019  031  048  006 
 019  030  035  020  013  009  013  019  023  011  000  000  000  015  040  000 
 026  028  020  008  008  010  015  015  006  000  000  000  000  023  046  003 
 029  010  002  000  000  006  011  008  004  000  000  000  008  035  052  002 
 014  000  000  006  009  006  004  000  000  000  000  000  012  037  052  000 
 003  000  000  008  018  008  000  000  000  000  004  009  004  029  052  000 
 000  000  000  010  019  006  000  000  000  000  000  001  000  022  052  000 
 006  000  000  006  014  005  000  000  000  000  000  000  008  029  059  006 
 013  004  000  000  008  012  004  010  010  006  006  015  014  031  056  007 
 008  010  000  000  004  020  022  012  014  014  017  020  010  019  042  000 
 000  006  010  002  003  022  030  014  017  020  016  007  000  010  040  000 
 000  000  018  007  002  022  032  014  009  014  008  000  000  012  042  002 
 000  000  019  010  002  018  030  018  005  000  000  000  000  018  045  004 
 000  002  010  012  014  030  028  010  006  000  000  003  001  019  048  006 

Celda48

 002  004  006  006  008  012  047  043  044  043  028  029  034  017  001  004 
 001  004  006  006  008  017  057  054  043  032  027  033  034  018  012  013 
 000  000  000  000  000  005  061  059  036  020  027  036  032  016  016  022 
 000  000  000  000  000  011  055  046  017  006  022  033  020  002  002  010 
 003  005  004  000  000  022  056  037  008  004  016  030  016  000  000  005 
 006  012  020  016  013  040  063  042  021  013  011  016  014  002  001  006 
 004  006  006  000  006  046  058  039  028  017  016  011  013  000  000  010 
 000  000  000  000  000  043  039  028  031  022  018  016  019  008  002  014 
 000  000  000  000  000  046  032  029  035  020  007  005  002  003  014  027 
 000  000  000  000  008  051  028  026  031  014  000  000  000  006  020  024 
 000  000  000  000  025  050  020  022  029  010  000  002  002  009  024  012 
 000  000  000  001  035  048  024  030  035  013  006  009  010  002  026  014 
 000  000  000  000  035  042  027  030  034  015  008  007  007  004  016  021 
 000  000  000  000  030  034  022  016  024  012  005  000  000  000  007  023 
 000  000  000  004  035  036  019  006  020  018  000  000  000  000  009  019 
 002  004  008  010  042  038  017  000  007  020  004  000  000  006  012  011 

Celda49

 025  028  016  014  000  000  027  040  011  000  000  000  002  000  016  032 
 025  011  006  012  000  000  028  042  012  000  000  000  008  005  014  032 
 029  010  000  007  000  000  030  044  012  000  000  000  018  018  014  025 
 014  010  012  012  001  000  028  038  008  000  000  000  018  023  014  019 
 004  001  022  023  014  008  024  019  000  000  000  000  011  020  015  014 
 006  010  023  007  005  014  040  013  000  000  011  004  009  021  018  010 
 011  017  020  000  000  001  034  018  016  008  006  002  009  026  026  010 
 022  027  023  000  000  005  028  002  014  020  014  002  002  020  028  020 
 028  028  019  000  000  010  033  002  008  018  022  020  009  003  018  026 
 013  020  010  000  000  021  036  004  006  014  020  022  018  014  014  026 
 006  013  002  000  000  031  028  000  000  013  014  016  016  018  023  041 
 004  016  000  000  000  039  024  000  000  015  004  004  008  011  014  027 
 013  021  008  000  000  043  018  000  004  014  000  000  002  007  004  011 
 025  009  000  000  000  040  014  000  007  011  000  000  001  002  000  003 
 022  000  000  000  010  030  008  000  010  006  000  000  000  000  000  000 
 009  000  000  000  032  034  002  005  016  005  000  000  000  000  000  000 

Celda50

 024  010  011  012  012  022  030  032  028  014  000  000  000  000  065  097 
 030  012  006  008  007  012  011  016  022  016  000  000  000  017  073  067 
 031  017  007  008  008  007  000  000  000  000  000  000  002  060  066  036 
 028  022  010  005  006  002  000  000  000  000  000  000  049  083  037  006 
 023  024  012  003  002  000  000  000  000  000  000  009  088  075  018  000 
 012  020  015  002  000  000  000  000  000  000  000  056  106  054  010  000 
 002  010  014  004  000  000  000  000  000  000  026  098  105  029  006  000 
 004  002  010  009  000  000  000  000  000  012  090  115  068  004  000  000 
 016  002  006  013  004  000  000  000  000  053  114  075  006  000  000  000 
 025  004  003  017  006  000  000  000  008  081  085  006  000  000  000  000 
 041  012  006  016  000  000  000  000  055  088  040  000  000  000  000  000 
 024  002  003  002  000  000  000  022  078  063  007  000  000  000  000  000 
 012  000  000  000  000  000  002  067  070  031  000  000  000  000  000  000 
 003  000  001  000  000  000  064  101  052  000  000  000  000  000  000  000 
 000  000  000  000  000  009  100  098  030  009  000  000  000  000  000  000 
 000  000  000  000  000  047  106  069  006  006  010  007  000  000  000  000 

Celda51

 098  070  012  000  007  012  002  014  002  000  003  000  025  038  014  000 
 070  060  014  006  001  009  000  006  008  000  000  006  012  031  016  000 
 056  046  000  000  004  011  000  000  008  005  009  023  029  031  019  013 
 046  037  000  000  016  017  012  022  033  035  026  034  041  030  015  023 
 036  022  000  000  032  030  025  038  039  027  025  041  040  030  010  018 
 034  014  000  000  040  039  030  038  028  022  029  046  032  026  018  010 
 032  024  009  007  026  042  046  032  008  023  045  050  026  024  028  016 
 021  046  006  028  016  024  046  044  020  016  043  038  018  016  019  013 
 008  067  039  028  033  018  024  036  034  040  036  015  000  000  000  000 
 006  080  060  008  016  026  035  020  020  038  046  030  000  000  000  000 
 010  089  069  002  002  023  039  032  013  013  038  043  016  000  000  000 
 010  090  068  004  005  028  030  018  020  014  018  032  018  000  000  000 
 005  086  074  004  009  027  021  002  011  020  018  006  000  000  000  000 
 000  078  085  017  006  012  013  000  000  004  000  000  000  000  000  000 
 000  073  090  023  000  002  007  003  002  000  000  000  000  000  000  000 
 000  070  082  017  000  000  007  010  004  000  000  000  000  000  000  009 

Celda52

 000  000  000  000  000  018  020  000  000  004  000  000  000  000  043  025 
 000  002  002  001  000  020  020  004  009  010  000  000  000  028  052  005 
 024  032  020  011  005  023  025  007  006  000  000  000  000  035  024  000 
 032  025  013  000  000  023  027  001  000  000  000  000  002  027  020  004 
 026  008  004  000  000  029  027  000  000  000  000  000  008  024  031  024 
 032  004  000  000  000  040  012  000  000  000  000  010  019  030  034  014 
 018  003  000  000  012  039  000  000  000  000  014  043  043  027  012  000 
 000  000  000  000  028  027  000  000  000  012  035  046  029  005  000  000 
 000  000  000  000  035  012  000  000  018  040  029  024  008  002  001  002 
 000  000  000  011  033  000  000  002  052  050  020  012  007  008  010  008 
 001  000  000  020  026  000  000  027  064  045  021  011  008  006  012  016 
 000  000  000  012  018  000  009  053  059  025  011  015  015  012  014  016 
 000  000  005  002  012  019  045  051  033  008  005  016  019  014  007  002 
 000  000  020  026  030  055  048  022  011  011  012  008  004  002  000  000 
 006  026  034  038  032  046  023  005  016  026  014  002  000  000  000  000 
 040  054  038  032  017  012  012  014  037  033  012  008  006  004  007  009 

Celda53

 000  000  012  048  089  077  045  030  012  015  022  043  045  024  007  000 
 000  000  029  076  077  032  004  013  016  026  045  047  033  009  000  000 
 000  016  047  063  038  008  000  016  020  029  040  026  011  000  000  000 
 030  034  033  039  019  006  004  012  026  026  019  000  000  000  000  001 
 022  014  008  031  020  004  005  005  024  026  020  000  000  000  006  016 
 000  000  010  039  024  004  003  004  025  024  020  008  006  006  010  018 
 000  004  036  043  018  003  000  000  022  018  018  010  000  000  004  010 
 000  038  052  029  002  000  000  000  018  015  015  012  000  000  006  008 
 028  046  035  010  000  000  000  000  011  014  014  013  000  000  008  004 
 026  025  016  004  000  000  000  000  005  014  015  018  000  000  006  000 
 021  016  010  001  000  000  000  000  000  012  010  019  010  000  000  000 
 010  005  003  000  000  004  000  000  000  012  003  008  018  004  000  002 
 000  000  000  000  000  011  000  000  000  015  002  000  014  020  005  008 
 000  000  000  000  000  008  000  000  000  017  006  000  000  029  024  023 
 000  000  000  001  006  004  000  003  014  029  020  010  003  027  041  030 
 000  000  000  007  021  024  026  028  026  016  002  000  000  021  048  030 

Celda54

 012  010  006  000  000  002  000  001  000  022  024  011  012  008  002  000 
 009  024  014  007  011  013  009  008  008  012  026  010  000  000  000  002 
 002  027  023  016  010  001  000  000  000  000  012  012  000  000  000  004 
 000  009  028  032  018  000  000  000  000  000  000  008  010  000  000  013 
 015  000  022  044  024  000  000  000  006  002  008  009  030  019  013  014 
 020  008  002  046  030  000  000  000  015  007  008  006  023  010  004  005 
 012  018  005  032  032  004  000  002  021  011  000  000  016  022  003  025 
 000  011  012  005  028  015  012  027  026  005  000  000  010  034  032  051 
 000  000  006  000  017  028  032  036  016  008  013  022  021  038  039  036 
 000  000  000  000  006  041  046  038  021  020  030  041  038  025  030  028 
 000  000  000  000  005  050  053  039  031  027  024  022  021  012  014  016 
 010  000  002  012  025  052  051  039  030  018  003  000  005  012  012  023 
 020  001  017  042  051  040  036  042  034  016  000  002  015  023  011  018 
 026  016  027  054  050  030  010  038  041  026  002  017  033  022  006  010 
 020  026  043  035  018  020  017  022  044  038  014  013  019  004  003  000 
 012  024  026  002  000  013  030  022  032  044  020  004  012  000  002  000 

Celda55

 004  008  004  010  026  034  029  015  009  002  000  000  000  023  052  000 
 008  015  019  019  028  034  023  011  008  000  000  000  000  028  060  000 
 011  016  018  020  020  020  024  008  000  000  000  000  000  028  062  000 
 014  005  009  010  006  000  014  009  000  000  000  010  015  036  059  000 
 010  000  008  014  002  006  000  004  003  012  005  000  000  018  050  000 
 014  007  007  014  012  015  018  014  015  010  001  000  000  018  052  000 
 045  030  019  007  015  001  012  023  025  012  000  000  000  024  062  008 
 057  030  014  000  014  012  009  020  016  013  000  000  000  034  062  002 
 022  002  004  004  012  019  010  009  007  010  013  000  000  044  072  000 
 019  000  016  034  026  013  010  012  016  013  018  018  008  044  079  000 
 019  026  032  036  024  000  012  022  016  004  006  015  019  039  076  000 
 024  030  029  000  000  000  012  030  016  000  000  004  013  033  070  000 
 021  011  018  000  000  000  006  032  018  000  000  002  012  040  078  019 
 026  002  004  011  002  008  002  026  012  000  000  000  013  052  085  031 
 032  011  001  014  000  000  000  018  006  000  006  006  016  053  075  019 
 022  024  006  006  000  000  000  022  018  017  027  024  022  045  056  001 

Celda56

 006  012  016  008  034  033  016  006  000  017  011  000  006  010  003  002 
 008  014  015  000  032  034  017  010  006  015  019  003  006  012  004  006 
 006  010  010  000  031  042  019  010  016  022  027  006  003  015  011  015 
 001  003  006  005  024  044  028  002  011  008  015  000  000  014  012  014 
 000  000  005  015  024  034  031  010  000  000  009  000  000  012  021  022 
 000  000  004  020  020  015  028  018  000  000  003  000  000  006  028  028 
 000  000  002  012  015  008  020  020  000  002  000  003  002  000  030  027 
 000  000  000  000  004  012  017  013  008  006  008  004  000  001  029  022 
 000  000  000  000  000  009  012  008  011  002  003  000  000  000  025  014 
 000  000  000  000  011  013  010  007  008  001  000  000  000  000  016  001 
 000  000  000  000  020  017  009  003  000  000  000  006  010  006  000  000 
 001  001  000  000  024  017  012  002  000  000  000  004  012  011  000  000 
 002  004  002  000  018  015  016  014  000  000  001  010  011  011  009  000 
 007  016  032  034  028  031  044  046  026  026  026  036  041  036  046  044 
 009  024  054  072  074  088  096  083  061  062  063  070  074  065  072  084 
 000  000  000  000  000  015  023  014  000  000  000  008  016  009  000  000 

Celda57

 000  000  000  000  058  038  008  001  019  004  000  000  000  000  000  000 
 004  000  000  014  071  033  008  004  012  004  000  000  000  000  000  000 
 010  004  000  027  070  027  006  006  000  006  002  000  000  000  000  000 
 004  002  004  035  065  026  002  002  000  004  008  000  000  000  000  000 
 000  000  000  033  053  024  000  000  004  002  006  000  000  000  000  000 
 000  000  000  033  042  018  000  000  014  014  000  002  000  000  000  000 
 000  000  000  041  031  012  005  010  016  017  006  000  000  000  000  000 
 000  000  008  043  026  015  014  014  006  000  004  000  000  000  000  004 
 000  000  018  032  021  023  017  000  000  000  000  001  000  000  000  004 
 000  000  028  030  023  028  008  000  000  000  000  000  000  000  000  000 
 000  000  034  027  022  030  007  000  000  000  000  000  000  002  000  000 
 000  006  048  035  022  022  004  000  000  000  000  000  000  000  000  012 
 000  022  050  030  010  009  000  000  000  000  000  000  000  000  000  033 
 039  066  072  046  028  022  018  018  024  027  028  033  040  036  040  081 
 086  104  097  073  066  066  064  065  069  075  080  090  088  084  090  119 
 000  019  020  004  000  000  000  000  000  000  000  007  002  000  000  026 

Celda58

 000  000  000  000  024  088  099  034  000  000  007  018  015  008  004  000 
 000  000  000  006  069  109  069  001  000  000  002  010  013  014  016  012 
 000  000  000  030  103  098  021  000  000  000  006  008  008  010  014  018 
 000  000  000  066  121  065  000  000  000  001  001  002  000  000  000  010 
 000  000  013  105  112  024  000  000  010  008  000  000  000  000  004  000 
 000  000  034  122  080  000  000  004  024  014  001  000  000  000  013  002 
 005  020  069  118  060  000  000  010  032  020  004  000  000  000  014  014 
 020  043  089  089  036  000  000  006  024  020  012  000  002  002  008  020 
 020  063  079  041  008  000  000  008  008  008  017  009  000  000  000  026 
 022  070  040  007  000  000  006  015  009  004  010  015  000  000  000  029 
 047  064  007  000  000  000  010  028  020  018  010  004  000  000  001  032 
 076  055  006  004  009  009  013  037  023  010  007  000  000  000  006  032 
 079  033  004  008  008  000  005  034  019  000  000  000  000  000  000  027 
 091  038  028  038  038  030  030  060  048  030  032  033  040  051  048  048 
 105  065  064  073  078  080  083  108  092  072  077  082  089  096  099  093 
 023  003  000  000  000  000  002  028  018  000  000  000  001  000  000  000 

Celda59

 000  064  070  010  000  004  010  010  000  000  010  000  000  000  000  020 
 000  061  070  008  000  015  010  000  000  002  029  000  000  000  002  032 
 012  064  081  015  004  015  000  000  000  017  042  000  000  000  016  052 
 016  061  083  016  000  008  000  000  000  034  050  005  010  009  034  078 
 014  047  083  025  006  000  000  000  000  049  055  009  000  004  054  082 
 003  025  080  028  002  000  000  000  013  072  047  000  000  000  070  059 
 000  012  070  038  000  000  000  000  071  090  028  000  000  036  075  022 
 000  000  051  042  000  000  000  024  088  066  013  002  007  056  048  000 
 000  000  032  039  000  000  000  031  074  042  000  014  023  037  026  000 
 000  000  020  038  000  000  005  016  054  052  007  024  022  003  008  000 
 000  000  006  040  006  012  011  000  032  062  042  014  012  000  004  000 
 000  002  000  041  034  007  004  000  025  050  054  010  000  000  007  000 
 007  000  000  033  053  000  000  023  048  020  030  023  000  000  010  000 
 047  040  050  060  081  039  046  090  088  052  021  020  013  032  053  036 
 104  090  105  115  134  107  105  127  105  086  082  081  096  100  091  077 
 017  000  000  002  029  020  014  026  011  000  000  002  028  028  010  000 

Celda60

 047  051  019  009  000  000  011  028  035  021  010  010  006  002  006  012 
 049  037  000  000  000  002  006  022  038  022  004  000  000  000  000  004 
 056  020  000  000  000  027  019  000  018  028  024  006  000  000  000  000 
 051  000  000  000  001  033  021  020  000  012  038  024  000  000  006  000 
 025  000  000  000  008  034  024  011  024  001  026  029  000  000  018  006 
 000  000  000  000  000  022  040  019  006  008  000  014  000  006  032  021 
 000  000  000  010  001  000  037  041  000  000  002  000  000  015  038  032 
 000  000  014  020  012  000  015  044  016  000  004  008  011  005  023  028 
 000  000  015  015  014  006  000  033  035  000  004  017  025  024  004  004 
 000  008  014  000  006  010  000  012  038  023  009  023  022  023  022  006 
 000  002  015  001  000  000  000  000  036  050  029  013  008  008  014  024 
 000  000  008  004  000  000  000  000  029  064  044  011  000  000  000  013 
 000  000  000  000  000  000  002  004  012  056  046  023  012  000  000  006 
 034  042  052  052  046  044  051  061  056  069  051  036  038  039  041  044 
 080  087  096  096  098  092  092  106  117  124  115  102  103  101  089  081 
 000  004  008  000  000  000  000  000  000  006  012  016  030  030  010  000 

Celda61

 004  000  006  016  020  023  028  029  019  004  000  000  002  016  044  029 
 006  000  002  026  024  012  000  000  000  000  004  010  017  015  024  024 
 004  006  000  026  034  010  000  000  000  000  006  008  008  006  003  023 
 000  006  009  014  037  010  000  000  000  000  000  000  000  000  006  035 
 005  016  026  018  024  016  000  005  000  000  000  000  006  018  029  031 
 010  024  030  024  004  018  004  000  000  000  000  002  028  045  026  000 
 012  002  010  014  014  006  008  000  000  000  006  036  046  034  003  000 
 026  010  000  002  016  013  000  000  000  005  040  043  030  010  000  000 
 024  030  011  000  003  000  000  000  014  020  030  024  013  002  000  015 
 005  036  030  010  000  000  002  027  032  014  002  022  013  000  000  017 
 022  016  025  012  000  000  019  034  014  000  000  020  022  004  004  021 
 027  018  000  013  011  012  019  004  000  000  000  002  021  021  020  021 
 011  012  010  017  019  012  011  000  000  000  010  010  002  034  040  020 
 042  050  062  061  052  039  030  026  030  042  056  064  054  070  081  045 
 080  088  099  096  084  084  082  086  092  096  098  104  112  126  133  095 
 000  003  000  000  000  004  000  000  000  001  000  000  000  012  032  010 

Celda62

 015  030  022  000  000  010  012  009  008  036  030  010  010  000  008  008 
 027  042  027  002  000  006  000  000  000  016  036  032  017  002  003  011 
 046  058  013  000  000  008  000  000  000  000  028  054  029  000  000  000 
 064  044  000  000  000  010  000  000  001  006  006  050  038  002  000  000 
 042  034  000  000  000  008  000  003  004  000  000  023  040  014  000  000 
 016  032  005  000  000  005  000  008  016  000  000  000  031  026  004  004 
 000  026  020  000  000  001  002  008  020  006  014  018  010  028  018  005 
 006  012  027  006  023  029  023  016  014  017  008  014  002  022  033  006 
 030  028  020  025  019  024  023  016  000  010  014  000  000  013  040  010 
 019  013  000  022  020  000  000  000  000  000  014  008  000  002  034  018 
 018  000  000  006  020  010  000  000  000  004  000  010  000  000  027  026 
 011  000  000  000  013  022  012  012  018  024  022  004  000  002  028  026 
 000  000  000  001  006  030  036  024  026  026  024  014  003  008  030  021 
 026  027  038  046  044  062  067  048  045  045  044  046  050  049  061  052 
 082  084  099  095  092  098  105  085  076  072  076  083  093  094  098  100 
 000  001  014  004  000  008  029  018  008  000  000  000  000  000  008  022 

Celda63

 000  034  018  000  000  000  021  055  044  030  021  009  013  035  044  000 
 000  036  032  000  000  010  044  055  033  014  002  000  017  034  041  004 
 002  022  034  000  000  014  052  048  023  000  001  004  029  038  038  003 
 006  000  022  000  000  006  046  050  034  006  004  014  026  023  034  000 
 001  000  002  010  000  000  034  052  044  016  000  006  005  010  036  000 
 000  000  000  016  000  004  018  048  042  019  009  010  000  008  041  000 
 000  000  000  009  022  020  023  037  032  020  020  012  000  014  052  007 
 000  003  008  001  036  024  014  010  025  029  030  009  000  020  054  000 
 000  008  012  004  032  027  000  000  014  037  037  010  000  022  056  000 
 002  000  002  000  020  026  000  000  002  029  036  016  000  025  059  000 
 012  001  000  000  015  013  000  000  016  023  024  014  000  028  066  000 
 016  006  004  006  022  004  000  032  031  026  025  000  000  027  073  000 
 018  015  004  004  018  004  002  031  016  006  005  000  000  020  078  000 
 054  045  030  034  052  038  038  053  045  036  038  043  050  056  100  022 
 095  076  070  078  092  078  080  090  094  083  076  080  089  092  124  065 
 017  002  000  000  009  000  000  010  022  011  000  000  000  000  035  000 

