Celda0

 000  000  000  000  000  000  003  004  001  000  000  000  000  000  000  001 
 000  000  000  000  001  002  006  008  002  000  000  000  000  000  000  002 
 000  000  000  000  004  004  008  011  005  000  000  000  000  000  000  000 
 001  001  000  000  006  002  000  008  011  007  002  005  003  000  000  000 
 003  006  012  016  020  010  002  004  018  023  017  012  012  014  021  024 
 000  000  000  002  004  000  000  012  025  014  006  002  002  014  024  022 
 000  000  000  000  002  000  002  016  017  003  001  010  010  020  022  015 
 000  000  000  000  003  000  006  013  011  001  002  012  021  023  017  008 
 000  000  000  002  007  008  006  006  008  007  010  018  024  018  008  000 
 000  000  000  001  005  005  004  003  006  008  007  014  016  012  007  000 
 000  000  000  000  002  005  008  004  001  004  011  012  009  007  006  000 
 001  000  000  000  001  008  014  006  000  000  010  018  014  008  005  002 
 000  000  000  000  000  008  015  008  000  000  010  021  020  010  005  003 
 000  000  000  000  000  005  014  011  002  005  020  025  018  008  004  005 
 000  000  000  000  000  004  014  017  015  020  025  022  017  007  001  005 
 000  000  000  000  006  013  025  027  022  018  012  008  009  004  000  006 

Celda1

 002  002  001  000  000  000  000  000  000  000  002  001  000  000  000  001 
 004  004  002  000  000  000  000  000  000  000  004  002  000  000  000  003 
 008  007  006  007  002  000  000  000  000  000  003  003  000  000  000  007 
 002  004  009  016  008  000  000  001  006  000  000  002  002  000  000  010 
 016  004  007  021  015  002  014  030  040  038  027  016  008  004  006  019 
 023  021  014  017  016  002  005  015  022  034  040  032  020  013  016  026 
 018  022  022  012  006  006  004  006  002  010  024  026  020  020  027  030 
 007  006  008  010  004  000  006  006  008  002  002  008  012  018  029  021 
 000  000  000  000  006  004  002  008  012  004  000  002  008  020  026  013 
 000  000  002  004  000  000  000  010  014  007  004  006  012  022  017  004 
 004  012  017  009  001  000  002  017  020  012  008  012  014  014  002  000 
 010  018  022  018  012  010  012  023  020  009  004  010  010  004  000  003 
 002  006  004  006  009  011  010  019  015  005  005  005  006  004  008  016 
 004  003  000  000  000  000  006  017  014  005  006  005  005  010  016  029 
 006  001  000  000  000  000  011  018  010  002  000  002  002  008  017  023 
 009  000  000  000  000  009  020  016  004  000  000  002  006  005  011  011 

Celda2

 003  002  000  001  000  000  000  000  000  000  000  001  000  000  000  006 
 007  004  002  002  000  000  000  000  000  000  000  003  000  000  000  014 
 014  008  004  004  000  000  000  000  000  000  004  008  000  000  000  030 
 015  006  005  004  000  000  000  000  000  000  011  014  000  000  002  038 
 022  010  006  000  000  002  006  000  000  000  010  016  000  000  021  058 
 027  015  010  003  001  007  008  002  000  000  002  014  006  000  018  048 
 022  005  000  000  000  002  004  007  012  012  004  011  007  000  022  053 
 007  000  000  002  003  003  006  016  025  027  016  005  006  000  023  048 
 006  003  006  008  008  010  014  022  032  036  026  008  006  009  029  034 
 005  012  015  012  010  012  014  018  023  024  020  014  024  033  038  034 
 004  021  018  014  010  009  010  010  002  000  000  009  039  048  042  037 
 013  023  013  015  014  010  006  000  000  000  000  000  040  043  031  028 
 025  022  012  016  018  014  006  000  000  000  000  016  034  029  015  012 
 027  019  014  014  014  011  006  000  000  000  000  027  026  023  014  007 
 015  014  012  010  009  008  008  012  013  009  009  037  015  013  018  012 
 003  002  006  010  014  012  012  019  026  025  016  035  008  006  029  035 

Celda3

 005  001  002  006  006  001  000  000  000  000  000  000  002  000  000  000 
 014  004  004  014  013  002  000  000  000  000  000  000  005  000  000  000 
 032  012  010  026  024  004  000  000  000  000  000  000  010  002  000  000 
 043  018  013  029  024  004  000  000  000  000  000  000  008  006  000  000 
 064  037  022  020  018  007  000  004  008  013  016  013  003  005  000  000 
 052  024  006  006  014  012  000  000  007  018  016  015  006  000  001  003 
 044  016  002  000  008  012  004  000  010  011  000  008  008  000  000  008 
 038  018  007  000  001  012  009  002  010  013  008  001  013  017  011  004 
 026  017  011  002  001  015  016  007  004  010  013  007  009  021  024  018 
 021  014  010  006  012  027  026  012  008  009  010  010  000  005  012  016 
 037  038  030  029  038  040  029  016  011  008  004  010  004  000  002  005 
 037  042  038  043  050  042  030  026  023  020  016  019  014  006  004  003 
 021  025  027  036  039  030  026  029  030  031  030  021  008  000  000  000 
 014  024  028  026  020  016  020  023  023  022  028  024  005  000  000  000 
 011  025  035  026  015  013  014  011  008  006  005  009  007  000  000  000 
 026  030  034  026  018  015  006  004  004  002  000  000  000  003  004  002 

Celda4

 001  000  000  000  001  000  000  000  001  003  001  000  001  000  000  000 
 002  000  000  000  001  000  000  000  003  006  002  001  002  000  000  000 
 002  002  000  000  000  000  000  000  006  009  006  004  002  000  000  000 
 002  003  000  000  000  000  000  000  003  006  009  008  000  000  000  000 
 004  004  000  000  000  000  002  002  000  001  009  008  000  000  000  009 
 006  000  000  000  000  000  002  000  000  000  006  006  000  000  008  011 
 008  000  000  000  000  000  002  001  001  000  002  004  000  001  012  010 
 004  000  000  000  000  004  004  005  002  000  000  001  000  004  013  006 
 005  000  000  000  000  006  004  006  004  000  004  006  002  002  010  004 
 014  008  004  006  013  012  003  003  008  014  019  018  018  012  007  005 
 008  011  012  013  019  012  008  015  026  027  022  012  010  008  006  006 
 003  004  007  008  012  009  013  023  028  021  013  004  002  002  004  005 
 000  000  000  003  012  013  015  019  020  013  008  005  005  004  002  002 
 000  000  000  008  020  017  010  010  015  009  002  000  000  000  000  000 
 000  000  003  022  025  012  004  001  009  000  000  000  000  000  003  004 
 003  009  026  035  024  010  004  000  008  000  000  000  002  011  017  014 

Celda5

 003  002  000  000  000  000  000  002  000  000  000  001  002  000  000  000 
 006  004  000  000  000  000  000  003  000  000  000  004  004  000  000  000 
 010  006  000  000  000  000  000  002  000  000  004  015  006  000  000  000 
 010  004  000  000  000  000  000  000  000  000  015  028  009  000  000  000 
 011  000  000  000  000  004  003  000  000  000  018  026  012  000  000  000 
 000  000  000  003  009  011  009  008  012  017  018  013  014  003  002  008 
 000  000  000  013  011  000  002  010  020  022  014  008  013  008  000  008 
 000  000  000  014  009  000  000  003  009  008  008  007  006  003  000  000 
 000  009  014  011  000  000  004  005  000  000  000  005  006  000  000  000 
 009  018  018  014  009  006  012  009  000  000  006  010  010  014  014  012 
 012  017  008  010  014  018  016  008  002  000  006  014  006  010  018  018 
 009  014  000  000  012  017  015  008  006  006  002  008  011  010  002  006 
 003  008  001  004  012  003  004  007  011  012  008  000  010  016  007  000 
 000  000  006  011  012  000  000  004  008  010  008  002  005  017  010  000 
 000  000  020  025  009  000  001  004  002  004  009  011  011  020  010  000 
 010  012  031  021  004  000  006  004  003  006  016  024  025  026  018  014 

Celda6

 000  000  001  002  001  000  000  001  003  001  000  000  001  002  002  000 
 000  002  003  004  002  000  000  002  006  002  000  000  003  006  006  001 
 002  008  010  008  002  000  000  004  010  002  000  000  008  014  012  006 
 002  016  018  010  000  000  000  005  008  001  000  000  011  014  016  014 
 003  021  022  009  000  000  000  006  004  000  000  008  025  013  010  018 
 013  019  014  006  000  000  004  016  010  006  002  026  035  014  006  015 
 009  002  003  004  000  002  013  023  012  012  014  036  030  008  008  021 
 000  000  000  006  006  010  018  017  008  009  016  032  021  006  011  025 
 000  000  005  012  012  009  008  012  012  006  012  025  017  006  009  013 
 010  008  006  006  008  003  000  008  016  014  012  020  013  005  000  004 
 017  013  006  000  007  003  000  004  012  016  019  020  011  002  008  005 
 008  010  008  004  008  009  014  020  014  006  016  020  016  010  000  001 
 001  002  004  006  011  016  023  024  016  010  003  012  016  016  006  000 
 000  000  004  010  011  011  014  010  003  012  016  006  004  014  012  006 
 000  002  008  014  014  006  007  008  002  002  000  000  000  016  022  032 
 012  008  004  007  007  010  002  000  002  000  000  000  000  017  030  034 

Celda7

 000  000  000  003  005  002  000  000  000  001  000  000  000  001  006  000 
 000  000  000  006  010  004  000  000  000  000  000  000  000  004  016  000 
 000  000  000  006  013  005  002  000  002  000  000  000  000  010  036  000 
 000  000  003  002  006  000  002  006  006  000  000  000  000  018  050  000 
 000  002  018  024  019  016  012  003  006  000  000  000  000  022  053  000 
 002  004  014  014  011  012  012  008  000  000  000  000  000  027  054  000 
 015  018  016  013  010  009  008  009  008  000  000  000  000  034  061  005 
 014  006  000  008  017  016  008  006  006  006  006  008  010  042  070  008 
 000  000  001  006  005  006  006  006  004  006  014  024  030  054  075  010 
 000  000  000  014  004  000  000  000  004  007  010  026  033  051  072  016 
 002  004  002  004  000  000  000  001  000  008  011  020  013  025  052  006 
 004  010  016  012  000  000  006  006  000  003  007  002  002  024  050  000 
 000  002  006  008  008  006  016  011  002  000  000  000  000  032  060  006 
 008  006  000  000  000  000  013  006  002  000  000  000  005  041  058  000 
 037  018  004  000  001  002  007  002  000  000  000  000  011  033  052  000 
 016  000  000  014  027  020  000  000  000  000  000  000  004  030  052  000 

Celda8

 001  002  004  006  025  034  041  035  023  012  001  000  004  004  002  006 
 003  008  016  020  041  048  044  024  008  001  000  000  000  008  004  000 
 003  008  017  022  037  036  016  000  000  000  000  000  001  013  005  000 
 001  002  006  010  019  012  000  000  000  002  000  000  014  021  008  007 
 000  000  002  004  010  001  000  000  000  011  011  017  026  020  008  008 
 000  000  002  003  006  000  000  004  012  028  029  027  023  011  003  005 
 000  000  000  000  000  000  000  008  017  026  021  010  004  001  000  003 
 000  000  000  000  000  000  008  014  017  017  010  004  000  000  000  000 
 000  000  000  000  000  006  016  011  006  004  002  001  004  002  000  000 
 000  000  000  000  004  007  010  004  000  002  000  000  005  001  000  000 
 000  000  000  000  007  006  004  001  002  006  006  003  000  000  000  000 
 000  000  000  000  012  010  006  004  008  015  012  005  000  000  000  000 
 000  000  000  000  012  009  007  006  003  009  008  002  002  000  000  000 
 000  000  000  000  014  009  009  006  002  002  012  001  000  000  000  002 
 002  004  006  005  015  011  013  010  010  006  008  002  000  000  000  005 
 001  003  008  010  020  013  010  010  010  015  009  000  000  000  007  012 

Celda9

 008  002  000  000  006  023  023  011  002  000  000  000  010  011  012  010 
 002  002  000  002  016  023  015  006  000  000  000  000  012  015  015  010 
 000  002  002  008  017  014  010  006  000  000  000  002  013  015  015  008 
 010  016  016  013  007  010  014  007  000  000  000  002  010  012  013  006 
 015  023  023  018  010  009  015  004  000  000  000  000  004  009  012  004 
 013  018  017  015  018  018  023  010  008  005  000  000  002  010  014  005 
 007  010  011  006  009  008  012  011  012  012  009  013  023  028  029  018 
 004  011  012  002  000  000  008  015  008  010  014  030  034  030  029  018 
 004  012  011  004  000  002  015  020  006  006  008  022  016  011  016  010 
 000  006  008  010  008  008  012  012  000  000  000  012  006  005  011  002 
 000  000  007  016  012  008  010  007  000  000  002  010  006  006  012  006 
 000  000  006  014  010  005  004  002  000  002  010  012  008  006  008  004 
 000  000  002  006  003  000  000  000  002  009  014  012  010  007  004  003 
 002  000  000  000  000  000  000  000  003  012  014  012  010  010  008  010 
 008  006  000  000  000  000  000  000  002  012  012  011  010  013  017  017 
 016  020  022  014  001  000  000  004  005  012  009  010  014  022  023  012 

Celda10

 002  000  000  005  012  014  012  010  012  014  008  025  015  030  061  053 
 002  000  002  003  000  004  004  000  000  000  000  030  044  059  065  037 
 000  000  000  004  000  000  000  000  000  000  002  051  073  064  042  018 
 000  000  000  000  000  000  000  000  000  000  004  066  076  042  017  014 
 000  000  000  000  000  000  000  000  000  000  006  071  063  020  005  013 
 000  000  000  000  000  000  000  000  000  000  019  073  055  018  011  014 
 015  016  015  012  010  008  002  000  001  007  022  069  056  028  023  017 
 016  018  020  018  008  001  002  009  014  011  007  062  054  031  026  016 
 010  010  010  005  000  000  008  016  017  010  000  056  064  033  019  006 
 002  000  000  000  000  004  012  013  012  012  010  049  066  042  012  000 
 000  000  000  000  000  002  004  004  007  016  024  061  081  052  004  000 
 000  000  000  000  000  000  000  000  008  016  022  062  082  043  001  000 
 000  000  000  000  000  000  000  000  005  003  003  051  063  018  000  000 
 005  000  000  000  000  006  010  004  000  000  000  048  048  008  000  000 
 008  000  000  000  000  010  024  010  000  000  000  046  044  008  000  000 
 001  000  000  000  002  011  024  008  000  000  001  036  036  006  000  000 

Celda11

 026  024  030  024  020  012  001  000  002  000  000  000  000  000  003  010 
 012  015  024  019  018  012  002  000  000  000  000  000  000  000  004  018 
 012  015  018  015  012  011  006  000  000  000  000  000  000  006  026  033 
 017  014  010  009  008  008  006  000  000  000  006  011  016  028  039  036 
 012  006  002  004  006  006  005  002  004  010  016  020  026  033  030  019 
 002  000  002  013  015  014  019  023  022  016  015  016  022  024  010  003 
 004  000  016  032  025  020  025  024  012  003  000  000  008  010  002  000 
 008  004  032  036  016  012  020  017  004  000  000  001  011  010  000  000 
 004  006  031  019  000  000  015  012  003  000  000  002  012  012  004  008 
 000  000  018  012  000  002  011  008  000  000  002  001  008  011  015  005 
 000  000  008  012  010  003  004  006  000  000  000  000  002  006  018  011 
 000  000  004  015  017  002  000  002  000  000  000  000  003  004  014  013 
 000  000  006  016  017  002  000  000  000  000  000  003  008  007  014  011 
 000  000  010  014  012  004  000  001  000  005  010  012  016  013  013  009 
 000  004  012  008  006  006  007  009  008  015  020  018  015  009  006  006 
 002  016  019  010  008  018  027  029  020  018  016  012  008  007  005  001 

Celda12

 014  016  031  031  017  011  008  004  006  000  001  010  027  027  017  012 
 017  012  010  014  004  004  008  008  004  000  001  014  024  017  008  004 
 022  015  001  010  008  000  004  012  010  004  000  008  016  008  000  000 
 024  026  022  010  008  011  011  015  014  012  011  004  012  011  000  000 
 008  022  030  026  023  027  016  010  010  014  017  014  009  008  000  000 
 006  000  013  018  016  013  000  000  002  004  002  003  008  012  006  006 
 004  010  000  000  001  000  000  000  000  000  000  000  012  017  014  013 
 000  006  003  000  000  000  000  002  002  001  004  005  015  012  006  008 
 010  002  004  000  000  000  000  002  004  007  012  012  012  009  003  004 
 012  012  010  007  004  000  000  000  000  005  009  010  010  012  010  005 
 000  004  002  000  000  000  000  000  008  012  004  006  006  013  018  010 
 000  000  000  000  000  000  000  000  013  020  004  000  000  010  019  009 
 000  000  000  000  000  000  000  000  008  020  010  000  000  011  018  000 
 000  002  006  005  000  000  000  002  004  015  012  000  000  005  016  004 
 000  005  019  026  019  010  008  014  020  026  015  000  000  000  012  006 
 001  008  017  017  019  016  016  022  022  019  008  000  000  002  010  006 

Celda13

 012  015  021  005  000  000  008  005  004  005  011  021  027  022  021  019 
 005  008  009  000  000  002  014  007  002  000  006  009  008  012  015  007 
 000  002  004  004  005  005  011  005  000  000  006  014  003  004  003  000 
 000  002  006  000  000  000  008  009  000  006  016  025  013  006  000  000 
 004  007  005  000  000  000  011  016  011  010  017  019  005  001  000  000 
 012  010  004  000  000  000  016  029  019  008  003  006  000  000  000  000 
 017  009  002  000  000  008  027  029  009  000  000  000  000  000  000  000 
 006  000  000  003  006  017  028  020  006  000  000  000  000  000  000  000 
 000  000  000  006  011  019  019  008  004  000  000  000  002  008  013  011 
 001  000  000  006  012  013  005  000  001  001  001  000  004  011  014  014 
 008  008  007  003  000  000  000  000  000  000  006  006  000  000  000  003 
 010  012  006  000  000  000  002  000  002  000  005  007  002  000  000  000 
 000  000  000  000  000  003  012  006  000  000  001  004  002  000  000  000 
 000  000  000  000  000  006  020  012  000  000  000  000  001  000  000  006 
 000  000  000  002  004  006  020  014  000  000  000  000  000  000  000  013 
 004  012  018  018  016  010  010  010  001  000  002  004  001  000  008  031 

Celda14

 013  004  000  006  009  001  000  000  000  000  000  000  004  009  023  038 
 000  000  000  004  015  000  000  000  000  000  000  000  004  004  010  023 
 000  000  000  000  012  000  000  000  000  000  000  000  000  010  011  014 
 000  000  000  000  002  000  000  000  000  000  000  000  000  016  023  023 
 000  000  000  000  000  000  002  000  000  000  000  006  014  025  024  012 
 000  000  000  000  000  000  001  000  000  000  000  000  015  017  010  006 
 000  000  000  000  003  008  003  000  000  000  000  012  012  004  007  020 
 000  000  000  003  009  010  001  000  000  004  011  018  011  008  027  044 
 006  004  008  017  015  006  000  004  014  021  018  014  017  031  046  037 
 010  010  015  017  009  007  010  014  012  009  006  011  032  045  037  012 
 012  020  016  006  001  007  014  006  000  000  002  025  039  026  010  002 
 013  028  026  014  006  006  002  000  000  000  012  020  016  004  000  006 
 017  017  020  020  014  005  000  002  008  008  005  010  011  000  000  006 
 019  006  000  000  000  002  009  010  008  004  000  001  008  002  000  004 
 021  004  000  000  000  000  003  000  000  000  001  004  004  000  000  006 
 022  000  000  000  008  002  000  000  000  006  006  003  001  000  000  008 

Celda15

 018  000  000  015  006  000  000  000  000  000  005  002  000  030  054  000 
 017  002  008  020  004  000  000  000  012  013  010  014  012  034  053  000 
 014  005  000  006  004  000  000  002  018  016  004  000  008  038  064  015 
 018  003  000  000  004  000  004  013  013  008  005  002  004  030  053  004 
 004  000  000  004  014  008  007  016  011  002  004  008  004  028  053  000 
 002  000  000  006  007  006  013  023  018  020  023  026  011  024  052  000 
 024  016  005  004  010  010  019  026  022  020  018  013  008  031  063  012 
 029  016  008  001  013  017  022  027  016  004  000  000  000  028  053  004 
 010  001  002  006  014  016  022  026  005  000  000  000  003  026  047  000 
 002  005  011  014  015  014  022  021  000  000  000  000  002  024  048  000 
 000  017  027  026  020  013  010  012  000  000  007  006  000  024  052  000 
 010  006  010  016  015  010  002  003  006  007  004  002  000  024  055  000 
 014  013  008  000  004  008  010  010  013  009  000  000  000  028  062  005 
 010  012  016  011  001  008  012  014  012  004  000  000  008  048  075  017 
 006  008  015  017  010  002  002  006  007  005  001  000  012  046  063  011 
 007  004  010  018  018  009  000  000  000  000  004  005  006  033  050  000 

Celda16

 000  000  002  007  016  002  004  012  006  003  005  004  006  014  014  010 
 001  002  002  003  005  000  000  011  012  000  000  000  003  006  000  000 
 002  004  004  000  002  000  000  006  012  002  000  001  001  001  000  000 
 000  000  000  000  002  000  004  006  010  003  000  000  000  000  000  000 
 000  000  000  000  002  000  000  003  010  010  008  008  005  004  003  000 
 000  000  000  000  000  006  005  004  009  010  001  001  000  000  000  000 
 000  000  000  000  002  010  006  006  014  012  000  000  000  000  000  000 
 000  000  000  000  007  014  007  009  017  011  000  000  000  002  003  000 
 000  000  000  000  012  014  009  014  016  004  000  000  000  008  012  012 
 000  000  000  000  017  011  010  017  012  000  000  000  011  023  022  009 
 000  000  004  008  023  019  025  029  018  009  010  014  021  013  004  000 
 000  000  000  000  016  014  017  016  008  004  004  000  004  000  000  000 
 000  000  000  000  016  010  009  010  006  000  000  000  001  000  000  000 
 001  002  002  000  014  014  008  004  003  000  000  000  000  000  001  006 
 001  002  002  000  012  018  014  003  000  000  000  008  008  006  004  008 
 001  002  004  005  017  020  010  000  000  000  005  008  000  000  002  006 

Celda17

 011  016  019  014  002  000  000  001  002  010  011  017  030  034  017  000 
 000  000  000  000  000  000  000  000  000  010  018  025  030  019  000  000 
 000  000  000  000  000  002  002  004  009  018  024  022  014  006  000  000 
 000  000  000  000  000  006  014  022  021  023  022  011  006  000  000  000 
 000  000  000  000  000  004  021  021  016  015  012  004  000  000  000  000 
 000  000  000  000  000  008  013  005  002  002  005  002  000  000  000  000 
 000  000  000  000  000  012  008  002  000  002  006  000  000  000  000  000 
 000  004  006  008  006  006  002  000  000  004  009  003  000  000  000  002 
 009  010  014  019  017  006  000  000  000  007  010  009  006  014  016  017 
 000  000  002  007  006  000  000  000  009  022  023  022  017  013  015  023 
 000  000  000  000  000  000  000  013  040  044  032  020  008  001  006  024 
 000  004  004  000  000  000  014  043  051  038  017  010  002  000  008  019 
 002  021  027  021  024  030  043  043  025  008  000  000  003  007  008  014 
 016  035  032  022  034  042  040  020  000  000  000  006  009  008  006  011 
 015  022  020  012  019  026  024  014  004  000  006  020  010  000  000  008 
 007  010  016  016  014  006  003  004  004  008  024  024  000  000  000  010 

Celda18

 000  000  000  000  000  008  019  000  000  000  008  028  022  002  000  000 
 000  000  000  000  000  010  015  000  000  000  016  023  006  000  000  000 
 000  000  000  000  000  009  013  000  000  000  021  022  000  000  000  010 
 000  000  000  000  000  004  008  000  000  000  022  022  002  000  006  017 
 000  000  000  000  000  000  000  000  000  000  021  022  011  010  023  026 
 000  000  000  000  000  000  000  000  000  000  014  019  022  026  029  020 
 000  000  000  002  002  000  000  000  004  009  012  021  033  037  026  008 
 004  009  013  009  005  004  008  014  014  008  011  029  038  035  022  006 
 018  017  014  008  007  010  020  026  018  006  010  031  033  028  020  010 
 024  021  016  012  012  013  020  023  015  005  020  044  036  026  020  011 
 021  016  011  008  007  007  012  008  005  006  041  062  039  024  020  011 
 009  004  000  000  000  004  006  000  000  004  056  058  024  014  015  008 
 006  000  000  000  001  005  000  000  000  006  049  029  004  002  004  004 
 008  003  008  008  004  001  000  000  000  014  041  020  004  002  000  005 
 010  005  011  010  001  000  000  000  000  022  039  018  006  000  000  010 
 014  010  007  002  000  000  000  000  000  032  042  024  011  006  007  021 

Celda19

 012  028  023  014  018  030  030  021  007  004  002  003  007  008  005  000 
 017  031  027  013  013  013  010  006  000  000  000  000  008  006  004  000 
 018  028  028  018  008  004  004  004  005  000  001  001  005  001  003  003 
 021  025  026  018  008  002  001  007  018  016  013  006  002  000  000  004 
 022  021  022  018  012  009  010  021  033  021  012  009  004  000  000  002 
 011  014  020  020  018  015  014  020  024  006  002  005  004  000  000  001 
 002  008  020  024  021  017  013  013  012  002  000  002  002  000  000  000 
 007  012  023  025  020  017  012  006  006  000  000  000  001  001  000  000 
 010  016  021  016  014  016  014  008  004  000  000  000  000  000  000  001 
 008  012  011  005  008  016  018  010  006  002  000  000  000  000  003  006 
 007  012  012  006  002  016  018  010  006  006  000  000  003  010  012  008 
 005  014  017  012  011  018  017  006  005  007  002  003  013  014  008  001 
 006  016  018  007  010  020  015  000  002  005  007  008  005  000  000  000 
 014  021  017  003  006  015  003  000  000  002  010  014  004  000  000  002 
 022  022  015  003  002  008  000  002  001  002  012  014  002  000  005  010 
 024  018  014  002  000  010  006  008  010  015  018  009  002  004  012  007 

Celda20

 000  012  012  000  002  010  015  016  010  002  000  000  000  005  013  011 
 000  008  010  004  000  005  013  008  004  000  000  000  002  008  014  009 
 000  006  009  006  003  003  005  002  002  002  004  002  000  005  012  007 
 007  014  018  011  005  002  002  000  000  000  002  000  000  004  017  011 
 008  015  018  012  007  000  000  000  000  000  000  002  006  006  014  012 
 002  008  014  006  000  000  000  002  000  000  001  006  013  018  017  008 
 000  010  015  000  000  000  000  004  000  002  004  004  004  009  010  011 
 002  016  015  002  002  002  000  006  000  001  000  000  000  004  004  014 
 010  022  017  008  012  014  010  002  000  000  000  000  000  002  008  012 
 015  021  018  006  010  012  010  000  000  000  000  000  000  000  004  012 
 008  012  011  000  000  000  002  000  000  000  000  000  003  002  000  007 
 000  012  008  000  000  000  000  000  000  000  000  000  004  002  002  002 
 000  011  008  000  000  000  000  000  004  008  008  006  005  000  002  000 
 008  007  006  000  000  000  001  001  009  014  014  012  008  004  002  002 
 009  004  000  000  000  000  011  015  010  008  006  008  008  006  005  005 
 001  000  000  000  000  000  012  011  002  000  000  000  000  000  000  000 

Celda21

 005  006  006  008  012  013  010  003  002  004  000  000  000  000  021  026 
 000  000  000  000  005  010  014  016  010  000  000  000  000  005  020  008 
 000  000  000  003  004  004  012  010  005  000  000  000  003  019  019  000 
 000  002  006  010  006  003  011  000  000  000  000  013  029  029  012  000 
 000  000  003  010  008  008  007  000  000  000  012  043  046  023  008  001 
 001  000  002  008  006  006  000  000  000  000  032  050  030  006  002  005 
 009  005  000  008  000  000  000  000  000  004  029  030  014  000  000  007 
 013  008  000  005  000  000  000  000  001  021  015  010  009  008  006  000 
 004  004  000  000  000  000  000  000  023  027  011  002  004  014  015  004 
 004  000  000  000  000  000  000  020  038  020  010  012  018  025  025  015 
 001  000  000  000  000  000  022  052  040  012  010  016  027  034  033  018 
 000  000  000  000  000  018  055  054  026  015  018  030  034  029  016  005 
 000  000  000  000  004  038  051  030  010  012  021  030  025  011  002  000 
 000  000  000  000  020  035  027  012  002  002  008  011  002  000  000  002 
 004  002  004  020  031  019  013  012  005  000  004  009  001  000  000  005 
 000  000  007  032  021  006  006  012  008  000  002  008  003  000  000  009 

Celda22

 000  000  000  002  000  000  000  006  022  019  016  010  009  010  004  002 
 000  000  000  002  000  000  002  021  032  014  012  016  025  023  016  004 
 000  000  000  000  000  000  005  015  014  006  000  021  030  024  023  018 
 000  002  002  000  000  004  009  006  004  008  015  025  022  016  024  030 
 006  013  014  012  010  017  025  017  011  010  020  022  016  011  020  028 
 010  013  014  020  028  036  039  028  026  023  025  024  021  009  010  014 
 007  006  013  028  036  039  037  028  028  032  035  032  019  004  000  005 
 002  010  029  037  030  024  025  025  025  026  026  021  010  000  001  000 
 002  023  039  033  016  008  012  016  012  010  006  006  010  011  005  000 
 012  025  032  018  006  005  007  006  000  000  000  000  002  007  008  006 
 008  014  022  010  000  002  000  001  000  000  000  003  002  000  006  012 
 000  008  018  012  004  000  000  000  000  000  003  004  002  003  003  008 
 000  006  016  012  006  000  000  000  000  000  004  005  002  001  002  008 
 008  011  016  012  004  000  000  000  000  000  001  006  006  002  000  005 
 010  008  008  010  002  000  000  000  000  000  000  008  015  014  010  002 
 004  002  000  006  002  000  000  000  000  002  005  012  020  014  000  000 

Celda23

 010  006  008  016  021  012  000  000  000  000  002  006  000  024  050  000 
 010  014  017  025  023  004  000  000  004  006  002  000  000  019  050  000 
 019  022  020  020  008  000  000  000  010  006  000  000  000  022  054  004 
 031  034  027  012  000  000  000  009  015  002  000  000  002  028  053  000 
 034  038  027  015  006  002  003  012  011  000  000  000  002  032  057  000 
 018  019  014  014  015  014  008  004  004  000  000  000  001  034  060  000 
 005  000  000  000  001  008  012  010  004  000  004  008  008  036  060  000 
 002  000  000  000  000  000  006  015  018  016  012  012  012  037  063  005 
 001  002  002  000  000  004  004  006  010  012  010  006  005  031  060  005 
 001  000  004  011  010  001  006  012  006  006  006  002  000  026  054  000 
 010  004  004  012  019  018  012  016  014  007  009  008  004  024  055  000 
 014  014  009  010  018  024  025  021  017  006  009  014  015  026  057  002 
 000  004  004  002  007  011  016  016  014  009  010  011  011  023  059  007 
 004  000  000  000  003  004  000  004  018  018  015  010  010  029  062  013 
 000  000  000  000  000  004  008  015  024  014  010  009  014  039  063  018 
 000  000  000  000  000  004  017  026  017  002  001  003  009  036  054  014 

Celda24

 002  004  006  006  019  013  000  000  000  000  006  008  002  000  002  005 
 001  002  004  006  020  009  000  000  000  000  004  005  005  007  008  004 
 000  002  006  012  025  012  008  002  000  001  005  004  006  008  010  008 
 001  004  009  012  019  008  005  002  002  018  027  023  019  017  018  018 
 002  004  008  006  006  000  000  000  002  024  031  023  022  020  025  028 
 001  002  006  008  006  002  001  005  010  029  028  015  012  012  019  024 
 000  001  004  008  010  010  010  016  022  032  026  013  006  006  012  015 
 000  000  000  000  000  004  010  016  021  024  019  011  005  005  007  010 
 001  002  000  000  000  001  002  008  012  013  009  003  002  004  004  006 
 003  006  008  006  001  004  006  006  006  006  003  001  005  005  004  001 
 001  002  006  008  008  010  010  007  005  004  004  007  009  004  002  002 
 000  000  000  003  006  007  007  009  008  008  009  009  005  003  004  004 
 000  000  000  000  003  005  007  009  007  008  009  006  004  007  010  011 
 000  000  000  000  006  010  009  005  004  007  005  004  005  012  010  010 
 000  000  002  005  013  014  007  006  004  008  003  002  005  008  000  000 
 000  002  006  010  012  009  002  003  003  005  001  000  004  004  000  000 

Celda25

 002  002  010  016  016  009  000  000  000  002  019  006  000  000  000  014 
 000  000  001  010  013  007  000  000  000  004  010  000  000  000  000  016 
 000  000  000  002  006  002  000  000  002  004  007  002  000  000  010  027 
 010  012  010  007  003  000  000  009  012  010  011  007  004  007  017  026 
 021  019  019  019  018  015  016  024  026  023  022  017  015  015  018  020 
 015  012  016  020  020  020  018  017  016  011  008  008  012  018  016  012 
 004  004  008  010  012  016  016  009  004  004  000  004  011  012  010  001 
 003  004  004  000  000  008  007  006  001  000  002  012  019  008  006  001 
 007  003  001  000  001  007  000  006  009  006  006  022  023  006  008  010 
 008  004  000  000  002  009  007  012  016  012  010  025  016  000  004  012 
 004  004  000  000  007  015  016  016  013  012  010  020  008  000  000  001 
 000  001  000  000  005  010  011  008  004  010  010  010  004  000  000  000 
 006  000  001  003  004  008  012  006  000  003  005  000  001  001  000  000 
 008  004  002  008  008  016  020  008  000  000  000  000  003  006  004  002 
 000  000  000  008  011  021  020  006  000  000  000  006  008  002  000  000 
 000  000  000  008  017  018  004  000  000  000  011  015  006  000  000  000 

Celda26

 021  012  000  000  000  000  000  000  000  038  037  017  006  004  009  017 
 021  012  000  000  000  000  000  000  006  038  030  012  007  005  005  005 
 020  004  000  000  002  004  001  000  011  037  027  013  007  004  003  004 
 017  006  002  003  008  012  011  010  029  051  033  016  008  006  009  013 
 012  006  006  006  015  013  010  014  056  073  042  021  015  014  017  018 
 006  000  002  004  014  004  002  010  068  065  022  012  009  014  017  014 
 002  000  000  000  005  000  000  010  055  029  000  000  004  010  008  005 
 000  003  000  000  000  000  000  014  042  020  000  000  006  014  010  004 
 010  012  008  006  001  000  000  015  031  014  000  000  006  016  014  005 
 014  014  011  010  007  007  012  024  029  010  000  000  007  016  014  004 
 002  004  005  002  000  004  014  025  029  016  008  006  014  017  009  000 
 000  005  002  000  000  000  004  004  014  010  006  010  016  012  002  000 
 000  010  004  000  000  000  008  004  016  016  000  000  004  004  000  000 
 001  010  002  000  000  000  014  011  016  017  001  000  001  004  000  000 
 002  002  000  000  000  000  024  018  014  010  000  000  000  003  000  000 
 000  000  000  000  000  010  034  023  010  003  000  000  002  000  000  000 

Celda27

 014  016  016  001  000  016  015  004  004  010  005  000  000  008  009  000 
 010  019  016  000  000  019  009  000  000  005  000  000  001  008  008  000 
 013  022  011  000  005  016  002  000  000  001  000  001  004  002  002  000 
 019  021  013  008  016  012  000  000  000  000  000  008  008  000  000  000 
 018  020  019  013  006  000  000  000  000  000  000  008  008  001  000  000 
 012  016  013  000  000  000  000  000  002  004  001  002  002  004  002  000 
 006  010  004  000  000  000  000  004  006  002  000  000  000  004  005  000 
 008  011  001  000  003  006  003  000  000  000  000  000  000  001  008  002 
 007  009  001  000  000  000  000  000  000  000  000  000  004  006  004  007 
 002  004  001  004  004  000  000  000  001  002  000  000  008  014  012  006 
 000  000  002  006  004  000  000  000  010  011  006  007  014  010  010  005 
 000  000  004  005  002  000  000  008  017  009  002  004  010  003  003  004 
 000  000  002  005  004  002  007  007  006  002  000  004  008  000  002  004 
 000  000  001  007  008  007  005  000  000  000  000  010  013  004  002  000 
 000  000  002  008  008  008  006  000  000  000  000  012  016  008  000  000 
 000  004  004  005  008  010  007  000  000  002  005  009  012  007  000  000 

Celda28

 000  000  000  000  000  000  008  010  000  000  000  001  000  000  000  000 
 000  000  000  000  000  000  002  006  000  000  000  000  000  000  000  000 
 000  000  000  000  000  002  003  001  000  000  000  000  000  000  000  000 
 000  000  000  000  000  004  007  000  000  002  002  002  000  000  000  006 
 000  000  000  000  000  008  011  002  000  000  004  004  000  000  004  040 
 000  000  000  000  000  009  015  009  006  002  000  004  000  004  027  050 
 000  000  000  001  004  011  018  010  000  000  000  002  001  011  037  033 
 000  005  008  010  012  017  019  004  000  000  000  000  010  026  031  014 
 003  009  011  012  016  020  014  000  000  000  000  010  026  036  025  004 
 005  000  001  004  007  009  002  000  000  000  012  028  034  032  016  000 
 002  002  002  001  002  002  000  000  000  005  027  033  023  013  002  000 
 004  001  000  000  000  000  000  000  000  014  035  027  009  000  000  000 
 006  004  000  000  000  000  000  000  015  037  038  022  006  000  000  004 
 000  000  000  000  000  000  000  009  038  040  026  009  001  000  000  012 
 000  000  000  000  000  000  000  018  032  022  006  000  000  000  001  011 
 000  000  000  000  000  000  006  020  027  021  004  000  001  002  001  006 

Celda29

 000  000  020  028  007  007  013  017  009  000  001  006  003  000  002  008 
 000  014  040  024  006  008  014  012  002  000  000  002  002  002  004  008 
 012  048  045  017  006  005  004  002  000  000  000  000  006  006  001  002 
 043  046  022  004  004  000  000  003  000  004  006  006  019  018  008  000 
 048  022  005  003  004  002  000  006  005  005  010  016  028  022  014  011 
 030  005  006  010  004  006  009  017  014  010  014  019  024  013  007  011 
 008  000  010  012  002  004  012  021  016  012  012  016  013  001  000  000 
 001  000  012  012  003  002  007  014  010  008  006  008  004  000  000  000 
 000  000  014  014  000  000  004  014  006  002  000  004  000  002  002  002 
 000  000  013  016  002  000  000  016  010  000  000  003  002  000  000  000 
 000  000  010  012  002  000  000  012  010  000  000  003  006  000  000  000 
 004  013  018  005  000  000  002  006  006  000  000  009  014  008  006  000 
 016  022  016  010  006  004  008  008  002  000  005  024  027  010  006  001 
 015  010  008  012  014  010  014  014  012  013  020  022  010  000  000  000 
 016  014  016  020  024  021  019  016  011  012  008  002  000  000  000  000 
 014  023  025  014  011  012  008  000  000  000  000  000  000  000  000  003 

Celda30

 000  002  000  000  002  000  000  000  000  000  006  009  011  009  000  000 
 004  000  000  000  000  000  000  000  004  006  001  000  002  000  000  000 
 003  000  000  000  000  000  000  002  006  007  002  000  000  000  000  003 
 000  000  000  004  000  000  000  008  008  005  000  000  000  004  006  009 
 006  000  000  004  000  000  004  016  014  007  006  011  016  017  014  009 
 016  016  011  000  004  008  019  019  008  002  006  015  018  014  012  008 
 004  008  012  010  004  012  012  004  001  002  008  014  010  002  004  001 
 000  000  002  006  002  005  008  006  006  002  004  012  016  005  000  000 
 002  004  008  010  010  004  005  012  011  000  000  009  018  008  000  000 
 001  007  011  014  018  022  032  037  022  012  008  007  012  005  000  000 
 000  000  000  006  012  018  029  026  014  012  015  014  005  000  000  000 
 000  001  002  000  003  007  006  002  000  000  000  001  002  000  000  002 
 000  000  005  006  004  000  000  000  000  000  000  000  000  000  000  000 
 000  000  004  006  002  000  000  000  000  000  000  000  000  001  000  000 
 002  006  002  000  000  000  000  004  003  000  000  002  002  002  002  002 
 008  006  001  000  000  000  000  009  008  003  004  006  002  001  001  002 

Celda31

 000  000  000  001  000  002  017  028  019  000  000  000  006  026  042  004 
 000  000  001  009  005  000  010  023  018  000  000  000  010  029  040  000 
 000  006  012  018  010  008  012  015  010  002  000  002  008  025  040  000 
 006  006  011  015  012  017  024  020  010  011  015  016  010  020  038  000 
 006  002  000  004  004  011  018  014  012  011  008  001  000  019  045  007 
 002  000  000  002  009  010  006  000  000  000  000  001  004  025  048  007 
 000  000  000  002  012  010  002  000  000  000  000  004  014  035  048  000 
 000  000  000  006  017  006  000  000  000  000  000  008  015  036  050  000 
 000  000  000  012  012  000  000  000  000  000  014  013  004  028  051  000 
 000  000  002  016  010  000  000  000  000  008  015  000  000  021  055  000 
 000  000  001  008  004  000  000  000  002  012  008  000  000  020  060  000 
 004  008  010  004  000  000  006  006  004  008  004  000  000  023  061  000 
 000  003  006  012  019  026  025  016  008  000  000  000  000  032  065  006 
 000  004  009  014  021  018  010  004  002  000  000  000  003  035  063  007 
 000  006  006  006  005  000  000  000  002  004  004  003  012  036  059  004 
 000  002  004  004  002  000  000  005  010  012  011  009  012  031  054  000 

Celda32

 001  002  004  003  000  002  002  000  000  000  000  002  008  004  000  000 
 001  002  001  000  000  000  002  006  004  000  000  007  012  001  000  002 
 001  002  004  004  002  000  000  010  008  000  000  011  010  000  000  002 
 001  002  004  006  006  006  004  014  008  000  002  008  005  000  000  002 
 000  000  000  000  000  004  006  018  011  003  001  006  002  000  000  000 
 000  000  000  000  000  000  001  011  006  000  000  003  003  004  000  000 
 000  000  000  000  000  001  002  008  006  000  004  007  010  008  000  000 
 000  000  000  000  002  002  004  005  005  008  013  014  012  004  000  000 
 000  000  000  000  004  000  000  000  005  011  012  006  002  000  000  000 
 001  002  004  004  003  000  000  000  004  011  008  000  000  000  000  002 
 001  002  004  004  002  003  004  004  005  008  004  000  000  000  001  008 
 000  000  000  000  000  001  002  001  002  005  000  000  000  003  006  012 
 000  000  000  000  000  002  000  000  002  004  000  000  000  004  013  021 
 000  000  000  000  000  000  000  000  003  004  000  000  006  011  018  019 
 001  001  000  000  000  000  000  000  002  006  004  009  016  016  016  016 
 001  002  002  000  000  002  003  006  007  012  013  015  018  014  012  014 

Celda33

 000  002  006  015  022  012  000  000  000  002  013  007  000  000  000  003 
 006  010  010  011  012  007  000  000  000  005  011  005  000  002  007  012 
 009  010  004  000  005  006  000  000  000  005  010  005  000  004  006  004 
 005  004  000  000  000  007  002  000  003  007  009  004  000  001  000  000 
 000  000  000  000  000  007  004  005  005  004  005  003  000  000  000  000 
 000  000  000  000  005  010  007  008  005  002  003  004  000  000  000  000 
 000  000  000  000  008  009  006  007  004  000  000  002  000  000  000  000 
 000  000  000  001  010  006  002  004  003  000  000  000  000  000  000  000 
 000  000  000  000  006  008  005  005  002  000  000  000  000  000  000  000 
 002  002  004  003  002  008  007  004  000  000  000  000  000  000  000  000 
 014  017  018  016  015  019  015  010  007  005  000  000  000  000  000  000 
 020  023  020  018  017  019  013  008  006  006  002  000  000  000  000  000 
 015  012  006  005  009  014  010  004  000  000  000  000  000  000  000  005 
 004  001  000  002  012  012  008  005  002  000  000  000  000  000  010  016 
 004  002  006  008  012  004  001  002  002  000  000  000  000  004  011  016 
 005  003  006  004  002  000  000  000  000  000  000  003  008  011  010  012 

Celda34

 005  004  000  000  009  027  036  021  008  000  000  003  005  000  000  000 
 004  000  000  006  013  029  033  021  011  006  002  006  009  003  002  002 
 000  000  000  002  010  027  030  021  014  011  005  001  008  000  004  010 
 000  000  000  000  002  018  021  016  010  008  003  000  004  005  001  007 
 000  000  000  000  004  014  018  012  000  000  002  003  000  010  007  000 
 000  000  002  007  007  013  016  010  000  000  004  012  014  019  013  004 
 000  000  019  016  012  013  008  006  004  002  010  014  016  022  017  012 
 000  010  016  007  002  002  003  004  010  012  008  008  009  017  012  010 
 000  014  016  003  000  002  007  012  015  012  002  002  003  008  000  000 
 000  020  023  007  004  008  019  020  015  009  004  004  005  000  000  000 
 010  031  029  012  011  012  020  016  010  010  012  007  002  000  000  000 
 019  040  031  011  012  015  020  015  011  010  007  000  000  000  000  000 
 033  052  037  017  016  021  021  017  014  008  005  004  006  005  003  001 
 044  057  042  025  021  021  018  014  011  006  008  014  018  016  011  008 
 041  051  038  023  018  016  014  012  006  000  005  010  012  013  012  010 
 037  047  035  022  018  018  015  010  002  000  006  008  000  002  008  008 

Celda35

 000  010  008  002  007  011  006  000  000  002  006  003  004  003  000  000 
 002  010  008  002  005  008  005  000  003  009  004  000  000  000  000  000 
 010  011  006  002  004  005  002  000  005  013  006  000  000  000  000  000 
 004  001  002  000  003  006  000  000  002  014  008  000  000  000  000  000 
 000  000  000  000  004  008  000  000  000  012  007  000  000  000  000  000 
 006  009  009  005  000  006  000  000  002  010  004  000  000  001  000  000 
 012  015  014  008  000  000  000  002  012  010  000  000  000  002  000  000 
 008  004  000  000  000  000  000  008  018  012  000  000  000  000  000  000 
 000  000  000  000  000  000  004  013  013  007  000  000  000  000  000  004 
 000  000  000  000  002  010  016  017  012  001  000  000  000  000  000  023 
 000  000  000  000  002  010  012  009  007  006  004  000  000  000  012  043 
 000  000  000  000  004  005  004  004  003  001  000  000  000  004  040  059 
 000  000  000  000  005  008  004  002  000  000  000  000  003  034  072  063 
 006  004  002  002  001  008  006  004  000  000  000  000  014  057  075  045 
 008  006  006  006  003  004  002  000  000  000  000  003  029  051  047  013 
 004  002  001  004  008  008  000  000  000  000  000  012  028  033  022  006 

Celda36

 000  000  000  000  000  000  012  023  028  024  012  008  011  009  004  007 
 000  000  000  002  010  017  034  044  043  030  015  014  020  016  014  023 
 000  000  000  011  021  034  048  050  037  018  012  023  028  020  020  031 
 000  000  003  016  028  036  040  036  025  018  024  032  024  012  014  023 
 000  000  010  021  024  021  018  019  020  022  024  018  004  000  002  009 
 000  000  016  026  024  016  012  016  017  013  007  000  000  000  004  006 
 000  000  019  028  023  015  016  019  016  010  006  000  002  001  000  002 
 000  016  032  032  022  017  019  016  012  010  006  004  000  000  000  000 
 021  033  032  026  020  018  014  010  010  012  006  002  000  000  000  000 
 044  039  026  022  023  022  013  004  009  012  004  000  002  000  000  000 
 051  033  017  018  024  024  016  009  012  011  000  000  003  000  000  000 
 043  015  002  008  014  011  004  000  006  008  002  001  000  000  000  000 
 025  000  002  008  006  001  000  000  008  012  004  010  012  008  004  004 
 008  000  008  017  006  000  000  002  012  016  012  011  011  012  014  012 
 000  000  018  019  006  005  008  013  022  024  017  009  004  006  010  006 
 000  004  021  017  006  003  005  013  021  025  019  008  002  002  002  000 

Celda37

 021  032  023  003  000  000  000  000  000  000  000  000  001  002  005  006 
 039  039  019  000  000  000  000  000  000  000  000  002  004  001  000  002 
 036  024  010  006  005  002  000  000  000  000  000  002  007  008  007  007 
 016  005  004  000  000  000  000  000  000  000  000  006  015  022  016  010 
 002  000  003  000  000  000  000  000  000  000  000  020  031  023  010  006 
 002  000  000  000  000  000  000  000  000  005  020  037  032  014  005  006 
 000  000  000  001  000  000  000  000  007  024  033  033  019  004  002  006 
 000  000  000  006  002  000  000  006  021  028  025  017  002  000  000  006 
 000  000  004  006  000  000  000  007  008  010  012  006  000  000  000  006 
 000  000  004  004  000  000  002  008  005  006  013  009  000  000  000  003 
 000  000  004  002  001  002  004  005  001  002  010  011  000  000  002  006 
 000  001  002  000  004  009  008  001  000  000  006  010  004  002  004  004 
 009  009  004  002  008  011  002  000  000  000  006  008  005  004  006  004 
 008  001  000  000  006  006  000  000  000  003  009  012  013  015  005  000 
 000  000  000  000  005  002  000  000  000  005  010  018  020  013  002  000 
 000  000  005  006  000  000  000  000  004  004  007  018  026  014  000  004 

Celda38

 005  004  004  006  004  000  000  014  014  011  013  011  004  004  007  011 
 003  005  009  011  010  010  011  020  018  019  021  014  008  007  010  014 
 008  012  016  018  018  022  024  026  027  032  029  018  013  007  000  000 
 011  016  018  020  023  025  026  028  035  039  025  014  011  006  000  000 
 010  011  008  009  013  015  015  019  027  025  008  005  006  008  008  005 
 006  001  000  000  000  002  004  008  008  005  000  000  002  008  015  018 
 002  000  000  001  000  000  000  004  002  000  000  000  000  000  002  002 
 004  000  000  004  004  002  000  005  005  004  000  000  000  000  000  000 
 007  004  004  006  005  005  006  008  004  000  000  000  000  000  000  000 
 008  008  006  006  008  010  012  007  000  000  000  000  000  000  000  000 
 011  012  006  004  010  011  002  003  000  000  000  000  000  000  000  000 
 006  006  004  001  008  012  001  000  000  000  000  000  000  000  000  000 
 000  000  000  000  006  010  000  000  000  000  000  000  000  000  000  000 
 000  000  000  000  003  008  000  000  000  000  000  000  000  000  000  000 
 000  004  013  018  010  000  000  000  000  000  000  000  000  000  000  000 
 007  016  027  027  024  012  000  000  000  000  000  000  000  000  000  000 

Celda39

 012  007  003  000  000  004  009  011  006  010  012  010  006  026  054  000 
 015  014  010  006  004  008  007  005  002  000  002  004  003  021  052  000 
 000  000  003  004  003  002  002  002  002  000  000  000  000  018  052  000 
 000  001  000  004  008  009  008  002  000  000  000  000  000  014  057  000 
 006  013  009  009  016  018  016  006  000  000  000  000  000  014  064  000 
 014  010  001  003  010  004  000  000  000  000  000  000  006  027  077  010 
 000  000  000  002  010  000  000  000  000  000  000  005  012  035  077  013 
 000  000  000  000  014  006  000  004  002  000  000  000  000  020  060  000 
 000  000  000  000  014  010  000  003  003  000  000  000  000  020  064  000 
 000  000  000  000  012  008  000  000  000  000  000  000  000  023  067  000 
 000  000  000  003  006  000  000  000  000  000  000  000  000  030  075  007 
 000  000  004  006  000  000  000  000  001  000  000  000  000  040  083  010 
 000  000  008  004  000  000  000  008  008  000  000  000  007  050  082  005 
 000  001  005  000  000  000  000  014  010  000  006  012  019  051  076  000 
 000  001  002  003  000  000  005  019  016  008  012  017  018  046  073  001 
 000  002  006  010  004  000  007  020  016  006  006  010  010  038  070  004 

Celda40

 000  000  000  000  000  012  017  010  012  020  019  017  014  008  008  008 
 001  002  002  002  006  026  015  004  009  020  016  011  006  005  008  002 
 002  004  005  006  017  026  004  000  012  021  010  004  002  007  007  000 
 001  002  002  002  015  015  000  000  019  021  004  000  000  006  004  000 
 000  000  000  000  015  011  000  002  019  016  002  002  002  005  002  000 
 000  000  000  000  019  011  000  000  016  015  006  005  008  006  003  002 
 000  000  000  000  022  006  000  000  018  016  010  005  006  006  006  004 
 000  000  000  000  022  000  000  004  020  016  011  006  000  003  006  001 
 000  000  000  000  024  000  000  008  020  014  009  005  005  006  000  000 
 000  000  000  000  025  000  000  008  019  014  006  006  011  007  000  000 
 000  000  000  000  024  000  000  004  014  013  008  007  011  002  000  000 
 000  000  000  000  020  002  000  000  006  010  008  005  007  000  000  000 
 000  002  006  012  023  000  000  000  004  009  008  004  004  000  000  000 
 004  010  020  023  020  004  000  000  008  010  008  004  002  000  000  000 
 005  010  018  016  008  006  009  010  018  020  014  005  000  000  000  000 
 002  004  002  000  000  006  018  022  024  021  010  002  000  000  000  006 

Celda41

 000  000  000  000  000  000  000  001  000  000  002  010  019  021  018  021 
 000  000  000  000  000  005  004  002  000  002  008  014  025  020  021  036 
 000  000  000  004  004  005  000  000  000  000  006  015  023  012  012  036 
 000  000  002  006  006  000  000  000  001  006  012  023  020  010  004  024 
 000  001  005  005  004  000  000  000  006  010  023  031  018  010  002  019 
 003  002  002  000  000  000  000  000  002  007  020  024  010  006  000  016 
 002  000  000  000  000  000  003  001  000  002  012  016  000  000  000  014 
 000  000  000  000  000  003  007  001  000  000  008  015  000  000  000  012 
 000  000  000  000  002  008  002  000  000  000  003  012  000  000  000  008 
 000  000  000  002  003  004  000  000  005  000  002  008  000  000  004  008 
 000  000  002  002  000  002  000  000  008  003  004  010  000  000  003  005 
 000  008  001  000  000  001  000  000  004  001  007  014  000  000  000  000 
 000  012  006  000  001  000  000  002  000  000  009  018  000  000  000  000 
 000  008  008  004  000  000  004  006  000  000  012  020  000  000  000  000 
 006  005  004  002  000  000  003  006  004  006  016  017  000  000  002  004 
 016  018  012  005  002  001  000  002  010  011  015  015  000  000  004  005 

Celda42

 048  054  039  025  020  022  015  007  000  000  004  008  000  000  001  004 
 062  056  033  017  014  017  006  000  000  000  003  004  000  000  001  004 
 053  038  015  002  004  010  000  000  000  000  000  000  000  001  003  006 
 032  018  003  001  000  009  000  001  006  006  000  000  004  006  000  002 
 031  018  001  000  000  006  000  000  008  010  006  002  001  004  001  000 
 034  020  000  000  000  006  004  002  008  007  004  002  000  000  000  000 
 037  020  000  000  000  010  014  008  004  000  000  000  004  007  004  000 
 038  022  000  000  000  016  020  000  000  000  000  001  005  004  001  000 
 034  026  000  000  000  016  018  000  000  000  000  000  000  000  000  000 
 028  026  001  000  000  010  006  000  000  000  000  000  000  000  000  000 
 022  024  004  002  006  005  000  000  000  000  000  000  000  000  000  000 
 020  024  008  004  008  004  000  000  000  000  000  000  000  000  000  000 
 021  028  014  000  002  000  000  000  008  009  006  004  001  000  000  000 
 019  032  019  004  000  000  000  000  002  002  000  000  000  000  000  000 
 011  032  026  004  000  000  000  002  000  000  000  000  000  000  000  000 
 006  028  029  001  000  000  000  000  000  000  000  000  000  000  000  000 

Celda43

 001  000  000  000  007  007  000  000  000  000  002  019  029  026  015  004 
 004  002  000  000  004  000  000  000  000  000  014  024  029  026  016  015 
 009  010  010  003  000  000  000  000  000  009  035  039  032  025  016  015 
 004  005  006  002  000  000  000  000  000  041  058  042  030  021  009  012 
 000  000  000  000  000  000  000  000  037  070  059  031  019  011  002  006 
 000  000  000  000  000  000  000  020  067  073  042  015  007  006  008  011 
 000  000  000  000  000  000  000  046  071  055  023  012  009  016  023  018 
 000  000  000  000  000  000  012  049  052  030  006  006  010  024  025  010 
 000  000  000  000  000  000  023  044  040  026  006  000  010  020  010  000 
 000  000  000  000  000  000  036  035  030  022  011  010  016  013  000  000 
 000  000  000  000  000  026  046  033  020  016  012  016  022  013  000  000 
 000  000  000  004  016  042  040  024  018  014  009  012  020  016  000  000 
 000  000  001  012  022  032  021  009  009  011  004  004  014  016  004  000 
 000  002  021  014  012  013  012  009  010  011  005  004  012  012  004  000 
 000  009  034  022  006  012  022  021  015  012  009  008  013  012  003  000 
 000  018  040  026  014  020  027  021  012  008  009  006  004  006  001  000 

Celda44

 002  015  025  016  004  000  002  010  017  021  015  004  000  000  000  000 
 019  019  015  008  000  000  002  014  017  014  008  000  000  000  000  000 
 013  005  002  003  000  000  002  013  018  013  004  000  000  000  000  000 
 014  006  001  002  004  008  012  015  014  009  001  000  000  000  000  000 
 012  010  010  011  011  008  005  005  006  002  000  000  000  000  000  002 
 007  008  016  012  001  000  000  000  000  000  000  000  000  000  004  002 
 012  005  012  006  000  000  002  002  000  000  000  000  000  000  009  006 
 006  004  003  000  000  000  006  008  000  000  000  000  000  004  012  010 
 000  000  000  000  000  000  008  008  000  000  000  000  000  004  011  010 
 000  000  000  000  008  014  017  010  002  000  005  004  002  002  008  010 
 000  000  004  009  015  019  018  014  013  014  013  006  000  000  006  008 
 000  000  010  016  011  010  008  006  006  006  003  000  002  006  011  011 
 000  000  010  018  006  000  000  000  000  000  000  000  004  013  016  017 
 000  000  010  016  006  000  000  000  000  000  000  001  009  008  005  005 
 000  000  012  016  004  000  000  000  000  000  002  006  009  004  002  002 
 000  000  012  016  006  000  001  006  004  000  004  008  008  007  009  005 

Celda45

 000  008  009  008  002  000  000  008  010  004  002  012  024  018  001  000 
 002  006  002  000  002  004  006  019  013  004  006  008  012  015  009  002 
 008  008  000  000  000  006  014  020  010  007  011  010  006  006  006  000 
 008  008  000  000  000  000  003  001  002  006  006  003  002  002  000  000 
 002  005  000  000  000  000  000  000  004  010  005  002  003  000  000  000 
 000  000  000  000  000  000  000  000  007  011  005  002  004  000  000  000 
 000  000  000  000  000  000  000  000  006  009  004  000  001  000  000  000 
 001  000  000  000  000  000  000  000  003  004  000  000  000  001  000  000 
 002  000  000  000  000  000  000  000  001  000  000  000  000  008  006  000 
 004  000  000  000  000  000  000  000  002  000  000  000  000  006  012  002 
 006  002  000  000  000  000  000  000  006  000  000  000  000  000  012  014 
 006  000  000  000  000  000  000  000  014  007  006  004  008  019  030  029 
 008  000  000  000  000  000  000  002  017  007  007  009  014  029  028  012 
 000  001  004  010  004  001  002  004  010  006  002  012  014  022  008  000 
 000  000  004  013  010  012  012  010  008  011  010  015  012  010  001  000 
 000  000  001  008  004  011  016  014  015  029  023  014  006  000  002  001 

Celda46

 001  005  012  000  000  000  000  000  000  000  000  000  000  000  000  002 
 000  000  000  000  000  000  000  000  000  000  000  000  000  000  004  010 
 000  000  000  000  000  000  000  000  000  000  000  000  005  000  000  006 
 000  000  000  000  002  000  000  000  000  000  000  000  006  005  002  001 
 000  000  000  004  006  000  000  000  000  000  000  000  002  006  006  002 
 000  000  000  006  006  000  000  000  000  000  000  003  007  014  012  002 
 000  000  000  006  002  000  000  000  000  000  000  003  011  018  011  004 
 000  000  000  008  002  000  000  000  000  000  003  002  010  011  003  004 
 000  000  007  012  000  000  000  000  000  000  000  002  008  010  005  001 
 000  011  012  003  000  000  000  000  000  000  000  004  007  004  004  006 
 015  012  002  000  000  000  000  000  000  000  000  008  006  000  002  012 
 015  000  000  000  000  000  000  002  000  002  004  006  002  000  007  017 
 000  000  000  000  000  000  000  000  000  000  001  001  002  012  015  013 
 000  000  000  000  000  000  003  000  000  002  002  002  010  021  012  007 
 000  000  000  004  000  002  000  000  002  004  000  005  018  022  013  014 
 009  009  005  012  016  011  011  012  017  016  012  009  023  027  021  023 

Celda47

 002  004  013  014  004  000  006  016  013  005  002  003  002  032  066  001 
 016  021  025  020  008  004  003  013  014  010  006  002  000  032  069  000 
 011  015  017  013  006  009  008  007  016  018  010  004  001  030  070  000 
 002  006  010  007  006  010  013  008  012  020  009  001  008  041  077  007 
 004  012  016  007  002  004  000  003  002  015  013  006  004  038  071  006 
 004  016  017  005  000  000  002  000  000  007  015  014  005  028  062  000 
 001  016  015  000  002  004  006  003  006  013  020  015  002  026  062  000 
 002  010  016  006  002  007  010  009  012  020  022  016  004  026  065  002 
 008  016  022  017  008  007  013  014  012  015  019  019  015  040  077  014 
 009  018  024  020  010  010  014  011  006  006  015  015  010  043  080  020 
 014  014  016  015  008  008  007  003  004  013  023  017  011  046  078  017 
 019  015  012  010  005  005  004  000  007  023  029  024  023  054  074  011 
 018  018  011  007  008  010  006  001  011  020  013  009  014  042  060  003 
 021  024  013  010  014  009  002  002  006  016  009  008  014  037  056  000 
 028  025  010  006  005  002  000  000  000  004  002  008  018  044  063  000 
 025  013  004  000  000  000  000  000  000  000  000  006  018  048  070  000 

Celda48

 000  000  000  000  006  007  012  017  019  015  006  001  000  000  004  010 
 000  000  000  000  018  019  013  015  016  012  006  003  004  008  014  018 
 001  002  007  012  033  022  013  015  011  010  009  010  012  013  021  024 
 000  002  006  010  022  007  002  006  000  003  008  012  012  010  017  014 
 000  000  000  000  010  002  002  006  002  000  000  000  000  000  008  003 
 001  002  001  000  006  003  002  004  002  000  000  000  000  000  009  002 
 003  006  012  010  003  002  000  001  001  000  000  000  000  002  012  005 
 002  004  009  012  014  012  006  003  006  004  002  001  004  011  019  017 
 000  000  000  003  010  014  014  012  015  013  014  011  008  011  013  012 
 000  000  000  000  006  006  011  012  010  008  008  008  004  003  004  007 
 000  000  002  002  007  002  002  004  000  000  000  004  008  007  002  000 
 001  002  004  003  002  001  000  000  000  000  002  010  018  018  014  012 
 000  000  000  000  000  002  000  000  000  004  013  018  019  020  018  019 
 000  000  000  000  002  008  002  000  000  010  018  014  006  004  004  004 
 000  000  000  000  005  012  007  002  004  008  021  012  000  000  000  000 
 000  000  000  000  007  014  010  005  014  018  019  007  000  000  000  000 

Celda49

 016  016  012  010  009  007  003  000  008  008  011  016  003  000  002  004 
 016  010  005  002  001  000  000  000  004  003  008  016  008  000  000  000 
 018  008  000  000  000  000  000  000  002  004  008  012  006  000  000  000 
 007  001  000  000  001  000  001  001  000  006  008  003  000  000  000  000 
 000  000  000  008  015  018  018  018  016  015  005  000  000  000  000  000 
 000  000  002  012  013  016  016  018  018  014  007  002  004  007  009  013 
 003  010  014  016  008  006  006  008  010  010  009  012  020  023  023  024 
 015  023  028  026  018  010  006  006  006  004  006  013  026  024  024  022 
 008  010  024  024  020  012  009  009  007  004  006  014  019  013  012  014 
 006  008  014  000  000  000  002  005  006  006  010  015  010  005  003  004 
 000  008  014  000  000  000  000  002  000  003  012  010  004  006  004  001 
 012  006  001  000  000  000  005  004  000  000  006  002  000  006  003  004 
 020  014  003  000  000  000  006  006  005  005  006  004  000  006  001  007 
 002  000  000  000  000  000  005  010  008  006  007  006  005  006  005  006 
 000  000  000  000  000  000  003  015  014  013  009  004  004  004  004  000 
 000  000  000  000  004  009  006  016  018  011  000  000  001  004  006  000 

Celda50

 002  021  026  000  000  000  000  000  000  000  000  003  000  000  000  000 
 000  012  022  000  000  000  000  000  000  000  000  006  000  000  000  000 
 000  010  026  004  000  000  000  000  000  000  000  001  000  000  000  004 
 000  017  033  010  000  002  002  000  000  000  000  000  000  000  000  014 
 000  027  043  019  006  003  000  000  000  001  000  000  000  000  012  026 
 021  042  045  018  004  000  000  000  006  006  001  000  000  021  036  039 
 025  034  036  015  003  001  000  001  004  002  000  000  013  049  049  038 
 018  024  030  015  002  000  000  000  000  000  000  000  032  058  039  021 
 014  016  019  009  000  000  000  000  000  002  000  002  043  051  018  005 
 002  004  008  004  000  000  003  005  010  014  014  018  059  048  007  000 
 000  004  002  000  000  000  007  018  016  014  014  041  080  051  014  002 
 004  005  000  000  000  000  002  021  008  000  000  056  079  034  020  012 
 010  006  000  000  000  000  004  011  000  000  000  059  051  006  012  019 
 008  003  000  000  000  004  010  005  000  000  017  053  033  003  000  014 
 000  000  002  010  010  000  006  000  000  002  037  040  018  009  004  009 
 000  000  002  008  008  000  000  000  000  013  032  020  010  012  012  009 

Celda51

 008  044  049  030  019  019  019  011  006  005  004  000  000  000  000  000 
 023  048  033  017  010  013  014  006  003  003  000  000  000  000  000  000 
 032  032  010  002  005  012  017  010  000  000  000  000  000  000  000  000 
 033  026  007  002  003  012  018  011  000  000  000  002  003  006  008  008 
 037  034  019  012  015  024  024  012  002  003  008  010  010  010  008  006 
 041  036  022  011  017  027  024  011  006  006  004  003  004  004  002  000 
 033  027  017  008  014  022  014  002  000  000  000  000  000  000  000  000 
 021  020  016  012  012  010  002  000  000  000  000  000  000  000  000  000 
 011  014  011  009  005  001  000  000  000  000  000  000  002  000  002  000 
 008  009  003  004  004  000  000  000  000  000  000  000  000  000  004  004 
 009  010  002  001  007  004  004  000  000  000  000  000  000  000  002  008 
 016  017  005  003  012  008  008  004  000  000  000  000  000  000  002  010 
 022  019  006  002  007  003  000  000  000  000  000  000  000  000  005  011 
 017  012  007  002  000  000  000  000  000  001  007  006  005  005  007  010 
 011  010  004  000  000  000  000  000  000  000  004  005  003  002  006  008 
 002  000  000  000  000  000  003  001  000  000  002  000  001  004  013  010 

Celda52

 000  000  008  017  012  006  001  002  006  004  003  009  009  008  005  000 
 000  000  005  016  016  012  006  000  001  005  010  015  012  006  002  000 
 000  000  006  012  012  012  010  002  000  005  015  014  009  006  002  002 
 006  008  020  017  005  009  011  003  002  008  007  002  002  004  000  000 
 008  013  020  010  004  004  008  002  003  006  005  004  004  004  002  000 
 001  002  006  000  000  002  007  004  002  000  000  004  008  006  002  000 
 000  000  000  000  000  006  008  006  004  000  000  000  006  006  005  002 
 000  000  000  002  008  014  015  008  001  000  000  000  000  004  008  010 
 000  000  000  006  016  019  011  001  000  000  000  000  000  000  008  016 
 000  000  001  006  013  012  006  000  000  000  000  000  000  003  005  018 
 002  000  000  002  010  010  003  000  000  000  000  000  008  013  015  021 
 009  004  000  000  005  005  000  000  000  000  000  007  020  013  006  005 
 010  007  004  002  000  000  000  000  000  000  007  017  018  013  000  000 
 006  006  004  000  000  000  000  000  002  008  015  019  011  008  004  000 
 002  002  002  000  001  004  004  006  010  010  010  008  006  007  005  000 
 002  000  000  000  004  009  001  002  014  008  004  000  000  001  000  000 

Celda53

 000  000  002  006  001  000  002  002  011  028  013  008  003  000  004  004 
 000  000  001  003  000  000  000  000  012  020  000  000  000  000  002  006 
 000  000  000  002  000  000  000  000  012  016  000  000  000  000  000  002 
 000  000  000  002  000  000  000  000  008  007  000  000  000  000  000  000 
 000  000  000  003  000  000  000  000  001  000  000  000  000  000  001  000 
 000  000  000  002  005  002  000  000  000  000  000  000  001  001  000  000 
 000  000  000  002  011  004  000  000  000  002  007  010  012  011  008  002 
 002  000  000  002  013  004  000  000  001  011  016  011  012  008  004  002 
 011  000  000  000  010  002  000  008  015  017  013  004  002  000  000  000 
 016  002  000  003  014  012  014  021  020  011  004  004  000  002  005  006 
 015  000  000  005  021  022  018  011  004  000  000  002  000  002  007  007 
 010  001  000  006  018  014  000  000  000  000  000  000  003  000  000  000 
 010  006  004  003  016  014  000  000  000  000  000  001  007  001  000  002 
 006  010  000  000  010  013  000  000  000  000  000  002  010  004  000  002 
 000  008  000  000  008  010  000  000  001  004  002  000  007  008  004  002 
 000  003  000  000  006  007  000  000  006  004  001  000  002  006  006  003 

Celda54

 002  008  011  013  014  008  010  012  018  016  018  022  037  037  029  023 
 000  000  003  001  006  006  002  005  013  010  014  031  037  030  024  014 
 000  000  000  000  000  005  009  011  015  011  017  028  022  014  015  006 
 000  000  000  002  000  006  017  018  017  018  022  025  019  014  013  002 
 000  000  000  000  000  014  023  015  016  021  017  013  011  007  005  001 
 000  000  000  000  003  022  024  014  013  016  008  002  009  009  000  000 
 000  000  000  000  018  031  028  019  008  004  006  003  008  010  000  000 
 000  000  004  010  026  028  027  024  014  006  002  011  016  004  000  000 
 002  004  010  020  020  015  023  022  010  012  011  026  015  000  000  000 
 010  014  020  018  007  004  024  024  002  000  002  012  002  000  000  001 
 012  018  014  004  000  000  018  025  008  000  000  005  000  000  000  002 
 009  006  001  000  000  002  010  020  008  000  000  000  003  002  003  000 
 012  007  000  002  008  006  002  011  004  000  000  000  006  006  000  000 
 008  008  004  006  008  007  002  002  000  000  000  000  004  002  000  000 
 002  006  010  008  000  002  002  000  000  000  000  000  000  000  000  000 
 002  006  012  009  000  000  000  000  000  000  000  000  000  000  000  000 

Celda55

 012  002  000  000  000  006  005  002  002  002  006  008  010  046  074  000 
 003  000  000  000  004  012  004  000  002  009  019  022  016  038  072  000 
 000  000  000  002  009  007  000  000  000  005  019  015  008  025  070  000 
 000  000  000  008  010  004  000  000  002  008  019  003  000  020  071  000 
 000  002  004  015  008  000  000  004  006  012  014  000  000  020  072  000 
 000  000  004  012  002  000  002  007  005  006  006  000  000  023  072  000 
 000  000  003  006  000  000  002  010  010  004  000  000  000  026  072  000 
 000  000  008  008  000  000  004  012  012  002  000  000  000  027  070  000 
 000  005  010  004  000  000  004  007  006  001  000  000  000  027  069  000 
 003  002  006  003  000  000  002  000  000  002  000  000  000  035  078  009 
 000  000  007  006  000  000  000  000  000  004  006  003  004  039  078  007 
 000  000  010  007  000  000  000  000  000  006  008  004  006  044  078  003 
 001  006  009  000  000  000  000  007  006  010  008  006  008  047  083  003 
 008  013  004  000  000  000  005  017  018  013  007  009  011  047  081  000 
 007  014  000  000  000  000  008  023  027  013  004  011  012  046  079  000 
 001  012  002  000  000  000  008  026  030  016  008  016  016  048  082  005 

Celda56

 000  000  000  000  010  017  012  010  018  024  021  009  000  000  000  000 
 000  000  000  000  014  018  013  014  022  022  016  009  002  000  000  000 
 000  000  000  001  015  014  012  014  016  010  000  000  000  000  000  000 
 000  000  000  000  013  008  010  012  008  005  000  000  000  000  000  000 
 000  000  000  000  014  006  008  015  006  000  000  000  000  000  000  000 
 000  000  000  000  014  004  007  016  006  000  000  000  000  000  000  000 
 000  000  000  000  011  006  010  016  006  000  000  000  000  000  000  000 
 000  000  000  000  012  010  016  016  002  000  000  000  000  008  003  004 
 000  000  000  000  014  015  018  012  000  000  000  000  000  014  001  002 
 001  003  007  008  015  016  015  004  000  002  000  000  000  014  003  000 
 001  004  008  010  008  010  008  000  000  007  002  000  002  008  002  000 
 000  001  004  004  000  000  000  000  004  008  006  002  001  000  000  000 
 000  000  002  004  000  000  000  002  010  006  007  010  001  000  000  000 
 004  010  022  028  028  028  030  034  042  036  036  035  022  022  025  026 
 008  018  038  050  057  063  067  069  074  068  064  060  054  055  056  054 
 000  000  000  000  000  000  000  001  009  007  003  001  000  000  000  000 

Celda57

 000  000  002  008  018  028  025  020  020  008  000  000  000  000  004  004 
 000  000  004  014  024  027  028  020  016  004  000  001  003  000  000  008 
 000  000  000  010  017  006  010  014  010  002  000  000  002  004  001  006 
 000  001  002  010  013  000  000  000  004  002  000  000  002  000  002  003 
 000  006  015  020  014  000  000  000  000  000  000  000  003  000  000  000 
 000  018  031  030  017  010  004  000  000  000  000  000  001  000  000  000 
 000  023  033  021  008  004  002  000  000  000  000  000  000  000  000  000 
 002  019  024  010  000  000  000  000  000  000  000  000  000  001  000  000 
 002  011  014  006  000  000  000  000  000  000  000  000  000  006  006  000 
 000  004  002  000  000  000  000  000  000  002  002  002  000  004  014  004 
 000  002  000  000  000  000  000  000  001  004  004  002  000  000  018  012 
 000  002  000  000  000  000  000  001  001  000  000  000  000  000  020  017 
 000  000  004  000  003  000  000  000  006  000  000  000  000  002  017  016 
 024  022  028  028  027  028  028  026  031  029  030  036  040  041  048  041 
 054  056  062  059  055  059  064  067  070  068  064  072  076  076  079  072 
 000  000  005  003  000  000  000  000  003  005  000  000  000  000  004  001 

Celda58

 000  000  000  000  000  000  000  000  010  017  018  012  010  014  013  005 
 007  000  000  000  000  002  000  000  016  020  015  013  012  014  010  001 
 010  000  000  000  003  003  000  000  020  018  014  016  016  012  005  000 
 006  000  000  008  004  000  000  000  032  020  009  016  017  012  002  000 
 002  000  006  001  000  000  000  012  040  016  007  015  015  011  002  000 
 004  000  004  000  000  000  000  032  040  006  002  016  012  006  003  000 
 004  000  000  000  000  000  007  054  043  010  006  020  009  000  002  000 
 000  000  000  000  000  001  012  063  041  015  014  024  006  000  000  000 
 002  000  000  001  000  002  021  052  025  010  016  022  008  004  001  000 
 002  001  000  000  000  008  020  028  017  002  014  011  004  002  000  000 
 002  002  000  000  000  014  014  017  017  010  010  001  000  000  000  000 
 000  000  000  000  015  021  018  020  022  008  009  000  000  000  000  000 
 000  000  000  002  030  027  018  017  012  000  004  000  000  000  004  002 
 026  028  034  042  067  059  044  044  036  030  026  027  030  035  038  040 
 066  069  075  081  095  087  068  068  068  068  068  070  070  069  070  073 
 000  000  000  003  019  021  005  000  000  000  000  003  003  000  000  000 

Celda59

 000  000  000  000  000  000  006  000  003  006  002  000  000  002  015  008 
 000  000  000  000  000  000  002  000  000  002  000  000  000  006  014  003 
 000  000  000  000  002  002  000  000  001  000  000  000  000  008  019  010 
 000  000  000  000  000  000  000  000  002  000  000  000  000  007  020  016 
 000  000  000  000  000  000  000  000  003  000  000  000  002  006  018  020 
 000  000  000  003  000  000  000  000  006  002  002  003  004  013  024  025 
 000  000  002  010  004  000  000  000  008  002  000  000  007  024  027  021 
 000  000  000  014  008  000  000  000  006  004  000  000  012  027  020  013 
 000  004  006  012  008  000  002  006  003  000  000  000  020  025  015  011 
 003  008  014  016  009  006  012  012  007  000  000  000  025  029  018  008 
 002  004  005  003  003  009  010  008  005  002  001  006  033  032  016  002 
 000  000  000  000  004  008  000  000  000  004  009  016  031  020  008  000 
 000  000  000  000  005  008  000  000  000  006  013  010  012  010  004  000 
 038  034  036  039  039  037  031  032  037  049  052  051  042  040  043  042 
 079  084  086  086  087  087  084  082  087  093  087  090  090  091  099  090 
 000  000  001  000  000  000  000  000  006  010  001  000  000  002  011  000 

Celda60

 006  004  000  000  002  009  006  012  016  005  000  000  001  000  000  000 
 005  006  004  000  003  013  009  016  016  000  000  000  003  000  000  000 
 001  004  006  011  024  031  018  018  018  004  006  006  005  000  000  000 
 000  002  006  012  027  027  016  019  027  012  012  010  009  004  000  000 
 008  008  010  008  016  017  010  014  015  002  002  007  016  018  014  008 
 017  013  014  008  009  012  004  000  002  000  002  008  020  017  020  018 
 016  012  010  010  005  006  002  000  004  005  008  005  008  000  009  012 
 013  008  001  004  002  000  000  005  016  009  002  000  000  002  000  000 
 009  004  000  000  000  000  000  010  025  013  000  000  000  000  000  000 
 000  000  000  000  000  000  005  019  026  012  000  000  000  000  000  000 
 000  000  002  000  000  003  016  025  015  004  000  000  000  003  002  000 
 000  000  006  003  000  002  010  006  000  000  000  000  000  006  010  002 
 000  000  008  007  004  006  010  002  000  000  000  000  007  006  007  008 
 042  036  040  045  044  042  045  044  042  044  044  044  055  051  046  052 
 090  090  094  099  093  088  092  091  083  086  091  094  099  091  086  090 
 000  000  004  012  008  004  008  007  000  000  000  000  005  002  000  000 

Celda61

 000  004  003  001  004  006  004  004  005  006  006  005  006  006  000  000 
 000  002  000  000  000  009  008  008  011  016  018  015  012  008  001  000 
 002  003  000  000  000  012  016  009  007  010  015  016  012  004  000  000 
 004  002  000  000  000  014  017  008  004  002  006  008  004  000  000  000 
 013  007  002  000  010  020  010  006  007  006  001  002  002  000  002  000 
 022  013  010  008  014  014  006  006  006  003  002  000  000  000  000  000 
 011  004  003  006  007  007  006  008  004  000  000  000  000  000  000  000 
 000  000  000  001  002  000  000  005  004  000  000  000  000  000  006  006 
 000  000  000  000  000  000  000  000  004  004  000  000  000  011  021  011 
 000  000  002  000  000  000  000  000  006  010  005  006  013  022  022  008 
 000  007  004  000  000  000  004  015  017  017  011  009  016  018  016  008 
 000  011  006  000  004  008  021  025  016  010  005  004  006  008  010  005 
 004  008  008  000  010  016  026  024  014  008  000  000  003  009  012  004 
 056  059  055  048  051  056  060  058  050  048  042  040  038  040  045  045 
 097  101  098  092  098  098  094  092  086  087  089  092  096  098  106  104 
 000  001  000  000  008  007  000  001  000  000  000  002  000  001  011  012 

Celda62

 002  009  013  006  000  000  000  000  000  000  000  000  003  003  002  000 
 003  010  010  000  000  000  000  000  000  000  000  006  008  006  000  004 
 005  007  002  000  000  000  000  000  000  000  004  009  008  004  000  000 
 004  006  000  000  000  000  000  000  000  002  016  015  005  000  002  008 
 000  007  003  000  003  000  000  000  000  005  023  024  018  016  010  010 
 000  008  007  002  000  000  000  000  000  015  028  025  014  016  016  010 
 006  012  002  001  000  000  000  002  014  021  023  017  006  008  012  014 
 010  011  005  002  000  006  012  012  018  012  007  010  007  006  004  002 
 008  002  003  008  010  008  008  006  009  006  004  010  009  000  000  000 
 004  000  000  000  001  004  004  004  007  005  005  010  006  000  000  000 
 008  005  000  003  004  007  016  020  014  009  014  019  008  002  000  000 
 005  008  010  012  015  015  019  021  018  014  023  026  016  012  006  004 
 000  001  009  018  014  009  006  000  007  019  023  018  007  008  007  008 
 042  047  057  059  053  048  042  039  049  060  052  044  040  045  052  054 
 091  094  103  095  092  093  094  092  100  098  088  084  084  088  095  096 
 001  000  007  000  000  000  000  000  008  007  000  000  000  000  000  000 

Celda63

 000  011  003  000  000  000  010  026  027  020  016  016  009  044  079  000 
 010  018  007  004  006  006  013  023  021  022  024  011  001  044  084  000 
 017  020  009  002  000  006  016  024  019  020  026  010  000  042  088  000 
 016  010  002  000  000  004  011  017  016  020  026  013  003  038  089  000 
 010  004  000  004  008  011  014  015  017  018  023  017  010  041  083  000 
 002  002  004  010  016  011  017  024  029  021  015  024  008  034  076  000 
 014  010  010  005  006  006  014  026  025  014  011  020  012  030  074  005 
 004  003  000  006  000  000  006  022  017  009  008  013  010  038  076  005 
 000  000  000  008  008  000  000  020  023  016  013  012  006  041  078  000 
 000  000  000  009  012  000  000  017  030  020  013  009  004  043  083  004 
 000  000  000  008  016  008  015  028  033  018  010  007  006  048  086  005 
 004  004  004  009  021  024  029  034  028  015  006  004  008  052  088  000 
 010  008  006  011  023  033  037  025  013  003  004  003  006  050  088  000 
 052  052  056  065  072  079  071  048  046  042  038  041  042  075  103  016 
 095  098  106  118  116  114  100  083  084  088  088  090  085  107  125  049 
 000  000  004  009  005  010  010  004  000  000  000  003  001  027  057  000 

