Celda0

 000  000  000  000  000  002  000  000  000  000  000  000  000  002  001  000 
 000  000  000  000  000  004  000  000  000  002  000  000  000  004  002  000 
 000  000  000  000  001  007  000  000  000  005  000  000  000  006  004  000 
 000  000  000  000  000  006  000  000  000  007  000  000  000  004  010  001 
 000  000  000  000  000  003  003  000  000  006  002  000  000  010  031  029 
 001  001  000  000  000  000  004  000  000  003  000  000  002  027  045  031 
 000  000  000  000  002  002  000  000  000  000  000  000  012  032  042  025 
 001  002  002  002  006  007  000  000  000  002  000  005  017  028  032  012 
 000  000  000  000  002  002  000  000  001  006  003  008  019  025  024  004 
 000  000  000  000  000  000  000  000  013  016  012  014  021  025  018  000 
 000  000  000  000  000  000  000  007  022  019  019  023  025  022  011  000 
 000  000  000  000  000  000  003  017  022  015  021  029  024  008  003  000 
 000  000  000  000  000  003  007  024  023  014  021  024  010  006  002  003 
 000  000  004  009  006  008  015  022  018  014  019  014  002  010  021  025 
 000  001  006  012  009  009  016  012  015  020  017  012  015  026  032  033 
 003  005  006  003  001  010  020  014  030  033  017  020  034  036  027  027 

Celda1

 000  000  002  002  001  001  002  001  000  000  001  002  002  000  000  000 
 000  000  003  003  002  004  005  003  001  000  002  003  002  000  000  000 
 000  000  001  002  006  012  012  008  003  002  003  002  000  000  000  000 
 000  000  000  000  010  019  018  011  003  002  002  000  000  000  000  000 
 022  022  023  024  033  047  041  023  010  007  004  001  000  000  000  000 
 014  007  006  014  034  044  026  006  000  000  000  000  000  000  000  000 
 011  000  000  016  031  027  003  000  000  000  000  000  000  000  000  000 
 000  000  004  021  018  008  000  000  000  000  000  000  002  010  018  021 
 000  000  009  026  016  006  000  000  000  006  012  011  007  008  018  026 
 000  000  016  030  013  006  000  000  004  020  019  016  008  003  006  016 
 000  010  039  048  031  016  006  001  006  022  011  006  009  010  011  016 
 002  013  040  048  032  018  009  004  006  018  010  000  008  018  020  018 
 007  009  022  032  018  008  008  008  006  009  008  004  009  013  014  014 
 022  014  008  032  021  000  003  007  007  004  005  006  010  010  002  006 
 034  028  010  026  026  000  000  000  004  004  005  007  004  009  010  000 
 028  027  015  019  028  000  000  000  002  006  010  013  005  002  011  002 

Celda2

 001  000  000  000  002  000  000  000  000  000  000  001  000  000  000  001 
 002  002  000  000  004  000  000  000  000  000  000  002  000  000  000  003 
 004  004  000  000  008  001  000  000  000  000  000  002  000  000  000  007 
 000  004  000  000  008  002  000  000  000  000  000  000  000  000  000  011 
 000  004  002  002  006  002  000  001  002  002  009  011  000  000  000  015 
 002  012  008  002  004  002  000  000  000  010  020  012  000  002  015  031 
 008  020  008  000  002  002  000  000  000  016  024  010  000  008  022  039 
 024  030  012  004  002  002  000  000  004  022  014  000  000  006  020  055 
 026  030  018  016  018  016  010  004  007  017  000  000  000  000  023  074 
 024  028  016  012  014  016  010  004  009  004  000  000  000  003  033  078 
 030  026  018  010  010  006  002  001  014  002  000  000  003  024  038  066 
 019  007  006  008  004  000  000  002  016  000  000  001  022  032  036  057 
 006  000  000  000  000  000  000  000  008  000  000  009  032  029  041  063 
 004  000  002  005  004  000  000  001  006  000  004  011  034  036  061  070 
 000  002  006  014  016  014  008  007  012  004  004  008  044  060  079  058 
 000  001  005  017  017  021  018  014  017  006  002  010  067  084  074  028 

Celda3

 007  006  002  000  001  002  001  000  000  001  001  000  000  000  000  000 
 017  014  006  002  002  004  003  000  000  002  002  000  000  000  000  000 
 035  028  018  011  005  006  007  000  000  004  006  002  000  000  000  000 
 044  038  031  021  006  007  010  000  000  002  008  006  000  000  000  000 
 040  040  038  024  007  008  013  009  010  009  013  017  012  014  016  017 
 046  045  041  022  007  010  016  017  015  020  023  028  022  022  024  023 
 057  054  043  026  017  022  024  020  014  012  020  032  028  020  020  017 
 079  066  052  045  037  032  026  019  010  004  017  036  032  020  014  010 
 094  065  051  053  038  023  022  022  016  013  026  037  022  012  011  013 
 082  040  031  043  032  028  029  031  025  024  031  030  007  000  005  014 
 058  017  015  039  038  036  034  037  031  028  028  029  011  006  008  011 
 052  024  025  043  038  027  029  035  032  031  030  035  024  022  017  012 
 058  046  042  038  024  012  015  021  022  024  028  025  018  018  015  006 
 055  056  047  026  016  014  008  003  009  017  018  016  007  004  004  000 
 033  045  037  015  016  021  013  006  008  021  016  012  008  004  003  004 
 008  032  034  010  009  015  012  014  014  027  012  004  010  012  010  012 

Celda4

 000  001  001  001  000  000  000  001  003  002  002  001  000  000  000  001 
 000  002  002  002  000  000  000  002  006  005  003  002  000  000  000  002 
 000  004  004  001  000  000  000  002  011  010  005  004  002  000  000  002 
 000  002  004  000  000  000  000  000  010  015  010  004  003  002  002  003 
 016  012  011  006  002  000  002  001  007  022  027  020  018  023  024  019 
 018  014  008  006  010  012  010  010  021  036  035  022  020  023  014  006 
 012  006  002  004  015  024  024  024  035  043  037  024  020  017  008  004 
 009  006  004  008  022  025  026  023  031  032  025  015  009  004  004  008 
 016  018  018  017  026  024  020  019  013  010  012  006  000  000  002  004 
 018  022  028  028  028  027  017  016  006  005  016  014  004  000  006  005 
 012  013  017  018  017  023  012  009  007  016  029  018  006  004  002  004 
 010  008  004  002  004  015  004  002  006  016  014  005  000  001  000  000 
 002  004  006  008  010  013  000  000  000  004  002  001  002  000  000  000 
 000  000  005  014  018  015  004  000  000  003  000  000  006  002  000  000 
 002  000  006  003  010  008  006  003  000  002  002  000  004  000  000  000 
 016  012  000  004  008  000  000  002  002  000  002  002  004  000  000  000 

Celda5

 000  000  001  000  000  001  001  000  000  000  000  003  002  000  000  001 
 000  000  001  000  000  002  002  000  000  000  000  007  006  000  000  002 
 000  000  000  000  000  004  003  000  000  000  000  014  012  000  000  001 
 000  000  000  000  002  004  000  000  000  000  000  014  012  000  000  000 
 014  011  008  010  017  012  004  000  000  003  004  006  008  001  000  001 
 004  005  008  010  013  006  002  000  000  000  003  003  007  009  007  002 
 002  004  006  002  000  000  000  000  000  000  000  002  016  021  010  002 
 008  006  002  000  000  000  000  000  000  000  000  007  016  015  006  006 
 007  005  004  005  006  001  000  000  000  000  001  006  016  016  001  008 
 000  003  006  008  010  011  008  002  000  007  009  010  015  014  006  000 
 000  000  000  002  004  009  014  017  015  015  011  008  011  008  004  000 
 001  000  000  000  000  004  014  024  026  019  012  008  006  003  000  000 
 000  000  000  003  000  000  006  014  020  020  018  018  018  012  004  000 
 000  000  002  002  000  000  000  002  007  014  019  024  022  018  015  012 
 002  006  003  006  004  000  000  010  002  008  022  014  004  006  014  016 
 006  004  001  013  008  004  000  010  004  014  014  000  000  006  008  015 

Celda6

 002  001  000  000  000  001  001  000  001  002  002  000  000  000  000  000 
 005  002  000  000  000  003  002  002  003  004  002  000  000  000  000  000 
 010  006  000  000  000  007  007  008  009  004  000  000  000  000  000  000 
 008  005  000  000  000  009  013  016  016  002  000  000  000  000  000  000 
 000  000  000  000  000  008  015  020  018  000  000  000  004  009  009  008 
 000  000  000  000  011  017  016  016  016  000  000  000  004  010  008  000 
 000  003  005  002  010  009  004  010  014  004  000  000  002  005  002  000 
 005  005  002  000  008  010  001  005  014  008  000  000  001  000  000  000 
 009  004  000  000  004  010  000  002  012  010  006  004  002  002  002  002 
 002  001  002  008  013  012  005  007  007  008  011  008  001  002  005  010 
 000  000  000  008  011  010  010  010  005  004  012  008  000  000  004  010 
 000  000  005  008  009  008  007  004  003  003  008  004  002  008  015  007 
 000  000  012  014  011  008  002  000  003  007  002  000  004  018  014  000 
 010  009  017  020  011  006  000  000  004  007  008  014  020  018  008  000 
 014  014  017  017  005  000  000  000  008  011  011  019  018  008  000  000 
 016  011  006  004  000  000  000  000  013  020  012  007  000  000  000  000 

Celda7

 000  000  000  001  001  001  002  002  002  001  000  000  000  003  009  000 
 000  000  000  002  002  003  004  004  003  002  000  000  000  008  024  000 
 000  000  000  002  004  008  008  004  002  004  004  000  000  020  055  000 
 000  000  002  000  002  010  009  002  000  004  012  000  000  028  076  000 
 008  006  006  002  000  004  009  002  000  006  019  014  012  042  089  008 
 000  000  002  000  000  000  010  009  003  017  028  018  010  040  083  007 
 000  000  005  004  000  000  010  016  016  019  017  011  000  030  073  003 
 000  000  012  006  000  002  006  016  016  010  006  006  000  034  074  000 
 006  015  016  003  002  000  000  016  020  010  004  000  000  042  080  003 
 015  013  004  001  002  000  000  017  024  012  002  000  002  054  089  006 
 006  000  000  004  002  000  000  014  021  010  001  003  014  056  082  000 
 000  000  000  004  000  004  010  011  014  010  006  017  016  045  078  000 
 000  000  000  006  004  002  012  015  018  015  020  019  002  038  080  000 
 000  000  000  008  014  006  006  018  016  015  022  008  000  040  087  006 
 000  000  000  016  018  008  008  008  000  002  013  002  000  049  089  004 
 000  000  000  020  018  008  006  005  000  000  008  007  009  052  088  004 

Celda8

 002  002  000  000  002  019  027  020  036  029  010  018  031  023  008  010 
 000  000  000  004  011  023  024  011  018  016  003  007  016  008  000  004 
 000  000  003  008  010  008  012  002  008  015  010  006  010  011  002  000 
 000  000  000  000  001  000  007  000  004  016  018  011  004  009  010  004 
 000  000  000  000  000  000  004  000  004  015  021  018  006  011  016  007 
 000  000  000  000  000  000  000  000  002  014  018  018  016  016  014  000 
 001  000  000  000  001  000  000  000  000  015  016  015  024  026  010  000 
 000  000  000  000  008  000  000  000  000  014  018  016  022  025  010  000 
 000  000  000  000  016  002  000  000  019  026  027  025  017  014  007  000 
 000  000  000  000  016  000  000  011  023  017  013  014  008  005  004  003 
 001  002  003  000  012  000  000  014  027  008  000  008  010  005  002  004 
 000  002  004  000  004  000  000  010  026  014  000  005  014  010  001  002 
 000  000  000  004  006  002  000  002  022  022  006  002  014  015  004  001 
 000  000  000  000  011  015  014  009  016  024  010  000  011  021  011  005 
 000  000  000  000  012  006  015  022  029  030  013  000  006  022  017  008 
 000  000  000  000  014  000  000  009  021  020  012  008  003  013  017  014 

Celda9

 008  006  009  017  030  000  001  002  010  012  014  010  006  008  012  005 
 006  000  007  009  021  002  003  007  016  016  011  008  008  011  010  002 
 006  000  007  004  013  008  005  011  017  014  006  006  004  001  000  000 
 005  000  000  000  008  013  006  005  008  008  002  000  000  000  000  000 
 000  000  000  000  002  013  010  002  003  006  000  000  000  002  002  008 
 000  000  006  010  006  008  010  004  004  006  001  000  006  009  009  011 
 000  009  015  018  014  007  007  008  004  003  000  002  005  003  003  000 
 002  014  007  006  010  014  014  013  003  000  000  006  009  000  000  000 
 007  018  008  000  001  011  015  011  004  000  000  005  008  000  000  003 
 010  018  010  000  002  006  002  003  004  006  007  001  002  000  000  015 
 012  020  017  006  000  002  002  000  001  006  006  002  000  006  016  025 
 014  024  019  001  000  000  002  004  004  002  001  002  011  025  028  025 
 012  024  018  000  000  001  003  003  006  000  000  003  021  028  022  010 
 010  016  012  004  000  000  001  000  002  000  000  005  016  013  002  000 
 006  004  003  006  006  004  002  000  002  006  003  007  008  007  000  000 
 008  000  000  002  008  011  004  000  007  012  007  001  000  000  000  000 

Celda10

 000  000  006  021  011  012  008  007  016  010  010  031  090  087  049  018 
 000  000  010  020  000  000  000  006  019  012  022  061  098  071  028  018 
 000  000  010  014  000  000  000  017  026  012  026  073  073  043  020  015 
 005  012  004  004  000  000  000  031  027  005  014  059  034  022  020  001 
 019  014  002  000  000  000  002  042  013  000  008  054  021  010  020  000 
 012  000  000  000  000  000  002  036  000  000  029  062  017  007  010  000 
 004  000  004  011  006  000  000  030  000  006  049  052  002  001  007  001 
 005  005  014  014  000  000  003  032  005  013  052  032  000  000  016  011 
 015  013  009  000  000  000  018  043  009  013  048  020  002  008  019  012 
 023  012  001  000  000  000  033  050  005  012  044  013  006  006  016  007 
 025  009  001  000  000  000  048  038  000  016  038  008  008  006  015  013 
 016  002  000  000  000  000  044  013  000  033  050  010  008  011  021  022 
 000  000  000  000  000  010  034  000  000  052  060  015  001  007  020  020 
 000  000  000  000  000  018  022  000  007  064  057  014  000  006  011  008 
 000  000  000  000  000  024  018  000  028  068  044  010  002  012  010  005 
 000  000  000  000  000  034  026  005  037  058  034  007  002  012  012  008 

Celda11

 011  031  037  013  004  012  007  008  004  014  008  000  009  012  007  008 
 020  040  045  018  008  022  009  000  000  010  012  009  006  008  008  008 
 016  026  032  016  013  025  009  006  000  008  020  014  000  002  012  014 
 002  008  024  014  009  016  006  010  014  007  017  010  000  000  000  006 
 000  006  022  017  010  011  004  002  008  006  004  002  000  003  006  000 
 000  017  030  015  006  010  006  000  000  004  004  000  000  006  012  000 
 002  026  030  008  000  006  008  001  002  007  006  004  008  016  015  002 
 010  026  017  000  000  002  011  014  011  010  004  002  007  016  007  004 
 014  019  006  000  000  006  020  031  015  008  001  000  008  004  000  000 
 010  007  000  000  000  014  030  030  004  000  000  000  008  004  000  000 
 009  006  004  005  004  016  030  020  000  000  000  000  000  000  000  000 
 014  011  016  022  020  010  020  018  000  000  002  004  000  000  000  000 
 014  012  019  025  026  018  013  014  004  000  000  004  006  000  000  000 
 009  012  013  011  015  020  020  012  000  000  000  003  006  004  000  000 
 012  013  004  000  000  002  004  000  000  000  000  000  002  004  005  006 
 014  012  004  001  000  000  000  000  000  000  000  000  010  014  017  022 

Celda12

 016  020  016  007  002  000  000  000  002  004  000  009  008  000  000  002 
 010  014  020  018  009  000  000  000  002  012  021  033  023  018  018  016 
 010  007  008  010  008  002  000  000  008  016  029  031  020  022  028  028 
 004  000  000  000  000  000  000  005  016  021  028  017  010  012  018  022 
 000  000  000  000  000  000  000  008  019  022  017  006  004  004  003  004 
 000  000  000  000  000  001  006  016  025  018  004  000  004  004  000  000 
 004  006  002  000  000  000  011  022  023  010  002  006  007  008  004  000 
 006  008  004  000  001  009  017  019  017  012  017  021  012  010  010  012 
 002  002  003  006  010  016  010  009  016  019  025  023  016  013  010  013 
 006  000  000  000  000  004  000  006  012  008  011  011  006  009  008  008 
 007  000  000  000  000  004  006  006  010  011  014  012  002  002  006  008 
 002  000  000  000  000  004  009  004  007  016  018  014  008  002  008  016 
 000  000  000  000  000  000  006  006  013  022  019  017  021  017  014  021 
 000  000  000  000  000  000  006  019  030  030  029  035  033  014  006  009 
 006  006  007  006  002  002  020  034  028  025  034  032  012  000  000  004 
 022  012  006  008  010  012  030  035  025  028  031  013  000  000  004  004 

Celda13

 006  000  004  022  006  007  010  010  002  017  005  000  000  015  012  012 
 009  002  008  024  002  008  012  010  006  010  004  001  010  014  012  006 
 022  018  019  022  004  008  009  010  009  000  004  002  006  002  010  002 
 024  024  019  020  014  010  008  006  007  004  000  006  000  000  008  004 
 008  008  006  011  015  010  010  010  012  019  018  008  004  004  003  000 
 000  000  000  010  015  009  012  013  016  022  029  031  026  018  005  000 
 000  000  000  016  020  007  006  004  006  010  014  020  020  012  001  000 
 012  012  010  020  018  004  000  000  002  004  000  000  000  000  000  000 
 018  022  020  018  010  001  000  001  001  000  000  000  000  000  000  012 
 010  014  016  012  004  000  000  002  000  000  000  000  000  000  023  053 
 012  016  016  012  005  000  000  000  000  000  000  000  011  061  078  063 
 023  025  022  016  008  000  000  000  000  000  002  012  051  089  067  028 
 021  020  016  011  008  005  004  005  003  000  000  015  058  064  017  000 
 002  002  000  000  003  008  006  000  000  000  000  020  040  032  004  000 
 000  000  000  000  006  006  000  000  000  000  013  039  033  020  011  009 
 000  000  004  012  013  004  000  000  000  012  047  054  034  022  022  022 

Celda14

 012  005  000  000  000  000  000  000  019  020  012  007  000  000  000  000 
 008  006  000  000  000  000  007  029  034  023  016  013  006  008  008  009 
 005  005  000  000  000  016  039  036  022  019  022  018  010  011  011  017 
 000  000  000  001  014  033  031  013  007  016  018  010  004  006  012  027 
 000  000  000  014  029  025  012  002  006  015  013  005  003  004  012  030 
 000  000  018  033  022  012  010  010  010  016  014  008  007  002  006  017 
 002  028  048  032  014  012  019  018  014  015  010  004  000  000  003  016 
 030  065  057  032  022  017  018  014  015  008  002  003  000  000  000  010 
 058  064  043  033  028  018  006  002  004  004  002  000  000  000  000  007 
 060  040  019  016  020  016  008  000  000  003  008  010  008  004  005  014 
 041  020  010  000  000  008  014  013  009  006  006  008  016  027  031  031 
 009  010  006  000  000  000  010  014  012  008  003  007  019  028  030  026 
 000  002  002  000  002  002  003  002  002  004  009  018  024  016  011  014 
 002  003  002  009  012  004  002  000  000  008  020  025  024  017  015  020 
 020  025  021  018  013  006  006  005  006  018  024  020  022  027  027  022 
 022  018  018  014  011  008  006  003  002  014  015  011  019  028  025  019 

Celda15

 000  008  012  022  019  008  000  000  000  000  002  012  020  058  086  002 
 014  022  024  027  028  009  000  000  003  000  000  010  024  063  088  000 
 028  030  032  031  026  010  007  008  009  006  006  015  030  061  084  000 
 037  032  035  030  020  012  014  018  016  013  017  032  039  064  086  005 
 037  030  025  020  015  014  016  020  020  018  027  033  031  063  093  015 
 019  010  002  002  002  006  012  012  015  020  028  024  022  059  087  009 
 018  011  000  000  000  000  003  000  002  014  017  013  016  050  074  000 
 016  013  000  000  000  003  001  000  002  010  006  004  008  041  070  000 
 014  014  006  001  010  014  012  004  000  008  006  002  007  044  073  000 
 019  016  007  010  019  017  014  006  000  004  004  000  004  046  079  000 
 025  015  007  012  014  002  000  001  003  000  002  000  000  044  082  000 
 020  014  012  011  005  000  000  000  000  000  008  016  012  041  082  000 
 019  022  019  012  004  000  000  000  000  000  015  017  006  039  084  004 
 020  016  013  012  014  013  010  006  006  006  012  016  003  040  083  007 
 012  002  000  003  006  010  013  016  024  026  012  002  012  048  076  001 
 012  000  000  000  000  000  006  014  025  030  022  004  008  053  080  000 

Celda16

 001  002  004  002  008  000  000  010  010  004  006  008  010  000  010  014 
 002  004  008  008  010  004  003  019  018  010  015  010  009  006  000  007 
 000  000  000  000  005  002  004  024  022  015  014  003  000  000  000  002 
 000  000  000  000  005  000  002  020  017  011  001  000  000  000  000  002 
 000  000  000  000  004  000  009  022  017  012  001  000  000  000  000  004 
 000  002  004  006  010  008  016  020  012  010  000  000  000  002  000  008 
 000  000  000  000  006  002  009  010  006  006  000  000  000  004  000  012 
 000  000  000  000  008  002  006  006  000  000  000  000  000  002  006  016 
 000  000  000  000  010  005  005  004  000  000  000  000  000  004  014  013 
 000  000  000  000  011  010  006  000  000  000  000  000  000  009  010  004 
 002  004  006  004  009  012  006  000  000  000  000  000  002  005  003  000 
 003  007  015  020  022  023  013  008  008  010  012  010  006  002  006  017 
 001  004  010  016  014  013  006  004  006  006  004  005  008  009  015  019 
 000  001  004  008  009  005  000  000  000  000  000  002  013  014  010  007 
 001  002  006  010  014  012  006  000  000  000  000  012  022  012  006  000 
 001  002  006  010  013  013  010  006  004  004  006  022  022  006  007  007 

Celda17

 010  002  000  000  011  016  005  000  010  016  006  000  000  000  000  000 
 010  008  000  000  014  020  008  003  007  011  002  000  000  000  000  000 
 010  010  004  006  019  019  008  001  004  006  000  000  000  000  000  002 
 009  010  009  012  018  012  003  000  004  005  000  000  000  000  000  000 
 011  009  011  017  018  006  000  000  004  004  000  000  000  000  000  000 
 016  009  008  018  013  000  000  000  004  000  000  002  000  000  000  000 
 020  005  004  018  012  000  000  008  014  007  000  000  000  000  000  000 
 018  004  004  016  008  000  000  017  011  003  004  004  000  000  000  000 
 009  004  009  016  007  000  004  019  008  000  000  000  002  001  000  000 
 003  007  012  018  012  003  011  016  003  000  000  000  000  000  000  000 
 003  006  011  021  020  013  012  012  000  000  000  000  000  000  000  000 
 019  014  020  030  024  010  008  008  000  000  000  000  000  000  000  000 
 008  004  011  016  014  008  010  008  000  000  000  000  000  000  000  000 
 002  000  004  010  010  009  010  008  000  000  000  000  000  000  000  000 
 004  003  007  014  019  016  008  004  000  000  001  001  000  000  000  007 
 015  018  020  026  028  017  007  004  004  008  012  011  006  003  004  012 

Celda18

 000  000  000  000  000  044  036  006  028  053  040  011  000  006  014  014 
 000  000  000  000  000  051  038  012  037  065  045  008  005  004  013  016 
 000  000  000  000  000  054  036  021  061  075  033  000  002  005  011  012 
 000  000  000  000  016  063  042  043  070  056  016  000  000  000  003  006 
 000  000  000  000  042  067  043  041  048  038  012  000  000  000  000  002 
 000  000  000  000  053  056  025  026  037  033  018  003  000  004  003  002 
 000  000  000  009  054  040  014  020  035  034  022  006  000  010  014  007 
 000  000  000  018  052  036  012  021  040  036  020  006  000  012  021  002 
 000  000  000  018  044  037  021  029  047  036  015  002  000  012  018  005 
 000  000  000  020  039  039  037  044  045  029  012  000  002  013  010  004 
 000  000  000  032  053  052  053  050  036  019  007  000  008  019  008  000 
 000  000  005  050  065  057  057  047  026  008  000  000  014  021  006  004 
 005  018  020  066  076  060  055  042  025  014  008  001  010  022  016  006 
 016  024  032  084  091  069  061  052  041  033  030  024  010  016  024  021 
 033  031  055  104  101  075  068  059  042  026  021  023  024  032  039  026 
 055  057  077  100  080  057  051  036  014  006  004  011  021  030  031  010 

Celda19

 013  006  002  004  000  000  000  000  003  004  004  012  016  019  018  021 
 009  000  000  004  004  004  002  000  008  006  000  011  003  006  008  008 
 002  000  000  000  004  010  010  006  002  002  000  010  000  000  000  004 
 000  000  000  000  005  018  015  009  002  000  000  004  000  000  000  015 
 003  003  005  009  003  014  014  011  004  000  000  000  000  002  022  032 
 001  008  006  002  000  000  012  016  006  000  002  001  006  019  039  029 
 003  002  008  000  000  000  008  016  007  006  014  008  008  019  022  002 
 000  000  003  000  000  000  008  013  005  010  019  014  003  005  010  000 
 000  000  000  000  000  000  013  014  005  006  016  018  008  001  004  004 
 002  001  000  000  000  000  016  018  011  013  016  018  012  005  008  005 
 006  008  001  002  004  008  025  028  024  018  018  022  012  002  003  000 
 008  007  000  006  018  028  040  037  026  017  019  019  005  000  000  000 
 008  005  004  010  019  032  040  030  015  012  017  012  004  004  004  001 
 013  012  017  016  014  023  027  013  008  012  017  010  004  007  009  011 
 008  009  018  014  010  018  016  002  006  024  023  013  009  008  006  006 
 000  007  012  010  010  016  013  002  015  027  014  006  001  000  000  000 

Celda20

 018  012  007  008  010  011  029  034  033  031  016  002  000  000  012  008 
 008  014  018  018  015  010  022  032  034  019  004  000  000  000  017  014 
 009  016  019  024  025  022  023  035  031  012  007  004  002  007  022  015 
 012  014  010  019  021  030  034  046  036  013  004  001  009  025  029  021 
 016  010  002  010  006  015  027  036  028  004  000  000  005  011  009  008 
 010  003  000  002  018  012  006  010  007  000  000  000  010  010  007  006 
 000  000  000  000  021  018  006  006  002  000  000  000  006  008  004  000 
 000  000  000  000  019  016  008  004  000  000  006  010  004  000  000  000 
 000  002  003  004  018  014  004  001  000  000  000  006  004  000  000  000 
 000  000  000  000  014  014  004  000  000  000  000  000  000  003  004  004 
 000  000  000  000  014  018  006  000  002  000  000  000  000  000  006  008 
 000  000  000  000  008  017  012  004  000  000  000  000  000  000  000  000 
 000  000  000  000  000  013  016  008  000  000  000  000  000  000  000  000 
 010  006  001  000  000  010  014  009  000  000  000  000  000  000  000  000 
 008  010  007  003  004  012  008  007  002  006  011  008  000  000  000  000 
 000  003  007  006  004  012  013  014  017  016  016  010  000  000  000  016 

Celda21

 000  008  014  015  010  000  000  000  011  041  051  038  012  004  015  023 
 006  007  006  001  000  000  000  000  031  042  030  012  000  000  019  028 
 010  005  000  000  000  000  000  016  044  036  016  005  000  000  018  035 
 011  000  000  000  000  000  000  041  062  037  016  015  021  024  017  026 
 000  000  000  000  000  000  022  077  069  032  015  017  020  026  022  018 
 000  000  000  000  000  014  059  082  053  016  006  011  008  010  014  016 
 000  000  000  000  000  030  061  057  029  003  002  010  008  010  018  025 
 000  000  000  000  019  053  046  028  013  001  003  011  012  012  021  024 
 000  000  000  011  058  064  037  017  012  008  008  010  010  008  008  006 
 001  000  000  043  071  058  031  017  017  016  014  012  008  008  005  001 
 006  004  009  058  066  041  020  016  020  019  016  013  010  004  001  000 
 003  012  031  068  060  030  016  019  021  017  013  010  010  009  006  004 
 002  022  054  073  056  028  017  018  014  009  008  008  011  012  010  008 
 000  035  058  058  042  023  013  009  002  000  000  008  011  012  014  014 
 025  051  046  029  021  015  006  000  000  000  005  010  009  009  016  020 
 050  058  031  009  011  010  000  000  000  004  015  023  016  013  015  016 

Celda22

 014  000  004  010  010  004  000  000  001  012  012  010  018  024  017  008 
 006  000  007  015  011  000  000  002  010  014  014  017  022  023  009  000 
 011  001  018  017  007  000  000  008  015  012  017  023  026  024  007  003 
 020  008  018  010  002  003  004  014  014  013  020  022  022  021  008  008 
 020  017  013  002  000  004  008  018  022  019  019  018  018  018  007  007 
 016  016  012  002  000  006  011  024  028  015  010  013  018  020  009  008 
 022  011  010  006  005  012  016  026  022  006  003  009  016  019  014  012 
 023  019  010  008  009  010  015  020  018  010  010  011  013  015  014  009 
 007  010  008  000  009  010  007  015  022  018  019  012  011  017  014  000 
 000  000  008  005  002  014  012  013  022  013  008  004  011  025  017  002 
 002  006  010  012  005  010  016  016  017  002  000  000  015  028  012  006 
 001  010  004  005  010  006  009  013  016  005  000  000  019  022  004  006 
 005  003  006  000  009  015  011  003  006  004  002  009  019  019  011  020 
 010  003  002  007  010  016  018  012  000  000  010  020  020  021  026  034 
 017  013  008  016  018  015  012  009  002  000  008  020  022  028  032  023 
 014  011  011  019  016  005  000  000  002  008  011  012  021  030  030  020 

Celda23

 006  000  000  002  002  002  004  015  020  014  016  016  006  046  084  000 
 000  004  010  019  016  007  002  011  010  000  000  014  028  070  103  019 
 006  014  018  020  010  004  000  008  008  000  006  024  046  087  112  039 
 006  005  004  001  000  004  002  002  010  014  034  048  046  064  082  020 
 007  005  004  002  004  008  015  019  036  044  045  037  024  041  063  007 
 016  022  022  016  010  010  024  040  046  038  028  023  021  045  068  016 
 018  019  016  010  004  008  029  033  022  016  020  028  029  045  061  016 
 004  000  000  000  003  010  018  009  000  002  013  020  015  022  036  000 
 000  000  004  016  020  009  006  006  002  004  010  018  014  021  036  000 
 000  008  023  030  026  015  000  001  004  003  008  017  016  025  040  000 
 012  024  028  017  014  018  020  013  000  000  008  020  017  027  044  000 
 016  022  012  007  012  022  032  034  028  017  013  021  016  027  046  000 
 026  016  010  012  016  021  027  034  038  036  027  019  010  028  049  002 
 023  014  008  005  006  008  010  012  018  024  024  014  000  030  052  000 
 002  000  000  000  000  000  000  000  000  003  010  014  006  024  054  000 
 004  000  000  000  000  002  000  000  000  000  000  007  011  018  052  000 

Celda24

 001  002  005  006  009  012  012  010  011  014  016  024  021  010  015  021 
 001  002  006  008  013  014  016  014  014  016  018  022  021  017  018  027 
 000  000  003  008  015  012  015  016  013  012  018  022  019  015  014  021 
 000  000  000  002  008  002  002  004  006  008  022  022  014  006  010  008 
 000  000  000  000  006  000  000  000  000  004  022  012  004  000  004  002 
 000  000  000  000  008  000  000  000  000  004  019  002  000  000  000  000 
 000  000  000  000  010  000  000  003  004  004  017  000  000  003  006  008 
 002  003  001  000  007  000  002  013  003  003  014  000  000  009  020  020 
 001  002  000  000  004  000  006  022  000  000  008  000  000  008  021  018 
 000  000  000  000  002  000  006  022  000  000  002  001  006  014  012  008 
 001  002  002  000  004  000  010  014  000  000  001  008  019  010  002  006 
 001  004  008  009  008  006  013  017  009  009  009  015  011  002  000  001 
 000  002  008  010  008  008  017  025  018  015  012  009  002  001  002  000 
 000  000  000  000  000  006  017  021  008  006  006  007  002  002  011  008 
 000  000  000  000  004  010  014  014  001  002  007  008  008  004  013  005 
 000  000  000  000  008  013  017  016  003  004  012  008  010  008  004  006 

Celda25

 040  043  033  025  019  006  002  002  005  006  010  010  007  007  014  034 
 045  043  030  020  009  004  003  003  006  004  004  002  004  012  032  064 
 027  017  006  008  006  004  008  008  011  009  005  000  003  016  034  057 
 006  010  002  000  004  007  010  014  020  015  010  003  000  005  008  006 
 000  010  012  000  008  008  012  013  016  010  007  002  000  000  000  000 
 000  010  024  010  002  002  007  002  000  000  000  000  000  000  006  000 
 004  004  026  014  000  004  005  000  000  000  000  000  000  005  030  022 
 016  008  016  012  006  012  010  002  000  000  000  000  000  030  063  028 
 018  008  004  012  019  029  012  004  000  000  000  000  012  063  073  026 
 011  016  015  025  033  030  005  000  000  000  000  000  016  074  066  026 
 000  008  023  032  032  019  000  000  000  000  000  000  028  070  050  018 
 000  000  014  020  013  002  000  000  000  000  000  000  033  066  038  006 
 000  001  021  016  000  000  000  000  000  000  006  012  031  062  038  000 
 013  010  014  013  000  000  000  000  000  000  002  008  018  052  034  000 
 006  014  013  001  000  000  000  000  000  000  000  000  014  044  028  000 
 006  015  016  008  002  000  000  000  000  000  000  000  023  053  030  006 

Celda26

 078  070  067  066  046  033  024  007  000  000  006  010  012  015  015  003 
 083  051  039  043  033  024  014  004  000  006  011  010  004  004  008  005 
 043  012  024  043  030  017  011  005  008  013  009  008  005  003  006  000 
 004  008  035  049  019  005  009  014  014  014  010  011  013  010  004  002 
 004  026  053  047  005  000  015  028  027  027  023  020  022  020  012  004 
 008  046  060  038  005  006  029  043  043  038  028  020  021  021  014  005 
 029  068  069  040  014  014  038  052  046  023  014  010  011  014  014  011 
 032  074  078  046  021  018  040  049  030  005  004  003  003  006  012  018 
 027  073  077  038  016  014  038  039  015  004  010  008  001  001  008  014 
 022  066  066  023  011  012  033  025  010  013  016  018  012  006  006  006 
 010  049  048  010  008  014  022  011  010  016  015  021  020  012  008  007 
 006  038  041  011  000  004  009  006  010  020  014  006  008  006  007  010 
 000  030  028  011  006  008  010  006  009  020  017  000  000  000  004  005 
 000  030  022  007  007  009  011  010  012  017  012  000  000  002  008  002 
 016  045  032  013  009  007  010  013  012  014  010  000  000  005  005  004 
 029  051  032  012  010  016  021  018  007  010  010  000  000  001  000  000 

Celda27

 000  008  017  010  008  012  010  010  019  011  000  000  000  000  000  000 
 009  017  021  016  015  011  007  013  012  000  000  000  000  000  000  000 
 006  010  011  013  012  004  002  008  006  000  000  000  005  005  002  000 
 000  000  006  012  012  006  000  004  002  000  000  008  018  010  003  002 
 000  005  018  020  014  012  006  000  000  000  000  014  017  004  000  004 
 002  021  036  030  020  016  002  000  000  000  002  012  012  000  000  012 
 008  020  021  007  002  003  000  000  000  005  000  004  010  002  002  017 
 018  008  012  009  003  002  000  000  002  014  000  000  007  006  010  020 
 014  008  000  010  010  003  000  000  005  020  000  002  019  018  015  014 
 004  002  000  006  013  002  000  002  004  019  002  012  033  025  015  006 
 004  000  000  003  012  003  000  009  010  012  010  024  034  012  004  000 
 008  008  009  010  013  000  000  000  004  002  016  030  028  004  000  001 
 002  004  011  012  006  000  000  001  000  000  022  036  020  000  002  006 
 000  000  004  004  002  006  015  014  004  000  026  041  016  000  000  000 
 006  008  008  008  008  016  012  010  011  012  033  037  011  000  000  000 
 003  008  010  011  008  002  000  000  010  020  030  024  007  000  000  000 

Celda28

 000  000  000  002  004  020  023  022  024  015  008  000  000  000  000  034 
 000  000  000  000  004  023  020  014  010  000  000  000  000  000  007  062 
 000  000  000  002  011  019  010  004  001  000  000  000  000  000  050  087 
 007  012  015  016  016  016  003  000  000  000  000  000  000  015  073  086 
 014  018  016  013  008  002  000  000  002  000  000  000  000  026  068  066 
 020  014  010  007  000  000  000  000  002  000  000  000  001  036  057  046 
 012  005  005  004  000  000  000  000  000  000  000  000  037  058  047  032 
 009  000  000  000  000  000  000  000  000  000  000  028  067  056  026  018 
 002  000  000  000  000  000  001  000  000  000  011  044  052  026  007  021 
 000  000  000  000  000  002  000  000  000  006  034  043  030  014  008  029 
 000  000  003  001  002  000  000  000  000  023  049  035  012  012  019  028 
 006  010  006  000  000  000  000  000  000  036  042  016  002  011  026  024 
 008  005  000  000  000  000  000  000  023  042  030  011  005  015  020  018 
 000  000  000  000  002  002  006  019  046  040  022  015  017  017  011  012 
 000  000  000  000  000  000  010  034  038  016  005  011  014  009  009  024 
 000  000  000  000  000  000  010  029  015  000  002  012  017  014  021  039 

Celda29

 063  053  021  008  005  006  000  000  000  011  031  030  010  001  006  000 
 074  051  020  010  004  000  000  000  006  016  028  018  000  000  004  000 
 079  049  019  009  006  004  013  018  013  009  022  017  000  002  002  000 
 060  030  010  004  002  004  024  020  014  006  012  017  008  000  000  000 
 029  008  007  000  001  000  020  008  005  006  009  013  010  000  000  000 
 016  005  010  000  003  005  017  006  000  008  006  001  007  004  000  000 
 019  010  008  000  000  007  010  004  000  001  000  000  006  013  011  016 
 024  015  002  000  000  000  000  000  002  000  000  006  011  022  033  030 
 035  019  000  000  002  003  000  000  000  005  013  016  011  028  042  025 
 034  008  000  000  004  006  006  007  016  031  020  006  000  024  031  009 
 018  000  000  000  010  018  024  022  027  027  006  000  000  026  025  007 
 010  000  000  003  020  040  041  026  018  009  000  000  000  021  016  006 
 008  000  000  016  045  057  037  016  011  005  000  000  002  014  005  002 
 014  018  021  037  055  048  014  000  002  003  002  006  008  013  000  000 
 042  042  032  032  035  021  002  000  000  002  008  012  012  010  004  004 
 045  029  010  004  010  010  003  002  002  000  000  000  002  000  000  000 

Celda30

 000  002  007  014  002  000  000  000  004  016  020  015  020  026  022  015 
 000  000  006  000  000  000  000  000  017  021  020  020  029  038  022  004 
 000  000  000  000  000  000  005  023  029  016  014  022  034  043  024  006 
 000  000  000  000  002  005  015  023  015  005  011  027  028  029  011  007 
 000  008  016  018  014  010  009  010  006  002  015  021  008  007  002  002 
 006  028  024  017  010  006  000  002  004  011  018  010  000  001  006  000 
 021  028  011  006  008  008  006  000  002  014  018  006  000  000  010  001 
 024  016  004  006  012  016  016  010  002  012  014  002  000  000  010  002 
 012  008  005  006  009  010  012  013  008  007  010  000  000  000  008  000 
 000  000  000  000  000  000  001  008  008  005  012  008  005  000  004  000 
 000  000  000  000  000  002  000  004  007  008  020  014  007  002  001  007 
 002  000  000  000  000  008  005  004  007  010  019  006  001  000  000  012 
 006  004  000  004  008  006  000  000  000  003  006  000  000  000  000  012 
 006  012  006  003  003  000  000  000  000  004  002  000  000  000  000  010 
 006  010  008  007  001  000  000  000  000  002  000  000  000  000  000  009 
 007  006  006  012  002  002  003  004  001  000  000  000  000  000  000  014 

Celda31

 009  001  000  000  000  002  000  000  000  000  002  000  005  010  049  000 
 008  002  000  000  000  000  000  000  000  000  003  002  000  006  048  001 
 000  002  000  000  000  000  000  000  000  000  000  000  000  013  052  006 
 000  000  000  000  004  002  000  000  006  002  002  000  000  020  051  005 
 009  004  000  000  008  004  000  004  010  004  003  004  005  018  043  000 
 011  017  009  000  006  006  001  008  012  006  002  008  010  017  043  002 
 000  000  000  000  000  010  008  010  012  010  006  012  010  018  048  009 
 000  000  000  000  000  014  019  015  012  010  008  007  002  016  047  009 
 000  000  000  000  001  023  025  011  004  008  009  007  000  019  046  007 
 000  004  004  002  008  027  019  003  000  004  009  010  006  022  043  003 
 008  009  004  003  012  026  014  001  000  001  007  010  008  026  044  000 
 000  000  000  003  014  024  010  002  004  005  006  006  007  026  047  000 
 002  000  004  012  027  030  008  000  000  001  002  006  005  022  048  000 
 007  000  012  021  039  036  018  006  000  000  002  007  003  018  046  000 
 014  014  014  016  026  024  016  015  010  006  005  008  002  019  050  004 
 024  020  006  000  012  014  000  011  018  020  021  014  006  027  059  010 

Celda32

 001  002  006  006  011  012  016  018  005  000  006  000  000  002  001  005 
 000  000  003  007  012  011  011  014  006  000  004  000  000  000  000  006 
 000  000  000  000  004  004  008  010  004  001  002  000  000  000  002  004 
 000  000  000  000  008  008  011  012  008  002  000  000  004  000  004  007 
 000  000  000  002  023  023  018  015  011  006  005  008  008  004  002  012 
 001  003  008  015  037  027  015  009  008  006  007  009  004  002  000  015 
 003  007  014  018  032  015  004  000  005  003  002  000  000  000  000  011 
 002  005  010  012  018  002  000  000  008  002  000  000  000  001  002  000 
 001  003  006  004  007  000  002  004  015  002  000  000  003  000  000  000 
 001  002  002  000  008  006  009  013  019  007  001  000  005  000  000  002 
 000  000  000  003  017  012  008  013  016  009  010  009  007  000  000  002 
 001  002  006  008  016  003  000  012  015  010  011  010  004  000  004  008 
 001  003  006  004  003  000  002  012  010  004  004  004  002  002  010  008 
 000  000  000  000  000  000  003  012  010  000  000  000  000  004  008  000 
 000  000  000  000  000  001  002  006  004  000  000  000  000  000  003  000 
 001  002  004  003  000  000  002  001  000  000  000  000  000  000  000  000 

Celda33

 023  026  014  006  001  000  000  000  000  006  008  006  046  066  034  010 
 022  017  000  000  000  000  000  000  000  020  021  020  046  061  032  016 
 016  012  000  000  000  000  000  000  000  033  030  010  036  060  039  019 
 009  002  000  000  000  000  000  000  000  047  027  000  036  071  043  006 
 010  002  001  002  000  000  000  000  013  054  015  000  042  070  032  000 
 011  000  001  000  000  000  000  000  020  047  002  000  046  066  024  000 
 014  001  000  000  000  000  000  000  029  044  008  014  064  064  014  000 
 014  006  000  000  000  000  000  000  036  050  023  031  074  060  012  005 
 012  005  000  000  000  000  000  006  044  054  022  025  055  036  004  010 
 008  000  000  000  002  017  016  031  066  054  016  022  043  024  002  009 
 000  000  000  000  032  034  032  060  074  046  015  024  040  018  002  011 
 000  000  000  022  046  022  020  060  058  035  021  035  042  011  000  006 
 000  000  000  044  023  000  002  051  044  026  023  043  042  012  006  002 
 000  000  004  053  002  000  012  062  050  017  014  039  028  007  003  004 
 000  000  028  046  000  000  032  085  061  018  006  027  011  000  000  006 
 000  000  048  034  000  000  046  088  053  017  014  025  011  004  010  016 

Celda34

 027  047  025  010  012  022  019  009  000  003  008  003  000  000  000  000 
 023  042  020  003  009  014  005  000  000  000  006  006  000  000  000  000 
 014  033  024  003  003  004  003  001  004  002  001  006  000  000  000  000 
 003  024  026  008  000  000  006  008  002  000  000  006  000  000  000  002 
 000  020  022  010  000  000  010  014  000  000  000  006  000  000  000  000 
 006  020  008  008  005  000  010  016  001  006  008  004  000  000  000  000 
 018  027  012  010  009  002  004  012  010  000  002  002  000  000  000  000 
 027  032  022  023  020  010  000  002  012  005  000  000  000  000  002  004 
 029  030  011  002  000  000  000  000  006  005  000  000  013  006  008  018 
 022  020  002  000  000  000  000  000  000  004  000  004  023  021  011  020 
 019  016  000  000  000  004  000  000  014  025  022  029  044  040  016  012 
 014  017  000  000  000  022  020  026  040  045  034  028  036  029  006  002 
 005  012  000  000  006  046  051  036  029  025  010  005  010  011  000  000 
 006  012  009  018  025  049  045  016  003  006  000  000  007  008  000  000 
 015  025  024  017  012  025  026  007  002  004  000  000  006  010  002  000 
 020  020  005  000  000  014  018  011  008  006  004  008  005  011  001  000 

Celda35

 000  000  002  002  000  000  000  000  000  010  009  009  007  002  000  000 
 000  000  003  000  000  000  000  002  004  000  000  000  008  007  000  000 
 000  000  000  004  000  010  012  008  002  000  000  000  006  008  000  000 
 002  000  002  013  005  004  008  010  003  000  000  000  001  004  000  000 
 000  002  009  014  000  000  000  000  000  000  000  000  000  000  001  000 
 000  000  006  006  001  003  002  000  000  000  002  006  002  000  000  000 
 000  002  017  016  013  018  024  026  021  012  010  016  012  000  000  000 
 018  033  038  027  018  014  018  028  032  022  015  016  014  006  000  000 
 045  049  032  015  011  008  006  004  012  018  018  014  008  002  000  000 
 041  032  011  004  007  010  004  000  000  001  004  000  000  000  000  000 
 025  012  000  000  000  000  000  000  000  000  000  000  000  000  000  010 
 017  008  000  000  000  000  000  000  000  000  000  000  000  000  006  033 
 014  004  000  000  000  003  004  000  002  000  000  000  000  000  054  037 
 015  004  000  000  000  006  009  000  000  000  000  000  000  038  075  031 
 014  010  004  002  000  007  010  000  000  000  000  000  005  054  052  009 
 011  016  004  004  000  006  006  000  000  000  000  012  030  030  024  008 

Celda36

 000  000  000  000  000  002  024  018  005  006  016  029  032  025  031  041 
 000  000  000  000  001  028  023  004  002  022  035  039  031  019  023  029 
 000  000  000  000  016  031  010  002  007  032  032  017  007  006  014  022 
 000  000  000  005  016  018  004  010  026  037  016  000  002  010  017  026 
 000  000  001  016  015  016  018  027  037  031  013  008  017  025  024  025 
 000  000  011  019  010  018  035  040  025  014  020  032  038  033  021  014 
 000  000  035  028  017  038  056  041  012  005  019  026  021  014  010  004 
 000  036  060  032  032  058  061  038  017  015  017  012  008  001  006  007 
 013  073  058  019  030  053  045  027  020  017  011  006  009  008  009  009 
 048  075  032  004  023  039  024  014  011  004  004  002  008  012  009  003 
 052  044  016  005  027  030  014  012  013  004  000  004  008  012  005  000 
 025  028  026  025  034  025  010  012  012  006  004  005  004  005  000  000 
 013  022  039  036  030  020  017  025  018  007  006  001  000  000  000  000 
 025  036  041  029  019  008  014  023  013  006  002  000  000  000  000  000 
 012  023  021  022  018  009  014  017  006  000  000  000  000  000  000  000 
 004  008  010  016  009  002  012  016  008  000  000  000  000  000  000  000 

Celda37

 028  006  000  000  000  002  008  008  002  000  000  000  000  000  000  001 
 014  000  000  000  000  000  008  004  000  000  000  000  000  000  000  002 
 015  007  004  000  000  011  011  000  000  004  010  004  000  000  000  004 
 021  006  004  002  006  023  010  007  006  011  016  006  003  000  000  004 
 016  000  000  003  011  021  008  011  012  008  013  008  004  000  000  000 
 010  000  000  000  008  018  007  006  004  000  008  010  000  002  000  000 
 004  000  000  000  008  016  000  000  000  000  000  012  004  002  004  002 
 002  000  000  000  006  010  000  000  000  000  000  010  011  000  000  000 
 004  000  000  000  000  001  000  000  000  000  000  008  008  000  000  000 
 000  000  001  000  000  000  000  000  000  000  000  006  002  000  000  005 
 000  000  000  000  000  000  000  000  000  000  000  004  004  008  016  014 
 000  000  000  000  000  000  000  000  000  007  016  013  012  020  021  012 
 000  000  000  000  000  000  007  007  012  025  026  020  013  013  015  008 
 000  000  000  000  000  019  035  024  018  016  005  000  000  004  014  009 
 000  002  005  000  014  032  028  007  004  000  000  000  000  008  018  012 
 000  008  015  012  010  008  008  000  000  000  004  008  010  016  022  016 

Celda38

 008  006  003  009  004  000  002  004  000  000  000  000  000  000  007  022 
 007  003  000  000  004  000  000  000  000  000  000  000  001  004  019  025 
 006  000  000  000  000  000  000  000  000  000  004  007  007  007  015  016 
 006  000  000  000  000  000  000  000  000  000  002  006  006  004  010  010 
 006  000  000  000  000  000  000  002  000  000  000  000  000  000  003  004 
 002  000  000  006  005  000  003  003  000  000  000  002  000  002  002  000 
 002  000  000  008  004  000  000  000  000  000  004  007  003  003  010  011 
 000  000  000  007  002  000  000  000  000  004  016  009  007  019  033  028 
 002  000  007  013  005  002  000  000  000  020  019  010  019  036  042  028 
 009  016  014  008  004  002  003  005  021  032  019  018  032  038  029  012 
 015  013  000  000  000  008  018  023  036  032  014  012  021  017  007  000 
 008  002  000  000  008  014  016  020  024  015  002  000  006  008  004  000 
 002  004  004  005  013  010  004  006  007  000  000  000  000  006  006  005 
 000  004  007  008  011  007  002  002  002  000  002  000  000  003  012  015 
 002  000  000  004  011  007  000  002  004  002  006  006  004  002  018  029 
 006  002  000  006  012  006  001  000  010  003  000  000  000  000  016  024 

Celda39

 023  013  000  000  008  014  002  004  012  019  020  018  014  037  064  011 
 013  010  005  007  016  016  007  002  004  011  007  008  010  032  054  002 
 006  010  019  016  010  006  002  000  002  007  002  000  000  020  046  000 
 010  017  016  004  000  002  000  000  004  012  002  000  000  018  047  000 
 012  019  009  000  004  008  000  000  007  016  002  000  000  019  051  000 
 005  008  001  000  014  019  004  001  006  014  002  000  000  017  053  000 
 006  000  000  008  020  026  016  010  007  006  002  000  002  017  052  000 
 020  016  020  032  033  030  013  000  001  002  000  000  002  023  059  009 
 022  022  031  036  028  019  004  000  002  004  000  000  000  024  058  009 
 010  010  017  019  012  010  004  000  002  010  004  000  000  026  057  006 
 000  004  011  017  014  013  012  008  000  008  010  000  000  028  061  007 
 000  000  009  019  015  006  005  010  014  012  013  000  000  031  066  006 
 002  000  007  013  006  000  000  006  019  023  019  009  004  036  067  001 
 015  010  012  011  002  000  006  015  015  016  016  017  020  042  059  000 
 018  007  007  013  013  016  024  020  006  002  002  006  010  024  044  000 
 009  000  005  016  021  019  017  006  000  000  000  000  000  013  042  000 

Celda40

 001  003  007  008  005  004  008  005  004  007  006  004  001  000  000  000 
 000  000  000  000  004  014  016  010  008  012  010  009  006  001  000  000 
 000  000  000  000  004  012  009  004  002  009  008  009  011  013  010  000 
 000  000  000  000  011  016  006  000  002  008  005  004  014  023  018  006 
 000  000  000  000  010  018  011  001  000  002  002  002  014  008  000  000 
 000  000  002  003  007  014  012  007  002  000  003  012  007  000  000  000 
 001  002  002  004  012  013  005  004  002  002  013  027  002  000  000  000 
 000  000  000  000  008  004  000  000  003  018  030  021  000  000  000  000 
 000  000  000  000  008  001  000  000  012  035  030  004  000  000  000  000 
 000  000  000  000  004  000  000  000  026  039  022  000  000  000  010  026 
 000  000  003  004  000  000  000  019  043  033  017  002  010  018  020  027 
 000  000  000  000  000  000  026  046  041  031  027  009  001  000  000  012 
 000  000  000  000  000  019  044  032  021  026  020  000  000  000  000  026 
 000  000  000  000  014  038  027  004  008  017  010  000  000  000  000  042 
 000  000  000  000  031  034  017  000  006  014  011  000  000  000  000  051 
 000  000  002  010  036  016  008  000  003  014  015  000  000  002  012  046 

Celda41

 000  000  059  022  000  002  056  077  037  008  022  035  027  016  014  007 
 000  014  053  016  012  026  080  081  040  013  023  032  020  012  005  000 
 000  029  065  033  030  060  094  075  038  019  019  014  006  004  000  000 
 006  056  083  045  030  061  069  037  012  008  008  003  000  000  000  000 
 000  060  070  024  009  038  036  005  000  004  006  003  000  000  000  000 
 000  051  048  012  009  036  026  000  000  000  002  002  000  000  000  000 
 010  049  035  006  016  044  026  000  000  000  000  000  000  000  005  012 
 028  058  030  005  023  043  021  000  000  000  000  000  000  002  008  012 
 056  060  024  011  033  039  012  000  004  006  000  000  000  004  000  002 
 068  049  011  008  035  033  001  000  008  012  001  000  000  000  000  000 
 054  034  008  016  041  028  002  000  012  014  000  000  004  000  000  007 
 036  021  012  024  039  018  000  000  013  014  000  004  012  008  008  006 
 036  017  007  014  026  009  000  000  010  012  004  006  009  009  010  000 
 044  010  000  016  029  006  000  000  013  013  014  006  001  003  004  001 
 038  000  000  020  036  008  000  012  017  016  014  003  003  004  000  000 
 024  000  000  024  044  017  000  011  009  006  006  003  008  004  000  000 

Celda42

 006  008  000  000  000  014  024  022  012  006  002  002  003  006  000  000 
 000  009  000  002  009  026  030  015  000  002  004  000  000  000  000  000 
 000  010  003  000  011  019  016  004  000  000  006  002  000  000  000  000 
 000  009  007  004  006  012  013  000  000  000  010  008  000  000  000  004 
 000  004  004  008  008  010  012  000  000  000  012  010  002  008  017  016 
 008  004  000  014  014  004  006  002  000  001  019  013  002  009  016  010 
 007  006  002  016  013  000  002  004  000  002  013  007  000  008  008  000 
 000  000  001  008  012  006  005  004  000  000  008  006  001  008  007  000 
 002  000  000  000  013  016  012  002  000  000  003  004  006  010  004  000 
 006  001  000  000  016  024  010  000  000  000  000  002  010  015  009  006 
 015  004  000  000  018  026  008  000  000  000  000  002  013  017  008  002 
 008  002  012  015  019  024  009  000  000  004  001  002  011  016  006  000 
 004  012  008  018  014  014  010  000  000  016  008  000  002  012  003  000 
 000  018  022  005  000  003  011  000  009  026  006  000  000  008  000  000 
 000  018  032  006  000  000  012  000  013  014  000  000  000  000  000  000 
 000  022  031  003  000  004  009  004  006  004  000  000  004  000  000  000 

Celda43

 010  022  000  008  008  003  000  000  000  000  000  030  022  002  008  013 
 012  028  010  008  008  000  000  000  000  000  016  030  000  000  003  015 
 015  030  017  000  000  000  000  000  000  000  018  026  000  000  023  028 
 015  023  010  000  000  000  000  000  000  012  011  018  004  017  036  030 
 007  006  000  000  000  000  000  005  000  000  015  044  037  033  036  028 
 002  000  000  000  000  000  000  018  010  002  036  064  036  020  023  018 
 000  000  000  000  000  000  000  026  014  017  058  054  012  010  015  011 
 000  000  000  000  000  000  016  038  030  044  068  038  001  010  021  017 
 000  000  000  000  000  000  020  044  038  059  065  025  004  012  021  026 
 001  000  000  000  017  024  007  040  058  072  049  006  001  014  018  028 
 000  000  000  006  016  013  010  065  091  068  026  000  000  016  023  020 
 000  000  000  000  000  000  020  097  087  039  018  002  009  027  018  011 
 000  000  000  000  000  000  042  089  045  010  016  012  017  017  002  002 
 000  000  000  000  000  000  051  070  026  008  020  016  010  007  000  004 
 000  000  003  002  018  025  051  056  028  016  022  015  004  004  008  012 
 000  000  021  046  042  038  033  040  030  018  020  018  006  009  018  013 

Celda44

 010  012  018  016  000  000  004  010  008  000  000  002  000  000  000  004 
 010  013  022  016  000  002  006  002  002  002  006  010  002  004  008  012 
 020  027  034  024  013  015  018  016  010  010  021  018  002  000  000  000 
 025  033  037  029  021  017  012  009  010  020  029  016  005  000  000  000 
 023  028  028  018  008  002  000  000  004  016  016  002  002  005  004  002 
 012  015  012  006  001  000  000  000  001  010  008  000  002  010  018  022 
 004  006  006  000  000  002  000  000  007  015  012  006  004  006  011  020 
 008  006  002  000  002  007  002  003  016  019  010  002  000  002  012  019 
 026  022  014  012  020  025  016  012  017  011  001  000  000  003  022  022 
 020  020  018  022  031  026  018  016  010  004  002  002  008  012  025  015 
 002  000  010  021  017  009  009  011  009  004  000  000  010  017  012  007 
 006  002  008  008  000  000  002  004  008  009  004  002  015  017  013  004 
 013  010  004  004  000  000  001  000  000  006  010  009  023  021  016  011 
 016  008  000  003  002  000  000  000  008  011  010  017  027  019  004  000 
 008  001  000  006  005  000  000  000  011  025  018  014  017  005  000  000 
 000  000  004  014  018  013  014  015  026  041  025  007  001  000  000  000 

Celda45

 010  017  016  008  002  002  004  004  004  015  017  015  012  010  012  008 
 014  013  013  008  002  000  006  015  023  026  016  010  006  000  005  008 
 000  004  020  025  020  019  022  027  026  015  000  000  000  000  004  012 
 000  008  024  020  011  014  019  020  013  000  000  000  000  000  010  018 
 008  015  014  008  004  006  007  003  002  000  000  000  004  005  008  010 
 022  010  002  003  010  014  004  000  000  000  002  006  011  003  000  006 
 018  008  000  006  015  011  002  000  001  003  000  000  003  000  000  004 
 012  010  010  016  011  002  000  000  000  000  000  000  004  000  000  004 
 009  012  012  003  000  000  005  011  006  000  000  000  008  000  000  005 
 000  004  008  004  001  011  015  008  000  000  000  000  012  002  003  012 
 002  000  001  008  014  016  002  000  000  000  000  007  016  020  026  032 
 003  000  000  004  013  004  000  000  000  000  016  024  025  032  028  024 
 002  000  000  009  006  000  000  000  000  016  032  025  020  017  012  008 
 000  000  004  008  000  000  000  000  009  027  032  014  004  000  010  010 
 000  000  005  008  000  000  000  002  014  023  012  000  000  000  006  012 
 007  010  006  005  002  002  003  001  011  012  000  000  000  000  002  012 

Celda46

 000  003  004  008  011  001  000  000  011  004  000  000  000  000  012  019 
 002  004  007  008  007  000  000  000  006  002  000  000  000  000  005  016 
 013  010  012  010  002  000  000  002  000  000  000  002  004  003  008  020 
 011  002  005  005  000  000  000  000  000  000  002  002  000  000  012  030 
 005  002  001  000  000  000  002  000  000  001  007  004  000  000  013  026 
 004  002  002  000  000  002  008  002  000  006  010  006  006  002  008  024 
 007  004  000  000  000  005  009  002  000  008  014  000  004  008  001  012 
 012  004  000  000  000  006  004  000  000  001  011  000  000  000  000  000 
 012  002  000  000  003  004  005  000  000  000  005  002  000  000  000  000 
 006  000  000  008  006  000  003  000  000  000  001  000  000  000  000  000 
 027  025  019  024  015  010  002  000  000  002  004  000  000  000  004  004 
 025  028  025  018  008  004  001  000  003  004  000  000  000  000  000  000 
 007  000  000  000  000  000  000  000  000  000  000  000  000  008  000  000 
 002  000  000  000  000  000  000  000  000  000  000  000  011  018  015  014 
 000  000  000  000  000  000  000  000  000  000  000  002  025  032  025  017 
 002  000  000  000  000  001  002  000  000  000  002  026  037  029  021  014 

Celda47

 011  000  010  024  016  005  002  000  000  000  000  000  000  016  048  000 
 017  007  010  024  016  005  004  000  000  000  000  000  000  018  054  000 
 022  010  008  016  011  006  009  000  000  000  000  000  000  018  057  000 
 029  014  008  007  003  006  010  000  000  000  000  000  000  022  062  000 
 014  000  002  004  000  001  004  000  000  000  000  000  000  032  072  000 
 014  000  003  008  000  000  000  000  000  000  000  000  000  048  091  013 
 007  000  002  012  002  000  000  000  000  000  002  025  042  081  105  023 
 000  000  000  011  003  000  000  000  000  016  038  045  039  059  077  006 
 000  000  000  006  002  000  005  015  021  033  036  016  001  030  061  000 
 000  000  000  003  000  000  020  031  027  028  014  000  000  032  065  000 
 000  002  004  002  003  011  031  033  023  016  004  000  000  032  070  000 
 000  000  010  006  013  028  034  027  016  005  000  000  000  025  073  000 
 008  017  032  027  028  032  027  015  006  000  000  000  003  024  078  004 
 019  028  037  026  018  021  019  006  002  002  006  012  018  050  102  028 
 020  023  027  013  008  011  017  010  008  016  018  019  023  061  101  029 
 017  018  018  006  006  009  022  020  014  018  014  008  014  059  088  020 

Celda48

 003  006  011  010  024  005  000  000  002  014  016  000  000  006  018  035 
 003  006  009  006  014  001  000  000  002  010  012  000  000  000  016  031 
 001  003  006  006  011  000  000  001  000  004  009  000  000  000  014  030 
 001  003  006  006  013  009  010  004  000  002  008  003  008  014  028  040 
 003  007  014  016  025  022  018  013  008  007  013  015  014  024  046  049 
 004  010  020  024  028  023  020  021  020  020  027  029  023  029  047  032 
 003  008  016  018  014  018  018  023  026  026  030  034  032  034  034  013 
 002  005  010  012  012  023  022  016  014  012  018  024  020  016  010  004 
 000  000  000  003  014  024  015  006  004  004  011  010  002  000  000  000 
 000  000  000  000  010  008  000  000  007  013  011  000  000  000  000  000 
 000  000  000  000  012  007  000  000  012  016  008  000  000  000  000  000 
 000  000  000  000  010  006  000  008  018  004  000  000  000  000  000  000 
 000  000  000  000  006  002  000  010  020  006  000  000  000  000  000  001 
 000  000  000  000  006  000  000  008  012  005  000  000  000  000  002  003 
 000  000  002  004  013  009  012  012  000  000  000  000  000  000  008  004 
 000  000  000  000  009  008  011  007  002  000  000  000  000  002  011  008 

Celda49

 002  000  000  030  049  024  006  008  006  002  005  008  008  000  004  008 
 004  000  000  037  050  026  010  010  006  001  002  008  007  004  002  019 
 010  009  004  048  058  031  016  013  006  002  004  003  002  006  009  004 
 011  012  012  056  067  039  019  011  002  003  004  000  000  004  010  000 
 018  014  017  064  071  034  009  004  000  001  006  002  000  000  002  000 
 012  012  022  074  069  027  006  004  000  000  007  008  002  000  000  000 
 004  006  028  072  058  021  010  008  002  000  010  013  002  000  000  000 
 002  004  028  062  041  009  008  010  008  008  019  017  004  004  004  000 
 000  000  027  056  031  002  002  004  010  016  021  013  004  008  014  013 
 000  000  034  057  030  003  001  000  008  015  011  002  000  004  011  014 
 000  000  043  055  024  000  002  004  009  007  004  000  000  008  009  010 
 000  004  040  046  020  002  000  002  003  000  000  000  005  012  010  006 
 004  002  030  042  024  004  000  002  000  000  000  005  010  008  007  000 
 000  000  018  042  031  004  000  000  000  000  000  010  008  005  010  002 
 000  000  014  044  034  002  000  000  000  000  000  004  000  002  010  008 
 000  000  014  040  026  000  000  000  001  008  010  004  000  000  002  010 

Celda50

 004  024  025  000  000  002  002  004  004  000  000  000  000  000  000  000 
 021  015  016  003  004  004  002  005  010  006  003  000  000  000  000  000 
 008  000  011  013  008  001  006  010  010  001  000  000  000  000  000  000 
 000  000  009  020  008  002  010  009  004  000  000  000  000  000  000  000 
 000  006  000  014  013  010  007  002  002  000  000  002  004  000  000  000 
 010  020  010  000  022  018  000  000  004  006  002  006  010  001  000  000 
 004  010  014  008  020  018  000  000  008  008  006  000  000  000  000  000 
 008  000  009  012  006  014  004  003  005  002  004  000  000  000  000  000 
 008  000  002  004  000  010  012  008  000  000  002  000  000  000  000  000 
 010  002  000  004  002  006  020  016  006  006  005  000  000  000  000  010 
 007  006  010  016  016  010  026  020  010  013  007  000  000  006  020  025 
 006  007  014  024  026  016  016  020  010  005  000  000  000  014  030  022 
 000  000  013  013  018  016  002  018  015  000  000  000  000  035  017  004 
 000  000  013  000  002  007  003  006  016  000  000  000  018  031  000  000 
 000  000  012  000  000  000  004  000  006  002  000  000  016  012  000  000 
 004  000  004  002  000  000  006  006  000  003  000  000  011  004  000  011 

Celda51

 000  000  064  071  034  026  020  043  036  018  016  020  014  016  019  013 
 000  026  084  053  012  016  031  051  043  026  016  014  017  018  013  013 
 000  042  065  016  000  014  040  037  026  017  009  010  014  018  016  018 
 000  048  032  000  000  012  025  009  007  010  002  004  016  019  020  033 
 025  052  003  000  006  028  017  001  009  019  008  004  019  020  023  037 
 042  038  000  000  012  028  017  011  024  025  012  006  016  019  020  027 
 036  036  000  004  036  034  026  031  033  022  010  011  017  027  024  015 
 017  032  024  035  043  034  036  036  029  021  013  020  025  033  025  010 
 021  054  074  071  043  026  023  016  013  012  012  016  020  021  014  008 
 053  092  098  066  023  008  001  004  010  012  012  012  006  007  011  017 
 059  080  064  024  001  000  000  002  007  010  012  018  017  011  020  025 
 041  054  036  004  000  000  000  008  011  007  009  020  025  022  017  012 
 028  050  028  000  000  000  010  030  026  019  024  034  035  019  006  005 
 035  052  022  000  000  002  039  049  033  025  031  038  034  012  000  002 
 046  053  021  000  004  026  059  054  030  023  028  036  034  016  005  000 
 069  052  018  003  008  035  056  044  016  010  010  022  025  012  008  000 

Celda52

 010  015  020  030  032  023  020  022  033  041  020  001  000  000  000  006 
 019  018  022  033  034  019  016  018  028  032  013  002  000  000  002  002 
 027  019  014  021  019  003  004  010  016  018  004  002  000  000  008  000 
 039  021  011  007  011  002  001  005  002  006  000  000  000  000  003  000 
 034  010  006  004  013  011  005  000  000  000  000  000  000  000  000  000 
 026  008  000  004  019  016  004  000  000  000  000  000  000  000  000  000 
 018  014  001  000  012  008  000  000  000  000  000  000  000  000  000  000 
 010  017  006  000  010  008  000  000  000  000  000  000  000  000  000  000 
 016  020  007  000  004  002  000  000  000  000  000  000  000  000  000  000 
 024  022  011  008  005  000  000  000  000  000  000  000  000  000  002  004 
 021  011  002  000  000  000  000  000  000  000  000  004  000  000  006  010 
 006  003  000  000  000  000  000  000  000  006  011  000  000  000  006  014 
 002  000  000  000  000  002  000  000  000  010  011  000  000  000  007  008 
 002  000  000  000  000  012  004  000  000  004  000  000  000  003  008  000 
 000  000  000  000  000  005  000  000  000  000  000  000  000  000  004  000 
 000  000  000  004  009  000  000  000  000  000  000  000  000  000  000  011 

Celda53

 013  015  013  009  006  000  000  000  010  006  000  000  000  000  004  010 
 000  000  000  002  000  000  000  000  008  003  000  000  000  000  008  008 
 000  000  000  000  000  000  000  000  004  006  000  001  000  000  010  008 
 000  004  002  000  000  000  000  000  001  012  002  001  000  000  004  002 
 000  000  000  000  000  000  000  000  000  015  004  000  000  000  000  000 
 000  000  000  000  000  000  000  000  000  010  000  000  000  000  000  000 
 000  000  000  000  000  000  000  000  000  002  000  000  000  001  000  002 
 000  004  002  000  000  000  000  000  000  000  000  000  000  010  010  012 
 000  003  000  000  000  000  000  000  000  000  000  000  008  027  029  027 
 008  002  000  000  000  000  000  000  000  000  000  009  025  034  031  027 
 003  000  000  000  000  000  000  000  008  002  012  025  030  024  020  020 
 000  000  000  000  000  000  000  014  030  023  021  026  024  015  017  022 
 000  000  000  000  000  000  020  053  050  028  018  018  015  012  020  025 
 000  000  000  000  024  042  061  067  048  026  018  008  002  006  014  015 
 000  000  012  030  050  065  065  050  031  019  012  002  000  007  018  018 
 015  022  038  033  038  048  036  015  007  005  005  002  000  012  040  043 

Celda54

 000  000  000  000  000  008  010  000  002  012  032  042  039  032  027  018 
 000  000  000  000  000  014  022  011  017  026  034  031  027  028  027  017 
 000  000  000  000  000  022  032  017  016  022  021  013  010  014  014  005 
 000  000  000  000  007  030  030  015  009  012  012  008  005  012  012  004 
 000  000  001  010  028  038  031  015  002  002  010  011  006  003  007  008 
 000  013  024  030  041  042  029  008  000  004  012  009  006  008  010  015 
 012  028  031  030  036  030  012  001  000  004  013  014  009  011  018  022 
 021  026  022  026  028  011  000  000  000  006  008  016  017  016  016  015 
 025  018  017  032  028  000  000  000  007  009  004  014  022  012  005  000 
 018  012  012  030  020  000  000  001  011  007  006  006  018  016  006  000 
 011  008  007  021  013  000  003  002  006  008  007  002  006  016  011  000 
 012  008  008  019  011  002  005  000  004  015  003  002  000  011  014  000 
 010  006  007  016  008  001  000  000  002  024  008  004  004  000  012  010 
 002  004  008  011  004  000  000  000  006  031  019  008  008  006  007  012 
 011  010  009  002  000  000  000  000  012  038  020  002  006  013  013  009 
 028  015  006  000  000  000  000  000  012  042  018  000  001  010  010  004 

Celda55

 010  012  008  004  006  011  023  016  002  003  004  000  013  058  074  010 
 007  006  007  008  008  009  010  009  002  002  005  010  026  050  056  000 
 002  001  004  008  010  006  000  003  004  007  015  025  024  035  048  000 
 000  000  002  002  000  000  000  000  009  020  024  016  009  030  050  000 
 006  003  000  000  002  000  000  000  016  023  013  003  001  031  056  000 
 014  010  006  008  010  006  003  003  013  014  008  000  000  029  060  000 
 019  016  016  020  020  013  008  004  006  004  004  000  000  028  062  000 
 011  008  010  013  011  008  004  002  002  000  000  002  000  030  065  000 
 000  000  006  011  000  000  000  000  000  000  000  004  008  034  067  001 
 000  000  006  013  002  000  000  000  000  000  000  008  014  039  069  004 
 000  000  006  010  002  000  000  000  000  000  000  012  016  044  070  000 
 000  000  005  008  002  000  000  000  000  000  005  016  014  042  070  000 
 000  000  000  008  006  003  000  000  004  006  017  024  015  038  068  000 
 000  006  006  002  008  004  004  002  004  013  027  026  015  043  076  008 
 010  013  018  016  019  011  008  010  008  016  022  014  009  044  077  009 
 020  022  020  022  025  018  016  010  005  008  008  003  005  038  066  000 

Celda56

 000  000  000  000  014  010  003  000  000  000  008  011  006  000  011  014 
 000  000  000  000  020  014  000  000  000  005  012  026  026  016  018  017 
 000  000  000  000  018  011  000  000  000  018  018  008  014  014  015  011 
 000  000  000  000  010  005  000  000  000  022  022  000  000  000  002  005 
 000  000  000  000  004  001  000  000  000  022  021  000  000  000  006  016 
 000  000  000  000  000  000  000  000  002  018  021  002  000  001  016  034 
 000  000  000  000  000  002  003  002  005  014  018  007  000  009  022  024 
 000  000  000  000  000  003  008  008  007  010  013  006  002  003  012  008 
 000  000  000  000  004  007  006  004  004  012  010  000  002  013  012  000 
 000  000  000  000  002  003  000  000  006  017  008  000  000  016  016  000 
 000  000  001  004  009  004  001  000  011  020  005  000  000  012  010  000 
 000  000  001  004  011  006  008  010  020  018  000  000  007  009  000  000 
 000  000  002  004  008  004  008  010  008  008  001  000  004  002  000  002 
 006  016  037  050  050  046  046  046  044  045  045  040  036  033  036  046 
 012  030  067  090  092  090  088  088  090  094  093  087  085  085  090  092 
 000  000  000  000  000  000  000  000  000  003  003  000  000  001  005  006 

Celda57

 000  000  016  034  014  000  000  002  006  020  010  000  002  001  000  006 
 000  000  020  035  009  002  006  003  006  018  010  000  000  002  000  000 
 001  002  027  035  014  010  010  004  002  008  007  005  004  003  005  008 
 008  020  041  041  021  009  006  003  000  000  006  012  009  003  008  010 
 018  026  045  044  022  008  002  000  000  002  012  015  008  000  002  001 
 019  012  031  030  010  004  003  002  002  009  012  009  004  000  000  000 
 003  004  026  016  000  002  006  008  008  011  005  004  002  000  000  000 
 000  008  032  016  000  002  007  008  009  009  005  004  001  000  000  000 
 000  016  038  014  000  004  004  008  011  011  012  010  004  000  000  000 
 000  024  041  013  002  004  001  004  010  008  008  007  003  000  000  000 
 003  032  037  007  000  002  005  006  002  000  000  000  000  000  000  000 
 011  032  031  004  000  002  010  010  001  000  000  000  000  000  000  000 
 019  030  020  000  000  005  013  012  000  000  000  000  000  000  000  000 
 056  058  040  024  024  031  038  037  027  028  032  030  028  034  040  038 
 094  092  076  070  070  076  083  080  069  068  074  077  078  084  086  079 
 010  012  002  000  000  005  013  010  002  000  000  000  000  006  008  000 

Celda58

 009  000  000  005  007  000  004  005  000  000  000  000  006  006  000  050 
 006  000  000  006  014  004  000  000  002  000  000  000  006  010  016  078 
 010  002  000  006  011  005  000  000  000  000  000  000  006  016  041  080 
 008  004  002  003  004  000  000  000  000  000  000  000  007  026  062  065 
 000  000  008  003  000  000  000  000  000  000  000  000  012  042  066  044 
 000  000  004  002  000  000  000  002  000  000  000  000  024  060  051  029 
 000  000  000  000  002  004  002  004  003  000  000  006  056  072  033  018 
 000  000  000  000  000  000  002  001  000  000  000  025  082  074  023  008 
 000  000  004  000  000  000  000  000  000  000  000  045  087  061  022  012 
 000  000  000  000  000  002  002  000  000  000  004  050  076  042  016  015 
 000  000  000  000  002  003  000  000  000  000  012  059  071  034  010  016 
 000  000  000  000  006  000  000  000  000  000  022  074  076  031  005  014 
 000  000  000  002  004  000  000  000  000  000  051  094  056  023  010  006 
 036  032  032  039  038  033  028  028  035  051  124  119  051  023  033  034 
 080  082  084  090  085  084  088  096  108  124  166  129  072  068  086  077 
 000  000  000  006  001  000  000  000  000  010  048  026  000  003  025  018 

Celda59

 088  045  013  012  018  029  040  028  000  000  000  018  020  000  001  000 
 073  023  010  020  021  022  028  025  002  000  000  014  019  000  000  000 
 034  001  004  023  022  018  020  023  007  000  000  008  011  000  000  000 
 014  000  007  022  020  014  012  019  010  000  000  002  004  000  000  000 
 004  000  015  022  018  013  012  014  009  000  000  000  000  000  000  000 
 008  004  017  024  020  011  010  010  004  000  000  004  000  000  000  002 
 020  018  019  019  020  012  006  003  000  000  004  000  000  000  000  001 
 028  025  012  012  017  013  004  000  000  002  006  000  000  000  000  003 
 029  026  012  010  014  015  004  002  000  000  000  000  000  000  000  004 
 027  024  015  008  010  015  007  000  000  000  000  000  000  000  003  000 
 026  024  015  004  004  010  008  002  000  000  000  000  000  001  000  000 
 022  015  005  003  000  002  004  002  002  000  000  000  000  000  000  000 
 005  000  000  005  000  000  000  000  004  010  004  000  000  000  000  000 
 022  020  017  027  027  026  026  030  037  043  030  020  016  014  016  026 
 059  062  066  079  076  070  070  075  076  072  058  058  064  070  079  090 
 001  000  000  011  008  000  000  004  004  003  000  000  000  000  000  006 

Celda60

 000  000  002  012  007  000  000  002  000  000  000  000  000  000  000  029 
 000  000  008  008  001  000  006  014  015  008  002  000  008  028  051  074 
 000  004  004  000  000  009  018  020  022  023  018  015  030  056  069  058 
 006  005  000  000  002  014  018  008  000  000  009  024  056  050  030  017 
 000  000  000  000  002  000  000  000  000  000  000  015  032  005  000  003 
 000  000  000  006  000  000  000  000  000  000  005  026  024  000  006  019 
 002  008  015  014  000  000  000  000  000  000  025  042  032  011  016  026 
 005  017  021  006  000  000  000  000  006  027  040  033  017  008  011  021 
 006  012  011  000  000  000  000  014  044  053  039  018  008  012  017  021 
 000  000  000  000  000  000  018  047  062  052  030  018  012  020  028  026 
 000  000  001  010  000  016  041  053  047  028  014  014  016  024  031  023 
 000  000  016  039  038  038  038  032  020  005  001  002  009  018  023  013 
 000  008  052  058  044  031  018  009  002  000  000  002  006  010  012  006 
 044  075  088  079  065  047  038  032  027  024  026  034  037  037  036  032 
 106  111  106  097  086  068  065  064  062  062  067  072  070  068  067  064 
 012  015  018  019  014  000  000  000  000  000  005  006  003  004  007  006 

Celda61

 044  051  040  017  011  024  024  010  007  007  012  014  014  033  058  041 
 056  042  028  005  004  009  022  023  028  019  020  021  019  030  038  014 
 037  034  034  021  020  015  018  032  033  014  014  017  015  008  020  010 
 029  044  050  040  031  028  014  023  029  013  000  006  007  000  006  008 
 039  046  038  025  016  019  014  000  017  022  012  000  002  000  000  006 
 042  028  006  000  000  008  014  008  002  024  024  002  004  006  000  004 
 032  012  000  000  008  008  017  020  014  025  030  011  004  008  011  010 
 019  002  000  002  018  019  013  016  014  022  027  006  000  000  008  010 
 013  004  002  010  020  012  000  000  003  004  016  003  000  000  000  000 
 015  009  005  011  009  004  000  000  000  000  006  003  000  000  000  000 
 006  002  000  007  002  000  000  000  000  000  000  004  000  002  004  006 
 000  000  000  006  002  000  000  000  000  005  008  010  005  008  012  015 
 000  004  004  000  002  000  000  002  007  004  007  009  008  012  012  011 
 030  036  039  032  020  018  026  041  050  041  038  043  048  049  048  048 
 059  061  066  070  070  070  080  089  086  073  070  076  081  074  076  080 
 001  000  000  000  000  001  009  011  007  000  000  006  010  000  000  000 

Celda62

 013  004  000  000  000  002  002  010  016  040  016  000  002  006  004  004 
 000  000  000  000  000  016  015  020  016  034  012  000  002  008  000  003 
 000  000  000  000  010  033  026  021  015  016  012  002  006  010  000  000 
 002  000  000  000  027  032  011  006  006  003  015  011  014  013  005  000 
 014  000  004  009  025  018  001  000  000  002  016  016  010  006  004  001 
 027  018  011  005  012  011  000  000  000  001  011  016  010  000  000  000 
 040  025  008  000  002  008  000  000  000  002  007  016  016  002  000  000 
 022  017  000  000  000  009  004  000  000  000  000  014  023  010  000  001 
 003  014  002  000  002  009  005  000  000  005  003  000  020  023  000  000 
 000  012  016  008  010  005  000  000  008  011  010  000  006  028  006  000 
 008  019  025  019  010  002  000  000  018  015  000  000  000  019  011  000 
 014  015  016  014  007  000  000  000  022  017  000  000  000  008  016  000 
 009  004  004  012  012  000  000  000  017  014  000  000  000  014  031  020 
 050  048  035  030  039  027  036  041  044  041  031  036  049  069  074  049 
 086  086  080  078  092  076  084  094  098  099  091  092  102  108  097  080 
 000  000  000  001  017  000  000  000  000  004  001  004  012  014  004  000 

Celda63

 018  014  004  010  015  012  008  000  000  008  008  006  004  032  062  000 
 009  013  001  000  008  003  000  000  000  007  010  012  002  024  060  000 
 000  009  008  009  004  000  000  000  003  001  006  013  001  021  062  000 
 000  005  016  016  002  000  000  006  010  008  003  006  000  024  068  000 
 000  000  017  022  005  000  005  006  004  000  000  000  000  030  078  007 
 000  000  008  024  016  000  000  000  000  000  000  000  000  039  081  005 
 000  000  000  021  024  004  000  000  000  000  000  003  014  051  082  005 
 000  000  000  008  018  004  000  000  000  009  013  022  031  059  084  012 
 000  000  000  000  010  009  000  000  020  028  017  022  031  054  076  012 
 000  000  000  000  012  023  016  016  029  027  013  016  023  042  063  004 
 000  004  019  021  032  042  030  018  009  016  008  008  012  038  063  000 
 010  025  036  031  029  033  019  006  000  012  018  007  002  036  070  000 
 008  006  018  016  010  010  008  000  000  000  022  014  000  035  077  000 
 036  028  044  046  037  036  033  029  030  028  037  035  025  060  096  016 
 078  078  089  091  080  077  078  077  082  085  090  092  083  104  121  049 
 000  000  012  022  012  002  000  000  000  000  005  015  010  028  052  000 

