Celda0

 000  000  000  000  000  000  003  005  002  000  001  002  000  000  000  000 
 000  000  000  000  000  000  006  012  006  000  002  004  000  000  000  000 
 000  000  000  000  000  000  012  022  014  002  005  008  000  000  000  000 
 000  000  000  000  000  000  012  020  017  008  010  008  000  000  000  000 
 000  000  000  000  000  020  031  022  010  013  017  013  006  007  008  007 
 000  000  000  000  000  018  019  002  000  012  024  015  000  006  010  010 
 000  000  000  000  000  022  020  000  000  004  024  023  006  000  002  002 
 000  000  000  000  000  020  021  003  000  002  016  024  012  002  000  000 
 001  001  000  000  000  024  024  009  004  004  009  020  016  004  000  000 
 006  012  018  009  000  029  030  014  002  000  006  024  022  002  000  000 
 001  005  015  021  014  030  035  017  002  000  009  027  020  000  000  000 
 000  000  010  023  022  027  041  021  001  000  014  030  015  000  002  006 
 002  005  012  016  014  017  043  017  000  000  020  026  010  000  004  010 
 001  001  000  000  004  014  037  006  000  000  023  023  006  000  000  004 
 000  000  000  000  004  014  024  000  000  002  027  026  005  000  000  002 
 000  000  000  000  000  006  013  000  000  006  024  026  007  004  003  007 

Celda1

 000  000  001  000  001  002  002  000  000  000  000  000  000  000  000  000 
 000  001  003  000  002  004  004  000  000  000  000  000  000  000  000  000 
 000  004  010  002  003  008  002  000  000  000  000  000  000  000  000  000 
 000  006  018  005  001  005  000  000  000  000  000  000  000  000  000  000 
 004  012  030  019  010  000  000  000  000  010  023  019  016  005  000  000 
 006  010  024  012  000  000  000  000  006  024  018  010  012  010  008  013 
 000  004  016  012  000  000  000  008  014  012  004  000  002  006  012  019 
 000  003  009  010  004  000  005  007  002  000  001  000  000  000  008  020 
 000  008  015  016  008  002  002  001  000  000  000  000  000  000  000  020 
 000  008  015  017  007  002  000  006  012  012  007  000  000  000  008  021 
 000  012  018  010  000  000  004  011  013  008  002  000  003  012  026  024 
 010  023  017  004  000  000  001  010  004  000  000  000  012  032  036  027 
 019  025  007  000  000  000  010  012  008  004  002  005  024  040  036  028 
 015  014  004  002  000  000  016  017  007  008  006  010  033  037  028  021 
 008  004  000  006  014  014  020  014  000  001  006  020  036  027  012  004 
 000  000  000  000  010  016  018  010  000  008  018  028  027  011  002  000 

Celda2

 000  000  002  003  000  000  000  002  004  004  003  000  000  000  003  003 
 000  000  004  006  000  000  000  006  010  007  002  000  000  000  010  009 
 000  000  006  006  000  000  000  018  022  007  000  000  000  000  028  024 
 000  002  005  000  000  000  000  027  028  000  000  000  000  018  050  036 
 011  038  027  018  011  010  009  027  026  000  000  008  017  048  065  039 
 035  045  026  022  015  008  000  011  022  004  015  046  058  053  038  026 
 037  034  016  016  015  010  000  000  024  030  038  046  046  028  002  008 
 033  024  010  011  014  012  008  007  041  060  050  024  020  016  012  002 
 027  014  004  000  002  006  010  013  047  056  031  000  002  016  028  030 
 015  005  000  000  000  002  010  010  031  039  018  000  001  020  034  038 
 008  003  002  002  002  010  017  012  017  033  013  000  001  025  019  019 
 017  014  014  012  010  015  018  010  004  028  008  000  014  012  000  000 
 024  022  018  018  020  016  006  000  000  026  006  003  016  008  000  000 
 017  012  012  022  028  016  000  000  000  020  009  006  011  006  006  006 
 004  008  012  017  018  010  003  004  000  003  008  008  012  017  022  027 
 000  012  016  007  000  000  009  018  004  000  000  016  032  042  045  041 

Celda3

 000  000  001  003  004  003  002  001  001  003  003  001  000  000  000  002 
 000  000  002  010  010  007  005  004  003  006  007  002  000  000  000  006 
 000  000  002  023  024  016  012  010  008  013  013  000  000  000  004  012 
 000  000  001  028  029  022  021  016  012  014  012  000  000  002  029  028 
 004  016  027  037  017  022  029  022  010  008  004  000  006  044  052  018 
 010  002  026  021  004  014  025  020  006  002  004  008  035  059  023  000 
 016  023  020  002  004  004  003  004  005  009  020  035  061  047  000  000 
 010  026  022  011  008  004  000  000  004  024  042  064  065  025  000  000 
 016  007  013  022  026  003  000  002  010  043  065  067  044  009  000  000 
 027  004  000  019  030  014  000  009  034  057  057  041  028  006  000  000 
 017  012  000  000  016  026  023  019  039  047  030  012  010  016  012  016 
 003  012  012  002  000  029  042  042  035  035  013  000  000  026  038  032 
 000  010  020  030  036  042  034  044  044  028  000  000  000  021  044  040 
 008  019  032  048  058  049  024  030  045  030  002  000  000  002  028  042 
 022  034  044  047  046  038  030  040  027  006  006  005  000  000  002  034 
 034  032  033  030  027  030  042  054  025  000  002  027  004  000  000  008 

Celda4

 000  000  000  001  000  000  002  000  000  000  004  002  000  000  000  000 
 000  000  000  002  000  000  004  000  000  001  010  006  000  000  000  002 
 000  000  000  000  000  000  008  000  000  004  024  014  000  000  000  012 
 006  000  000  000  000  000  005  000  000  010  028  013  000  000  010  025 
 005  004  007  006  006  005  000  000  000  017  017  000  000  000  035  048 
 000  000  000  003  009  008  000  000  006  015  000  000  000  024  046  030 
 000  000  002  014  016  010  005  008  024  017  000  000  008  050  050  020 
 000  012  030  019  008  004  012  025  033  014  010  019  044  056  035  010 
 010  035  030  008  000  000  012  025  011  000  004  021  037  029  019  007 
 025  036  018  004  000  002  017  004  000  000  002  010  011  012  019  012 
 033  022  002  000  002  011  009  000  000  000  011  014  018  024  026  016 
 022  006  000  000  000  011  000  000  004  024  033  036  038  032  025  015 
 019  000  000  000  008  007  000  003  023  039  042  043  033  019  014  007 
 023  000  000  000  018  008  000  016  039  036  034  031  017  013  007  001 
 028  000  000  004  016  013  017  032  032  020  018  016  011  015  016  009 
 020  004  000  014  018  022  030  029  020  008  007  009  017  023  022  021 

Celda5

 001  000  000  000  000  000  000  004  005  004  003  002  001  000  000  000 
 003  000  000  000  000  000  000  006  010  010  008  004  002  000  000  000 
 008  000  000  000  000  000  000  004  012  016  016  008  000  000  000  001 
 016  006  004  000  000  000  008  008  003  010  015  004  000  000  000  010 
 024  016  016  011  014  028  042  049  051  045  032  014  000  000  000  014 
 008  000  000  000  004  024  027  030  036  042  041  034  031  031  024  020 
 005  000  000  000  000  019  017  019  021  018  020  022  034  049  054  050 
 000  000  000  000  005  015  013  011  004  000  000  000  007  023  032  035 
 000  000  000  007  028  027  015  005  000  000  000  000  000  000  000  006 
 004  004  009  040  049  032  018  006  002  003  004  002  000  000  000  005 
 010  015  032  051  033  010  006  006  012  018  026  026  016  004  007  020 
 012  020  041  033  000  000  000  004  019  018  022  020  018  020  041  055 
 006  019  034  010  000  000  008  021  019  009  006  004  005  018  057  065 
 002  020  022  002  000  000  035  030  004  000  000  000  004  027  053  048 
 012  024  004  000  000  013  045  012  000  000  000  000  009  030  040  026 
 020  011  000  000  000  032  030  000  000  000  002  000  011  022  022  015 

Celda6

 004  007  002  000  000  000  000  000  000  001  000  000  000  000  003  005 
 010  014  005  000  000  000  000  000  000  004  002  000  000  000  008  014 
 020  026  012  002  000  000  000  000  000  010  006  000  000  000  018  030 
 022  026  019  012  008  000  000  000  000  020  012  000  000  000  026  038 
 014  014  020  026  024  011  000  000  002  025  012  000  010  028  060  057 
 005  000  011  034  035  014  000  000  008  023  008  000  000  028  041  027 
 044  034  020  035  028  004  000  000  006  014  000  000  015  029  012  004 
 036  038  039  049  034  011  006  000  000  000  000  000  036  033  002  000 
 010  017  022  029  029  027  030  027  022  020  020  030  053  021  000  000 
 000  004  004  006  017  015  016  016  024  041  056  069  067  030  020  025 
 017  012  004  000  017  006  000  000  006  034  040  039  026  020  027  047 
 042  032  020  007  010  000  000  000  020  031  012  000  000  009  032  043 
 042  034  026  022  012  001  000  002  025  024  005  000  012  028  040  030 
 019  012  010  016  018  016  023  033  037  010  000  003  028  035  027  010 
 000  000  000  005  008  012  022  031  020  010  008  015  033  034  024  008 
 000  000  000  007  003  006  019  011  000  000  004  017  027  031  030  023 

Celda7

 005  002  000  000  000  003  003  002  000  000  000  000  000  000  006  000 
 012  005  000  000  000  008  010  006  000  000  000  000  000  001  014  000 
 026  010  000  000  000  018  025  015  000  000  000  000  000  006  033  000 
 031  008  000  000  000  025  037  024  000  000  000  000  000  018  049  000 
 039  004  000  000  002  039  038  020  000  000  000  000  000  028  056  000 
 013  000  000  004  039  067  041  007  000  000  009  012  008  035  053  000 
 004  000  000  000  040  045  006  000  000  004  028  028  024  041  051  002 
 003  000  000  008  038  025  000  000  000  026  026  008  008  020  039  001 
 006  000  000  006  022  010  000  000  010  039  034  002  000  017  042  000 
 044  033  024  008  000  000  000  000  022  038  030  011  002  025  048  000 
 057  039  032  026  020  016  018  020  035  027  019  018  016  031  050  000 
 029  010  012  022  031  033  036  046  063  058  042  044  045  047  055  005 
 011  000  001  011  016  012  008  031  059  058  048  062  064  055  058  018 
 006  008  009  008  004  000  000  028  048  037  030  050  048  036  045  019 
 002  008  009  007  006  006  004  029  045  026  018  035  024  016  034  014 
 012  008  002  000  000  004  008  027  034  028  028  026  007  007  030  008 

Celda8

 000  000  000  000  000  003  010  001  000  000  014  022  006  000  000  003 
 000  000  000  000  000  004  012  001  000  002  008  014  009  000  001  002 
 000  000  000  000  000  004  012  000  000  004  004  006  008  004  006  008 
 001  002  004  004  004  001  008  000  000  005  004  002  004  004  010  016 
 000  000  002  002  000  000  002  000  000  004  010  006  002  001  010  022 
 000  000  000  000  000  000  000  000  000  004  014  010  002  000  006  024 
 000  000  000  000  000  000  003  000  000  010  022  013  004  002  010  027 
 001  002  002  000  000  000  009  002  003  019  025  016  007  006  012  020 
 000  000  000  000  003  012  012  002  006  026  029  018  009  007  012  009 
 000  000  000  000  009  018  010  005  013  032  028  009  002  008  015  008 
 000  000  001  004  012  016  012  011  017  030  017  002  003  014  016  011 
 001  004  008  011  013  012  008  008  008  018  010  000  012  019  018  017 
 002  005  011  014  010  005  002  002  000  012  012  009  020  024  023  022 
 001  002  003  002  000  000  000  000  004  012  017  018  019  017  013  012 
 000  000  000  000  000  000  001  003  006  019  026  021  008  010  010  010 
 000  000  000  000  000  007  008  007  004  019  032  021  005  000  010  013 

Celda9

 000  000  004  008  008  010  012  008  007  014  019  017  006  004  002  000 
 000  000  000  014  019  014  001  002  002  004  004  002  000  003  008  001 
 002  006  002  012  023  018  005  000  000  000  000  000  000  005  008  000 
 004  004  008  014  021  014  006  000  000  000  000  000  000  005  003  000 
 014  001  012  023  023  002  000  003  000  000  000  000  000  002  006  003 
 022  011  015  027  019  006  000  004  009  000  000  000  000  000  016  017 
 030  018  016  019  008  001  000  000  014  002  000  000  000  000  020  020 
 024  014  008  005  000  000  000  000  010  002  000  000  000  002  012  012 
 013  015  013  002  000  000  000  000  000  000  000  001  004  000  002  008 
 002  010  018  006  002  008  010  004  000  000  008  006  006  000  000  008 
 012  018  032  031  027  034  032  022  010  000  013  012  005  006  000  004 
 018  029  043  041  029  036  037  030  022  016  010  012  000  005  008  006 
 021  026  031  025  013  008  012  014  016  021  018  010  002  000  006  012 
 014  016  015  011  005  000  000  000  013  025  030  024  011  006  010  026 
 013  012  008  006  002  000  000  001  015  024  024  020  018  018  017  029 
 018  014  007  009  007  006  010  012  014  013  008  004  009  016  014  009 

Celda10

 006  003  008  003  000  000  001  006  000  000  000  030  062  070  060  041 
 002  002  000  004  002  000  000  000  000  000  006  053  094  086  050  022 
 000  004  000  000  000  000  000  000  000  023  046  092  105  070  030  014 
 000  005  000  000  000  000  000  000  017  042  058  087  080  042  016  008 
 002  000  000  000  000  000  007  019  029  040  044  046  034  014  010  006 
 006  000  000  000  000  013  030  036  034  031  022  002  005  014  020  021 
 004  000  000  006  016  030  028  036  036  030  019  000  000  022  040  033 
 001  000  003  017  018  023  021  022  028  028  023  011  000  025  051  044 
 008  018  020  010  010  018  014  005  008  015  022  027  024  026  045  046 
 020  020  004  000  008  022  008  000  000  003  014  024  025  014  037  042 
 022  018  005  007  019  013  004  000  000  004  003  006  002  000  035  054 
 012  014  012  016  016  001  000  000  002  001  000  000  000  000  044  066 
 024  031  026  011  008  000  000  000  000  000  000  000  000  002  053  069 
 039  040  024  010  000  000  000  000  000  001  004  003  006  012  051  058 
 037  030  017  012  008  000  000  006  004  003  006  007  011  010  026  049 
 019  010  003  005  006  004  002  004  004  002  000  000  005  004  003  041 

Celda11

 029  015  010  012  021  037  050  044  030  027  023  027  009  000  000  000 
 012  000  000  004  024  038  032  024  028  046  054  040  021  007  000  000 
 008  000  001  014  025  020  005  010  028  047  056  054  043  020  000  000 
 003  002  010  024  028  013  002  016  033  038  044  047  040  028  018  017 
 002  006  023  033  026  018  023  027  025  023  022  026  024  026  038  054 
 025  038  050  046  037  034  028  013  002  006  000  000  000  008  030  058 
 035  046  051  043  039  034  016  000  000  001  000  000  000  000  020  042 
 032  035  034  028  028  019  004  000  000  000  000  000  000  004  025  030 
 042  035  028  025  023  004  000  000  000  000  000  000  014  041  039  028 
 049  050  039  031  018  000  000  000  000  001  014  027  042  053  035  027 
 066  060  041  023  000  000  000  000  008  012  030  030  030  031  017  018 
 063  047  026  008  000  000  000  000  017  033  027  010  005  008  003  006 
 053  038  018  000  000  000  000  006  030  028  010  000  000  004  004  000 
 051  039  010  000  000  000  000  017  021  014  005  000  002  004  000  000 
 054  040  004  000  000  001  013  022  012  005  004  004  007  004  000  000 
 060  040  006  000  002  017  025  023  010  001  002  003  005  003  000  000 

Celda12

 000  014  028  034  030  025  025  028  024  011  006  010  022  026  016  020 
 000  016  050  057  042  021  016  028  024  006  004  020  031  021  000  002 
 000  014  049  061  049  024  019  030  018  000  003  030  041  023  002  000 
 026  037  035  041  046  036  030  029  011  000  007  032  042  024  000  000 
 063  058  034  011  034  042  038  026  010  006  016  029  034  023  002  000 
 073  072  063  048  031  028  034  022  008  010  021  028  028  023  006  000 
 053  058  067  071  054  020  016  016  002  002  017  028  028  024  012  000 
 030  034  043  049  043  029  014  013  000  000  005  020  022  022  018  014 
 023  020  020  023  030  038  042  038  027  022  017  000  000  010  028  040 
 025  024  021  022  034  048  054  050  038  026  016  006  000  000  033  056 
 022  027  030  032  035  038  038  039  037  030  022  017  016  014  031  052 
 012  016  022  026  024  020  020  025  029  032  037  036  033  034  041  045 
 000  002  000  005  010  012  012  013  016  024  034  038  033  028  026  030 
 000  002  002  000  000  008  009  006  008  013  016  020  022  020  016  012 
 000  000  002  002  000  006  010  012  014  012  008  008  014  020  022  014 
 000  000  001  006  001  002  007  016  022  022  014  011  016  021  025  028 

Celda13

 011  000  000  000  021  042  013  002  008  008  000  011  014  009  005  000 
 000  000  000  012  053  037  008  011  020  022  014  018  014  000  000  000 
 000  000  000  040  048  010  000  002  008  016  020  019  008  000  000  000 
 000  000  008  042  025  003  000  009  006  002  008  006  002  000  000  000 
 000  000  029  033  008  002  009  015  010  000  000  000  000  000  000  001 
 000  007  042  025  000  002  017  028  016  003  000  000  000  000  000  008 
 000  027  032  003  000  003  020  026  005  000  000  000  000  000  000  017 
 024  030  013  000  000  006  020  022  002  000  000  000  000  000  006  025 
 042  028  003  000  000  008  014  012  000  000  000  000  000  000  026  029 
 048  023  004  000  000  006  008  002  000  000  000  000  000  008  032  026 
 041  020  016  010  003  006  008  002  003  004  001  000  006  033  031  014 
 027  018  024  020  007  005  005  003  011  018  016  015  034  056  037  033 
 016  010  015  020  018  010  006  010  009  004  004  013  043  044  024  040 
 004  000  000  013  022  015  014  022  014  000  000  008  031  017  007  020 
 000  000  000  001  011  016  026  032  018  000  000  017  015  004  007  014 
 026  018  005  000  000  009  030  037  029  020  017  015  000  000  006  009 

Celda14

 000  000  006  010  008  016  021  004  000  000  007  009  019  035  041  033 
 000  011  016  000  007  020  007  000  000  002  011  006  025  044  039  022 
 000  023  017  000  001  004  000  000  000  012  002  006  040  049  031  010 
 006  032  015  004  006  000  000  000  000  002  000  014  045  037  016  002 
 026  038  026  023  016  008  002  005  007  002  002  026  034  026  012  000 
 034  034  027  022  013  008  010  018  019  021  028  035  022  012  002  000 
 032  024  021  011  001  000  003  010  018  030  035  026  013  000  000  000 
 023  016  019  004  000  000  000  002  018  030  020  014  005  000  000  000 
 013  012  014  000  000  000  000  000  020  019  000  000  000  000  002  013 
 015  018  009  000  000  000  000  007  017  012  000  000  000  000  010  022 
 020  020  000  000  000  005  010  017  007  000  000  000  000  003  016  019 
 051  029  004  000  007  018  032  023  009  004  003  004  018  030  022  015 
 050  016  009  016  027  028  035  013  004  008  013  019  036  037  021  016 
 012  000  001  016  020  018  019  000  000  002  014  024  028  021  010  010 
 006  000  000  009  006  008  008  003  007  025  035  026  016  007  001  002 
 001  000  005  010  008  010  006  009  027  045  033  016  012  008  003  000 

Celda15

 016  016  012  004  000  000  008  029  022  020  028  026  007  015  034  000 
 004  014  023  024  018  018  039  053  030  006  012  016  006  022  045  000 
 001  000  014  020  020  029  070  071  051  036  016  004  000  020  050  000 
 000  002  000  000  000  032  070  055  038  042  042  038  030  032  062  011 
 000  004  000  000  000  049  060  029  012  020  030  034  035  047  082  036 
 004  004  000  000  026  062  043  008  000  002  006  009  017  045  073  031 
 004  000  000  017  048  052  020  000  000  000  000  000  005  036  050  011 
 000  000  002  035  056  043  016  001  000  000  000  000  004  025  035  000 
 017  013  014  047  046  028  012  004  002  002  000  000  000  017  034  000 
 020  024  036  066  051  013  002  004  012  014  002  000  000  012  036  000 
 013  014  025  050  038  016  014  015  028  031  007  000  000  014  040  000 
 009  003  008  036  024  004  010  021  032  027  007  004  002  024  052  009 
 012  006  004  034  025  006  003  008  012  009  000  004  011  038  063  018 
 010  011  008  024  021  007  004  008  013  008  000  001  014  046  065  018 
 002  003  004  015  014  004  001  008  015  011  004  001  020  047  053  009 
 000  000  004  020  010  000  000  008  013  012  011  017  031  039  037  004 

Celda16

 000  000  000  000  000  013  010  000  000  021  033  010  004  000  008  012 
 000  000  000  000  001  016  016  002  000  020  030  002  000  000  007  010 
 000  000  000  000  000  020  021  008  000  016  030  008  000  000  008  014 
 000  000  000  000  000  025  026  009  000  011  028  012  000  002  016  028 
 001  004  012  020  021  035  025  005  000  012  030  018  008  010  022  031 
 002  006  019  032  036  032  014  000  000  011  030  022  000  000  007  022 
 002  006  016  026  032  031  022  010  000  004  024  026  003  000  000  022 
 002  004  008  010  016  024  030  028  017  004  016  024  006  000  000  023 
 002  004  005  005  008  019  021  026  022  010  008  023  013  012  016  029 
 001  002  004  004  010  020  012  018  022  017  002  021  024  018  014  008 
 000  000  000  002  013  022  014  018  030  034  023  011  028  023  001  000 
 000  001  005  011  023  026  020  020  030  040  037  022  020  027  000  000 
 000  002  011  020  029  027  022  017  018  026  034  034  022  019  000  000 
 002  006  012  017  023  023  017  008  006  011  024  037  038  024  008  002 
 004  008  010  006  005  008  005  004  004  006  013  026  036  037  028  014 
 002  004  004  000  000  007  008  006  008  009  007  014  023  032  031  020 

Celda17

 016  016  016  014  006  006  010  012  011  008  006  003  004  013  018  010 
 012  017  022  020  004  000  000  000  002  002  003  004  009  029  026  026 
 010  014  022  020  006  000  000  000  000  000  000  000  018  035  015  012 
 016  007  016  016  005  000  000  000  000  000  000  000  025  027  003  002 
 011  000  010  013  005  003  000  000  001  000  000  004  028  019  000  004 
 005  000  010  014  004  005  000  000  000  002  008  005  024  020  000  000 
 014  000  012  014  000  001  004  000  000  004  004  006  013  017  000  000 
 022  011  011  009  000  000  006  000  001  010  000  001  000  009  000  000 
 033  020  008  001  000  005  007  000  002  014  004  000  000  001  000  000 
 024  016  000  000  004  009  005  004  003  018  007  002  002  002  000  001 
 016  020  003  006  007  002  002  002  004  013  006  000  002  007  006  007 
 000  022  016  017  010  000  002  000  000  006  005  000  000  000  002  003 
 000  019  028  027  013  000  000  002  000  002  006  000  006  003  000  002 
 000  011  032  030  014  000  000  004  000  002  006  003  008  004  000  009 
 000  000  030  030  014  000  000  011  011  002  002  004  009  005  003  006 
 001  000  023  032  022  000  000  015  024  004  000  006  014  004  000  004 

Celda18

 010  012  000  000  000  004  006  004  000  000  000  000  000  006  000  025 
 012  004  000  000  000  000  004  008  004  000  000  000  000  014  017  001 
 011  010  004  000  000  000  004  000  000  000  006  013  016  018  020  012 
 006  015  022  022  018  011  000  000  000  000  007  018  020  015  014  012 
 010  018  018  024  029  026  013  000  000  000  000  002  007  008  011  012 
 000  006  002  007  013  020  024  020  010  000  000  002  000  000  000  004 
 001  010  002  000  000  000  010  022  019  006  000  000  000  000  000  000 
 002  014  003  000  000  004  000  000  002  006  006  000  000  000  000  000 
 000  010  000  000  000  002  004  000  000  000  000  002  010  019  020  010 
 007  006  000  000  000  000  004  000  000  000  000  008  027  038  044  040 
 016  012  008  008  012  012  006  000  000  002  014  029  039  034  036  042 
 012  006  010  011  014  018  016  008  002  013  036  038  028  018  017  026 
 009  002  002  006  006  013  016  012  008  023  037  023  010  007  008  016 
 006  000  000  000  000  011  007  010  013  025  026  006  000  002  011  012 
 000  000  000  000  000  010  000  000  008  021  017  003  000  003  014  005 
 002  000  000  000  002  008  000  000  000  017  011  004  007  015  015  000 

Celda19

 060  044  015  006  011  017  018  009  000  000  000  000  000  000  000  006 
 050  050  026  013  011  022  020  000  000  005  002  000  000  000  004  014 
 033  052  036  019  012  021  020  000  000  009  004  000  003  003  003  018 
 019  050  042  025  020  022  009  000  000  010  003  003  007  000  000  016 
 008  046  046  028  020  015  000  000  006  006  001  008  006  000  000  008 
 000  038  050  038  031  022  008  004  002  002  006  014  005  000  000  000 
 000  024  054  054  039  028  016  011  000  000  013  016  001  000  000  000 
 000  016  055  062  049  028  002  005  002  000  014  012  000  000  000  000 
 000  010  050  062  052  034  006  000  000  001  010  004  000  000  000  008 
 028  008  036  058  052  032  009  000  000  012  015  002  000  000  000  020 
 040  026  013  050  050  028  010  004  015  022  010  003  005  011  011  022 
 030  030  018  034  045  024  008  006  020  030  012  000  000  008  011  016 
 022  025  018  019  042  028  006  000  014  028  016  006  003  000  007  010 
 020  022  016  000  039  038  006  004  019  022  013  015  010  002  002  000 
 010  015  016  006  029  045  014  011  041  032  019  026  018  000  000  000 
 002  008  012  008  009  040  029  030  041  023  025  036  018  004  000  000 

Celda20

 005  003  011  014  006  003  004  014  014  018  017  018  020  019  020  034 
 010  005  012  012  010  014  012  010  000  001  010  020  024  016  012  038 
 008  002  010  010  015  019  020  008  000  000  002  014  018  014  008  040 
 015  008  008  011  016  012  008  000  000  000  004  005  011  016  018  052 
 021  016  007  010  017  007  000  000  000  002  010  008  009  019  021  048 
 018  020  012  010  010  002  000  000  000  006  010  016  008  014  012  021 
 010  018  018  012  003  000  000  000  000  007  006  018  014  000  002  006 
 008  013  018  012  000  000  000  000  006  006  000  010  015  000  000  000 
 018  015  009  007  000  000  000  000  004  004  000  002  010  005  000  004 
 026  013  002  000  000  000  000  000  000  002  006  004  002  003  006  013 
 026  010  004  000  000  000  004  000  000  004  024  030  018  008  010  018 
 024  012  004  005  000  000  018  011  013  025  051  042  023  020  019  014 
 012  013  000  000  001  015  032  025  030  051  056  026  008  012  012  004 
 000  008  002  000  000  024  038  035  038  044  028  003  000  000  000  001 
 000  005  006  002  010  024  033  031  025  018  006  000  000  000  000  006 
 000  008  014  005  008  026  033  022  009  006  002  006  003  000  009  018 

Celda21

 050  054  043  026  007  000  016  032  043  048  034  008  000  000  006  003 
 041  054  054  054  052  038  012  012  041  057  044  017  002  004  004  000 
 039  033  041  050  062  069  065  048  027  035  042  034  020  010  001  000 
 044  020  028  038  048  062  076  078  058  024  021  031  024  017  005  000 
 033  010  022  033  036  042  054  064  066  056  030  002  011  018  012  008 
 018  002  020  030  029  030  036  045  054  058  052  037  018  000  004  016 
 018  020  026  023  026  026  025  029  036  042  047  054  052  030  004  014 
 020  029  018  003  012  014  009  008  013  020  032  042  044  046  049  045 
 021  024  015  002  000  000  000  002  010  020  031  034  035  046  058  056 
 020  014  009  003  000  000  000  011  022  033  038  034  033  037  040  042 
 012  010  007  000  000  000  002  011  022  024  028  027  026  028  030  038 
 004  010  012  000  000  000  002  016  022  010  008  014  021  025  030  041 
 000  012  015  003  004  004  000  014  028  015  000  006  018  024  025  041 
 011  020  010  002  002  010  012  019  031  017  000  003  010  015  019  038 
 020  014  000  002  012  009  013  024  037  019  002  000  000  000  020  038 
 020  005  000  004  018  000  000  014  024  004  000  000  000  000  028  036 

Celda22

 000  000  010  014  014  014  011  017  033  029  009  006  010  008  000  000 
 000  000  012  016  019  018  013  017  018  005  000  000  006  004  000  000 
 000  006  020  028  033  022  008  016  014  000  000  004  000  004  007  006 
 008  018  026  035  033  010  000  010  010  000  002  012  005  005  014  016 
 022  032  029  031  023  000  000  000  008  002  009  018  012  002  010  012 
 034  041  037  034  021  000  000  000  010  012  014  018  017  009  002  000 
 034  040  044  041  025  000  000  000  019  034  032  027  026  013  001  000 
 037  028  042  038  022  003  000  000  022  035  031  024  021  009  006  010 
 048  050  049  023  010  006  003  005  020  035  029  012  006  004  004  010 
 043  045  041  023  004  000  004  010  018  034  036  019  008  004  000  000 
 042  038  030  022  012  000  000  012  018  029  038  028  014  004  000  000 
 046  042  030  019  012  006  000  006  015  026  037  032  020  008  000  008 
 033  030  024  020  019  022  021  010  000  015  033  034  027  016  008  015 
 020  019  022  027  033  042  048  046  028  000  018  034  032  024  018  022 
 021  022  027  032  038  048  054  052  044  030  010  026  028  023  020  025 
 018  020  020  020  024  034  040  040  041  044  038  033  027  015  010  018 

Celda23

 000  001  013  026  013  006  000  008  012  010  016  028  027  023  025  002 
 000  003  015  025  012  014  010  011  014  007  015  030  026  022  026  000 
 004  007  021  026  012  012  016  018  013  002  016  027  018  018  030  000 
 014  022  033  029  013  010  012  010  004  000  017  024  010  016  034  000 
 014  028  032  023  014  010  005  000  000  002  014  016  004  019  040  000 
 002  018  019  014  010  009  004  000  000  002  011  009  000  020  046  000 
 000  015  022  021  013  013  012  008  003  008  018  018  011  027  050  003 
 012  030  042  031  016  015  018  022  022  026  034  035  026  039  057  014 
 016  043  048  023  012  014  018  027  034  031  035  036  021  028  045  011 
 015  041  034  012  012  017  020  022  022  018  017  021  004  008  028  000 
 020  031  019  008  010  013  012  006  002  002  001  012  000  006  027  000 
 024  028  019  008  002  000  000  000  000  000  000  010  004  009  027  001 
 026  030  023  009  000  000  000  000  002  000  000  008  010  014  028  000 
 030  032  024  008  000  000  000  000  005  000  000  012  020  023  034  006 
 033  032  022  008  000  000  007  012  000  001  007  026  027  026  034  007 
 028  029  026  016  000  000  012  018  000  000  006  018  013  016  024  000 

Celda24

 000  001  002  000  000  002  018  022  007  006  003  016  015  015  018  020 
 001  004  010  014  012  008  026  032  002  000  000  014  008  002  006  016 
 002  006  014  021  024  025  038  030  000  000  000  016  012  004  008  018 
 001  003  008  014  018  020  027  018  006  010  018  035  034  018  015  020 
 000  000  001  000  001  004  014  008  006  012  020  034  028  010  008  014 
 000  000  000  000  000  006  010  000  000  001  000  008  004  000  000  000 
 000  000  000  000  000  012  013  000  000  000  000  000  000  000  000  000 
 000  000  000  000  000  016  013  000  002  002  000  000  000  001  002  000 
 000  000  000  000  000  019  011  000  002  000  004  012  018  018  014  011 
 000  000  000  000  004  024  013  004  006  000  000  003  006  004  004  007 
 001  001  000  000  002  030  021  006  005  000  000  000  000  000  000  000 
 001  002  004  005  004  033  028  005  000  000  000  000  000  000  000  000 
 000  001  004  005  005  033  023  002  000  000  002  000  000  000  000  000 
 001  002  001  000  000  028  016  001  004  004  000  000  000  000  000  000 
 002  003  002  000  000  028  014  000  002  006  000  000  000  000  000  000 
 002  004  008  006  000  029  014  000  000  008  001  000  000  000  000  002 

Celda25

 014  000  004  030  034  014  000  010  030  011  000  006  020  006  000  000 
 027  022  000  018  047  037  014  020  039  029  013  010  020  009  006  010 
 036  046  036  016  051  064  047  034  048  046  028  026  023  016  012  019 
 038  054  055  039  050  066  046  018  025  037  022  024  018  015  013  009 
 028  040  046  040  026  050  048  010  006  029  012  004  006  010  010  003 
 000  011  026  038  030  021  046  020  002  024  020  000  000  006  005  003 
 000  000  012  028  030  010  030  030  000  006  023  012  008  009  006  004 
 000  000  006  014  016  007  010  032  000  000  021  028  020  010  008  010 
 010  008  010  012  012  010  004  027  000  000  014  036  030  018  008  010 
 011  014  016  018  020  022  018  024  001  000  000  032  038  030  014  006 
 001  008  014  017  023  029  026  023  013  012  000  019  042  042  022  008 
 002  004  004  008  014  019  020  019  022  028  020  002  041  044  024  014 
 006  002  000  000  001  002  002  008  022  028  032  018  030  038  022  016 
 002  000  002  000  006  006  003  004  018  013  027  024  011  031  024  016 
 000  000  012  022  018  023  020  006  018  000  016  020  004  019  027  018 
 000  000  024  028  009  015  018  007  010  012  006  015  007  000  023  025 

Celda26

 004  001  000  000  007  006  000  000  004  018  004  005  018  020  011  004 
 003  000  000  000  007  007  000  000  010  018  003  006  017  011  006  006 
 018  008  002  000  000  004  000  000  014  016  002  006  013  005  000  000 
 014  016  012  005  000  000  000  000  022  020  006  004  006  003  000  000 
 005  010  012  010  004  000  000  000  030  024  008  004  000  002  007  004 
 003  005  009  011  010  006  000  000  038  027  008  006  002  000  009  006 
 000  006  010  010  008  006  001  000  040  030  006  006  007  000  004  004 
 006  000  002  000  000  000  000  001  032  026  006  008  008  000  000  000 
 013  004  000  000  000  000  000  010  031  014  008  012  007  000  000  000 
 012  006  000  000  004  008  013  024  045  028  021  024  013  007  008  008 
 010  006  000  006  011  012  016  040  057  038  034  029  017  013  012  011 
 014  009  002  002  002  002  009  043  049  026  026  020  012  009  011  014 
 019  014  006  000  000  000  000  035  029  008  008  007  004  008  015  018 
 017  016  006  000  000  000  004  030  020  004  000  000  005  021  025  019 
 015  015  005  000  000  000  012  032  018  000  000  002  020  029  020  011 
 024  020  003  000  000  000  020  034  018  002  006  022  031  017  004  002 

Celda27

 006  016  020  013  000  028  044  045  032  016  027  025  010  008  013  020 
 014  024  031  028  016  014  046  046  034  029  022  004  000  004  010  020 
 008  018  026  030  028  019  034  038  037  036  023  004  000  000  000  013 
 000  000  005  013  020  022  024  025  038  038  022  005  000  000  003  018 
 000  000  000  004  010  012  011  010  032  044  032  024  016  012  012  019 
 000  000  000  006  011  010  013  008  019  052  052  035  020  022  023  019 
 000  000  000  002  012  016  025  017  005  053  062  024  000  015  027  026 
 000  003  008  000  001  013  026  018  009  040  058  026  011  023  023  016 
 000  000  006  000  000  006  017  010  010  016  044  031  024  034  020  000 
 001  000  002  004  001  016  018  009  014  004  025  036  034  034  018  001 
 011  010  008  011  007  023  029  012  018  016  006  032  039  034  016  000 
 018  020  020  016  010  030  037  012  018  023  020  029  042  038  013  000 
 020  018  010  000  002  037  042  015  020  028  026  023  044  036  009  002 
 020  018  012  002  010  047  042  017  020  026  024  012  029  030  010  008 
 015  018  018  014  022  047  027  004  007  012  018  014  012  028  018  018 
 009  014  012  014  026  035  017  004  008  002  009  016  008  026  032  025 

Celda28

 022  032  039  021  013  021  029  020  010  013  004  001  007  010  017  013 
 034  050  051  032  028  025  020  010  010  017  006  000  000  000  004  002 
 031  040  039  029  028  025  022  012  007  008  000  000  000  000  001  000 
 026  023  018  010  011  014  017  015  010  004  000  000  000  000  000  000 
 022  018  008  000  000  000  002  000  002  008  016  024  022  012  002  000 
 014  014  004  000  000  006  002  000  002  010  014  023  030  029  024  020 
 020  016  000  000  006  011  004  001  004  007  000  000  006  016  021  022 
 018  015  009  006  012  011  000  000  002  005  000  000  000  004  012  013 
 000  001  004  008  013  005  000  000  000  001  000  000  006  008  010  010 
 006  008  000  010  012  006  006  005  002  000  000  008  020  016  008  008 
 010  019  009  005  002  001  004  004  007  014  018  021  020  011  004  003 
 012  024  014  002  000  000  000  000  002  009  007  000  006  011  000  000 
 021  030  013  000  000  002  000  000  000  001  000  000  000  015  010  000 
 028  032  017  008  008  009  004  001  000  000  000  000  000  012  012  000 
 028  026  015  012  015  014  008  008  010  010  007  008  008  000  003  000 
 022  024  017  015  021  018  012  008  008  011  018  026  030  022  012  006 

Celda29

 006  000  000  004  014  000  000  022  020  000  000  000  002  013  032  028 
 000  000  000  000  004  000  008  024  014  000  000  000  010  018  021  017 
 000  000  000  000  000  000  018  020  000  000  000  008  019  023  019  015 
 000  000  001  002  000  000  021  016  000  000  000  014  024  022  016  014 
 000  000  000  003  000  002  018  010  000  000  000  018  022  018  014  012 
 018  018  016  017  020  025  027  010  002  005  013  032  033  030  028  026 
 024  024  027  037  043  044  040  028  026  032  047  053  048  045  040  037 
 012  012  011  024  031  033  031  028  030  039  050  037  026  018  010  013 
 006  002  000  013  018  012  012  012  021  030  021  008  000  000  006  016 
 008  004  000  010  020  016  014  005  007  007  000  000  000  000  004  018 
 001  006  014  014  015  014  016  012  005  000  000  000  000  000  004  015 
 000  004  028  042  034  016  006  010  004  000  000  000  006  008  012  010 
 000  004  021  026  030  030  019  000  000  000  000  014  018  014  011  005 
 000  007  018  014  007  018  023  018  008  000  002  020  021  012  014  015 
 000  006  018  022  016  005  015  024  026  021  010  014  025  014  004  015 
 000  002  016  022  021  013  000  008  017  024  028  022  013  014  008  008 

Celda30

 008  010  008  006  012  018  023  032  038  040  038  032  034  027  017  009 
 001  000  000  000  006  009  009  024  032  030  028  030  034  032  031  028 
 004  000  000  000  006  011  006  000  004  011  019  030  030  028  028  024 
 006  000  000  000  006  011  006  000  000  000  010  031  024  020  011  006 
 010  003  000  000  009  012  000  000  000  000  018  035  024  020  009  000 
 028  017  008  006  024  027  012  011  012  016  038  041  024  022  016  013 
 035  017  009  008  026  023  012  022  032  034  045  042  020  017  018  025 
 010  000  000  002  015  012  004  012  025  034  046  041  018  012  016  022 
 012  000  000  005  010  008  009  007  008  019  036  028  016  010  011  010 
 012  000  000  007  002  000  008  010  016  022  022  007  006  008  005  000 
 010  001  007  012  002  000  002  009  018  028  026  012  000  002  002  001 
 007  014  022  022  020  020  013  003  014  022  022  018  002  000  006  010 
 013  032  031  025  022  026  025  020  015  014  014  018  016  000  010  008 
 030  039  025  013  007  010  017  022  022  025  024  021  020  009  004  000 
 025  021  008  002  001  000  002  011  013  017  023  022  020  007  000  000 
 012  012  005  000  000  006  008  000  002  009  017  013  006  000  000  000 

Celda31

 012  018  029  025  002  000  012  018  008  000  000  004  008  020  028  000 
 016  002  016  016  004  009  019  020  014  004  000  000  008  029  038  000 
 024  018  000  000  000  018  027  026  018  002  000  000  016  039  045  000 
 010  013  008  000  000  016  022  022  016  005  004  012  022  042  048  000 
 001  012  025  032  030  022  009  010  010  008  012  016  022  043  053  000 
 021  033  045  055  054  042  029  018  013  004  004  006  015  048  066  000 
 047  055  048  053  055  052  044  034  025  018  008  000  000  048  077  000 
 041  037  022  026  034  040  038  032  027  024  020  016  007  035  078  000 
 018  011  000  000  004  012  019  024  025  024  022  026  032  051  088  012 
 008  008  000  000  000  000  013  024  028  027  026  034  044  062  096  032 
 007  005  000  000  002  017  021  030  036  036  036  042  048  054  082  030 
 017  011  010  015  029  032  020  021  028  034  038  041  037  030  058  017 
 003  003  007  016  030  021  012  014  013  018  024  027  026  024  049  016 
 000  009  005  009  012  003  006  015  010  010  010  012  016  024  046  020 
 000  012  012  006  006  004  006  007  004  006  006  008  011  021  041  021 
 004  010  012  006  003  004  005  006  004  000  000  012  018  024  036  018 

Celda32

 000  002  006  008  005  030  008  000  000  008  002  000  000  004  000  000 
 000  000  000  002  004  029  003  000  000  005  002  000  004  008  000  000 
 000  000  000  000  002  021  001  000  000  002  004  002  008  010  001  000 
 000  000  000  000  000  016  003  000  000  000  004  000  006  012  004  000 
 000  000  000  000  000  016  008  000  000  000  003  000  005  012  004  000 
 000  000  000  000  000  024  015  000  002  002  004  001  002  008  002  000 
 000  000  000  000  000  030  019  000  000  004  005  001  000  000  003  002 
 000  000  000  000  000  028  020  000  000  000  000  000  000  000  009  019 
 000  000  001  004  004  025  019  001  000  000  000  000  000  006  015  028 
 000  000  001  004  002  022  024  005  002  000  000  002  014  014  018  028 
 000  000  000  000  000  023  025  000  000  000  000  011  018  012  011  019 
 000  000  000  000  000  022  028  000  000  000  002  025  029  010  004  011 
 001  000  000  000  000  016  032  009  000  006  011  044  037  011  006  009 
 001  002  004  002  000  008  035  016  000  000  017  045  032  008  009  006 
 000  002  005  006  000  002  037  017  000  000  020  039  027  007  010  006 
 000  000  000  002  000  000  041  025  010  013  029  037  023  004  008  010 

Celda33

 000  000  029  024  000  000  000  002  002  020  004  012  012  000  010  032 
 000  000  026  022  000  000  000  000  000  024  002  009  014  008  000  036 
 000  000  017  019  000  000  000  000  004  028  001  006  014  019  016  047 
 000  000  007  011  000  000  000  000  006  028  006  005  016  026  026  034 
 000  000  001  004  000  000  007  015  014  022  011  002  011  020  019  001 
 000  001  010  015  010  008  012  018  016  010  010  000  000  005  005  000 
 010  019  027  025  018  016  015  016  013  004  005  000  000  000  005  004 
 030  032  028  017  012  014  016  016  014  008  002  000  002  008  011  007 
 032  023  010  004  003  010  014  012  008  006  008  014  018  018  012  008 
 023  010  000  000  000  013  010  003  000  000  013  026  018  013  012  018 
 016  008  000  000  002  011  000  000  000  000  018  021  006  006  012  023 
 013  008  003  004  000  006  000  000  002  004  015  012  000  007  014  022 
 012  008  002  000  003  002  000  002  010  010  011  012  001  005  012  022 
 010  006  000  000  006  008  010  012  013  012  014  018  003  000  005  011 
 006  005  001  003  010  007  014  020  018  016  016  012  002  002  011  002 
 006  008  002  000  011  019  021  021  018  015  013  006  002  006  015  003 

Celda34

 040  029  002  000  000  000  024  036  021  008  008  024  020  004  002  008 
 048  031  001  000  000  000  024  034  020  009  015  022  009  000  004  020 
 049  025  000  000  000  005  023  029  011  002  020  030  014  002  010  020 
 030  020  006  000  000  006  027  031  008  000  018  033  016  008  015  012 
 012  020  018  000  000  000  027  038  025  025  039  046  018  003  012  006 
 000  022  027  000  000  003  034  038  024  023  044  047  022  014  005  000 
 000  020  030  000  000  009  044  038  016  019  039  038  024  024  022  018 
 000  016  028  000  000  014  044  037  018  020  031  027  016  022  028  032 
 004  005  024  003  000  022  048  029  012  022  036  027  010  009  014  022 
 021  008  014  007  000  030  051  023  000  020  041  030  014  009  006  001 
 029  022  002  006  006  038  059  021  002  017  041  028  014  012  010  005 
 031  032  018  003  016  052  062  012  000  015  035  024  013  013  014  006 
 028  028  020  008  025  055  050  004  000  018  036  026  017  018  024  016 
 012  009  009  006  020  047  040  000  000  024  038  031  023  018  018  011 
 000  000  008  011  014  041  037  000  000  026  046  030  018  006  010  012 
 002  012  024  022  010  028  033  006  000  024  047  036  018  000  000  008 

Celda35

 010  013  012  015  032  029  004  000  009  014  004  014  008  021  036  018 
 017  015  018  024  043  033  022  008  002  022  015  009  003  012  040  020 
 012  012  022  030  047  029  020  010  000  024  024  003  006  000  038  029 
 002  000  006  020  029  009  002  004  011  023  023  001  010  000  026  044 
 000  002  004  008  006  000  000  011  025  027  023  007  013  010  008  054 
 000  002  012  012  001  000  000  024  040  037  029  016  012  018  012  045 
 017  012  004  008  002  002  017  038  043  034  032  024  018  022  018  020 
 033  030  020  005  002  010  022  030  026  008  009  014  022  025  022  011 
 026  028  027  023  016  014  018  024  018  001  000  000  004  016  024  024 
 004  012  020  028  032  028  024  010  004  000  000  008  000  000  012  016 
 000  000  010  024  033  036  034  024  010  000  000  006  005  000  000  000 
 000  003  011  017  015  018  022  024  028  030  027  016  000  000  000  000 
 006  001  012  006  000  001  000  007  020  032  038  036  024  008  000  000 
 004  004  006  001  000  004  006  007  001  005  011  016  020  022  024  024 
 000  000  009  008  005  000  004  006  004  002  000  000  004  016  025  030 
 006  010  011  009  011  008  001  000  001  008  006  000  000  007  010  014 

Celda36

 015  026  023  019  019  013  012  008  005  010  022  030  028  026  026  026 
 016  030  026  014  005  001  006  010  008  017  027  020  015  014  018  020 
 023  033  024  007  002  002  001  004  004  019  024  010  006  006  012  017 
 034  030  018  001  002  009  000  000  000  018  018  005  008  011  022  022 
 046  022  008  000  006  012  000  000  000  020  024  002  012  022  028  016 
 049  016  000  000  014  018  002  000  000  020  026  011  012  020  016  003 
 040  018  000  000  021  028  010  000  001  022  027  020  017  010  006  001 
 022  017  000  000  015  030  023  010  008  021  022  018  012  000  000  000 
 008  009  002  000  002  020  034  028  023  020  012  014  012  000  000  000 
 007  000  010  002  004  014  038  041  029  013  002  008  010  000  000  000 
 000  000  017  012  006  020  041  039  024  006  000  006  009  000  001  000 
 000  000  018  019  006  016  035  033  018  007  006  014  016  006  003  000 
 000  000  010  018  012  018  031  031  016  006  011  016  007  000  000  000 
 020  015  003  004  009  018  032  036  022  005  009  018  006  000  000  000 
 034  034  024  002  000  018  031  038  032  012  004  010  002  000  000  000 
 024  034  036  027  012  012  028  036  042  030  016  009  000  000  000  002 

Celda37

 024  017  009  014  017  015  007  000  000  005  024  035  026  002  002  008 
 021  020  014  009  010  010  008  000  000  009  018  015  022  020  012  005 
 016  014  016  022  027  024  020  009  000  009  022  011  003  018  029  033 
 022  018  018  028  028  024  026  023  018  003  014  016  002  000  020  031 
 012  014  016  015  012  015  025  021  021  014  007  010  002  007  016  008 
 000  000  006  006  007  012  015  004  006  008  006  000  000  007  017  011 
 000  000  002  008  009  007  006  000  000  007  006  000  000  016  017  005 
 002  001  005  009  010  006  000  000  006  016  018  016  030  042  032  024 
 000  000  006  012  009  007  005  013  019  016  018  026  051  047  026  024 
 000  000  006  020  006  000  000  014  015  008  009  014  038  027  014  012 
 000  000  009  022  007  000  002  013  010  003  008  008  025  013  004  002 
 000  000  018  020  004  000  005  012  008  000  002  006  023  011  000  000 
 000  000  026  025  005  001  006  009  004  002  000  003  018  006  000  000 
 000  010  035  030  004  002  004  006  000  000  004  012  014  002  000  004 
 002  022  037  027  002  000  005  007  000  000  003  018  015  004  004  010 
 013  022  021  012  000  000  008  012  000  000  000  016  012  008  009  002 

Celda38

 014  017  009  000  000  010  012  002  000  013  017  006  000  000  000  000 
 009  016  010  000  006  014  009  005  007  010  008  000  000  000  000  000 
 026  006  001  006  016  018  010  009  006  004  005  000  000  000  000  010 
 032  022  006  002  015  019  020  014  003  001  004  000  000  000  000  011 
 006  015  018  010  000  010  026  024  011  008  008  000  000  004  008  000 
 000  000  009  019  020  008  014  024  024  022  004  000  000  005  010  010 
 002  000  002  016  030  036  029  023  021  020  000  000  004  020  004  004 
 018  014  013  014  016  026  036  039  027  000  000  000  008  024  014  000 
 026  025  016  008  005  007  016  020  021  014  006  003  004  014  012  011 
 014  014  010  005  003  004  004  002  000  006  013  020  020  011  000  002 
 000  000  002  004  002  004  001  000  000  000  001  012  020  024  020  008 
 000  000  002  006  006  007  004  001  000  000  000  007  015  022  028  028 
 001  006  010  012  011  011  008  006  003  001  002  012  018  016  016  022 
 012  016  012  012  011  008  005  003  002  006  011  015  014  007  000  006 
 012  010  006  008  008  004  000  000  001  006  014  009  005  003  000  001 
 000  002  002  000  000  000  000  004  008  008  009  003  000  000  000  010 

Celda39

 000  013  022  021  015  006  000  000  006  004  006  014  012  013  021  004 
 009  023  029  026  014  008  000  000  007  012  012  012  006  012  020  000 
 019  018  014  011  000  000  000  000  008  016  010  002  002  016  026  000 
 019  012  010  007  000  000  000  000  008  015  004  000  001  020  030  000 
 014  020  016  000  000  000  000  000  007  014  002  000  002  018  029  000 
 002  026  020  000  000  000  000  004  010  009  002  000  004  020  031  004 
 008  020  014  000  000  004  012  010  011  002  000  000  009  022  032  005 
 000  008  005  000  000  006  018  015  003  000  000  002  010  027  034  000 
 006  004  000  000  000  012  020  016  000  000  000  000  006  028  041  000 
 001  006  006  001  006  012  012  014  000  000  000  000  000  029  048  000 
 000  002  010  009  013  012  012  016  008  000  000  000  000  029  050  000 
 024  016  017  007  003  004  011  021  016  000  000  000  008  040  057  008 
 028  030  027  020  012  003  004  014  016  006  000  000  006  031  048  002 
 020  026  022  018  022  027  024  010  003  008  006  002  006  033  052  000 
 012  019  014  009  014  024  028  028  024  015  005  000  000  032  060  000 
 005  000  000  000  005  002  008  016  021  020  013  006  000  028  062  000 

Celda40

 000  000  000  000  000  000  046  033  011  016  027  031  014  000  000  005 
 000  000  000  000  002  000  044  037  002  002  015  022  008  000  000  004 
 002  003  004  006  009  005  036  039  005  000  014  022  012  006  012  024 
 003  006  009  010  012  008  028  038  002  000  019  032  014  009  025  032 
 002  005  009  010  010  007  018  036  002  000  020  037  016  006  024  023 
 001  002  005  007  009  006  006  034  010  000  010  034  024  016  020  012 
 000  000  000  000  002  006  000  032  018  000  000  030  033  024  017  014 
 000  000  000  000  000  000  000  026  021  000  000  028  040  026  012  017 
 000  000  000  000  000  000  000  021  021  000  000  024  038  025  010  018 
 000  000  000  000  000  000  000  022  029  010  010  026  036  021  008  014 
 000  000  000  000  000  000  000  028  039  015  019  031  047  033  012  007 
 000  000  000  000  001  000  000  030  050  016  014  032  054  040  020  014 
 000  000  000  000  004  008  000  022  058  028  000  019  042  031  013  014 
 000  000  000  000  003  012  004  003  061  042  006  014  038  026  000  002 
 000  000  000  000  010  000  001  000  058  051  014  012  032  026  004  006 
 000  000  000  000  009  000  006  018  059  060  030  012  020  020  008  014 

Celda41

 008  004  000  000  016  031  023  012  008  008  008  006  005  008  007  003 
 010  004  000  002  023  031  014  002  000  002  004  005  006  004  000  000 
 016  010  004  002  024  030  011  000  000  001  006  008  008  004  000  000 
 018  018  014  004  017  026  010  000  000  000  006  010  010  008  008  008 
 010  014  016  008  004  018  007  000  000  006  004  004  009  013  018  022 
 002  006  010  012  010  006  004  003  010  010  005  002  002  005  013  016 
 006  006  007  014  021  012  000  006  013  012  005  000  000  000  006  000 
 016  002  008  012  012  006  000  006  012  014  006  000  000  000  006  000 
 020  000  000  000  000  000  000  007  008  010  005  000  000  001  001  000 
 016  004  000  000  000  000  002  013  008  002  001  000  000  002  000  000 
 010  002  000  000  000  000  005  012  008  003  000  002  002  000  000  000 
 016  009  006  002  000  000  006  009  004  002  000  002  008  000  000  008 
 021  014  012  008  007  007  007  005  005  000  004  006  007  000  000  012 
 013  004  001  001  004  006  006  002  003  000  003  006  002  000  000  012 
 008  000  000  000  003  007  010  012  010  006  006  008  007  002  000  011 
 010  000  000  006  017  018  016  016  014  012  018  018  018  018  016  018 

Celda42

 011  026  030  024  011  012  028  015  002  023  040  033  017  000  000  004 
 006  014  016  016  010  000  026  026  004  012  032  030  014  000  000  006 
 000  000  000  008  009  000  023  028  004  004  026  030  013  000  002  012 
 006  000  000  004  007  004  013  020  002  004  024  029  015  002  008  014 
 020  017  014  009  004  000  000  008  002  012  025  024  014  011  016  013 
 020  022  021  014  008  004  000  000  000  017  028  021  010  016  026  019 
 000  005  008  010  014  016  012  006  001  014  028  021  008  018  040  040 
 000  000  000  006  016  020  014  006  004  008  026  025  013  021  052  055 
 000  000  001  008  014  020  017  010  007  015  040  047  030  027  045  048 
 005  008  004  006  011  019  024  018  008  023  051  050  023  014  027  039 
 014  006  000  000  001  011  019  014  000  021  044  031  002  002  020  026 
 009  000  000  000  000  000  006  006  000  022  040  021  000  004  020  022 
 008  000  000  000  001  002  003  006  006  014  034  019  000  005  023  028 
 008  000  002  009  012  010  008  008  008  008  024  014  006  010  024  032 
 008  000  008  015  016  013  012  012  012  010  019  004  006  017  024  029 
 012  009  016  023  022  018  018  020  014  007  015  002  002  022  025  022 

Celda43

 008  017  022  008  000  004  008  008  002  009  009  000  000  000  000  000 
 012  018  021  010  002  002  000  010  011  003  004  000  000  000  000  003 
 016  019  014  004  002  007  008  000  000  000  000  000  000  000  005  003 
 018  022  014  000  000  004  011  006  000  000  005  008  000  002  011  003 
 012  023  021  002  000  000  009  010  002  004  005  009  006  000  015  009 
 015  023  022  006  002  002  006  012  007  008  004  000  002  000  010  016 
 032  034  031  016  008  009  010  021  021  014  003  000  002  012  008  012 
 036  025  019  008  002  006  017  028  022  010  006  000  002  015  024  012 
 022  002  000  003  000  010  028  025  011  002  001  001  004  014  012  005 
 027  006  000  004  006  014  022  009  002  000  000  000  004  004  000  000 
 024  016  006  006  005  012  015  002  000  000  000  000  002  000  000  004 
 022  022  014  003  000  010  014  003  000  000  000  000  001  000  000  007 
 025  021  010  000  000  009  014  003  000  000  002  002  001  001  000  009 
 028  018  006  000  000  010  014  004  000  000  005  005  000  004  009  014 
 028  020  009  004  007  010  011  004  000  000  003  006  008  009  015  011 
 028  024  014  006  007  011  012  003  000  000  001  012  023  024  008  002 

Celda44

 008  016  026  036  040  030  026  032  049  044  025  020  018  013  013  011 
 005  001  008  024  038  037  021  024  045  046  024  005  010  014  022  024 
 004  000  000  008  018  022  020  013  028  039  036  012  000  004  020  026 
 000  000  000  001  008  012  016  012  009  020  032  023  006  008  017  015 
 000  000  002  008  004  010  010  010  010  003  014  024  022  022  018  007 
 000  000  000  014  006  002  004  003  002  005  006  012  021  026  021  008 
 006  000  000  010  010  000  000  004  002  004  012  010  005  015  018  013 
 002  000  000  004  006  000  000  000  000  005  012  008  005  000  003  014 
 000  000  004  006  003  000  000  000  000  010  015  004  002  000  000  004 
 002  000  010  010  005  002  000  000  000  016  018  006  000  000  000  000 
 015  017  017  012  005  000  000  000  006  023  012  002  000  002  016  019 
 017  022  017  006  002  000  000  005  016  023  005  000  004  018  033  039 
 010  016  017  012  005  002  003  006  009  012  008  018  028  028  028  034 
 010  014  020  020  013  005  004  010  012  021  026  031  028  017  010  008 
 012  017  016  016  012  008  006  011  026  038  035  023  012  007  002  001 
 005  011  002  004  006  004  000  007  027  029  018  010  008  008  010  014 

Celda45

 011  016  010  002  000  000  011  015  000  000  001  012  006  008  014  005 
 016  004  000  000  000  000  006  010  004  000  006  013  008  008  012  002 
 030  026  014  005  002  001  000  000  002  004  010  016  016  012  004  000 
 016  018  015  010  011  012  012  010  006  004  012  018  016  009  000  000 
 000  000  000  000  010  010  016  025  032  033  043  043  029  010  000  000 
 000  000  000  000  008  002  012  026  029  036  046  041  027  021  017  019 
 000  000  000  007  010  008  011  013  011  014  018  014  008  006  010  023 
 006  000  000  013  014  014  014  011  008  006  008  008  000  000  000  015 
 009  002  010  020  018  022  017  008  006  003  008  014  000  000  000  019 
 002  009  024  026  026  042  037  020  012  006  013  025  006  004  010  030 
 008  004  027  033  038  046  031  013  010  008  019  026  005  005  017  027 
 034  017  012  033  048  046  024  006  000  000  010  014  000  000  010  013 
 036  031  016  019  042  044  029  013  000  000  008  012  000  000  007  005 
 018  029  034  024  018  032  032  021  003  000  008  010  000  000  004  000 
 008  022  037  041  027  007  024  024  010  002  008  006  000  004  008  000 
 018  021  024  028  032  022  002  014  012  009  008  002  002  014  014  002 

Celda46

 000  000  009  000  000  000  000  000  003  000  000  000  000  000  002  010 
 000  000  012  000  000  000  000  000  000  000  000  000  000  000  006  002 
 000  004  008  000  000  004  000  000  000  000  000  000  000  011  019  010 
 000  006  002  000  002  010  000  000  000  010  016  018  027  035  028  018 
 000  002  000  000  010  018  006  004  010  022  023  028  034  024  010  002 
 022  018  010  006  017  020  010  000  000  012  014  014  016  006  002  000 
 037  041  041  042  038  020  000  000  000  010  016  020  016  000  000  000 
 024  028  034  040  040  032  022  011  000  004  010  019  020  000  000  000 
 014  006  010  012  016  023  034  040  036  022  003  010  014  000  000  001 
 009  000  000  000  000  000  003  016  030  035  029  017  000  000  000  005 
 000  000  001  000  000  000  000  006  002  014  023  025  022  016  008  000 
 000  000  004  000  000  000  000  010  016  000  000  002  012  020  028  028 
 000  000  007  002  000  000  000  010  016  000  000  002  000  000  010  018 
 000  002  007  002  000  000  000  009  012  000  000  000  003  002  000  000 
 000  005  005  000  000  000  000  009  009  000  000  000  006  012  007  005 
 000  004  002  000  000  000  001  010  006  000  000  001  012  022  020  015 

Celda47

 000  000  000  000  002  000  000  000  002  010  015  018  021  044  072  011 
 000  000  004  002  000  000  002  007  009  019  028  037  038  049  070  016 
 012  020  031  021  017  014  013  023  030  033  030  028  026  030  054  011 
 020  027  026  014  012  014  014  024  028  020  005  000  000  007  040  004 
 000  008  005  000  000  000  002  014  018  006  000  000  000  012  040  002 
 002  013  005  000  000  000  000  014  017  004  002  006  008  020  044  004 
 008  016  003  001  000  000  004  018  014  002  003  010  014  021  043  005 
 010  013  000  000  000  000  003  012  010  004  006  002  005  014  037  004 
 008  008  003  000  000  000  000  006  004  002  008  008  000  008  030  000 
 012  010  008  008  003  000  000  003  000  000  002  007  000  014  036  000 
 008  013  014  014  008  001  004  005  002  000  000  001  000  020  046  000 
 014  005  014  015  015  009  000  000  000  000  000  000  000  024  053  000 
 022  020  015  006  010  012  000  000  004  002  000  000  000  024  058  000 
 008  016  014  000  000  006  000  000  004  010  000  000  000  022  061  000 
 008  005  000  000  000  000  000  000  002  008  000  000  000  022  064  000 
 008  000  000  000  000  000  000  000  011  016  011  010  008  024  064  000 

Celda48

 000  000  000  002  005  005  020  026  052  074  046  014  006  020  014  018 
 000  000  000  008  017  020  028  026  042  076  041  012  008  030  028  025 
 000  000  000  008  028  024  024  026  038  065  029  007  012  027  026  018 
 000  000  000  014  040  022  018  018  026  042  025  000  001  014  024  016 
 000  000  000  025  045  018  013  010  004  023  022  004  000  010  025  020 
 000  000  000  032  039  006  011  006  000  019  024  008  002  014  026  025 
 000  000  000  030  046  009  002  000  000  024  035  023  016  021  024  022 
 001  000  000  018  052  022  000  000  000  030  049  034  025  023  014  011 
 005  008  004  002  052  026  000  000  012  037  054  039  024  015  006  000 
 009  017  022  006  044  028  006  022  028  026  044  036  012  000  000  000 
 008  018  028  015  030  036  043  034  027  007  034  035  016  000  000  000 
 004  010  022  017  010  046  054  020  010  002  024  034  019  000  000  006 
 000  003  012  014  002  047  060  016  000  001  016  034  020  005  004  016 
 000  000  004  009  006  041  056  022  000  000  008  034  022  012  008  012 
 000  000  000  010  012  033  052  027  004  004  000  032  024  018  014  000 
 000  000  005  014  012  016  052  034  004  011  006  024  025  022  016  000 

Celda49

 014  004  008  014  028  020  016  012  011  014  023  014  010  014  020  018 
 021  010  008  010  021  008  007  004  007  018  017  004  000  002  011  016 
 015  007  007  006  016  002  003  002  004  015  004  002  002  002  006  018 
 011  006  007  012  023  010  009  006  001  007  000  004  013  010  003  021 
 013  005  004  018  024  011  007  004  000  002  004  002  011  012  008  017 
 015  005  009  020  012  000  000  000  000  000  007  008  000  007  010  003 
 014  003  011  017  000  000  000  000  000  000  005  012  010  001  002  000 
 012  008  012  012  000  000  000  000  000  000  001  014  017  000  000  000 
 008  016  018  011  000  000  000  000  000  000  000  011  016  000  000  000 
 002  024  022  012  000  000  000  000  000  000  000  002  012  006  000  007 
 000  022  026  013  000  000  000  000  002  000  001  000  008  014  010  001 
 006  008  023  016  000  000  000  002  007  009  020  028  022  022  010  000 
 017  002  014  022  008  000  004  005  007  014  022  019  016  013  010  006 
 014  010  002  022  018  004  002  001  004  010  012  000  000  007  012  009 
 004  010  008  012  022  010  000  000  002  004  008  006  001  003  002  000 
 000  006  009  000  017  016  002  000  002  000  005  012  006  000  000  000 

Celda50

 013  018  029  028  030  028  024  020  012  005  017  007  006  026  029  018 
 018  024  031  027  025  024  016  013  013  011  019  006  009  031  035  019 
 027  021  019  020  009  006  000  003  011  008  004  000  011  041  045  023 
 023  011  001  017  000  000  000  002  006  002  000  006  027  052  048  027 
 008  000  000  016  000  001  008  009  009  006  000  014  041  048  036  025 
 000  000  000  016  002  004  010  012  012  012  008  016  038  040  028  019 
 000  000  004  018  003  000  001  006  010  012  008  006  036  044  029  018 
 000  001  011  019  001  000  000  001  006  008  006  000  032  048  032  015 
 005  002  006  016  003  006  008  007  006  004  002  002  030  046  034  014 
 006  000  003  018  012  012  016  010  004  000  000  000  026  042  036  014 
 000  000  000  020  022  006  008  006  004  003  000  000  022  043  042  012 
 000  008  010  017  023  003  002  005  005  004  000  000  014  047  053  010 
 010  015  014  004  016  009  000  003  004  002  000  000  006  049  062  012 
 011  010  008  004  009  011  000  002  009  010  006  000  000  046  061  016 
 004  002  001  006  008  006  000  010  021  024  022  018  011  034  052  022 
 006  004  000  000  004  002  005  012  021  025  026  024  022  035  048  033 

Celda51

 022  026  014  008  006  004  005  000  000  000  009  037  042  019  000  000 
 015  024  014  006  007  006  005  000  000  000  024  042  029  002  000  000 
 009  020  022  016  010  001  000  000  000  005  026  031  012  000  000  001 
 018  006  024  017  003  000  000  000  001  006  024  026  008  000  000  003 
 024  015  008  022  016  003  007  011  014  009  015  026  012  000  004  005 
 011  020  013  015  027  019  013  014  014  013  009  019  018  007  002  000 
 006  008  020  026  037  025  009  006  006  008  012  020  020  013  000  000 
 010  004  018  028  033  017  002  001  003  006  016  028  028  015  000  000 
 012  016  019  022  022  010  002  004  009  011  018  023  016  004  000  000 
 010  022  015  011  013  012  010  005  008  008  009  008  002  000  000  005 
 002  026  026  008  004  001  005  003  005  009  004  000  000  004  004  012 
 000  026  035  012  004  004  000  002  001  006  000  000  002  018  019  010 
 000  024  038  018  010  008  004  002  008  001  000  000  013  023  014  000 
 000  018  038  026  019  010  004  004  001  002  000  005  023  010  000  000 
 000  014  033  026  022  014  004  006  007  000  001  002  026  008  000  000 
 011  017  025  020  018  016  005  004  011  004  004  004  016  014  000  008 

Celda52

 003  010  000  000  000  000  000  010  024  012  003  005  010  011  013  016 
 004  000  000  000  000  000  000  005  018  014  010  012  008  000  002  003 
 002  000  000  000  002  008  008  004  005  010  014  016  008  000  000  001 
 000  000  000  002  013  014  012  005  002  003  009  017  008  000  003  012 
 000  000  000  008  018  010  014  010  008  008  000  012  010  000  004  026 
 000  000  000  016  016  000  004  012  012  008  002  001  012  000  010  029 
 000  000  014  016  005  000  000  000  004  002  000  000  008  006  010  022 
 000  008  011  004  002  002  000  000  000  000  000  002  000  000  010  020 
 006  005  000  001  008  008  012  004  000  000  000  000  000  000  004  020 
 008  005  000  001  014  006  002  000  000  000  000  000  000  000  000  016 
 008  004  004  006  013  002  000  000  000  000  000  000  000  000  000  004 
 004  000  000  003  007  000  000  000  000  000  000  000  000  003  006  002 
 000  000  000  002  005  000  000  000  000  004  007  011  014  015  016  018 
 000  000  005  009  006  000  000  000  000  006  016  020  018  015  014  017 
 000  010  020  013  006  000  000  000  002  007  011  014  016  013  011  012 
 016  025  014  000  000  000  000  000  002  004  006  009  010  011  009  008 

Celda53

 018  014  005  002  011  020  010  000  004  014  018  010  006  014  014  004 
 000  000  000  000  000  009  010  000  000  014  032  026  009  006  010  008 
 000  000  000  000  002  002  006  006  005  009  028  028  016  007  006  007 
 006  006  001  000  000  000  002  009  017  024  011  012  026  024  006  000 
 017  007  006  002  000  000  000  009  018  029  023  010  022  033  010  000 
 017  000  006  010  007  000  004  016  025  029  024  024  013  020  014  000 
 016  000  000  000  006  008  008  016  025  022  019  024  022  006  006  006 
 014  000  000  000  000  000  001  006  013  011  014  018  021  018  010  000 
 014  000  000  001  000  000  000  004  008  005  006  014  016  015  013  008 
 018  002  000  006  010  000  002  000  006  011  010  004  008  007  008  014 
 022  014  000  004  014  006  000  000  002  012  014  002  000  000  000  004 
 014  024  010  000  006  007  000  000  001  008  011  000  000  000  000  002 
 019  036  027  009  001  000  000  001  004  006  006  000  000  000  000  001 
 027  047  030  008  004  004  000  000  005  008  002  000  000  000  000  000 
 022  032  012  004  004  008  009  002  000  006  002  000  000  000  000  009 
 009  013  002  000  002  004  003  000  000  000  003  004  003  010  015  009 

Celda54

 000  000  000  000  000  000  004  010  002  000  000  006  018  018  012  006 
 000  000  000  000  000  000  004  008  000  000  000  005  006  004  004  004 
 003  000  000  000  002  000  002  006  000  000  000  006  007  003  000  002 
 002  000  000  002  005  003  002  006  000  000  000  004  008  007  002  000 
 000  004  006  008  008  006  004  000  000  000  000  000  003  006  005  006 
 000  005  009  010  009  002  000  000  000  000  000  000  000  000  010  016 
 002  004  004  004  008  006  000  000  000  000  000  000  000  000  015  017 
 005  006  000  000  003  010  010  006  000  000  000  000  000  002  016  011 
 000  005  000  000  002  009  008  003  000  001  005  000  000  001  014  009 
 014  002  000  003  005  000  000  000  002  011  010  000  000  000  010  011 
 009  006  000  006  005  000  000  000  010  016  012  000  000  000  008  012 
 000  002  003  000  002  000  000  003  010  013  009  002  000  000  008  014 
 003  000  005  006  000  000  000  010  017  013  002  000  000  000  009  014 
 003  001  002  016  022  010  002  011  017  016  008  000  000  000  006  010 
 008  003  006  012  020  020  008  012  021  010  007  004  000  000  000  005 
 010  008  006  006  001  014  026  016  015  014  000  010  010  005  000  004 

Celda55

 000  000  000  000  001  000  000  002  012  011  004  004  003  022  065  003 
 000  000  008  006  000  000  000  002  014  012  000  000  000  037  079  018 
 004  000  000  000  000  001  001  000  007  008  002  001  007  050  081  020 
 004  004  000  003  007  008  007  002  000  006  008  008  012  044  067  005 
 007  007  006  008  004  000  000  000  001  017  023  012  005  044  070  000 
 008  000  000  000  000  000  000  000  016  030  020  005  002  040  070  000 
 000  000  000  000  000  000  002  015  025  024  008  004  004  039  069  000 
 000  000  000  000  000  000  018  023  018  010  002  002  003  042  073  006 
 000  000  000  000  000  007  019  015  008  005  000  004  012  050  074  008 
 000  000  001  006  006  003  012  013  012  013  015  020  027  053  069  006 
 004  000  005  005  001  000  017  028  029  031  036  035  029  047  064  008 
 008  004  000  000  000  012  039  045  039  037  035  024  016  033  055  006 
 004  000  000  000  004  028  044  039  027  019  011  002  000  022  048  003 
 000  000  004  007  014  023  028  020  008  004  006  004  000  023  047  002 
 006  010  015  014  010  019  026  018  002  000  006  010  008  027  046  000 
 017  026  022  006  006  016  022  012  002  000  004  014  017  032  048  000 

Celda56

 001  004  010  012  004  004  050  042  000  008  008  018  024  021  014  000 
 002  005  010  008  000  000  050  049  009  008  004  012  024  017  010  000 
 000  000  000  003  002  000  051  057  022  008  000  007  028  014  003  000 
 000  000  000  000  006  003  050  061  020  000  000  004  032  013  000  003 
 000  000  000  000  000  001  040  058  022  000  004  011  036  011  000  008 
 001  000  000  000  000  000  026  054  028  000  008  012  027  008  000  008 
 000  000  000  004  008  000  010  054  038  010  006  004  012  014  000  004 
 000  000  002  008  010  005  000  056  044  022  006  000  002  024  008  000 
 000  000  000  000  000  004  007  059  049  025  004  003  000  030  014  000 
 000  000  000  000  000  006  006  047  047  024  000  007  012  028  012  000 
 000  000  000  000  002  007  000  038  047  026  002  000  004  012  013  005 
 000  000  000  000  003  006  000  030  046  026  008  000  000  004  020  016 
 000  000  000  000  000  000  003  022  041  028  012  000  000  000  026  026 
 002  004  008  008  009  020  036  052  062  048  033  022  028  027  038  043 
 004  012  026  035  040  052  066  079  085  074  060  050  054  056  061  069 
 000  000  000  000  000  000  000  007  016  016  010  003  000  000  005  023 

Celda57

 000  000  006  004  004  016  008  004  006  002  006  012  004  000  000  000 
 000  000  002  006  000  008  013  009  008  006  008  007  000  000  004  007 
 000  005  006  008  004  000  015  014  014  015  010  000  000  006  009  000 
 013  018  008  005  006  001  013  022  029  022  006  000  001  009  006  001 
 022  014  000  000  005  010  010  030  031  012  000  000  008  012  004  005 
 022  006  000  000  006  016  014  030  027  007  000  000  006  006  005  008 
 013  004  000  000  003  009  013  023  021  006  000  000  006  012  006  000 
 000  004  000  000  000  001  010  012  010  002  000  000  006  014  009  000 
 000  004  004  002  005  011  006  000  000  000  000  000  007  006  002  002 
 006  014  015  013  012  008  000  000  000  002  009  019  016  002  000  006 
 013  013  010  007  003  000  000  000  000  008  019  022  008  002  000  008 
 013  004  000  002  000  000  000  000  000  004  014  014  000  000  000  010 
 010  000  000  000  000  000  000  000  000  004  012  009  000  000  000  010 
 028  018  018  014  010  012  012  018  026  031  030  018  013  016  026  031 
 052  038  040  042  042  043  042  047  057  054  048  044  045  049  055  051 
 014  000  000  000  000  001  000  004  007  000  000  000  000  001  004  002 

Celda58

 002  002  006  006  001  001  007  003  004  009  015  018  016  033  058  043 
 002  000  011  014  002  000  004  000  000  000  001  007  008  030  050  022 
 000  001  012  016  001  000  000  000  000  000  000  003  006  020  034  012 
 000  004  005  010  001  000  000  000  000  000  000  004  002  009  026  012 
 004  004  000  005  000  000  000  000  000  000  004  004  000  000  023  014 
 000  000  000  001  000  000  000  000  000  000  000  000  000  000  023  014 
 000  000  000  000  000  000  000  000  000  002  000  000  000  000  020  015 
 000  000  000  000  000  000  000  000  000  000  000  000  000  002  014  012 
 001  000  000  000  000  000  000  000  004  000  000  000  002  004  006  004 
 012  000  000  000  000  000  000  000  005  000  000  000  003  004  000  000 
 016  000  000  000  000  000  000  000  002  000  000  000  001  001  000  000 
 014  000  000  000  000  000  000  000  000  000  000  004  007  007  004  000 
 008  000  000  000  000  000  000  000  000  000  002  009  013  010  004  000 
 018  014  017  022  026  028  030  030  029  029  030  036  042  041  038  040 
 044  045  050  055  058  059  061  062  062  063  063  066  072  077  081  090 
 000  000  000  000  000  000  000  000  000  000  000  000  000  000  000  000 

Celda59

 008  004  020  025  024  018  005  001  011  012  002  006  001  016  006  014 
 000  002  025  037  031  023  017  015  021  021  010  014  012  004  016  013 
 000  010  036  034  017  012  017  020  023  025  023  022  020  008  010  018 
 000  018  034  022  012  016  020  019  017  021  021  012  011  010  000  010 
 008  024  032  014  005  022  034  019  006  008  007  000  000  000  000  000 
 013  029  030  008  002  026  040  024  004  005  006  000  000  000  003  005 
 018  031  024  004  004  030  042  024  004  002  006  000  002  008  011  011 
 020  030  019  003  011  035  038  018  002  002  010  006  002  007  004  002 
 014  029  022  008  018  038  032  008  002  010  016  012  000  000  000  000 
 004  030  031  018  022  034  024  003  004  016  020  017  000  000  000  000 
 000  032  038  026  024  032  024  009  014  019  017  014  000  000  000  001 
 000  030  038  028  024  032  030  023  021  015  006  007  001  000  001  001 
 000  026  038  030  026  034  034  021  009  000  000  002  008  003  000  000 
 042  063  071  062  057  058  050  031  014  006  010  016  027  021  014  014 
 100  119  120  107  097  090  078  060  046  043  047  055  058  047  042  044 
 000  015  021  019  019  020  017  008  001  002  005  006  006  000  000  000 

Celda60

 022  010  000  000  000  000  000  000  000  004  007  006  002  002  004  006 
 002  000  000  000  000  000  000  000  008  009  002  002  002  000  000  006 
 002  000  000  000  006  000  002  016  022  006  000  000  001  000  000  001 
 004  000  000  000  010  009  011  021  015  002  000  000  000  000  000  002 
 002  000  000  002  006  014  011  008  002  000  000  000  000  000  000  001 
 000  000  000  004  008  008  010  009  002  000  000  000  000  000  000  000 
 010  006  002  008  010  002  000  010  002  000  000  000  000  000  000  000 
 008  012  009  006  000  000  000  002  000  000  000  000  000  000  000  000 
 003  008  008  000  000  000  000  000  000  000  000  000  000  000  000  000 
 006  000  004  003  000  000  000  000  000  000  002  000  000  001  006  004 
 002  000  000  000  000  000  002  002  003  000  000  000  000  006  012  006 
 000  000  000  000  000  000  002  000  000  000  000  000  000  010  008  002 
 000  000  000  000  000  000  000  000  000  004  000  000  004  012  004  000 
 017  024  032  036  035  030  026  028  039  050  050  040  030  042  042  038 
 051  060  060  062  061  060  061  066  073  079  085  088  088  102  100  087 
 004  006  000  000  000  000  000  001  000  000  000  000  000  015  013  000 

Celda61

 004  002  001  000  000  000  000  000  000  000  001  014  016  021  015  002 
 006  000  000  001  005  000  000  000  000  000  004  023  028  015  006  000 
 000  000  000  002  012  006  000  000  000  000  008  026  022  011  006  002 
 000  000  000  000  014  008  000  000  000  004  004  018  018  014  014  006 
 000  000  000  000  011  007  000  000  000  004  002  008  017  020  017  008 
 002  000  000  000  008  008  000  000  000  001  000  000  012  022  016  006 
 000  000  000  000  007  008  002  002  002  000  000  000  010  023  016  005 
 000  000  000  016  018  009  001  000  000  000  000  000  014  024  018  008 
 000  000  009  016  003  000  000  000  000  000  000  012  027  027  022  017 
 000  000  004  008  000  000  000  000  000  005  014  020  020  015  016  014 
 000  000  000  000  000  000  002  008  000  006  006  003  007  009  011  013 
 000  000  000  000  000  000  008  011  004  000  000  002  010  015  013  010 
 000  000  000  009  014  013  012  006  001  000  003  009  015  017  013  007 
 036  038  042  054  057  049  048  045  042  042  048  050  051  052  050  041 
 085  086  088  098  100  087  087  086  084  084  090  089  086  088  088  079 
 000  000  000  009  014  002  000  000  000  000  007  006  001  003  006  000 

Celda62

 000  000  002  004  001  012  028  030  014  012  004  001  006  014  023  026 
 000  000  007  010  008  014  010  018  019  007  002  000  002  018  029  028 
 002  002  007  008  003  007  005  000  006  006  004  004  010  021  016  015 
 003  002  000  004  008  008  005  000  000  008  020  022  012  005  004  000 
 000  000  000  000  008  009  004  000  000  012  019  015  011  002  000  000 
 000  000  000  000  002  005  004  005  008  012  008  000  008  014  010  000 
 005  006  004  008  008  010  018  018  009  007  008  003  008  016  024  029 
 015  020  012  004  000  006  017  012  004  005  012  014  013  012  019  032 
 021  018  002  000  000  010  014  006  004  008  012  013  009  006  010  016 
 014  010  000  000  000  014  016  011  012  010  008  010  008  003  003  004 
 016  012  000  001  000  014  020  015  015  009  008  011  009  002  000  004 
 014  015  005  001  000  012  022  019  012  006  008  014  011  003  002  015 
 006  016  012  004  009  020  030  023  007  005  009  014  009  008  013  026 
 036  041  049  044  046  055  061  050  032  032  043  042  033  035  042  045 
 078  082  090  082  076  078  081  073  062  063  075  068  057  058  062  059 
 000  004  018  015  006  003  009  008  000  001  015  009  000  000  003  002 

Celda63

 028  023  010  000  004  016  014  006  004  004  002  012  022  040  056  006 
 017  015  006  000  004  014  009  003  006  008  007  011  024  048  062  008 
 012  008  005  002  003  010  006  002  004  010  011  013  024  050  059  000 
 000  000  000  000  004  008  004  002  003  008  010  013  022  046  060  000 
 000  000  005  011  008  004  005  007  007  011  014  015  017  042  060  000 
 000  010  018  023  014  006  004  006  003  006  009  009  014  040  059  000 
 025  020  025  017  006  008  002  005  005  007  008  010  014  041  060  000 
 041  034  020  013  003  003  005  000  006  010  015  019  019  041  061  000 
 024  024  015  006  006  000  008  010  007  010  016  024  025  047  065  004 
 001  006  009  008  009  011  016  024  022  009  016  026  025  049  068  013 
 000  006  012  013  015  025  030  026  028  026  031  034  022  038  057  006 
 016  014  018  020  020  031  033  022  022  026  039  035  015  036  059  000 
 020  014  016  019  018  026  024  010  012  016  026  016  012  032  058  000 
 036  032  034  036  037  041  035  020  021  032  034  026  032  055  074  019 
 054  051  052  053  055  058  051  045  044  056  052  048  051  068  075  034 
 003  002  000  000  000  002  000  000  002  013  004  000  004  016  026  000 

