Celda0

 000  000  000  000  000  000  000  000  000  003  006  003  000  000  001  000 
 000  000  000  000  000  000  000  000  000  005  012  007  000  000  003  000 
 000  000  000  000  000  000  000  000  000  007  021  014  000  000  005  000 
 000  000  000  000  009  000  000  000  000  006  020  020  004  002  002  000 
 001  002  002  000  014  000  008  015  014  013  021  023  016  014  012  010 
 002  005  010  006  006  004  000  012  022  024  021  012  011  010  006  010 
 001  002  004  004  005  010  011  017  027  032  030  016  000  009  017  017 
 000  000  000  004  020  022  019  018  022  027  028  029  020  006  020  032 
 000  000  000  008  027  021  016  010  011  014  005  014  021  018  019  032 
 003  008  014  011  020  013  010  007  005  010  009  000  013  016  007  018 
 004  008  014  010  008  006  000  000  000  005  013  010  006  009  008  001 
 002  006  012  011  000  000  000  001  004  011  024  009  002  011  024  026 
 000  001  004  007  004  001  000  003  010  023  026  009  012  028  035  043 
 000  000  000  000  001  017  022  014  015  020  020  017  026  035  032  032 
 000  000  000  000  012  025  021  018  005  010  021  024  018  016  013  009 
 001  001  000  000  032  031  012  012  006  000  013  030  026  012  006  002 

Celda1

 000  000  000  000  000  001  000  000  000  003  000  000  000  000  000  000 
 000  000  001  000  000  002  000  000  001  006  000  000  000  000  000  000 
 000  004  005  000  000  001  000  000  002  006  000  000  000  000  000  000 
 000  012  012  000  000  000  000  000  001  000  000  000  000  000  000  000 
 006  012  016  000  000  000  000  000  000  000  000  000  000  000  000  014 
 022  018  008  000  000  000  000  000  000  000  002  000  000  000  000  023 
 028  034  021  006  000  000  000  000  001  004  002  000  000  000  000  026 
 028  022  023  018  011  004  000  000  000  000  000  000  000  004  009  033 
 024  000  010  016  017  016  013  007  002  000  000  002  003  006  013  040 
 022  008  000  005  014  020  020  014  013  014  014  012  011  010  010  031 
 015  014  002  000  002  014  020  022  020  018  018  020  020  014  006  015 
 022  017  002  000  002  000  006  013  012  009  012  020  020  014  009  011 
 041  030  019  010  000  000  000  000  000  000  007  015  014  011  009  011 
 036  029  018  012  010  003  000  000  000  000  009  010  000  004  000  000 
 005  004  002  006  012  011  006  000  000  000  008  011  000  000  000  000 
 000  000  000  000  000  000  000  006  012  008  000  006  000  000  000  000 

Celda2

 000  001  003  005  003  000  001  003  000  000  000  000  000  001  000  000 
 000  003  007  012  006  000  004  006  000  000  000  000  000  002  000  000 
 000  005  014  024  012  000  010  013  000  000  000  000  000  000  000  000 
 000  000  008  028  015  002  016  016  000  000  000  000  000  000  000  000 
 043  039  017  018  014  007  019  013  000  000  004  009  006  004  005  007 
 035  023  020  016  014  015  021  006  000  000  009  015  014  017  016  012 
 026  002  006  007  022  033  032  012  004  000  012  016  005  006  005  002 
 023  000  000  002  024  032  022  010  008  003  006  016  010  000  000  000 
 016  000  000  010  039  028  004  000  000  008  010  004  004  001  000  000 
 002  000  000  024  061  035  000  000  000  005  014  011  004  004  008  003 
 000  000  000  057  076  036  014  008  004  008  004  010  014  020  020  012 
 000  000  001  057  059  024  014  017  016  011  000  000  006  017  011  008 
 006  006  006  044  050  016  000  002  010  014  009  002  005  008  004  006 
 000  010  020  044  049  014  000  000  008  004  013  018  012  007  004  002 
 000  003  015  028  040  008  000  000  014  012  013  022  026  018  009  004 
 000  000  000  008  039  013  001  008  019  019  020  016  017  018  016  016 

Celda3

 000  000  000  000  000  001  002  002  000  000  000  000  002  001  000  000 
 000  000  000  000  000  003  006  004  000  000  000  000  004  002  000  000 
 000  000  000  000  002  008  012  004  000  000  000  004  006  004  000  000 
 000  000  000  000  002  009  013  004  000  000  004  007  006  004  000  000 
 008  010  015  017  011  004  010  006  000  003  001  005  007  005  000  000 
 009  010  016  020  016  005  004  006  000  000  000  000  005  007  000  000 
 002  004  006  009  010  008  001  000  000  001  004  001  000  006  000  000 
 000  000  000  000  000  005  008  006  002  002  012  007  006  000  000  000 
 000  000  000  000  000  000  007  014  017  012  014  007  001  000  000  000 
 000  000  000  000  000  000  000  009  016  020  010  002  000  000  000  000 
 006  000  000  000  000  003  007  010  004  006  006  004  000  000  000  000 
 009  004  000  003  018  021  014  004  000  000  000  009  012  005  000  000 
 006  006  006  018  028  014  003  000  000  000  005  012  008  008  004  000 
 002  004  006  015  012  000  000  000  004  012  013  008  002  008  010  002 
 004  004  003  000  002  000  000  002  015  014  010  004  000  004  008  006 
 018  016  008  000  000  003  008  013  012  002  000  000  000  000  000  006 

Celda4

 000  000  000  000  001  001  000  000  000  000  000  000  000  000  001  002 
 000  000  000  000  003  004  000  000  000  000  000  000  000  000  003  004 
 000  002  000  000  006  008  000  000  000  000  000  000  000  001  007  005 
 000  004  000  000  004  010  002  000  000  000  000  000  000  006  010  003 
 000  004  000  000  002  006  001  000  000  000  000  000  000  010  010  000 
 000  001  000  000  000  000  000  000  000  001  000  000  000  010  009  000 
 000  000  000  000  000  000  000  000  000  000  000  000  000  010  008  000 
 000  001  002  001  003  002  002  004  004  000  000  000  004  012  007  000 
 000  004  010  007  002  000  000  002  004  004  000  000  008  012  005  000 
 002  000  014  010  000  000  000  006  000  001  004  004  004  008  006  000 
 002  000  012  010  000  000  001  002  000  000  002  006  002  006  008  000 
 000  000  006  008  000  004  010  006  000  000  000  004  006  008  007  000 
 000  000  000  004  010  018  008  004  000  000  000  000  001  001  001  000 
 000  000  000  006  016  011  000  000  000  000  000  000  000  000  000  000 
 001  000  000  008  016  006  000  000  000  000  000  002  000  000  000  000 
 012  006  000  006  016  007  000  000  002  005  006  007  002  000  000  000 

Celda5

 000  000  000  003  004  002  000  000  001  000  000  000  001  002  001  000 
 000  000  000  006  009  005  000  000  002  000  000  000  003  004  003  001 
 000  000  000  007  016  010  000  000  004  000  000  000  008  009  008  004 
 000  000  000  002  014  013  002  002  005  000  000  000  014  015  012  006 
 000  000  000  000  008  012  008  008  006  000  000  002  019  019  014  006 
 000  000  000  000  004  010  014  015  008  000  000  005  022  018  012  006 
 000  000  000  000  002  007  013  016  007  000  000  011  022  013  004  003 
 000  004  004  001  001  009  009  008  003  000  002  018  020  005  000  000 
 000  004  004  000  004  014  008  000  000  000  012  021  011  000  000  000 
 001  002  000  003  012  012  001  000  000  003  017  014  000  000  000  002 
 000  000  000  004  018  015  001  000  000  009  014  004  000  000  000  006 
 000  000  000  000  014  018  004  000  002  011  006  000  000  000  002  005 
 000  002  002  000  004  015  008  002  008  008  002  000  000  005  013  007 
 000  006  000  000  000  006  012  011  009  006  002  000  001  006  005  000 
 000  007  003  000  000  000  014  014  006  004  004  003  004  004  002  000 
 000  004  005  000  000  004  017  014  002  000  002  004  004  002  000  000 

Celda6

 000  000  001  002  000  000  000  001  002  000  000  000  000  000  003  003 
 000  000  002  004  001  000  000  003  002  000  000  000  000  000  006  006 
 000  000  002  008  004  000  000  006  002  000  000  000  000  000  010  012 
 000  000  000  008  008  000  002  007  000  000  000  000  000  000  006  012 
 000  000  000  004  010  006  004  003  000  000  000  000  003  000  000  006 
 000  000  000  000  010  011  005  000  000  000  000  000  003  001  000  000 
 002  000  000  000  006  008  004  000  000  000  000  000  000  005  003  000 
 006  006  000  000  000  000  004  005  000  000  000  000  000  010  008  003 
 008  011  003  000  000  000  004  008  003  000  000  000  000  012  014  006 
 011  010  001  000  000  000  000  006  004  000  000  000  000  012  019  009 
 014  012  002  000  000  000  000  001  004  000  000  000  004  015  016  008 
 010  012  006  000  000  000  000  000  004  002  000  005  014  016  009  002 
 001  005  004  000  000  000  000  000  004  006  005  008  014  012  004  000 
 000  000  000  001  000  000  000  000  002  010  010  009  009  004  002  004 
 000  000  000  004  001  000  000  000  000  008  010  010  008  002  002  006 
 000  000  000  006  010  001  000  000  000  003  009  015  013  009  006  000 

Celda7

 001  000  000  000  000  002  001  000  000  002  000  000  000  005  009  000 
 002  000  000  000  000  006  004  000  000  005  002  000  000  012  022  000 
 002  000  000  000  000  016  010  000  000  010  006  000  000  025  046  000 
 002  000  000  000  001  024  013  000  000  010  012  000  000  032  064  000 
 003  000  000  000  007  024  009  000  000  009  016  000  000  030  072  000 
 002  001  000  000  013  017  005  000  000  006  018  000  000  026  074  000 
 000  000  000  012  018  011  004  000  000  000  018  006  000  025  074  000 
 000  000  000  020  020  008  006  000  000  000  010  014  000  028  073  000 
 000  000  000  020  016  007  006  004  000  000  000  016  007  034  073  000 
 000  000  002  016  012  008  010  011  000  002  000  011  018  040  072  000 
 000  000  002  011  008  010  015  017  004  002  000  002  023  048  074  000 
 000  000  000  006  008  014  018  018  006  000  000  000  020  056  082  000 
 000  000  000  003  010  016  016  013  006  000  000  000  013  058  089  000 
 002  000  000  005  014  017  008  006  004  000  000  000  007  058  094  000 
 003  002  004  010  017  011  000  000  002  000  000  000  000  056  100  000 
 001  004  008  012  014  004  000  000  002  001  000  000  000  054  108  000 

Celda8

 005  010  017  014  038  027  004  006  012  016  009  017  024  017  008  001 
 005  010  012  003  020  018  000  000  015  030  034  020  007  018  019  013 
 002  004  004  000  004  016  015  012  022  024  024  020  006  012  029  020 
 000  000  000  000  000  017  030  027  016  004  000  000  000  000  026  026 
 000  000  000  000  009  030  036  025  010  000  000  000  002  008  010  018 
 000  000  000  000  021  023  014  017  010  000  000  002  010  012  006  004 
 000  000  000  000  011  000  000  010  011  006  004  001  000  000  000  004 
 002  004  003  000  006  000  000  004  004  008  014  010  000  000  000  015 
 003  006  005  000  000  001  006  001  000  003  020  018  000  000  004  028 
 000  000  000  000  000  006  010  000  000  000  020  020  000  002  023  025 
 000  000  000  003  010  015  011  000  000  000  013  018  010  015  023  007 
 000  000  001  000  000  003  001  000  000  000  008  020  020  018  010  000 
 000  000  000  000  000  004  003  000  000  000  012  029  028  013  003  000 
 000  000  000  000  000  000  004  003  000  001  017  029  023  009  000  000 
 000  000  000  000  000  000  004  010  002  000  013  023  018  007  000  000 
 001  002  004  000  000  000  004  015  006  000  009  020  016  006  000  000 

Celda9

 000  000  000  000  000  000  000  008  017  022  016  006  000  000  000  000 
 010  008  002  000  000  000  011  023  022  022  025  022  012  004  002  008 
 004  004  000  002  010  022  030  030  022  011  012  013  009  000  000  010 
 002  000  000  006  012  016  015  013  002  000  000  000  000  000  000  023 
 010  000  002  010  006  000  002  002  000  000  000  000  000  000  000  039 
 012  013  007  005  005  000  000  000  000  000  000  000  000  000  003  039 
 017  014  006  001  000  004  000  000  000  000  005  008  009  008  006  026 
 031  012  000  004  002  000  000  000  005  015  023  014  006  004  004  014 
 028  004  002  000  004  000  000  004  008  017  014  006  000  000  011  018 
 014  000  000  000  000  000  000  005  004  008  002  000  000  004  021  020 
 000  000  000  000  000  008  006  005  003  004  000  000  002  004  015  004 
 000  000  000  000  000  012  006  000  000  000  000  000  000  000  006  000 
 000  000  000  000  003  006  004  000  000  000  000  000  000  000  000  000 
 000  000  000  000  002  000  000  000  000  000  000  000  000  000  000  000 
 000  003  004  002  000  000  000  000  000  000  000  000  000  000  000  000 
 006  012  010  006  000  000  000  000  000  000  006  006  000  000  000  000 

Celda10

 004  000  000  002  046  026  004  016  024  022  019  006  000  003  010  016 
 014  001  000  002  054  038  015  016  016  014  008  001  000  007  015  007 
 023  010  000  017  075  058  025  011  005  006  003  000  004  014  003  000 
 022  010  006  060  106  067  023  010  006  018  018  014  000  006  000  000 
 010  000  002  087  103  042  013  010  024  040  025  014  000  000  003  008 
 000  000  000  086  065  000  000  018  043  036  016  010  008  004  006  023 
 000  000  002  071  048  002  002  033  037  014  010  013  015  014  019  031 
 000  000  009  052  039  018  021  026  016  002  006  013  016  016  017  025 
 009  010  012  039  041  035  020  012  012  008  000  000  005  007  002  011 
 012  010  017  054  057  031  008  006  009  008  002  000  000  000  000  006 
 000  000  017  056  047  019  004  004  004  004  000  000  000  000  005  002 
 000  000  026  048  033  017  007  000  002  004  000  000  000  000  001  000 
 000  000  039  058  037  017  002  000  000  004  000  000  000  000  000  000 
 000  002  063  075  042  012  001  002  000  002  000  000  000  000  000  000 
 000  012  070  075  032  010  004  001  000  000  001  000  000  000  000  000 
 000  010  069  063  012  003  002  000  000  000  007  000  000  000  000  002 

Celda11

 018  020  020  016  008  005  013  013  006  000  000  000  000  000  000  002 
 000  004  018  028  029  018  011  014  009  000  000  000  000  000  000  000 
 000  001  008  016  022  023  020  022  010  000  002  006  008  006  004  000 
 003  012  011  010  010  014  020  021  010  001  000  006  010  012  009  002 
 013  008  004  004  006  007  011  010  010  006  004  012  013  018  014  004 
 013  000  000  000  000  000  002  001  000  005  010  015  013  010  012  012 
 009  000  000  000  000  000  000  000  001  012  016  008  002  000  000  010 
 006  006  008  004  000  000  005  010  018  018  018  010  000  000  000  000 
 000  000  003  006  007  014  020  015  010  002  004  010  012  007  000  000 
 000  000  000  000  006  020  017  005  000  000  000  000  007  013  012  002 
 000  000  000  000  008  015  005  000  000  000  000  000  000  003  012  018 
 000  000  000  007  018  014  005  000  000  000  000  000  000  000  004  018 
 000  000  003  013  014  008  004  000  000  000  003  002  000  000  000  011 
 000  008  016  008  001  000  000  000  004  009  011  008  003  002  015  014 
 000  010  015  001  000  000  000  000  000  007  009  010  010  013  022  012 
 002  006  011  000  000  000  000  000  000  009  009  006  006  005  006  002 

Celda12

 011  013  009  002  014  011  006  004  007  012  016  017  016  011  004  000 
 003  010  018  016  016  022  015  004  000  001  006  012  014  014  011  008 
 000  007  020  018  012  028  012  001  000  000  004  004  000  000  000  003 
 000  007  006  008  006  028  009  004  000  000  002  000  000  000  000  000 
 000  008  000  000  000  023  006  002  005  006  003  000  000  002  002  001 
 007  003  000  000  000  018  010  000  001  008  008  006  006  003  002  001 
 016  011  007  008  002  004  010  002  004  003  003  002  000  000  000  000 
 007  013  010  008  007  000  004  009  012  003  000  000  000  000  000  000 
 002  000  000  000  008  012  008  006  012  002  000  000  000  000  000  002 
 000  000  000  000  000  009  012  007  015  007  004  000  000  000  009  022 
 019  015  007  000  000  000  000  000  014  009  008  013  020  033  038  028 
 030  037  038  030  014  000  000  000  014  008  000  012  043  052  038  026 
 017  019  024  032  036  026  013  004  012  009  000  015  034  023  010  010 
 008  004  000  007  024  038  038  030  030  031  026  022  012  006  000  000 
 007  003  000  000  000  013  022  026  037  053  053  042  024  004  000  006 
 000  000  000  000  006  000  000  000  027  045  043  037  042  038  029  019 

Celda13

 000  000  003  000  000  011  016  014  004  002  000  003  002  000  000  000 
 007  004  004  011  024  025  016  010  008  004  010  006  000  000  000  000 
 009  012  016  025  027  015  008  006  007  004  000  000  000  000  000  000 
 006  015  023  022  014  000  000  000  000  000  000  000  000  002  000  000 
 006  027  025  016  008  004  002  000  000  000  000  012  009  002  002  003 
 013  035  024  020  016  012  010  006  000  000  002  018  011  000  000  006 
 014  030  015  010  014  011  008  006  006  006  007  016  007  000  000  000 
 016  025  012  000  000  004  005  005  010  013  010  011  002  000  000  004 
 018  018  010  004  000  002  008  013  016  016  016  015  008  006  008  013 
 020  011  009  007  005  002  006  012  012  010  010  017  020  023  024  020 
 015  010  012  011  004  000  000  000  000  000  003  019  023  026  028  022 
 018  012  010  006  002  000  000  000  000  000  009  029  028  020  020  016 
 014  016  012  007  004  001  000  000  000  000  024  039  033  020  016  011 
 006  013  016  019  019  016  009  000  000  008  029  031  024  011  010  010 
 008  008  013  022  021  021  022  024  021  019  023  022  018  002  000  000 
 008  002  004  006  001  006  016  028  032  028  024  012  010  000  000  000 

Celda14

 000  000  000  008  014  005  000  000  000  001  014  026  021  009  000  000 
 000  000  000  005  014  010  000  000  000  010  023  023  008  002  000  000 
 002  003  000  000  012  012  000  000  003  012  015  008  000  000  004  006 
 004  006  000  000  008  010  001  000  005  008  010  000  000  000  006  010 
 000  004  004  004  006  006  005  007  006  005  009  002  000  000  006  010 
 010  008  008  011  011  012  018  018  008  004  009  000  002  002  001  006 
 011  013  011  014  014  014  019  016  008  004  004  000  000  006  005  002 
 016  013  016  024  024  014  009  005  000  000  000  002  000  004  006  009 
 021  017  022  033  027  016  006  000  000  000  000  002  000  000  000  009 
 021  024  032  029  016  012  009  002  000  000  002  000  000  000  004  009 
 014  023  027  013  004  003  004  004  003  007  010  003  000  000  012  014 
 010  014  016  005  000  000  000  000  004  023  014  004  002  014  024  015 
 009  010  006  002  000  000  000  000  017  023  008  002  004  024  020  009 
 012  010  002  000  000  000  000  014  026  010  000  004  016  022  008  004 
 008  008  002  000  000  000  013  026  018  002  000  004  012  010  002  000 
 000  000  000  000  002  012  023  020  008  004  004  003  003  004  002  000 

Celda15

 000  006  007  010  006  000  000  000  006  008  000  000  000  050  112  000 
 003  004  004  004  000  000  000  002  010  010  000  000  000  046  111  000 
 006  003  002  000  000  000  002  008  005  006  000  000  000  049  110  001 
 008  008  006  000  000  001  004  004  000  002  002  000  006  055  114  009 
 008  014  010  000  000  002  004  004  000  000  005  000  002  052  109  005 
 008  014  012  000  000  000  004  005  000  000  006  006  000  049  104  000 
 008  012  011  004  000  000  004  004  000  000  006  012  004  054  109  005 
 018  017  009  002  000  000  002  001  000  000  006  018  014  065  116  009 
 013  010  003  000  000  000  001  000  000  000  007  021  024  070  109  001 
 007  005  001  000  000  000  003  004  000  009  017  022  022  064  102  000 
 005  001  000  000  000  002  009  010  011  017  015  012  014  060  100  000 
 002  000  000  000  002  010  013  008  013  018  005  000  008  060  102  000 
 006  004  001  000  003  004  002  007  017  010  000  000  006  061  105  000 
 007  008  004  000  004  004  002  012  010  000  000  000  006  060  108  000 
 000  000  000  000  004  006  005  006  001  000  000  005  009  056  110  000 
 000  000  000  002  010  007  000  000  000  000  004  012  005  055  112  003 

Celda16

 001  000  000  000  000  000  006  014  006  000  004  014  016  007  000  002 
 000  000  000  000  000  004  006  006  004  001  004  008  014  010  001  003 
 000  000  000  000  002  011  004  000  002  006  008  006  006  008  006  004 
 001  004  009  012  008  006  000  001  002  008  008  002  000  005  008  006 
 000  000  002  009  008  000  000  000  000  005  006  002  000  005  008  004 
 000  000  000  000  000  000  000  000  000  000  000  000  003  008  006  000 
 000  000  000  000  000  000  000  000  000  000  000  000  004  013  009  002 
 001  001  000  000  000  000  000  000  000  000  000  000  005  014  014  007 
 000  000  000  000  000  000  000  000  000  002  004  011  013  013  012  008 
 000  000  001  000  002  008  017  023  024  020  024  019  011  011  012  010 
 002  006  014  022  028  034  035  032  028  020  016  006  000  002  007  007 
 000  000  002  012  019  018  013  008  006  006  008  008  006  000  004  005 
 000  000  000  000  000  000  000  000  000  000  005  007  009  004  000  002 
 000  000  000  000  000  000  000  000  000  000  006  005  000  005  012  010 
 000  000  000  000  000  000  000  002  004  002  000  002  003  002  009  012 
 001  000  000  000  000  002  005  004  006  008  007  004  007  006  000  001 

Celda17

 013  013  004  000  000  000  000  000  000  000  002  008  010  005  000  000 
 012  010  004  000  000  000  000  000  000  000  000  000  009  014  010  000 
 005  002  000  002  002  000  000  004  004  000  000  000  006  012  007  000 
 000  000  000  004  010  010  004  000  000  000  000  000  001  000  000  000 
 000  000  000  012  026  020  004  000  000  000  004  000  000  000  000  000 
 000  005  010  019  018  006  000  000  000  007  000  000  000  000  000  000 
 005  012  014  014  010  002  000  000  001  000  000  000  000  000  000  000 
 007  010  010  009  008  002  000  000  000  000  000  000  000  000  000  005 
 005  005  006  009  010  003  000  000  000  000  000  000  000  000  000  013 
 009  008  011  013  006  000  000  000  000  000  000  000  000  000  000  013 
 004  002  007  007  000  000  000  000  000  000  000  000  000  000  000  004 
 000  000  010  006  000  000  000  000  000  000  000  000  000  000  000  000 
 000  000  012  008  000  000  000  000  000  000  000  000  000  000  000  000 
 006  008  021  022  014  014  010  003  000  000  000  000  001  000  000  018 
 013  020  030  025  011  008  001  000  000  000  000  000  001  000  000  028 
 010  021  022  009  000  000  000  000  000  000  000  002  002  000  000  030 

Celda18

 000  015  073  058  008  000  000  000  000  000  008  000  000  000  000  000 
 000  024  077  052  000  000  000  000  000  000  008  006  000  000  000  000 
 000  030  076  046  000  000  000  000  000  000  008  014  001  002  002  008 
 000  046  072  035  000  000  000  000  000  000  004  015  010  002  005  011 
 004  055  060  025  000  000  000  000  000  003  000  008  014  006  002  006 
 018  052  041  017  000  000  000  000  000  000  000  000  012  012  010  008 
 030  048  027  009  000  000  000  000  000  000  000  000  008  020  022  014 
 045  050  023  002  000  000  000  000  000  000  000  000  004  031  032  007 
 044  046  021  004  000  000  000  004  009  012  015  014  006  029  032  006 
 041  045  018  000  000  000  000  002  010  012  014  016  010  013  026  012 
 039  048  020  002  000  000  004  006  001  002  003  006  006  000  019  018 
 040  048  020  004  000  000  007  004  000  004  006  000  002  002  014  022 
 044  047  016  003  002  006  006  000  000  005  008  000  000  000  011  026 
 062  054  020  003  000  002  004  004  004  006  006  000  000  000  005  026 
 056  041  013  000  000  000  004  014  012  008  006  003  006  009  004  016 
 041  028  010  000  000  000  004  018  015  008  007  006  006  008  003  000 

Celda19

 000  003  005  000  000  000  000  005  015  021  012  004  000  000  000  002 
 002  005  000  000  002  010  014  013  012  009  000  000  000  000  000  001 
 015  013  008  004  010  010  006  000  000  004  000  000  000  000  000  000 
 011  004  000  000  004  000  000  000  000  000  002  000  000  000  000  004 
 005  000  000  000  000  000  000  000  000  000  002  000  000  002  008  008 
 003  000  001  004  002  000  000  000  000  000  000  000  001  014  011  004 
 000  000  000  002  004  000  000  003  010  015  015  007  000  020  010  000 
 000  000  003  000  000  000  004  009  018  018  014  006  000  018  010  000 
 000  000  002  002  000  000  016  013  003  000  000  000  000  017  010  000 
 003  000  001  001  000  002  012  002  000  000  000  000  000  017  009  000 
 012  002  000  000  000  000  001  000  000  000  000  000  000  016  006  000 
 020  004  000  000  002  000  000  000  000  000  000  000  000  014  004  000 
 020  000  000  000  000  000  000  000  000  000  000  000  000  008  001  000 
 018  000  000  000  000  000  000  000  002  004  008  012  010  004  005  014 
 014  003  000  000  000  000  007  010  010  012  014  018  018  014  028  046 
 011  010  003  003  014  019  013  010  008  006  000  000  000  004  030  041 

Celda20

 000  000  000  000  000  000  000  006  031  029  014  001  018  034  036  026 
 000  000  000  000  000  000  008  037  048  023  002  006  006  010  020  024 
 000  000  000  000  000  008  035  059  048  018  005  003  012  006  000  008 
 002  003  007  008  002  015  046  052  022  010  007  002  006  006  000  000 
 002  000  000  000  000  019  048  036  002  000  001  000  000  000  001  004 
 000  000  000  000  000  034  052  029  001  000  000  000  000  000  000  008 
 000  000  000  000  019  049  039  018  005  004  004  000  000  000  000  008 
 000  000  000  003  032  034  017  013  014  000  006  004  000  000  004  009 
 000  000  000  010  022  021  011  011  020  008  000  006  004  000  006  014 
 000  000  003  024  027  017  011  007  016  016  000  001  006  008  010  018 
 000  003  043  060  040  021  012  001  008  016  004  000  004  014  018  018 
 000  028  073  057  020  001  000  000  004  014  009  000  007  015  019  014 
 000  044  061  014  000  000  000  000  005  016  016  010  009  010  012  012 
 033  060  045  002  000  002  006  006  008  017  020  012  003  002  002  000 
 058  057  034  006  009  018  024  025  024  031  033  021  008  003  000  000 
 030  016  003  000  002  010  020  023  025  033  038  029  018  012  003  000 

Celda21

 016  007  000  002  000  000  002  000  004  018  026  018  004  000  000  000 
 023  018  011  002  000  000  000  000  001  012  011  011  013  014  008  000 
 014  016  018  012  003  000  000  000  008  015  006  000  000  002  005  004 
 000  009  014  012  008  002  000  000  008  013  002  000  002  000  000  000 
 005  002  005  004  004  003  003  000  004  011  000  000  004  004  000  000 
 012  004  000  000  000  000  004  007  002  002  000  000  008  011  006  002 
 009  002  000  000  000  004  006  008  006  000  000  002  016  020  007  005 
 002  000  000  000  000  005  007  005  004  008  019  026  025  016  002  000 
 004  002  000  000  003  000  000  000  000  011  028  024  020  012  002  000 
 006  002  002  002  004  000  000  000  001  018  020  011  009  011  010  008 
 001  000  002  004  005  004  008  011  012  014  012  011  008  010  014  019 
 004  000  001  008  012  015  020  020  014  010  016  018  013  014  016  018 
 007  002  006  015  019  016  016  016  016  014  020  018  013  012  016  014 
 000  004  017  026  019  014  010  012  018  022  021  016  013  013  012  013 
 000  006  029  026  018  016  015  016  024  027  024  017  018  017  011  012 
 005  022  028  014  009  012  017  029  039  032  028  025  028  028  023  019 

Celda22

 000  000  000  000  001  015  017  010  003  002  003  004  004  004  004  000 
 000  000  000  000  002  010  010  007  003  000  000  000  004  002  001  000 
 006  010  012  009  004  008  009  006  000  000  000  004  001  000  000  000 
 010  019  021  018  012  005  008  008  000  000  001  004  000  000  000  000 
 006  002  006  012  014  010  010  013  005  005  004  003  000  000  000  009 
 004  002  003  003  008  010  013  014  002  000  000  000  000  000  001  010 
 000  002  008  006  000  002  007  005  000  000  000  000  000  000  001  004 
 000  002  011  004  000  000  000  002  002  008  008  004  000  000  000  003 
 000  004  014  009  006  004  000  004  007  008  014  012  004  000  002  005 
 008  007  015  013  006  010  013  015  007  002  004  006  006  004  005  009 
 022  016  016  015  006  009  015  012  006  000  000  000  003  008  012  019 
 022  022  019  021  012  006  003  000  000  001  002  002  004  009  021  030 
 014  020  023  023  015  010  004  001  001  004  008  009  008  008  020  023 
 012  012  012  010  010  012  014  014  014  014  012  010  008  007  012  010 
 010  004  000  000  002  006  011  014  016  017  013  008  009  012  011  005 
 010  002  000  000  004  004  002  005  010  015  014  011  011  012  011  011 

Celda23

 000  000  000  006  011  001  000  000  000  000  004  010  008  058  113  004 
 000  000  007  014  008  002  000  000  005  004  000  004  012  064  110  000 
 000  010  018  013  006  003  004  004  002  000  000  001  013  068  113  000 
 010  015  012  004  002  004  007  006  002  000  000  002  012  068  116  000 
 014  005  000  000  002  004  008  010  008  006  004  011  018  070  115  000 
 006  000  000  000  002  004  004  007  012  017  018  016  017  067  114  001 
 002  002  004  002  000  004  006  012  018  024  024  016  012  063  111  000 
 002  004  006  006  007  011  014  019  021  014  014  014  013  064  110  001 
 002  004  010  012  014  019  019  016  010  001  004  011  016  063  110  006 
 004  008  017  018  017  017  014  009  007  004  004  007  008  055  106  007 
 013  012  019  020  016  013  010  006  008  010  009  006  003  050  102  004 
 018  010  011  015  012  010  010  009  008  011  011  008  004  051  103  004 
 012  010  008  015  012  010  012  014  012  010  007  005  004  051  102  002 
 000  004  009  018  016  013  014  014  006  002  000  000  002  049  099  000 
 000  000  010  018  018  013  009  006  000  000  000  000  000  048  100  002 
 012  011  014  017  017  010  000  000  000  000  000  000  000  049  104  005 

Celda24

 001  002  002  000  000  012  016  008  008  010  012  013  010  002  001  004 
 000  001  004  006  013  026  024  014  013  010  006  006  007  006  007  012 
 000  001  004  009  019  026  020  014  014  010  006  005  011  018  024  022 
 000  001  004  005  012  018  015  014  012  013  011  012  021  028  028  024 
 001  002  004  003  009  022  021  017  010  012  012  016  021  019  012  009 
 000  000  002  004  014  030  022  009  002  006  013  023  021  010  002  000 
 000  000  001  005  019  028  013  000  000  004  016  031  024  016  005  000 
 001  002  002  003  018  021  009  003  005  008  022  030  019  016  008  000 
 001  003  005  002  014  014  007  009  008  009  021  020  004  006  010  008 
 001  002  004  006  012  012  008  010  005  008  017  009  000  000  006  011 
 000  000  000  006  015  009  006  012  010  007  005  000  000  000  001  010 
 000  000  000  000  009  004  002  010  014  006  000  000  000  004  003  011 
 001  002  002  000  006  003  007  013  007  004  000  000  006  011  007  005 
 001  003  006  006  000  008  014  009  002  001  004  002  003  005  004  005 
 000  002  008  014  014  014  012  003  000  000  004  003  000  002  008  011 
 001  002  006  010  012  010  004  001  001  000  005  006  001  000  012  020 

Celda25

 012  016  011  002  000  000  000  001  000  000  000  002  002  000  008  036 
 015  014  007  002  002  001  002  002  000  002  009  010  005  007  031  051 
 018  012  002  000  002  003  002  000  000  004  014  016  014  030  058  062 
 014  004  000  000  001  000  000  000  004  014  020  018  016  047  069  058 
 008  003  000  003  003  000  000  000  010  022  025  021  022  060  069  045 
 002  002  002  007  004  002  000  004  010  016  018  019  026  065  064  033 
 000  000  003  005  002  004  008  011  014  016  018  018  024  059  054  022 
 000  001  007  002  000  001  008  014  020  023  020  017  020  049  042  014 
 005  014  009  004  000  003  010  018  020  016  009  012  029  050  040  018 
 010  018  010  010  008  008  012  015  010  000  000  011  050  050  036  023 
 016  021  013  014  014  010  007  001  000  000  000  039  059  028  015  021 
 018  017  009  005  006  008  008  001  000  000  007  059  054  014  004  023 
 009  008  002  000  000  006  010  010  006  005  025  074  058  022  013  023 
 008  010  008  007  008  009  008  008  006  006  036  084  065  030  020  016 
 011  006  006  008  012  012  008  001  000  004  045  085  056  020  018  010 
 007  000  000  000  003  008  004  000  000  015  062  080  043  010  016  011 

Celda26

 040  024  010  000  000  004  011  017  010  008  012  006  000  000  001  000 
 041  020  010  004  001  006  011  010  005  010  014  004  000  000  010  018 
 042  022  013  011  011  016  018  012  006  009  011  004  000  006  014  021 
 034  021  020  022  021  021  016  012  008  005  003  006  008  013  012  012 
 025  022  025  028  021  012  003  000  000  000  000  008  016  016  011  009 
 018  016  018  018  009  004  000  000  001  000  000  006  020  016  006  001 
 012  011  009  003  000  000  000  002  007  006  003  002  016  014  007  000 
 010  011  010  008  002  000  006  016  020  012  004  000  010  011  007  002 
 010  012  014  019  020  016  014  015  014  010  006  002  010  011  004  001 
 012  015  023  024  027  022  010  000  000  005  012  014  011  012  006  003 
 017  018  021  013  011  010  003  000  003  009  017  020  010  006  004  000 
 020  010  002  000  000  000  004  002  006  018  012  014  010  003  004  001 
 014  000  000  000  002  008  012  012  013  026  015  010  010  008  010  009 
 014  002  008  016  020  022  022  022  019  029  016  009  010  009  013  013 
 016  008  013  022  022  022  024  028  024  018  009  007  012  012  018  019 
 016  014  012  014  007  009  016  026  026  016  014  014  020  018  018  018 

Celda27

 010  018  017  022  025  016  006  000  000  000  000  000  000  007  031  022 
 024  031  023  016  009  002  000  000  000  000  000  000  004  027  033  020 
 019  021  015  009  006  002  004  002  000  000  000  000  022  033  025  025 
 009  006  011  013  013  007  010  012  012  008  003  006  033  029  019  027 
 008  006  012  011  007  000  000  000  002  002  004  010  028  018  016  025 
 004  004  005  008  004  000  000  000  000  000  000  009  016  016  018  022 
 000  000  001  006  003  000  000  000  000  000  011  021  008  008  021  027 
 000  000  000  006  002  000  000  000  000  007  040  034  022  013  018  028 
 000  000  002  004  000  000  000  000  000  022  044  027  022  028  027  030 
 001  000  000  000  000  000  000  000  004  040  036  014  013  024  028  019 
 002  003  002  000  000  000  000  000  033  061  041  018  021  021  015  010 
 005  006  006  004  002  000  000  008  047  062  045  032  027  014  001  004 
 010  004  001  000  000  000  008  034  055  058  045  032  028  012  003  006 
 010  004  000  000  000  001  021  053  060  058  041  012  011  010  008  009 
 014  010  006  001  001  011  047  060  048  040  024  000  000  000  000  000 
 011  008  004  000  000  030  062  051  031  024  014  004  006  004  000  000 

Celda28

 008  000  000  000  000  007  012  013  014  018  021  014  006  006  010  020 
 011  004  000  000  004  014  020  014  010  008  005  004  000  000  014  038 
 031  024  017  006  004  023  029  020  017  012  003  000  000  005  031  026 
 030  016  015  006  003  028  034  028  023  015  006  000  008  031  033  004 
 021  002  005  008  007  029  034  029  013  005  000  004  035  051  028  012 
 018  002  004  012  012  018  031  025  001  000  000  021  056  047  016  015 
 022  005  004  010  013  009  020  020  002  000  004  042  043  013  000  004 
 026  009  005  012  016  010  002  007  003  010  031  038  009  000  000  005 
 027  018  011  014  010  002  000  000  008  031  047  020  000  000  008  010 
 022  020  008  000  000  000  000  012  036  059  049  008  000  000  012  012 
 008  020  007  000  000  000  017  038  049  053  032  004  002  004  012  012 
 000  010  008  000  000  017  044  039  022  017  012  000  000  000  009  010 
 006  000  007  005  026  051  048  018  000  001  010  000  000  001  012  011 
 012  010  008  035  056  045  018  001  000  000  009  006  000  000  010  008 
 003  018  036  061  052  009  000  000  000  000  010  015  001  000  004  004 
 006  033  054  051  018  000  000  000  002  002  008  018  002  000  000  002 

Celda29

 030  034  023  010  008  006  009  030  033  023  025  030  038  041  036  030 
 034  024  016  017  018  014  008  016  009  000  002  017  029  035  028  025 
 006  002  006  018  019  020  015  007  001  000  006  012  018  016  003  004 
 000  000  012  020  015  012  012  009  007  006  009  014  020  011  000  000 
 012  019  023  020  008  002  002  007  017  023  021  020  016  006  000  000 
 020  023  017  011  004  002  004  010  025  021  018  010  004  002  000  004 
 014  013  010  008  006  005  007  016  022  005  000  000  000  002  002  006 
 007  002  002  000  000  002  003  012  010  000  000  000  001  002  005  009 
 006  000  000  000  000  000  000  010  006  001  002  004  006  007  011  010 
 004  000  000  000  000  000  004  011  009  008  014  014  010  008  011  006 
 004  000  001  003  002  000  004  014  014  006  012  012  007  002  006  002 
 004  000  000  008  012  008  000  011  018  012  000  000  000  000  003  002 
 001  000  002  003  000  002  000  002  012  014  004  000  000  000  002  002 
 000  000  007  008  000  000  000  000  003  008  006  000  000  004  002  000 
 000  000  008  008  000  000  000  011  022  025  020  020  028  027  018  010 
 000  000  006  010  010  022  040  050  052  043  034  022  027  014  008  006 

Celda30

 021  014  010  008  008  006  005  008  012  013  012  012  010  006  004  014 
 026  029  030  028  018  008  015  017  014  009  005  004  006  006  006  016 
 013  024  027  022  018  015  023  020  014  011  006  004  006  010  015  020 
 000  004  004  001  006  013  019  017  012  014  018  019  018  018  019  016 
 000  000  000  000  002  006  008  009  002  005  014  024  026  023  016  010 
 008  006  005  008  007  004  002  003  000  002  004  008  014  014  014  013 
 010  012  012  012  007  000  000  002  002  003  006  002  000  004  007  005 
 004  008  012  010  004  000  001  005  006  006  002  000  000  000  000  000 
 000  000  002  004  004  005  003  005  004  000  000  000  000  000  000  000 
 000  000  000  000  000  005  004  000  001  000  000  000  000  004  016  034 
 000  000  000  000  000  000  000  000  001  007  020  034  047  063  074  072 
 000  000  000  000  000  000  000  012  035  057  075  083  090  097  081  054 
 000  000  000  000  000  008  033  060  082  095  089  071  066  059  032  018 
 000  000  000  007  040  060  073  083  083  069  042  022  020  008  000  002 
 008  014  030  067  090  083  067  050  029  016  006  002  004  000  000  000 
 015  033  058  081  078  054  028  010  000  010  012  009  004  000  000  000 

Celda31

 019  018  012  013  012  003  000  000  000  000  000  000  000  054  107  004 
 012  006  008  011  008  000  002  007  006  002  000  000  000  059  110  000 
 007  002  007  012  006  004  005  006  009  012  010  004  000  060  110  000 
 012  012  015  008  004  004  005  003  004  004  004  006  006  056  107  000 
 010  013  010  004  000  000  001  000  000  000  000  008  022  076  119  014 
 012  008  002  000  001  000  000  000  000  004  021  032  045  095  128  033 
 000  000  000  000  004  006  008  010  018  036  046  045  043  073  099  017 
 000  000  000  005  016  032  049  058  058  051  037  025  014  040  076  000 
 000  019  036  044  050  062  075  075  065  052  034  023  018  049  084  008 
 055  081  089  081  068  057  049  037  024  026  028  034  042  077  105  034 
 070  077  077  064  050  037  016  006  000  000  000  020  032  055  076  015 
 027  015  026  024  018  024  018  006  000  000  000  020  012  024  052  000 
 008  000  022  030  010  003  008  014  021  026  022  033  017  024  052  001 
 015  019  020  028  016  000  000  006  013  016  018  030  022  036  065  016 
 010  018  012  016  018  000  008  012  009  004  006  023  023  039  062  015 
 004  006  004  004  017  010  005  014  010  008  012  031  026  032  047  004 

Celda32

 002  003  002  001  005  010  008  000  005  004  009  016  015  010  000  020 
 001  002  001  000  011  016  012  008  014  013  007  011  008  016  007  006 
 000  000  000  000  012  008  003  007  023  018  006  004  010  000  012  010 
 000  000  000  000  012  008  000  006  024  012  006  000  010  000  005  018 
 002  004  007  008  013  012  010  016  016  002  003  006  002  004  001  016 
 004  009  018  022  024  024  021  015  006  000  002  013  017  010  011  024 
 003  007  014  016  015  015  008  002  004  006  008  015  024  026  015  018 
 001  002  005  006  007  009  004  000  007  011  012  015  022  026  025  004 
 000  000  000  000  006  009  008  009  015  007  007  008  017  013  017  010 
 000  000  000  000  006  006  006  012  014  006  008  009  009  006  000  000 
 000  000  000  000  006  008  006  010  009  009  011  008  000  002  000  000 
 000  000  000  000  004  008  008  004  002  003  002  000  000  000  000  000 
 000  000  000  000  004  008  008  002  002  002  000  000  000  000  000  000 
 002  002  000  000  008  009  008  001  001  000  000  000  008  011  003  000 
 000  000  000  000  012  010  006  004  003  001  000  003  010  010  002  000 
 000  000  000  000  012  006  004  010  008  000  000  000  000  000  000  000 

Celda33

 010  000  000  000  009  004  000  000  000  052  072  061  035  008  012  006 
 014  004  000  009  017  000  000  000  020  073  053  033  030  002  004  006 
 006  010  012  016  010  000  000  000  043  070  022  017  030  000  002  010 
 014  004  020  017  000  000  000  000  062  063  000  012  030  000  000  004 
 028  024  018  014  000  000  000  002  073  058  008  000  028  002  000  000 
 026  031  018  000  000  000  000  016  083  064  025  017  014  002  000  000 
 012  012  014  002  000  000  000  032  098  078  030  024  008  000  000  000 
 007  000  000  000  000  000  000  050  099  065  000  000  000  000  000  000 
 000  002  000  000  000  000  013  059  082  045  000  000  000  000  000  000 
 000  000  000  000  000  008  016  050  065  017  000  000  000  007  000  006 
 000  000  000  000  008  008  000  040  054  000  000  000  014  016  006  011 
 000  000  000  001  030  002  000  041  051  000  000  005  034  017  003  006 
 000  001  016  049  042  011  001  050  048  000  003  017  028  003  001  005 
 004  016  056  077  042  023  018  061  041  000  000  012  021  006  009  011 
 000  032  079  067  031  022  026  050  021  000  000  015  024  013  008  004 
 009  060  090  037  014  016  023  027  006  000  000  013  027  012  000  000 

Celda34

 017  020  007  004  002  000  008  016  020  022  023  018  016  012  006  004 
 022  023  008  000  001  005  015  010  012  016  015  006  000  002  002  000 
 021  020  006  004  000  015  016  000  002  002  000  000  000  000  003  002 
 007  014  000  002  000  014  017  000  000  000  000  000  000  000  000  000 
 000  010  002  000  000  003  012  004  000  000  000  000  000  000  000  000 
 000  004  002  000  000  000  008  010  004  000  000  000  001  002  004  006 
 000  000  000  000  000  000  006  015  010  004  014  020  016  009  007  005 
 000  000  001  003  014  024  020  020  015  008  010  010  002  000  000  000 
 003  015  023  024  018  016  012  002  006  004  000  000  000  000  000  000 
 021  022  019  012  002  000  000  000  000  000  000  000  000  000  000  000 
 012  006  004  000  000  000  000  000  000  000  000  000  000  000  000  015 
 008  002  002  004  000  004  003  000  000  000  001  000  000  000  000  029 
 004  000  000  008  005  001  000  000  000  000  002  000  000  000  008  028 
 003  000  000  011  010  000  000  000  000  000  000  000  000  000  014  032 
 000  000  000  012  009  000  000  000  000  000  000  000  000  000  020  046 
 000  000  004  009  006  000  000  000  000  000  000  000  000  007  042  084 

Celda35

 000  000  000  000  002  042  046  022  019  017  003  000  003  012  018  024 
 000  000  000  000  024  043  022  014  020  009  000  001  009  023  043  055 
 000  000  000  007  040  031  007  017  029  007  006  019  050  052  045  038 
 000  000  000  016  031  018  009  023  035  025  024  045  060  038  014  004 
 000  000  002  019  028  025  026  042  060  057  039  028  020  008  000  000 
 003  001  013  025  038  051  051  056  067  052  016  000  001  008  000  000 
 002  003  018  028  055  077  063  045  038  012  000  000  000  011  000  000 
 000  002  029  045  078  083  042  012  008  001  000  000  015  016  002  000 
 000  038  057  063  078  054  004  000  003  000  000  004  018  008  004  008 
 040  084  067  045  046  022  000  000  005  000  000  002  011  002  007  016 
 073  088  037  015  022  012  000  007  010  002  000  000  014  010  014  021 
 062  053  007  010  015  011  000  008  014  000  002  005  020  022  021  015 
 046  048  013  010  007  008  000  002  017  005  004  006  018  020  014  007 
 046  050  022  001  000  002  000  002  022  015  005  001  010  016  013  009 
 071  060  017  000  000  000  000  004  022  016  000  000  004  018  020  014 
 097  061  012  000  000  000  000  003  016  016  000  000  000  018  026  020 

Celda36

 040  049  042  016  001  000  006  014  015  014  008  014  004  000  000  002 
 051  039  022  005  005  010  021  026  032  034  026  020  025  025  032  041 
 029  020  016  012  015  021  035  034  043  046  040  028  047  049  050  058 
 003  008  012  010  009  006  018  017  018  026  028  021  031  029  020  022 
 000  002  001  000  000  000  012  017  008  000  008  006  010  018  008  004 
 000  008  000  000  001  003  002  018  018  000  000  004  009  015  004  003 
 000  010  006  000  016  022  012  010  020  004  000  006  018  025  010  000 
 000  010  015  018  014  013  010  002  016  007  000  000  010  016  004  000 
 010  013  031  026  008  008  014  013  011  006  000  000  011  016  000  001 
 018  012  038  025  007  006  012  012  004  005  004  004  006  020  000  008 
 023  017  033  018  003  001  000  000  001  017  018  020  011  020  008  008 
 020  020  016  014  000  000  000  000  002  022  015  014  011  014  010  000 
 010  016  007  006  005  001  008  008  007  016  006  000  000  004  010  000 
 006  011  010  002  014  014  017  018  014  011  000  000  000  000  012  000 
 013  011  016  012  019  019  012  015  014  010  002  000  000  000  016  008 
 013  004  012  012  002  016  000  008  010  006  003  000  000  004  021  011 

Celda37

 012  021  030  041  046  051  054  048  032  018  007  000  008  000  000  009 
 055  050  044  048  044  032  023  009  000  000  000  000  006  007  018  042 
 057  036  020  018  012  004  002  000  000  000  000  006  034  046  052  054 
 015  002  000  001  008  005  000  000  000  000  015  036  048  048  041  031 
 000  000  000  000  010  008  000  000  012  027  044  038  034  025  012  004 
 000  000  000  000  011  013  013  020  030  033  022  010  015  014  007  005 
 002  006  015  018  027  029  024  022  015  009  003  001  008  008  002  008 
 008  020  020  021  029  024  005  004  002  000  008  011  004  002  002  011 
 014  024  006  004  012  007  000  000  009  012  020  016  008  005  010  016 
 015  016  000  000  011  008  000  000  016  032  024  012  008  012  017  012 
 001  004  000  000  014  012  000  004  025  036  014  006  008  011  010  003 
 000  000  000  006  013  011  000  000  020  024  006  000  002  008  011  009 
 000  000  002  012  017  014  003  003  016  015  004  000  002  019  026  023 
 000  000  014  032  033  021  010  010  017  011  007  014  024  029  022  012 
 008  014  036  043  027  009  008  014  018  019  028  035  028  013  000  000 
 008  019  041  028  004  000  008  012  010  020  037  035  016  006  000  000 

Celda38

 038  050  048  040  024  007  000  004  010  012  012  012  006  000  006  010 
 057  049  027  010  007  004  000  000  018  022  017  016  009  001  002  005 
 045  028  013  014  008  000  000  012  017  010  013  019  019  012  004  000 
 016  004  001  002  010  014  014  023  024  008  004  009  015  012  014  008 
 000  000  002  005  006  014  022  034  030  013  006  000  010  005  006  014 
 000  000  004  018  023  025  029  029  019  012  010  006  000  010  005  004 
 008  006  016  026  031  034  029  018  010  006  008  012  011  003  008  002 
 022  025  024  023  024  023  012  008  009  011  012  015  021  018  002  000 
 028  031  022  015  015  016  007  000  010  018  019  018  020  022  017  009 
 020  026  010  000  004  010  008  008  015  014  014  015  013  012  020  031 
 012  024  013  002  004  006  006  012  014  008  006  010  009  010  020  032 
 016  021  015  010  010  007  005  010  014  014  012  006  006  012  020  020 
 020  022  022  014  005  003  004  006  014  020  010  000  000  000  001  002 
 010  018  021  008  000  004  005  004  014  018  006  000  000  000  000  004 
 003  015  021  010  010  014  008  005  012  012  004  000  000  000  003  012 
 006  018  024  015  016  014  006  004  012  008  002  002  010  020  032  040 

Celda39

 010  011  013  012  013  012  010  009  010  016  024  036  022  020  034  000 
 010  016  021  022  016  011  016  022  022  024  023  027  013  014  034  003 
 002  004  010  014  014  010  025  039  037  027  020  013  002  008  034  006 
 005  004  004  006  008  011  027  039  035  020  020  014  009  012  033  003 
 014  015  011  011  014  021  024  023  025  004  010  019  026  023  035  007 
 008  014  019  023  032  040  027  007  018  011  000  007  011  014  027  010 
 001  023  037  032  042  048  037  022  002  013  004  008  004  000  016  000 
 014  041  047  027  031  037  028  029  020  027  020  006  000  002  022  000 
 023  047  040  019  023  029  018  026  028  032  018  006  000  004  028  001 
 038  042  035  018  022  025  012  017  022  013  000  000  000  014  043  012 
 035  032  024  024  016  008  000  006  009  000  000  000  002  035  044  010 
 022  024  017  014  019  011  000  000  000  000  000  012  035  036  031  002 
 013  022  022  016  013  010  001  000  000  000  009  027  019  003  016  000 
 024  024  018  026  024  017  006  002  006  012  009  001  000  000  020  000 
 028  030  018  012  014  007  002  004  008  006  000  000  000  000  034  000 
 038  027  018  003  000  000  000  000  000  000  000  000  000  000  045  000 

Celda40

 000  000  000  000  005  000  000  012  010  000  000  000  000  000  000  011 
 000  000  000  000  000  000  000  008  006  004  006  001  004  007  004  002 
 000  000  000  000  000  000  000  001  004  010  016  016  010  004  000  000 
 000  000  000  000  000  000  000  003  013  026  028  014  000  000  000  008 
 000  000  000  000  000  000  012  025  036  035  019  000  000  000  000  025 
 000  000  000  006  018  021  034  035  025  010  000  000  000  000  000  052 
 001  003  008  016  022  022  030  019  001  000  000  000  000  000  013  058 
 004  008  010  007  006  006  010  001  000  000  000  000  000  000  030  040 
 002  004  003  000  002  000  000  000  000  000  000  000  000  001  041  019 
 000  000  000  000  002  000  000  000  000  000  000  000  000  026  037  005 
 000  000  000  000  002  000  000  004  000  000  000  003  015  027  021  002 
 000  000  000  000  003  000  000  004  000  000  000  010  010  010  011  005 
 000  000  000  000  004  000  000  000  000  000  008  010  000  005  008  006 
 000  000  000  000  003  000  000  000  000  008  019  005  000  006  007  003 
 000  000  000  000  000  000  000  002  008  019  009  000  000  006  005  001 
 000  000  000  000  002  002  000  004  016  013  000  000  002  005  003  001 

Celda41

 031  080  076  006  000  008  010  001  000  000  000  007  022  015  000  000 
 036  077  040  000  000  000  000  000  000  000  000  001  014  014  005  000 
 045  063  005  000  000  000  000  000  004  006  010  006  004  008  006  001 
 058  044  000  000  000  000  000  002  019  008  003  000  000  004  004  002 
 056  024  000  000  000  000  000  004  018  000  000  000  003  009  008  003 
 048  000  000  000  000  000  000  000  011  000  000  002  010  013  012  010 
 018  000  000  000  000  000  000  000  011  000  000  004  004  007  009  008 
 000  000  000  004  000  000  000  001  014  001  000  000  000  008  016  009 
 000  000  000  004  000  000  000  007  023  014  008  002  000  012  020  009 
 000  005  002  000  000  000  000  015  024  010  004  006  008  024  025  004 
 006  010  004  000  000  000  002  013  016  008  000  006  013  026  024  007 
 001  004  003  002  002  007  008  012  014  011  010  010  014  024  025  012 
 002  000  001  010  014  012  009  015  024  024  018  009  007  016  015  004 
 000  000  000  000  004  002  002  011  018  014  004  000  002  012  010  000 
 000  000  000  000  000  000  002  012  016  013  004  000  002  008  008  002 
 000  000  000  000  000  000  003  013  015  011  006  006  010  004  004  010 

Celda42

 000  000  008  005  002  000  000  000  001  003  000  000  000  033  063  090 
 000  006  009  004  002  000  000  000  004  008  006  002  012  050  063  070 
 003  010  011  004  000  000  000  000  000  000  000  003  028  057  052  056 
 006  012  011  004  000  000  000  000  000  000  000  008  046  048  035  054 
 004  012  012  004  000  000  000  000  000  000  000  031  050  018  023  062 
 008  016  015  006  002  004  002  000  000  001  005  042  036  002  016  066 
 014  023  018  005  001  000  000  000  000  006  015  045  022  001  023  053 
 010  013  007  000  000  000  000  003  006  006  024  045  010  003  037  036 
 002  004  002  000  000  000  000  006  008  004  025  031  002  013  058  036 
 000  002  005  000  000  000  005  007  003  000  020  024  002  041  074  036 
 002  000  006  000  004  012  012  006  000  000  014  026  030  063  065  020 
 010  008  012  010  010  010  004  000  000  000  008  032  057  067  043  006 
 006  012  021  016  010  004  000  000  000  000  005  040  068  058  023  001 
 000  011  020  012  007  002  000  000  000  000  013  050  067  046  008  000 
 003  011  010  002  002  001  002  001  000  000  029  049  054  040  004  002 
 011  003  002  000  000  000  000  000  000  005  041  036  040  032  004  018 

Celda43

 086  036  006  000  000  004  002  000  006  018  007  000  000  014  026  022 
 060  012  000  000  003  006  005  000  000  016  016  002  000  008  021  018 
 052  004  000  000  009  005  006  010  009  004  015  010  000  003  014  016 
 055  010  006  006  013  004  003  009  017  016  013  019  013  004  002  018 
 047  000  003  010  020  012  010  010  017  024  022  033  024  012  002  014 
 043  000  000  013  019  014  016  016  023  024  022  020  011  007  012  011 
 030  008  010  015  010  006  011  014  022  019  022  010  002  000  013  018 
 015  022  024  013  004  001  002  005  013  013  014  014  006  005  012  018 
 006  024  032  014  004  000  000  002  008  008  001  012  017  014  019  014 
 022  013  032  022  004  000  000  002  010  012  004  006  016  017  013  005 
 018  014  025  028  011  006  002  000  012  017  012  008  009  006  000  000 
 010  018  030  031  014  006  013  012  010  016  018  009  005  000  000  000 
 004  018  034  019  006  006  010  020  018  008  016  014  000  000  000  000 
 007  031  024  008  000  016  016  014  020  020  009  008  000  000  003  010 
 028  035  008  000  000  018  028  018  017  020  020  008  000  000  007  020 
 046  025  002  000  008  019  032  025  012  012  010  008  002  002  016  022 

Celda44

 014  004  000  000  000  014  012  000  001  000  000  000  000  010  024  007 
 010  006  000  000  000  004  018  000  000  000  000  000  000  023  031  006 
 010  006  004  000  000  000  014  007  000  000  001  009  010  025  027  006 
 020  013  015  008  008  005  006  008  000  002  012  018  012  006  024  012 
 030  023  017  008  008  010  004  006  003  006  009  010  006  000  018  036 
 028  033  014  002  004  006  004  005  005  005  006  000  004  002  014  059 
 027  033  016  002  006  008  007  007  011  004  004  000  012  024  041  081 
 019  024  018  000  002  006  007  007  014  008  009  013  022  036  042  063 
 008  006  016  004  000  004  008  010  021  017  016  021  021  027  026  038 
 000  000  012  018  005  010  012  014  026  018  010  010  013  010  015  025 
 000  000  005  028  019  004  007  008  014  004  000  000  010  003  008  016 
 000  000  000  024  026  003  000  004  005  002  000  000  006  012  010  012 
 000  006  009  010  022  014  007  010  010  011  010  008  000  012  022  013 
 015  014  019  014  010  024  022  016  015  018  017  016  004  002  030  026 
 019  015  017  018  008  022  030  014  008  009  007  010  006  000  027  035 
 015  009  007  008  006  012  035  014  000  000  001  000  004  009  014  032 

Celda45

 001  016  027  007  000  005  014  006  000  017  037  028  012  011  012  016 
 002  012  018  005  009  018  020  010  008  020  033  018  000  008  016  026 
 009  018  024  024  023  024  024  019  020  017  026  020  000  006  012  017 
 015  030  031  029  023  020  025  023  018  007  020  029  016  010  007  002 
 040  038  020  012  014  020  027  022  016  010  018  032  012  006  005  000 
 067  036  017  004  018  030  025  013  014  016  015  026  013  004  000  000 
 066  022  010  009  025  032  010  000  001  010  008  013  014  010  000  000 
 045  014  002  010  023  020  002  000  000  000  000  006  016  012  000  000 
 034  012  000  004  017  006  000  002  010  000  006  009  021  012  000  004 
 029  008  000  002  015  007  004  000  016  009  016  020  024  011  001  002 
 018  005  000  003  024  012  012  004  012  020  007  010  004  000  000  000 
 010  004  000  000  030  020  006  002  000  022  014  000  000  000  000  000 
 006  004  002  002  024  030  000  000  000  010  014  000  000  000  000  000 
 002  002  002  004  012  026  000  000  000  000  010  002  000  000  000  004 
 012  000  000  000  000  010  000  000  000  000  010  012  008  015  019  022 
 020  003  000  000  000  000  000  000  000  000  015  022  028  030  023  016 

Celda46

 017  024  027  017  012  008  004  003  006  005  005  006  017  024  023  027 
 022  019  024  020  008  006  008  012  009  011  017  012  009  010  006  010 
 010  004  014  022  000  008  017  026  028  036  034  017  002  000  000  010 
 000  000  008  024  008  004  021  030  032  026  012  000  000  000  000  000 
 000  000  017  029  018  011  020  022  003  000  000  000  000  000  000  000 
 000  016  035  039  024  013  013  004  000  000  000  000  000  000  000  008 
 000  026  032  014  000  000  000  000  000  000  000  006  011  011  010  010 
 000  019  034  010  000  000  000  000  000  000  011  027  025  016  008  000 
 004  000  020  006  000  000  001  000  002  013  029  025  013  003  000  000 
 006  000  000  006  006  012  021  018  021  016  015  011  005  000  000  000 
 000  000  000  012  025  036  030  019  014  007  000  010  007  000  000  000 
 000  000  000  021  040  029  010  004  000  000  002  005  008  000  000  003 
 002  002  014  020  028  022  008  004  000  010  019  012  000  003  000  006 
 018  023  012  001  014  028  012  004  014  028  022  018  005  002  000  000 
 023  018  001  000  006  038  022  005  015  021  003  006  009  006  000  000 
 011  004  000  000  010  044  026  000  009  020  002  000  004  005  000  000 

Celda47

 023  011  004  000  000  000  000  001  000  000  000  000  000  006  054  005 
 000  000  000  000  000  000  000  002  000  000  000  000  009  026  067  019 
 000  000  000  000  000  000  003  003  002  000  002  004  009  030  063  017 
 000  000  000  006  014  018  018  014  010  006  003  002  008  034  059  014 
 000  010  028  036  023  014  009  006  003  000  000  000  000  027  049  006 
 022  036  033  020  006  000  000  000  000  000  000  000  000  026  047  000 
 019  018  006  000  000  000  000  000  000  000  000  000  000  022  054  000 
 004  008  002  000  000  000  002  000  000  000  000  000  000  018  059  000 
 000  010  008  000  000  000  005  000  000  000  000  000  000  014  060  000 
 000  012  016  000  000  000  001  000  000  000  002  000  000  013  058  000 
 000  009  020  000  000  000  000  000  000  005  009  000  000  012  056  000 
 004  000  016  000  000  000  000  000  000  014  022  000  004  013  059  003 
 010  004  006  000  000  000  000  000  000  017  032  004  002  021  071  014 
 001  000  000  000  000  000  000  000  004  011  030  013  005  035  078  018 
 000  000  000  004  008  004  000  000  004  010  024  019  004  036  068  009 
 000  000  006  008  018  016  002  000  000  011  020  016  004  028  056  000 

Celda48

 000  000  000  000  007  006  002  010  015  003  001  006  012  004  000  000 
 000  000  000  000  009  008  007  010  005  000  000  010  011  004  000  000 
 000  000  000  000  008  006  009  011  004  000  000  009  006  000  000  000 
 000  000  000  000  004  002  008  012  005  000  000  007  010  000  000  001 
 000  000  002  001  000  000  010  015  004  000  000  002  010  000  000  004 
 001  002  004  000  000  002  016  016  003  002  003  000  006  002  000  005 
 002  004  004  002  000  006  016  011  004  002  006  004  000  001  001  003 
 001  002  002  006  014  020  010  004  010  007  002  004  004  009  012  008 
 000  000  004  011  028  023  014  003  012  011  000  002  006  014  016  014 
 001  003  008  014  027  014  013  012  014  006  000  000  000  009  012  010 
 001  004  008  010  013  002  006  013  012  004  000  000  002  011  012  009 
 000  001  003  002  001  000  000  001  004  008  009  006  000  010  012  012 
 001  002  003  001  000  000  000  000  001  004  014  017  013  004  001  012 
 002  004  006  006  006  008  007  004  005  013  011  014  014  012  008  004 
 001  002  003  004  010  018  022  020  014  015  008  006  008  008  010  012 
 000  000  000  000  012  018  017  018  014  003  004  000  001  000  000  005 

Celda49

 001  001  007  010  012  011  007  014  017  011  008  013  009  000  002  015 
 006  006  002  008  016  020  016  013  014  010  008  010  004  000  003  014 
 008  005  004  004  005  010  012  009  004  008  010  008  003  000  004  008 
 013  003  000  006  003  000  000  004  002  002  009  010  004  001  004  006 
 011  000  000  000  002  004  002  000  002  002  008  013  008  003  007  011 
 006  000  000  000  000  006  007  004  000  004  016  023  016  012  019  021 
 000  000  000  002  008  009  006  006  003  009  021  023  015  011  015  012 
 004  000  003  008  011  009  007  005  008  015  021  017  005  000  006  007 
 015  012  003  009  013  003  000  000  010  016  016  009  000  000  004  014 
 012  018  016  010  010  004  000  000  010  020  014  004  000  000  003  018 
 007  010  012  010  012  006  004  005  012  016  014  006  000  004  006  012 
 008  003  004  005  014  014  014  014  009  007  012  009  000  000  002  005 
 019  003  000  005  017  015  012  011  006  000  005  006  001  006  010  006 
 019  008  000  002  011  007  002  004  006  004  000  000  000  013  016  008 
 013  004  002  008  010  007  002  000  000  002  005  005  002  014  014  004 
 008  006  006  008  008  008  004  000  000  000  002  007  008  008  008  001 

Celda50

 006  000  000  000  000  000  000  000  003  031  049  022  026  028  013  036 
 002  000  000  002  000  000  000  000  005  049  044  008  010  032  032  055 
 001  000  000  001  002  000  000  000  007  045  015  000  000  041  050  049 
 005  002  006  004  004  000  000  000  012  036  000  000  004  048  054  042 
 013  008  008  010  008  003  002  005  007  018  000  000  034  072  051  031 
 015  009  008  012  012  013  018  020  011  000  000  024  083  087  041  008 
 005  006  006  006  007  010  014  016  012  008  024  075  100  070  022  008 
 004  007  002  000  000  000  000  000  002  015  059  092  079  039  012  016 
 014  010  002  000  000  000  000  000  000  032  071  075  049  025  018  024 
 018  004  000  000  000  000  000  000  018  047  056  049  030  020  026  020 
 016  007  000  000  000  000  000  023  054  041  031  040  020  011  020  007 
 007  006  000  000  000  000  007  059  060  014  020  046  017  006  022  013 
 002  000  000  000  000  002  023  058  028  000  018  049  013  000  018  017 
 000  000  000  000  000  001  013  036  014  000  030  055  017  002  007  012 
 000  000  000  000  006  000  000  020  015  013  047  047  007  000  000  000 
 000  000  000  004  008  000  000  006  026  040  058  029  000  000  000  000 

Celda51

 049  006  000  007  018  021  024  025  007  002  000  002  008  008  018  020 
 039  000  000  005  016  016  010  016  014  000  000  008  016  018  014  017 
 025  000  000  004  007  006  010  007  010  002  000  010  017  019  012  006 
 022  000  004  001  007  008  010  012  002  000  006  008  009  009  010  000 
 024  008  000  000  004  012  012  008  011  002  008  015  008  000  002  004 
 020  018  003  000  000  012  019  012  015  022  010  011  010  001  000  002 
 008  023  009  000  000  008  024  028  010  017  015  000  005  004  000  000 
 010  018  020  010  008  000  022  036  022  000  004  000  000  008  011  006 
 020  007  034  031  030  017  007  036  030  002  000  000  000  006  019  010 
 024  014  037  039  024  029  012  023  034  012  000  007  014  004  014  018 
 018  023  025  042  011  024  028  010  025  024  006  020  033  029  005  018 
 003  014  005  034  027  010  027  028  012  022  026  022  024  032  021  001 
 002  000  000  020  034  002  004  018  018  005  029  028  006  006  016  012 
 006  000  000  003  022  014  000  000  009  010  014  029  013  000  008  016 
 007  012  002  000  000  016  014  002  000  015  014  011  015  002  000  000 
 007  024  014  000  000  010  021  010  009  011  010  000  002  010  000  000 

Celda52

 010  009  002  001  002  000  030  024  000  000  000  000  000  017  014  016 
 004  006  004  004  008  003  018  036  013  006  000  000  000  010  013  002 
 006  000  000  004  011  014  003  038  028  008  010  003  002  003  006  002 
 000  002  004  004  004  010  008  028  039  006  007  006  000  004  000  000 
 000  006  014  007  002  007  012  016  038  016  000  001  000  000  000  000 
 012  008  014  010  005  012  016  007  026  022  000  000  000  000  000  000 
 008  006  004  012  008  000  006  000  006  024  002  000  000  000  000  004 
 000  000  000  004  013  008  000  000  000  014  012  000  000  000  009  034 
 000  000  001  000  004  011  000  000  000  000  019  007  000  008  039  048 
 000  000  002  008  002  000  000  000  000  000  027  036  036  037  036  033 
 009  000  000  000  000  000  000  000  000  000  034  062  064  035  018  014 
 016  000  000  000  000  000  000  000  006  025  040  053  054  014  008  000 
 004  000  000  000  000  000  000  035  054  038  020  032  054  023  000  000 
 000  000  000  000  000  000  020  062  051  020  011  007  041  034  000  000 
 000  000  000  000  002  022  040  043  017  000  006  006  022  034  010  000 
 000  000  000  002  024  034  029  012  005  002  009  020  015  025  020  000 

Celda53

 026  007  000  000  000  000  000  000  000  019  030  031  031  028  019  012 
 022  009  000  000  000  000  000  011  027  034  028  022  025  025  017  010 
 004  003  000  000  000  002  026  032  023  019  012  007  016  026  016  007 
 000  000  000  000  014  036  043  022  006  007  008  000  008  027  022  007 
 000  000  009  030  037  038  033  017  012  002  011  000  005  027  026  004 
 000  009  028  037  025  019  023  016  020  011  007  008  005  022  028  004 
 014  012  028  032  016  011  022  018  017  010  000  018  010  006  021  012 
 032  024  026  034  018  009  020  019  012  012  002  024  027  013  000  017 
 032  033  016  026  024  005  017  021  011  020  019  028  051  026  023  010 
 022  022  020  007  026  014  015  017  003  016  026  024  052  020  020  012 
 019  002  018  018  012  018  018  018  006  001  014  012  030  019  000  002 
 018  013  008  026  019  005  018  020  010  000  000  000  010  020  000  000 
 009  028  022  018  020  004  010  026  015  000  000  000  000  015  002  000 
 000  032  037  008  000  000  000  030  022  000  000  000  000  010  003  000 
 000  022  036  016  000  000  002  024  028  000  000  000  000  012  007  000 
 002  002  024  022  004  002  012  007  020  003  000  000  000  016  016  005 

Celda54

 006  000  000  000  013  036  024  000  000  014  006  000  000  000  000  000 
 012  014  010  004  007  027  022  000  000  003  006  000  000  000  000  000 
 012  019  020  010  000  021  022  004  000  000  000  002  000  000  000  000 
 005  007  010  010  001  014  023  008  000  000  000  000  002  000  000  000 
 001  006  000  004  008  004  021  009  000  000  000  000  002  001  000  000 
 000  004  000  000  006  006  013  008  000  000  000  000  000  008  000  000 
 000  000  000  000  000  005  000  005  000  000  000  000  000  003  000  000 
 006  000  000  000  000  004  002  000  010  000  000  000  000  000  000  000 
 010  000  000  000  006  001  003  000  008  000  000  000  000  000  000  000 
 002  000  000  004  008  004  000  000  000  000  000  000  000  000  000  004 
 000  000  000  004  006  001  000  000  000  000  001  000  000  000  002  025 
 000  000  000  000  006  002  000  000  000  000  018  008  003  000  010  034 
 000  000  000  000  006  009  007  011  012  008  025  008  008  004  012  029 
 000  000  004  014  011  014  014  010  012  008  016  000  002  003  004  020 
 000  000  006  008  004  006  014  004  010  006  004  004  000  004  000  010 
 005  006  008  004  004  005  016  005  004  001  000  011  000  012  010  011 

Celda55

 000  000  014  008  008  010  006  002  011  014  006  006  005  032  058  000 
 000  010  020  010  000  000  002  007  016  008  000  000  005  034  062  000 
 000  018  020  002  000  000  000  000  008  002  000  000  004  032  062  000 
 003  029  024  000  000  000  000  000  008  007  000  000  002  031  064  000 
 002  024  016  000  000  000  000  000  010  017  000  000  000  033  070  000 
 000  021  016  000  000  000  000  000  008  023  004  000  000  038  078  000 
 000  020  021  000  000  000  002  001  005  021  002  000  002  044  082  000 
 000  023  028  000  004  002  000  002  011  018  000  000  010  056  092  008 
 000  023  030  004  000  000  000  000  009  008  000  000  017  061  089  005 
 014  021  020  002  000  000  000  000  009  002  000  000  020  060  084  000 
 025  015  000  000  000  000  000  001  008  002  002  004  017  056  082  000 
 018  007  000  000  000  000  004  004  004  005  006  008  007  049  084  000 
 004  000  000  000  002  007  006  000  000  008  001  000  000  046  088  000 
 000  000  000  004  014  012  006  000  000  008  008  000  000  046  092  000 
 004  004  016  032  031  016  005  000  000  006  008  000  000  048  098  000 
 025  023  028  028  019  005  000  000  002  003  000  000  000  054  102  000 

Celda56

 001  002  002  002  011  010  000  003  004  000  002  000  000  000  000  003 
 001  002  002  000  008  008  002  000  000  004  010  008  002  000  000  002 
 000  000  000  000  008  012  000  000  000  005  022  016  012  006  003  002 
 000  000  000  000  017  021  002  000  000  013  018  008  008  008  007  009 
 000  000  000  000  024  021  000  000  000  016  016  000  000  000  002  009 
 000  000  000  000  020  016  000  000  003  004  010  001  000  000  000  008 
 000  000  000  000  008  008  012  004  003  000  000  003  001  000  000  009 
 001  002  002  000  000  002  015  016  000  000  000  002  010  002  003  006 
 000  000  000  000  000  000  006  012  004  000  000  002  012  009  003  000 
 000  000  000  003  008  008  003  000  000  000  002  007  011  008  002  000 
 000  000  002  006  010  012  012  008  003  004  015  018  009  000  000  000 
 000  000  000  000  004  005  004  002  006  017  026  023  007  000  000  001 
 000  000  000  000  003  000  000  000  003  019  022  014  002  000  000  004 
 005  012  023  028  030  026  030  039  055  057  051  040  036  038  042  046 
 011  027  057  073  075  075  080  092  098  090  082  076  076  080  085  087 
 000  000  000  000  000  000  000  010  012  003  000  000  000  000  000  000 

Celda57

 004  006  010  010  006  007  005  000  000  001  000  001  002  000  002  000 
 006  004  004  000  000  004  005  000  000  002  000  000  000  000  000  000 
 003  002  003  000  000  003  007  002  000  000  000  000  000  002  004  002 
 012  008  000  000  000  004  010  002  000  000  000  000  002  002  008  010 
 012  009  006  004  006  003  006  002  000  000  000  002  010  010  003  001 
 006  000  002  011  018  014  004  000  000  000  000  004  014  014  006  000 
 004  000  000  008  013  010  007  000  000  000  000  005  013  014  006  003 
 000  000  000  008  015  000  000  002  001  002  007  008  006  010  008  008 
 000  000  000  000  012  008  000  002  006  005  004  000  002  006  010  012 
 000  003  004  004  000  010  012  000  004  004  002  002  011  012  008  009 
 000  008  006  008  008  003  016  008  000  004  005  006  012  002  000  003 
 002  006  006  000  004  004  008  010  000  000  000  000  002  000  000  000 
 004  000  000  002  000  000  000  006  000  000  000  000  000  000  000  000 
 045  040  038  036  034  036  039  036  030  032  036  035  032  032  036  040 
 084  081  084  084  084  084  084  082  082  087  086  082  078  082  090  095 
 000  000  000  000  000  000  000  000  000  005  001  000  000  000  003  000 

Celda58

 000  000  003  013  005  000  000  007  044  060  048  017  000  000  000  000 
 000  000  007  007  000  000  006  036  068  057  032  014  000  000  000  000 
 000  002  008  004  000  000  002  043  055  036  022  010  000  000  008  005 
 006  000  003  002  000  000  021  040  030  022  017  002  000  004  009  008 
 005  004  000  000  002  018  049  038  012  023  021  002  000  002  008  000 
 000  006  004  000  005  038  056  022  007  018  017  004  002  000  000  000 
 004  004  009  008  004  042  049  004  000  020  012  000  005  002  000  000 
 008  000  002  004  011  047  038  004  002  020  011  002  000  000  002  000 
 006  000  000  000  013  050  030  000  004  022  013  000  000  000  004  002 
 002  000  000  000  023  044  014  000  000  014  013  001  000  000  002  000 
 000  000  000  000  026  039  012  000  001  006  005  004  004  002  000  000 
 000  000  000  000  029  028  001  000  014  008  000  002  010  004  000  000 
 000  000  000  012  045  033  002  000  018  018  002  003  004  000  000  000 
 038  038  046  082  103  071  048  042  043  055  053  048  039  026  020  026 
 096  098  110  137  133  095  084  090  094  109  102  083  078  078  082  090 
 000  000  009  028  026  003  000  000  001  021  021  003  000  000  000  005 

Celda59

 006  024  017  000  002  000  016  013  014  012  000  000  000  002  004  000 
 004  022  016  000  000  000  004  014  014  007  000  000  000  000  016  013 
 000  014  012  000  000  000  000  012  012  000  000  000  000  000  020  022 
 006  000  000  000  000  000  000  009  008  000  000  000  000  025  029  007 
 000  000  000  000  002  000  000  005  006  000  000  014  027  037  015  003 
 000  000  000  000  000  000  000  000  009  000  002  034  045  019  000  002 
 000  000  000  000  000  000  000  000  010  000  010  045  039  008  000  000 
 000  000  000  000  000  000  001  013  008  000  015  041  034  008  000  000 
 000  000  000  000  000  008  004  003  004  000  010  034  034  012  000  000 
 000  000  000  000  000  012  010  002  000  004  003  022  032  018  000  000 
 000  000  000  000  013  023  006  001  005  006  008  013  024  020  006  000 
 000  000  000  006  023  016  008  009  016  006  004  007  018  016  006  000 
 000  000  002  010  018  012  004  010  016  005  000  002  017  014  000  000 
 037  048  050  051  045  035  042  056  051  044  040  035  045  047  035  037 
 104  105  097  092  090  086  097  103  088  082  084  084  086  090  080  080 
 010  008  002  000  000  000  013  023  010  000  000  000  004  017  010  000 

Celda60

 000  000  002  017  033  035  021  016  004  008  017  018  015  007  020  002 
 000  008  008  027  037  031  015  018  020  007  016  004  002  000  012  013 
 000  008  016  032  033  015  001  000  014  015  004  008  000  000  000  019 
 004  000  008  015  018  004  000  004  004  007  007  004  000  007  006  016 
 001  005  002  002  014  012  000  000  010  000  006  012  008  008  007  004 
 002  000  003  000  006  018  003  000  000  004  004  004  004  000  000  000 
 000  000  004  001  000  006  018  006  006  001  008  005  000  000  000  000 
 000  000  008  007  000  000  020  026  002  002  001  004  000  000  004  008 
 000  000  014  014  000  001  010  025  012  000  000  002  000  000  004  008 
 000  000  015  017  004  000  002  008  010  002  000  001  006  002  000  000 
 004  008  022  018  003  002  000  000  000  002  000  002  016  012  000  000 
 000  006  022  020  009  002  000  000  000  000  000  003  022  021  002  008 
 002  009  010  010  004  004  000  000  000  000  000  000  020  030  002  006 
 040  045  035  035  033  032  035  031  027  030  037  040  049  060  037  030 
 078  080  071  072  071  066  071  074  073  078  077  082  089  094  072  065 
 000  006  002  003  005  000  000  000  000  006  002  000  004  015  007  000 

Celda61

 000  000  013  026  018  002  004  000  000  010  000  002  012  018  019  004 
 000  002  010  022  023  004  000  000  000  015  022  008  014  010  009  008 
 016  013  013  008  016  005  000  000  000  010  031  024  005  000  000  010 
 029  017  003  000  000  009  000  004  016  010  018  030  014  000  000  006 
 029  022  000  000  000  014  012  005  015  013  001  030  020  002  012  017 
 020  027  008  000  002  010  018  008  002  014  018  040  033  010  014  019 
 008  033  022  000  006  000  010  015  012  016  028  037  024  000  000  004 
 002  028  030  000  000  000  006  018  022  015  013  010  004  000  000  006 
 004  010  022  004  000  004  018  024  018  012  002  000  000  001  010  007 
 000  000  010  012  012  019  024  016  006  004  008  004  006  012  011  001 
 000  003  010  020  028  027  015  006  000  000  010  016  005  000  000  000 
 016  024  033  035  033  019  007  004  002  000  010  019  002  000  000  000 
 009  025  026  019  016  006  002  004  006  001  006  016  004  000  000  006 
 034  055  046  042  038  034  033  037  044  041  038  045  041  040  044  035 
 070  089  076  073  073  072  072  074  081  074  067  071  070  062  068  069 
 000  017  007  000  000  000  000  003  012  005  000  006  010  000  000  000 

Celda62

 006  010  007  002  000  005  012  003  000  000  000  019  022  017  018  015 
 000  006  002  000  000  004  008  001  000  000  000  022  031  002  002  000 
 016  008  004  004  000  002  010  003  000  004  006  014  028  000  000  000 
 030  023  012  016  015  004  006  007  000  001  005  000  012  000  000  002 
 038  031  007  009  012  006  000  011  007  005  008  000  000  004  010  007 
 023  021  006  000  000  006  006  011  012  003  008  004  000  009  018  008 
 000  009  010  000  000  002  004  000  010  001  000  002  002  002  015  012 
 000  000  009  000  000  000  000  000  005  003  000  000  007  005  006  014 
 000  000  003  000  000  000  000  000  000  002  000  000  008  010  006  014 
 000  000  000  000  000  000  002  007  004  000  002  004  005  003  001  009 
 000  000  004  000  004  005  005  006  007  006  007  004  002  000  000  006 
 000  002  004  002  000  000  000  002  012  014  004  000  000  000  000  002 
 011  000  000  006  004  000  000  009  010  009  000  000  000  000  000  000 
 036  022  024  034  044  038  040  043  028  025  024  026  030  038  044  043 
 065  060  064  075  082  068  071  067  059  058  064  074  082  090  086  086 
 000  004  000  008  017  003  000  000  000  000  000  000  000  005  000  000 

Celda63

 030  017  006  000  003  000  000  002  002  000  000  000  004  058  102  000 
 016  005  000  000  006  000  006  006  001  000  000  002  012  064  103  001 
 008  000  000  000  014  004  006  005  001  000  000  000  007  056  099  000 
 000  000  000  008  017  000  000  000  000  000  000  000  004  054  100  000 
 000  000  000  010  012  000  000  000  000  000  000  000  003  053  101  000 
 000  000  002  010  006  000  000  004  008  013  016  016  015  062  108  007 
 000  005  016  013  002  000  004  008  014  020  021  017  012  058  105  007 
 004  010  014  004  000  000  000  000  001  008  010  007  002  048  098  002 
 013  005  000  000  000  000  000  000  001  002  000  000  000  050  100  000 
 013  002  000  000  000  000  000  000  004  003  000  000  000  052  102  000 
 010  002  000  000  000  000  000  000  008  003  000  000  000  052  102  000 
 004  000  000  000  000  000  000  003  010  008  002  000  000  052  102  000 
 000  000  000  000  000  000  000  002  010  014  012  004  006  054  100  000 
 040  040  042  050  056  060  060  058  059  060  061  051  050  090  127  029 
 086  088  092  092  098  106  110  110  107  108  109  099  093  123  145  060 
 000  000  003  000  000  000  000  000  000  004  011  007  000  029  062  000 

