Celda0

 000  000  000  000  000  000  006  007  003  000  000  000  000  000  000  001 
 000  000  000  000  000  000  014  016  008  000  000  000  000  000  001  002 
 000  000  000  000  000  000  026  033  018  000  000  002  000  000  002  000 
 000  000  000  000  000  000  026  036  023  002  001  008  004  004  000  000 
 001  002  001  000  004  013  032  026  019  010  011  020  011  008  000  000 
 000  000  000  000  000  005  028  021  009  014  020  021  006  002  000  000 
 000  000  000  000  000  013  031  016  002  010  026  022  002  000  000  002 
 000  000  000  000  000  018  031  005  000  002  028  026  002  000  000  000 
 000  000  000  000  000  020  030  004  000  000  024  026  002  000  000  000 
 000  000  000  000  000  024  030  004  000  002  018  024  005  000  000  000 
 005  009  010  000  000  032  032  006  000  000  014  025  011  002  000  000 
 004  009  016  014  004  034  035  008  000  000  011  029  018  000  000  000 
 001  003  010  019  016  029  036  009  000  000  012  030  016  000  000  002 
 000  002  010  017  012  021  041  006  000  000  020  028  005  000  000  000 
 000  002  006  008  006  020  043  000  000  000  029  023  000  000  004  006 
 000  000  000  000  006  017  032  000  000  004  031  022  003  005  009  016 

Celda1

 000  000  001  000  000  000  000  000  000  000  000  000  000  000  000  000 
 000  000  002  000  000  000  000  000  000  000  000  000  000  000  000  000 
 000  000  006  004  000  000  000  000  000  000  000  000  000  000  000  000 
 000  000  010  009  000  000  000  000  000  000  000  000  000  000  000  000 
 000  000  012  013  000  000  000  000  000  000  000  007  004  001  001  000 
 000  000  014  012  000  000  000  000  000  000  002  006  005  004  000  000 
 000  000  015  007  000  000  000  000  000  002  008  006  007  006  000  000 
 000  002  014  002  000  000  000  000  006  009  005  005  008  005  002  006 
 000  004  012  000  000  000  000  004  006  002  000  000  000  001  006  012 
 000  010  009  000  000  002  003  002  000  000  000  000  000  000  003  014 
 000  008  005  002  006  004  000  000  000  006  006  000  000  000  001  019 
 000  005  006  003  004  000  000  000  008  009  004  000  000  000  022  022 
 004  008  009  000  000  000  000  004  008  000  000  000  004  022  036  022 
 005  014  005  000  000  000  000  013  004  000  000  000  014  037  039  023 
 011  016  006  000  000  000  016  024  012  008  002  004  023  038  031  022 
 019  012  003  004  009  012  032  030  010  007  002  004  025  027  019  015 

Celda2

 000  000  001  000  000  000  000  001  007  010  006  000  000  000  000  000 
 000  000  002  001  000  000  000  002  016  022  014  001  000  000  000  000 
 000  000  005  003  000  000  000  008  031  040  027  003  000  000  000  004 
 000  000  008  002  000  000  000  018  031  034  024  000  000  000  000  016 
 004  013  019  007  004  010  030  060  058  029  000  000  000  000  035  072 
 002  013  013  005  004  008  018  038  036  010  000  000  000  022  077  072 
 010  020  018  012  011  012  003  028  034  000  001  008  016  063  079  041 
 028  030  026  021  017  014  002  011  036  014  014  042  048  050  040  026 
 032  027  020  020  018  013  004  000  037  038  032  044  040  015  008  013 
 026  017  006  008  008  010  010  008  046  060  039  020  020  018  008  000 
 019  008  000  000  000  004  010  012  042  050  026  000  007  024  036  032 
 012  004  000  000  000  002  008  008  030  044  020  000  002  023  038  041 
 011  008  003  000  000  000  005  005  022  043  012  000  006  026  016  018 
 018  017  016  012  004  000  000  000  018  044  006  000  019  020  000  000 
 020  019  019  022  020  011  000  000  012  043  009  000  022  019  000  000 
 010  010  012  022  032  025  010  000  000  030  019  008  022  019  002  000 

Celda3

 007  009  005  002  001  000  000  000  000  000  000  000  000  000  000  000 
 016  020  012  006  002  000  001  000  000  000  002  001  000  000  000  000 
 030  036  025  017  008  002  004  000  000  000  007  002  000  000  000  000 
 024  026  030  031  016  004  006  002  000  004  014  001  000  000  000  000 
 041  008  022  040  024  007  009  013  021  034  035  016  015  024  045  049 
 030  023  020  034  022  012  019  030  030  023  008  000  008  042  058  037 
 004  018  030  030  007  016  030  028  016  002  000  000  019  047  027  003 
 005  001  020  014  004  010  026  024  013  001  001  016  036  036  000  000 
 016  021  020  004  008  003  002  009  012  012  022  036  052  028  000  000 
 011  024  032  026  002  007  000  000  012  034  050  066  050  010  000  000 
 007  008  038  045  018  000  004  006  014  053  075  059  022  000  000  000 
 028  006  027  041  026  002  002  026  038  063  061  037  007  000  000  007 
 020  014  000  016  026  032  019  022  033  045  033  016  005  006  013  027 
 006  012  008  000  020  050  044  020  023  031  006  000  009  027  029  018 
 005  015  027  038  042  051  038  030  028  022  006  000  000  036  041  021 
 014  026  036  048  048  032  014  032  037  020  000  000  000  024  048  030 

Celda4

 000  001  000  000  000  000  000  002  001  000  000  003  002  000  000  000 
 000  004  000  000  000  000  000  004  001  000  001  008  004  000  000  000 
 000  007  001  000  000  000  002  006  000  000  008  020  008  000  000  000 
 003  002  000  000  000  000  008  001  000  000  022  023  003  000  000  000 
 041  024  010  004  006  008  017  002  000  025  054  029  000  000  008  038 
 023  013  008  005  006  006  005  000  009  036  030  000  000  000  017  045 
 000  002  004  002  000  000  000  000  011  016  004  000  000  005  045  041 
 000  000  000  003  002  000  000  006  010  000  000  000  006  034  049  026 
 000  000  004  012  012  010  010  013  011  000  000  001  029  050  035  012 
 000  010  010  012  011  012  018  019  011  004  010  020  043  045  023  006 
 014  032  016  008  006  013  020  018  007  001  008  019  031  028  017  002 
 035  031  017  008  008  020  017  006  000  000  000  006  008  015  018  000 
 026  012  006  003  006  019  004  000  000  002  007  007  007  018  027  008 
 011  003  000  000  000  005  000  000  006  017  024  026  026  035  039  014 
 004  000  000  000  005  000  000  003  019  026  036  037  031  029  028  007 
 002  000  000  000  008  000  000  025  033  031  038  028  018  012  013  000 

Celda5

 002  004  003  002  001  000  000  000  000  003  002  000  000  000  001  003 
 004  008  005  004  003  001  000  000  000  006  003  000  000  000  002  008 
 008  008  003  006  006  003  000  000  004  012  004  000  000  000  005  020 
 009  000  000  000  000  000  003  002  010  018  009  000  000  000  004  030 
 051  041  036  023  003  000  000  003  014  029  019  000  000  000  002  032 
 033  032  037  034  031  030  020  004  013  035  022  000  000  000  006  026 
 020  020  019  019  029  042  049  050  051  047  006  000  000  000  013  016 
 011  008  003  004  014  026  039  055  061  046  024  012  008  000  012  008 
 004  000  000  000  010  018  022  034  034  032  030  036  046  044  030  018 
 000  000  000  000  009  013  015  013  004  007  014  026  038  044  042  036 
 000  000  000  008  015  010  008  002  000  000  000  000  006  016  022  026 
 000  000  018  037  028  014  000  000  000  000  000  000  000  000  000  007 
 008  016  046  044  026  018  012  008  008  009  006  000  000  000  006  008 
 016  028  044  016  002  006  015  021  026  029  024  013  006  012  025  027 
 011  028  024  000  000  000  014  022  024  024  018  014  018  039  050  045 
 006  026  008  000  000  016  025  015  011  009  008  010  018  046  053  043 

Celda6

 004  002  001  000  000  000  001  001  000  002  002  000  000  000  001  000 
 010  006  002  000  000  000  004  002  000  005  004  000  000  000  004  000 
 024  012  001  000  000  000  013  006  001  010  004  000  000  001  011  000 
 034  014  001  000  000  000  019  012  006  008  000  000  000  013  023  004 
 035  016  008  000  004  002  015  014  018  006  000  000  000  032  036  019 
 030  022  020  005  006  011  008  014  033  009  000  000  005  047  043  020 
 021  028  030  016  002  002  006  018  039  005  008  018  037  072  059  029 
 009  024  032  025  020  010  000  012  030  002  000  019  055  072  053  021 
 006  008  022  024  024  016  004  010  023  004  000  000  030  027  018  002 
 031  024  025  014  010  008  000  005  016  005  003  023  024  013  010  000 
 030  033  039  039  033  024  007  000  004  005  018  030  015  005  010  000 
 017  022  023  035  039  041  036  028  022  031  050  040  004  000  010  006 
 007  006  000  019  016  008  012  020  033  060  068  045  032  032  047  047 
 011  002  000  018  012  000  000  000  037  051  040  022  027  042  057  050 
 026  016  008  006  000  000  000  018  031  018  008  008  025  042  040  017 
 026  018  020  017  004  000  006  031  023  006  011  024  031  034  020  009 

Celda7

 000  000  000  003  005  002  000  000  000  000  000  000  000  005  009  000 
 000  000  000  006  011  005  000  000  000  000  000  000  000  012  022  000 
 000  000  000  009  020  012  000  000  000  000  000  000  002  027  046  000 
 000  000  000  006  024  018  003  000  000  000  000  000  006  038  060  000 
 013  013  006  005  029  027  011  004  002  004  006  003  011  054  074  011 
 000  000  000  007  030  021  004  000  000  000  000  000  012  051  062  000 
 000  000  000  016  031  014  000  000  000  000  000  000  009  051  067  000 
 006  004  010  045  045  006  000  000  000  000  000  000  000  048  078  000 
 000  000  010  060  041  013  002  001  011  021  023  020  010  042  086  000 
 000  000  015  040  009  000  000  000  020  034  034  037  032  053  098  010 
 000  000  022  036  004  000  000  008  025  019  006  010  014  040  089  007 
 000  000  010  020  000  000  000  018  035  026  000  000  000  026  074  000 
 037  028  010  000  000  000  000  021  035  024  002  000  000  028  077  000 
 039  038  034  024  016  016  026  044  038  010  002  000  000  030  084  000 
 006  010  020  024  024  030  061  079  057  033  022  020  015  042  097  010 
 002  000  004  007  008  020  060  075  046  039  039  042  040  066  113  027 

Celda8

 000  000  000  000  003  006  022  000  001  012  032  029  010  010  011  019 
 000  000  000  000  000  002  014  000  000  008  029  030  004  001  005  012 
 000  000  000  000  000  005  010  000  000  011  024  012  000  000  005  009 
 000  000  000  000  000  007  009  000  000  018  018  000  000  000  006  007 
 000  002  006  009  004  004  008  000  002  020  012  000  000  003  010  008 
 002  004  010  014  012  003  006  000  000  017  009  000  000  004  012  015 
 000  000  000  000  002  000  000  000  000  008  008  001  000  000  012  021 
 000  000  000  000  000  000  000  000  000  004  008  006  003  001  012  021 
 000  000  000  000  000  000  002  005  005  010  015  009  005  016  028  026 
 003  004  004  000  000  000  004  004  005  016  020  012  010  024  027  011 
 001  000  000  000  000  002  000  000  005  024  026  016  014  022  013  000 
 000  000  000  000  002  005  005  006  021  034  027  016  016  021  008  000 
 000  000  002  008  012  015  018  020  024  026  016  010  016  015  011  014 
 002  006  013  018  017  020  020  018  006  010  014  012  015  010  012  021 
 003  006  012  014  012  014  012  008  003  003  018  021  017  013  019  020 
 000  000  000  000  000  003  003  004  009  010  024  023  015  008  005  003 

Celda9

 006  000  000  000  016  025  036  024  000  000  005  008  021  020  013  004 
 000  000  000  000  008  019  026  011  000  006  018  020  017  016  010  000 
 000  000  000  006  005  011  010  004  003  010  020  022  012  009  010  000 
 000  005  002  006  012  012  002  000  000  001  003  004  006  008  012  002 
 000  005  006  003  011  012  004  000  000  000  000  000  000  006  009  000 
 003  003  010  014  016  009  004  000  000  000  000  000  000  006  003  000 
 010  002  014  023  020  006  000  000  000  000  000  000  000  006  004  000 
 014  010  020  021  015  004  000  000  004  000  000  000  000  006  007  006 
 017  013  014  004  000  000  000  000  008  002  000  000  000  008  004  004 
 005  012  008  000  000  000  000  004  002  003  000  000  000  008  000  000 
 000  010  008  000  000  000  000  004  000  000  000  004  004  000  000  004 
 000  010  014  007  013  016  015  011  004  000  011  013  016  004  000  005 
 018  030  037  025  026  032  030  022  016  012  018  018  013  016  008  000 
 026  033  035  021  018  022  024  022  020  021  012  009  000  005  011  008 
 016  020  018  005  002  004  008  014  018  024  020  004  000  000  012  024 
 006  010  005  000  000  000  003  008  016  023  026  020  010  009  016  026 

Celda10

 000  002  008  016  022  022  022  020  000  000  024  026  031  027  015  013 
 000  000  007  006  002  004  014  022  009  000  012  046  053  045  034  027 
 000  000  003  003  000  000  001  005  003  000  000  058  078  068  050  026 
 000  000  000  001  000  000  000  000  000  008  018  075  100  081  038  010 
 000  000  000  000  000  000  000  000  000  028  048  093  103  062  024  010 
 000  000  000  000  000  000  000  002  022  044  057  081  078  037  013  008 
 000  000  000  000  000  000  008  024  035  042  042  036  032  024  012  004 
 003  000  000  000  005  016  028  034  036  032  018  000  013  029  022  007 
 004  000  000  010  020  026  031  032  033  028  014  000  000  038  038  020 
 008  004  008  015  019  021  022  020  024  026  024  012  000  036  050  038 
 016  015  007  004  008  015  009  003  007  017  026  030  018  022  054  051 
 019  012  002  000  004  007  000  000  006  006  016  024  020  013  058  070 
 010  011  010  013  010  000  000  000  012  003  002  006  004  000  062  079 
 003  012  018  017  010  000  000  009  016  000  000  000  000  000  065  082 
 029  038  030  008  002  002  000  006  005  000  000  001  008  008  059  080 
 030  032  020  012  000  000  006  006  000  000  004  012  017  014  043  068 

Celda11

 022  037  046  044  036  027  018  024  020  014  013  000  010  000  036  036 
 020  029  035  032  030  034  039  026  000  000  034  020  011  002  002  025 
 016  017  014  014  025  041  046  036  024  016  040  031  000  008  000  000 
 008  006  000  002  025  039  033  032  041  050  049  022  000  000  000  000 
 011  006  000  009  031  025  014  027  048  062  054  031  010  000  000  000 
 012  010  008  020  034  021  016  034  051  053  052  042  030  016  008  016 
 009  018  023  031  033  029  030  036  032  024  027  030  029  030  036  044 
 016  038  042  032  031  030  020  007  000  000  000  002  009  021  044  064 
 030  051  044  032  033  024  010  001  000  000  000  000  000  014  040  060 
 039  048  037  035  033  013  000  000  000  000  000  000  000  018  032  035 
 053  048  036  037  024  005  000  004  001  001  002  008  018  034  025  018 
 067  050  035  030  009  000  000  005  000  002  018  028  032  033  021  019 
 062  038  024  017  000  000  000  000  008  015  025  020  014  019  017  016 
 048  026  020  014  000  000  000  000  020  034  015  002  000  010  009  002 
 048  024  015  007  000  000  000  000  028  028  006  000  000  010  008  000 
 052  034  014  000  000  000  000  007  024  020  004  000  000  008  003  000 

Celda12

 006  000  000  006  014  016  029  041  036  029  025  008  004  009  010  004 
 014  000  000  012  022  032  037  030  022  014  008  005  008  016  014  011 
 010  018  020  026  029  031  030  025  016  005  000  004  024  026  018  012 
 000  036  048  046  032  020  024  028  016  003  004  018  029  018  012  004 
 000  035  056  058  038  017  020  026  014  002  010  030  029  002  000  000 
 028  037  038  054  049  028  019  016  012  007  014  031  030  004  000  000 
 048  039  017  036  053  040  021  011  012  016  019  028  024  004  000  000 
 068  059  046  034  035  036  024  014  012  016  022  027  020  004  000  000 
 066  066  068  057  024  012  024  020  006  004  020  028  020  007  000  000 
 037  046  058  056  036  012  020  020  000  000  008  024  018  010  009  014 
 020  024  032  036  038  034  036  028  010  009  000  006  008  011  027  040 
 024  026  024  030  040  044  037  029  022  024  020  002  000  012  040  054 
 019  024  030  036  042  045  042  036  028  024  024  022  012  008  040  052 
 000  012  022  028  030  034  040  040  030  020  023  031  032  027  042  038 
 000  014  016  000  004  012  022  028  025  021  020  022  026  028  033  021 
 000  011  016  000  000  002  012  010  016  019  012  006  011  018  022  011 

Celda13

 015  020  000  000  000  037  030  007  000  000  002  012  027  043  042  020 
 017  002  000  000  010  044  021  002  000  000  000  013  032  033  024  000 
 000  000  000  000  032  041  010  002  000  000  000  015  022  013  004  000 
 000  000  000  020  054  039  008  005  006  004  009  018  004  000  000  000 
 000  000  000  044  047  021  002  004  012  016  016  015  000  000  000  000 
 000  000  017  037  024  010  000  000  009  017  013  008  002  000  000  000 
 000  000  029  026  012  006  007  008  003  010  010  006  002  000  001  008 
 000  012  038  021  004  004  010  014  002  000  008  011  006  001  004  018 
 000  033  032  010  000  005  012  012  000  000  004  006  000  000  004  022 
 026  033  010  000  000  006  014  008  000  000  000  000  000  000  009  026 
 038  018  000  000  000  008  014  004  000  000  000  000  000  000  023  022 
 041  015  000  000  000  006  007  000  000  000  000  000  000  016  026  011 
 038  020  007  000  004  005  000  000  001  000  000  000  004  022  020  010 
 032  026  019  004  004  011  012  014  016  012  009  010  027  034  018  019 
 021  026  024  012  007  006  000  006  012  010  012  022  045  043  035  045 
 007  016  018  017  012  008  008  008  002  000  010  022  038  028  028  033 

Celda14

 006  002  010  018  021  024  037  045  011  000  016  038  034  022  008  010 
 000  000  006  006  011  022  033  030  009  006  013  038  034  024  016  000 
 000  004  014  009  012  020  015  000  000  003  012  028  032  028  022  000 
 000  006  008  010  016  022  011  000  002  003  007  022  038  042  035  014 
 003  010  000  000  009  004  000  000  011  017  008  029  052  047  029  011 
 013  012  000  004  003  000  000  002  016  011  013  043  057  040  013  003 
 030  027  025  028  018  001  000  006  006  004  025  044  039  020  002  000 
 032  033  039  031  023  014  014  018  014  017  034  027  018  010  000  000 
 027  030  032  010  008  012  018  021  024  031  032  013  002  000  002  006 
 024  029  024  000  000  007  012  015  023  025  018  010  004  000  000  004 
 016  024  011  000  000  007  010  011  018  007  004  004  006  007  008  004 
 009  016  001  000  000  000  004  009  012  000  000  000  000  000  016  020 
 013  008  000  000  000  000  000  009  007  000  000  000  000  008  024  016 
 020  000  000  000  004  008  017  014  006  002  000  000  010  027  022  007 
 029  012  010  015  016  028  036  014  008  004  005  012  033  032  019  010 
 012  009  020  034  029  035  029  005  002  005  014  025  042  033  023  018 

Celda15

 018  013  008  010  007  008  049  051  012  016  029  026  028  055  097  020 
 003  003  008  016  013  001  048  047  000  000  021  009  008  035  073  004 
 000  000  000  000  002  005  039  034  002  008  016  000  000  027  064  000 
 018  016  004  000  004  022  047  010  000  016  015  000  000  030  067  000 
 017  028  025  018  026  063  060  027  000  003  010  000  000  032  074  000 
 000  006  015  021  054  084  057  045  032  019  012  004  000  030  078  000 
 002  000  000  006  058  067  028  030  036  042  045  044  040  052  091  013 
 004  000  000  016  054  034  000  000  014  028  040  042  050  065  096  031 
 002  000  000  034  051  018  000  000  000  009  016  014  025  042  068  022 
 000  000  018  050  043  008  000  000  000  000  002  002  000  011  035  000 
 000  000  029  056  044  008  000  000  000  000  000  002  000  008  036  000 
 018  012  035  048  036  010  000  000  000  002  000  000  000  005  040  000 
 021  029  059  057  021  004  004  004  004  002  000  000  000  009  046  000 
 010  016  048  045  021  017  024  026  019  006  000  000  000  020  059  010 
 008  002  028  028  013  016  025  026  017  015  012  014  017  050  077  024 
 013  004  026  030  009  002  006  009  002  004  017  027  032  062  083  030 

Celda16

 000  000  000  000  000  004  006  002  010  014  027  021  009  005  002  004 
 000  000  000  000  000  005  013  007  010  015  030  022  006  000  004  008 
 000  000  000  000  000  005  018  014  006  016  027  014  008  008  012  008 
 000  000  000  000  000  008  021  018  006  008  013  001  000  000  004  000 
 001  001  000  000  000  015  026  018  002  006  014  006  000  000  004  006 
 002  004  009  010  008  031  039  017  000  000  014  012  000  003  005  014 
 003  008  020  029  030  039  027  002  000  000  016  018  004  008  006  014 
 003  010  024  037  038  030  011  000  000  000  016  028  010  000  000  011 
 001  004  014  026  031  030  024  014  002  000  010  030  015  000  000  014 
 000  000  000  004  013  022  026  026  017  004  000  025  014  000  002  019 
 000  000  000  000  000  007  015  022  020  011  000  018  018  007  017  026 
 001  001  000  000  003  008  002  012  019  018  008  012  026  028  022  011 
 000  000  002  004  004  007  004  002  017  028  029  020  034  031  011  000 
 001  003  008  009  004  002  007  007  016  030  037  033  031  021  004  000 
 001  004  008  008  000  000  012  017  012  021  029  032  026  012  000  000 
 001  002  002  000  000  004  023  020  008  012  018  026  030  026  015  002 

Celda17

 008  008  002  003  004  005  004  007  014  020  020  020  020  020  014  010 
 008  010  009  010  010  008  006  009  012  012  008  008  012  014  010  002 
 004  012  017  016  009  008  006  006  004  004  004  003  004  014  015  014 
 003  019  024  015  003  003  000  000  000  000  000  000  004  022  017  020 
 008  018  016  008  000  000  000  000  000  000  000  000  012  027  012  014 
 009  008  008  006  006  000  000  000  000  000  000  000  021  026  010  009 
 002  000  004  006  010  012  004  007  000  000  000  000  018  021  006  002 
 004  000  008  010  004  016  006  000  000  002  008  005  016  022  000  000 
 012  007  020  012  002  006  009  000  000  002  006  008  006  020  000  000 
 027  025  020  005  003  000  004  000  000  003  000  000  000  007  000  000 
 027  017  004  000  002  011  012  009  006  007  003  000  000  000  000  000 
 017  013  001  005  007  008  010  009  010  014  012  006  001  002  004  003 
 002  011  008  016  017  000  000  000  000  002  000  000  002  009  012  009 
 000  006  016  027  021  000  000  000  000  001  000  000  000  014  010  007 
 000  000  018  033  025  000  000  000  000  000  000  000  002  017  008  005 
 000  000  012  034  031  004  000  000  000  000  000  000  013  015  003  002 

Celda18

 011  017  017  020  016  004  003  007  000  000  006  012  016  013  021  058 
 002  010  012  016  019  014  004  004  000  000  000  000  005  010  000  046 
 008  009  008  000  000  007  010  009  004  000  000  000  000  012  008  026 
 020  011  000  000  000  000  002  008  009  003  000  000  000  016  020  006 
 016  017  010  000  000  000  002  002  000  003  006  008  010  016  022  015 
 010  014  020  025  024  019  008  000  000  000  000  012  013  012  018  014 
 003  009  019  030  036  038  032  014  000  000  000  000  004  006  012  014 
 000  011  008  007  007  014  024  024  013  002  000  000  000  000  000  004 
 004  009  000  000  000  004  000  006  010  012  012  004  000  000  000  000 
 005  008  000  000  000  002  000  000  000  000  003  001  000  000  000  000 
 006  006  000  000  000  000  000  000  000  000  000  000  004  012  016  010 
 009  009  002  002  000  000  000  000  000  000  000  008  018  028  036  040 
 015  014  006  004  008  012  016  014  008  007  024  025  028  030  032  038 
 010  008  000  000  005  017  027  027  020  015  033  028  022  020  020  024 
 003  006  000  002  004  012  016  017  015  013  028  018  007  004  008  019 
 002  002  001  007  007  004  000  000  008  014  026  011  001  000  004  011 

Celda19

 058  043  014  000  000  003  010  017  018  014  004  000  004  004  000  000 
 065  046  012  000  001  017  023  016  013  009  002  002  006  003  000  000 
 064  048  014  004  014  021  014  002  002  006  000  000  003  000  000  006 
 052  050  020  010  015  024  016  000  000  010  004  000  000  000  004  014 
 036  052  030  013  009  020  016  000  002  013  008  000  002  000  011  022 
 015  052  041  016  008  018  012  000  005  009  008  006  002  004  008  021 
 000  043  052  026  014  019  014  007  006  000  006  011  000  000  000  014 
 000  026  058  042  026  025  016  006  000  000  006  012  000  000  001  002 
 000  010  060  060  039  028  016  004  000  000  010  008  000  000  000  000 
 000  003  058  070  046  023  008  002  002  004  007  000  000  000  000  004 
 002  000  050  072  054  026  005  000  000  000  000  000  000  000  004  013 
 032  012  030  066  058  029  009  000  000  006  003  006  004  000  006  022 
 038  026  003  049  058  034  014  006  011  018  009  009  012  014  010  021 
 030  032  022  027  052  038  014  006  016  027  014  000  006  016  017  015 
 029  034  030  025  050  042  015  000  008  024  020  006  002  006  012  011 
 023  030  030  018  034  043  016  003  000  016  020  017  010  002  000  000 

Celda20

 000  004  010  000  000  002  005  002  012  018  015  012  015  021  021  014 
 004  011  015  012  008  006  007  011  018  024  024  024  025  026  024  023 
 010  015  023  022  016  014  014  026  022  022  022  024  025  021  023  030 
 014  012  017  017  016  017  016  025  010  009  014  025  030  024  025  027 
 010  011  020  013  006  014  014  011  000  000  007  024  030  026  023  031 
 010  008  016  018  010  004  006  000  000  000  006  015  016  018  019  037 
 017  013  010  016  014  001  000  000  000  000  014  011  001  009  014  035 
 016  020  014  012  008  002  000  000  000  002  012  013  001  005  004  022 
 012  019  020  012  000  000  000  000  000  006  009  014  006  000  000  017 
 014  018  020  010  000  000  000  000  002  004  004  010  008  000  000  012 
 018  017  014  005  000  000  000  006  006  000  000  002  008  004  000  011 
 022  012  006  000  000  000  003  014  002  000  000  002  008  010  007  016 
 024  010  001  000  000  000  008  014  000  000  017  029  024  015  010  012 
 021  014  006  004  000  000  014  012  000  010  041  046  028  014  002  008 
 010  016  011  000  000  003  023  021  017  035  052  036  012  006  000  006 
 000  010  012  000  000  010  032  032  033  045  041  008  000  000  002  010 

Celda21

 002  000  006  012  012  016  024  018  002  000  003  019  013  004  014  014 
 018  005  000  000  004  024  040  026  004  009  018  010  000  000  011  008 
 034  028  016  000  000  018  039  030  019  030  029  002  000  000  006  000 
 038  042  042  038  028  008  014  022  039  056  039  002  002  004  000  000 
 032  042  048  054  056  047  026  000  038  068  051  012  000  000  000  000 
 027  034  040  048  057  062  062  051  036  050  052  023  003  001  000  000 
 023  023  031  038  047  056  064  066  054  034  029  019  008  010  002  000 
 014  014  028  035  038  043  048  054  056  044  019  001  002  009  010  010 
 018  017  022  028  028  030  036  042  045  044  038  028  010  000  007  020 
 026  024  014  010  014  017  021  027  030  032  036  038  032  015  000  012 
 026  024  014  000  001  003  003  008  016  024  032  033  032  033  026  010 
 018  016  014  008  000  000  000  002  012  026  032  028  027  032  036  036 
 011  011  015  009  000  000  000  003  012  022  026  025  025  028  032  038 
 006  012  018  008  000  000  000  006  014  013  016  020  024  027  032  039 
 005  012  019  008  000  000  000  010  024  010  006  016  025  029  032  040 
 012  012  012  008  002  001  001  008  027  016  000  008  018  024  028  043 

Celda22

 000  000  021  025  018  022  013  000  001  012  024  030  031  022  017  012 
 000  000  017  010  002  011  005  004  015  035  032  026  015  010  007  001 
 000  000  018  016  008  008  004  010  033  042  025  020  018  010  001  000 
 000  000  019  022  017  011  004  016  035  030  014  016  016  006  000  000 
 001  014  029  029  023  010  004  018  025  012  006  008  009  002  000  000 
 002  020  029  031  023  003  006  018  014  005  010  008  010  016  018  018 
 012  020  020  026  016  001  004  018  008  004  016  015  004  018  026  022 
 018  024  027  028  009  000  000  014  007  008  019  017  004  000  009  008 
 024  028  038  036  006  000  000  010  010  012  018  016  011  003  000  000 
 021  034  054  044  006  000  000  009  016  017  023  023  018  000  000  000 
 010  030  056  046  012  000  000  008  018  025  035  036  024  011  008  012 
 033  035  034  036  019  010  006  006  017  028  032  025  009  004  009  016 
 041  042  033  018  014  012  012  010  016  030  040  027  002  000  000  002 
 043  038  032  024  008  000  008  018  020  036  050  028  000  000  000  006 
 044  038  028  022  015  005  000  013  022  043  056  028  000  000  006  016 
 038  034  026  022  024  027  022  009  011  036  054  034  013  014  015  020 

Celda23

 008  004  020  027  007  000  005  010  008  000  010  020  024  051  067  015 
 000  002  026  024  000  000  005  014  014  008  005  010  017  034  043  000 
 000  009  037  024  004  000  002  016  018  010  007  009  011  020  034  000 
 002  013  032  011  004  001  000  015  018  008  010  017  008  014  033  002 
 005  011  014  002  002  006  007  017  010  004  014  020  008  018  036  001 
 016  012  007  005  006  011  012  017  003  000  018  018  004  021  042  000 
 017  018  018  020  014  012  011  011  004  000  017  015  002  024  046  000 
 006  015  024  027  020  014  010  004  000  000  010  011  002  028  051  000 
 000  012  022  020  018  014  006  000  000  000  004  010  006  032  053  000 
 000  018  029  018  014  014  007  000  000  006  021  030  021  036  053  001 
 019  040  047  029  020  019  018  018  021  025  036  038  022  034  055  008 
 030  052  055  032  022  022  026  033  034  026  033  030  017  031  055  013 
 025  045  040  017  013  016  022  024  020  016  025  023  011  026  050  011 
 022  030  020  002  000  004  008  003  000  004  017  011  000  017  041  003 
 025  023  014  000  000  000  000  000  000  000  004  003  000  018  040  000 
 022  014  008  000  000  000  000  005  008  000  000  003  002  022  040  000 

Celda24

 001  000  000  000  000  014  023  019  007  008  008  012  022  032  032  018 
 000  000  000  000  000  020  029  020  004  004  004  005  021  023  032  028 
 000  000  000  000  000  018  037  027  006  000  004  005  017  009  010  022 
 000  000  002  006  010  027  047  027  005  000  000  000  012  006  000  004 
 000  000  000  004  012  038  046  015  000  000  000  001  015  009  000  001 
 000  000  000  000  008  028  020  001  000  000  008  014  025  014  006  006 
 000  000  000  000  000  014  009  000  004  005  004  003  008  000  000  000 
 001  000  000  000  000  016  008  001  006  003  000  000  000  000  000  000 
 000  000  000  000  000  026  015  002  002  000  000  000  000  000  000  001 
 000  000  000  000  002  034  018  000  000  002  000  000  000  008  012  007 
 000  000  000  000  005  038  019  000  000  004  000  000  006  011  012  009 
 000  000  000  000  006  040  020  000  000  008  000  000  000  000  000  000 
 000  000  001  000  000  040  026  000  002  011  000  000  000  000  000  000 
 001  002  006  007  005  041  031  000  000  013  004  000  000  000  000  000 
 000  000  001  000  000  038  028  000  000  016  004  000  000  000  000  000 
 000  000  000  000  000  036  023  000  000  020  004  000  000  000  000  000 

Celda25

 000  000  009  036  036  008  000  002  008  000  000  003  017  009  000  000 
 008  000  004  038  041  012  000  002  018  002  000  009  017  006  000  000 
 025  012  000  027  042  024  000  000  024  018  000  006  017  008  000  000 
 024  034  019  002  036  040  008  009  027  039  021  012  011  008  000  007 
 018  037  037  017  023  050  039  025  035  052  031  020  011  008  006  016 
 018  032  039  032  021  046  048  017  005  026  021  002  007  009  010  007 
 004  018  030  038  029  028  046  022  000  013  030  006  000  004  004  000 
 000  000  012  028  026  003  030  026  000  002  031  020  003  006  005  000 
 000  000  000  008  010  000  006  028  005  000  020  025  013  010  008  004 
 000  000  000  006  010  005  000  024  015  000  006  024  022  016  012  008 
 004  003  007  014  021  024  018  024  012  000  000  021  025  022  016  011 
 000  002  006  010  016  026  032  029  014  004  000  010  020  028  024  016 
 000  000  000  000  006  020  028  022  014  015  010  000  012  031  030  020 
 000  000  000  000  006  013  016  015  018  028  032  020  005  029  031  021 
 000  000  000  004  006  004  002  006  016  022  035  036  022  025  029  018 
 000  000  002  012  006  002  000  000  008  016  020  028  016  005  026  019 

Celda26

 000  002  000  000  003  000  000  000  000  012  022  010  006  005  007  002 
 002  004  000  000  000  004  004  000  000  010  013  007  011  014  016  009 
 002  007  000  000  004  006  004  001  001  014  006  000  000  010  019  016 
 006  001  000  000  010  016  000  000  002  020  004  000  006  008  010  007 
 018  011  002  000  008  017  000  000  004  021  008  006  009  008  005  000 
 010  016  018  013  003  006  000  000  016  030  000  008  006  000  002  009 
 004  011  018  018  010  000  000  000  026  042  010  000  000  000  001  017 
 000  000  005  010  011  003  000  000  029  050  017  002  000  000  000  015 
 004  002  000  000  000  001  002  002  025  047  018  003  002  000  000  004 
 006  002  000  000  000  000  000  006  029  036  014  002  003  000  000  000 
 008  001  000  000  000  003  005  010  031  027  006  002  002  000  000  000 
 012  004  000  006  009  012  016  024  046  031  010  002  006  006  010  011 
 016  009  008  016  008  007  010  020  047  028  022  016  018  019  016  014 
 014  012  018  018  000  000  000  010  025  008  016  020  014  014  007  006 
 008  011  020  018  000  000  000  012  028  008  002  009  006  005  003  008 
 006  007  014  010  000  000  000  014  032  014  003  000  000  012  014  014 

Celda27

 007  016  020  012  016  044  024  001  017  029  026  019  006  000  000  000 
 004  005  010  006  000  037  036  019  028  030  029  026  010  000  000  000 
 010  008  011  011  000  020  044  043  026  016  024  022  014  012  014  016 
 012  016  020  026  022  004  039  056  034  017  023  011  007  012  020  027 
 008  017  021  026  030  022  026  051  038  021  026  014  000  002  009  014 
 002  008  008  011  014  016  018  034  038  028  024  016  002  000  001  010 
 004  000  000  000  003  006  014  023  030  038  034  036  028  020  013  013 
 002  000  000  000  006  008  020  020  014  040  050  049  034  026  026  022 
 000  000  000  000  009  016  031  025  010  028  060  046  011  000  010  022 
 000  000  001  000  002  016  036  025  014  010  054  046  012  008  017  012 
 000  000  001  000  000  006  031  016  010  000  036  044  020  015  026  018 
 008  002  000  002  002  010  025  008  008  002  014  044  034  019  022  019 
 012  016  017  014  010  018  027  012  014  020  012  034  042  026  018  010 
 008  015  017  014  007  014  031  021  020  030  030  027  038  036  023  002 
 009  006  004  002  000  013  036  027  020  030  030  017  031  042  020  000 
 014  010  008  007  000  018  048  028  012  018  023  018  021  038  020  002 

Celda28

 000  008  014  004  000  018  034  034  029  026  012  000  000  000  001  010 
 000  007  022  014  004  013  026  028  015  004  003  000  003  000  003  010 
 016  013  024  016  004  012  028  028  010  001  007  007  012  012  008  008 
 034  038  042  027  010  010  021  026  016  008  011  000  001  004  004  000 
 024  036  046  042  036  027  023  018  014  010  009  000  000  000  000  000 
 018  025  035  033  030  026  024  023  011  004  000  000  000  000  002  001 
 016  018  018  007  002  004  009  009  006  003  006  007  000  000  002  005 
 013  015  018  004  000  000  006  006  006  003  004  018  035  034  021  007 
 021  018  010  000  000  003  015  009  006  006  001  002  016  030  032  031 
 017  018  013  006  002  010  011  000  000  000  000  000  001  002  018  026 
 002  004  007  008  008  013  005  000  000  002  000  000  002  006  003  011 
 008  006  002  002  009  014  010  008  003  000  000  000  000  011  012  003 
 006  012  010  003  000  004  007  008  010  012  014  013  008  014  017  006 
 001  015  014  006  000  002  006  000  000  009  018  018  012  009  018  008 
 010  032  026  008  000  000  003  000  000  008  004  000  000  002  020  007 
 021  038  025  014  015  018  016  011  006  004  000  000  000  002  022  014 

Celda29

 013  009  002  006  010  003  008  005  021  018  005  000  002  008  020  044 
 013  003  000  005  015  003  002  008  016  015  006  000  000  000  023  041 
 008  000  000  005  015  000  000  006  011  008  000  000  000  007  031  032 
 004  001  000  002  009  000  000  016  014  003  000  000  006  014  025  019 
 001  004  000  000  000  000  007  024  016  000  000  000  012  023  022  016 
 000  000  000  000  000  000  012  028  011  000  000  000  018  028  022  020 
 000  000  000  006  000  000  007  020  004  000  000  002  023  029  020  020 
 000  000  000  004  004  000  002  008  000  000  000  008  026  026  016  014 
 030  028  023  020  020  014  015  019  014  013  012  025  042  037  025  019 
 025  024  024  024  029  032  039  038  032  033  037  049  055  046  033  026 
 008  004  002  000  013  029  036  028  026  028  034  039  034  022  006  004 
 008  004  000  000  019  027  023  014  018  021  020  012  002  002  000  006 
 008  010  005  000  022  034  022  006  002  003  000  000  000  000  000  010 
 002  005  019  030  037  024  016  010  000  000  000  000  002  004  004  012 
 000  000  016  038  048  034  010  000  000  000  006  010  010  014  012  006 
 000  000  009  024  026  030  031  020  003  000  011  022  015  006  010  006 

Celda30

 030  028  028  033  040  043  040  034  019  006  034  041  032  027  022  019 
 024  026  030  034  035  038  042  042  034  012  002  034  041  034  028  026 
 012  012  014  014  016  026  038  040  035  028  014  012  030  029  026  030 
 002  002  000  000  005  018  031  036  034  034  036  030  029  015  013  021 
 000  006  007  004  011  019  016  022  030  034  035  034  034  037  036  026 
 010  000  000  000  008  010  000  000  006  016  020  022  023  036  040  032 
 018  000  000  000  008  006  000  000  000  000  000  012  018  024  014  002 
 014  003  000  000  010  002  000  000  000  000  004  024  029  020  004  000 
 016  010  006  008  023  015  016  015  015  021  029  045  041  032  025  022 
 026  019  011  006  020  019  022  032  038  040  041  049  041  032  032  036 
 010  001  000  000  014  014  013  023  028  032  034  043  033  026  024  026 
 014  002  000  000  012  012  014  018  012  010  018  027  016  014  014  014 
 019  003  000  001  009  004  008  017  019  015  012  010  000  000  000  000 
 018  007  004  006  004  000  001  008  016  022  022  011  000  000  000  000 
 009  012  008  009  014  019  020  014  007  020  022  009  000  000  001  008 
 005  022  026  016  019  025  022  021  016  016  013  005  006  006  007  007 

Celda31

 016  008  003  002  000  000  000  008  012  004  000  009  022  038  045  007 
 020  008  004  005  000  000  000  006  000  000  008  028  030  031  034  003 
 030  018  013  010  000  000  004  010  000  000  003  016  011  018  028  000 
 028  026  024  016  000  000  005  012  004  002  002  003  006  021  034  000 
 011  017  019  012  001  001  012  017  013  004  000  000  007  030  042  000 
 022  006  000  000  002  012  018  024  022  004  000  000  011  036  048  000 
 000  002  000  000  000  012  017  024  025  008  002  009  014  032  047  000 
 000  000  012  026  030  021  012  016  018  008  011  019  012  027  050  000 
 024  031  038  048  052  044  030  017  009  004  008  011  000  027  062  000 
 042  052  051  045  044  044  040  031  020  016  015  000  000  026  073  000 
 032  040  033  028  028  031  035  034  028  022  016  010  006  026  076  000 
 016  018  012  012  012  013  016  018  018  015  008  009  021  051  093  019 
 001  007  003  000  000  002  008  014  018  019  020  026  037  064  092  029 
 000  006  002  000  000  007  018  028  034  038  040  042  043  057  075  025 
 010  007  002  003  011  024  024  028  033  036  040  042  038  044  061  022 
 000  000  003  008  020  024  017  016  019  023  027  028  025  029  048  017 

Celda32

 000  000  000  000  000  033  020  000  000  019  005  000  000  000  007  000 
 000  001  005  009  006  028  020  000  000  014  006  000  000  003  009  000 
 000  001  004  005  002  023  020  000  000  010  010  000  000  006  009  000 
 000  000  000  000  000  020  018  000  000  008  017  000  000  004  006  000 
 000  000  000  000  000  019  014  000  000  007  018  004  000  004  003  000 
 000  000  000  000  000  018  012  000  000  004  012  002  002  006  002  000 
 000  000  000  000  000  022  014  000  006  005  003  000  000  007  004  000 
 000  000  000  000  000  030  024  000  002  004  002  000  000  004  006  001 
 000  001  002  000  000  034  032  000  000  000  000  000  000  000  010  010 
 000  000  002  004  001  029  034  004  000  000  000  000  000  002  014  021 
 000  000  001  006  008  022  034  009  000  000  000  000  000  018  025  023 
 000  000  000  003  006  019  041  015  000  000  000  000  026  035  024  019 
 000  000  000  000  000  012  040  012  002  000  000  012  038  031  012  007 
 000  000  000  000  000  008  042  020  002  008  006  021  043  022  002  000 
 000  000  000  000  000  002  040  032  000  002  007  024  042  016  002  002 
 000  000  001  004  002  000  035  038  006  000  000  022  040  019  008  008 

Celda33

 000  000  010  020  008  008  008  000  004  022  000  004  006  000  019  024 
 000  000  014  020  002  004  005  001  000  018  006  000  004  000  002  023 
 000  000  014  018  000  000  000  000  000  010  015  000  008  006  000  014 
 000  000  006  012  000  000  000  000  000  011  020  003  008  014  011  008 
 000  000  000  003  000  000  000  000  000  016  019  004  008  016  023  019 
 000  000  000  000  000  000  009  013  011  018  018  006  012  020  026  020 
 000  000  000  000  000  003  008  016  019  018  017  008  010  015  018  012 
 000  000  006  010  008  004  004  012  020  016  010  007  002  002  004  004 
 011  019  026  018  012  008  009  014  017  013  008  007  000  000  001  002 
 020  026  026  018  010  008  012  015  010  010  008  006  005  008  011  010 
 019  019  012  006  005  007  018  012  006  002  000  007  013  018  019  020 
 016  012  006  001  004  008  019  007  000  000  000  018  016  015  014  018 
 012  012  010  006  008  008  009  000  000  000  004  025  011  007  009  014 
 012  013  011  002  005  005  000  000  004  010  011  023  010  006  014  020 
 013  012  008  000  000  004  008  014  022  023  016  024  019  009  014  020 
 011  008  006  000  000  008  016  018  018  018  018  025  020  004  006  010 

Celda34

 012  008  006  000  000  000  000  022  038  016  002  000  002  025  016  011 
 022  020  010  000  000  000  000  032  045  020  002  000  016  028  011  010 
 028  032  020  000  000  000  000  036  046  022  005  004  018  021  009  012 
 029  036  024  000  000  005  010  036  036  016  005  012  026  025  010  000 
 035  039  027  002  002  007  016  040  030  004  000  016  030  026  012  004 
 013  029  025  000  000  000  006  030  023  008  008  029  035  016  008  006 
 000  018  028  008  000  000  011  030  026  016  026  047  043  020  009  003 
 000  005  028  016  000  000  016  040  031  018  030  046  035  020  020  018 
 000  000  022  016  000  000  021  046  032  013  025  037  026  020  021  022 
 006  000  016  016  000  000  026  042  028  018  028  032  025  020  016  016 
 020  015  010  013  000  000  037  046  020  016  033  040  027  014  008  010 
 027  030  018  000  000  002  043  048  016  004  033  050  028  007  004  005 
 024  029  021  002  000  010  054  057  014  002  028  051  028  009  009  008 
 026  027  019  008  004  023  068  063  010  006  023  044  029  014  014  012 
 026  024  018  012  009  032  065  047  001  000  018  036  031  021  019  015 
 010  010  013  015  008  020  048  034  000  000  023  038  034  026  015  008 

Celda35

 012  014  014  012  014  035  053  018  005  004  014  021  013  024  022  014 
 011  012  008  006  016  041  038  008  005  004  002  016  014  006  028  032 
 012  010  008  004  008  032  018  000  000  007  007  008  014  004  032  039 
 004  010  012  012  017  032  014  006  000  006  020  009  008  000  026  044 
 000  001  010  018  029  039  018  013  006  005  024  011  000  000  013  046 
 005  000  000  004  024  025  006  004  010  014  024  006  000  000  000  042 
 000  000  001  010  012  004  000  000  006  020  020  004  004  011  008  030 
 016  009  000  010  009  000  000  006  017  027  023  020  019  023  023  020 
 025  032  030  014  000  000  000  020  029  029  022  023  026  028  024  010 
 017  026  036  032  022  018  016  027  028  022  008  000  012  018  016  010 
 013  017  020  026  030  030  028  026  019  013  006  008  002  000  004  014 
 007  003  002  013  026  032  031  026  016  003  000  004  005  000  000  008 
 000  000  000  003  014  023  028  029  026  022  016  005  000  000  000  000 
 003  002  000  008  008  004  008  012  018  026  032  030  022  012  004  000 
 006  008  010  008  004  001  000  000  003  016  025  033  032  023  015  010 
 005  000  008  008  000  000  000  004  011  013  004  007  014  017  018  020 

Celda36

 027  030  017  012  020  031  025  018  016  016  014  007  004  005  013  012 
 029  023  017  013  023  029  022  019  016  016  016  020  029  034  024  005 
 020  016  020  013  018  020  012  014  009  002  006  021  034  036  032  028 
 020  014  022  016  012  010  000  000  005  006  020  030  029  022  020  026 
 033  021  020  016  010  004  000  000  006  013  033  032  020  014  013  016 
 050  032  019  012  005  003  004  000  000  002  021  023  012  014  014  018 
 056  040  016  006  003  006  009  000  000  004  028  026  007  012  018  022 
 046  040  013  000  003  012  014  000  000  004  030  032  011  005  014  012 
 027  034  012  000  003  018  020  006  000  006  028  030  017  010  003  000 
 010  022  009  000  004  016  022  017  006  009  022  026  021  016  000  000 
 015  003  003  008  008  006  016  028  021  010  016  023  023  016  000  000 
 010  001  000  015  012  000  008  028  030  020  022  023  018  010  000  000 
 000  000  000  018  014  000  004  023  032  031  028  017  008  004  000  000 
 000  000  000  018  016  003  012  034  040  037  026  010  004  004  002  002 
 010  010  005  008  013  011  021  029  028  026  021  009  006  006  000  000 
 022  020  016  004  000  010  027  031  028  025  015  005  007  006  000  000 

Celda37

 000  000  013  024  016  010  022  028  028  022  008  018  022  008  000  008 
 000  000  012  025  024  016  002  017  028  032  030  020  012  010  004  004 
 022  016  013  016  018  018  010  000  006  016  026  030  023  002  002  012 
 028  027  018  006  004  010  014  010  000  000  000  015  024  021  005  006 
 022  023  018  013  014  013  006  008  004  000  004  015  004  017  024  019 
 026  028  023  020  025  022  016  012  006  000  002  018  012  000  014  026 
 024  024  023  020  018  014  015  014  012  011  006  009  012  001  000  003 
 004  002  006  009  006  005  011  016  016  014  009  002  007  000  000  006 
 000  000  000  003  004  004  006  008  010  012  013  008  004  000  000  001 
 000  000  000  006  010  012  008  002  000  008  018  018  012  010  013  013 
 000  000  000  002  009  015  012  008  009  015  018  020  020  023  024  026 
 000  000  000  002  011  008  006  008  016  022  014  014  014  026  024  024 
 000  000  000  008  019  004  000  000  013  016  008  008  006  025  019  014 
 000  000  000  016  018  001  000  006  011  007  000  004  006  026  015  006 
 000  000  000  020  012  000  000  014  012  002  000  000  002  020  009  002 
 000  000  008  022  008  000  000  018  012  000  000  000  000  014  008  000 

Celda38

 024  044  033  012  011  011  004  009  014  010  009  007  014  019  007  000 
 027  036  016  004  000  003  004  004  004  004  008  015  017  018  002  000 
 025  024  007  000  000  000  010  013  000  000  009  011  006  010  000  000 
 020  026  020  000  000  000  014  015  006  004  014  007  002  006  000  000 
 005  012  024  008  000  000  014  012  013  013  006  001  001  001  000  000 
 027  015  010  009  000  006  016  014  016  010  002  002  002  000  000  000 
 016  028  026  010  000  004  020  023  018  007  002  010  010  004  000  000 
 006  002  013  014  006  000  013  028  026  014  011  014  000  000  000  006 
 010  006  000  000  006  017  015  017  024  022  020  009  000  000  000  004 
 013  001  000  000  005  025  037  032  019  013  016  002  000  000  014  006 
 026  024  022  019  029  033  028  032  033  024  006  000  000  000  014  010 
 022  022  026  028  034  028  017  016  022  026  018  007  000  000  003  006 
 006  005  010  014  021  017  010  006  003  004  006  010  015  017  012  004 
 000  003  004  008  008  003  001  000  000  000  000  004  015  024  030  030 
 008  013  010  005  000  000  000  002  000  000  000  000  006  017  028  034 
 006  011  004  000  000  000  013  011  007  000  000  000  010  018  021  022 

Celda39

 000  002  008  005  011  011  010  016  020  020  018  012  012  020  037  010 
 000  005  012  008  010  010  011  014  014  008  006  006  015  029  037  014 
 000  004  009  008  012  013  011  008  008  002  000  003  022  024  027  012 
 000  003  009  014  020  015  004  000  002  004  001  016  014  004  012  000 
 000  012  018  022  022  006  000  000  000  009  012  022  010  001  014  000 
 008  018  014  014  013  000  000  000  000  015  020  020  006  002  018  000 
 013  018  007  010  011  000  000  000  000  014  022  018  005  008  024  001 
 005  012  012  018  009  000  000  000  004  009  019  018  006  014  028  001 
 005  002  016  020  003  000  000  000  005  011  016  016  008  017  030  000 
 000  001  014  012  000  000  000  007  010  011  012  008  008  020  031  000 
 008  013  014  004  000  000  001  012  014  009  002  000  004  022  034  000 
 014  021  020  004  000  000  015  019  016  010  000  000  000  021  038  000 
 002  010  017  012  005  016  021  014  014  015  005  002  000  018  041  000 
 022  004  003  015  016  024  024  012  015  015  000  002  004  022  046  004 
 035  030  022  022  018  014  012  012  024  024  003  000  000  033  055  015 
 030  034  034  031  033  018  002  001  018  024  014  004  009  032  042  002 

Celda40

 000  000  002  011  012  001  027  040  013  000  006  033  046  025  010  008 
 000  000  000  004  003  000  022  043  021  010  016  040  042  016  004  005 
 001  001  000  000  000  000  018  048  030  007  010  029  027  004  000  000 
 002  003  003  002  006  008  015  049  032  002  002  020  023  009  006  006 
 002  004  007  010  013  014  011  044  030  000  002  026  033  018  014  023 
 000  002  006  013  016  014  006  036  028  000  004  033  036  011  003  024 
 000  000  004  011  017  016  004  026  031  002  002  030  032  014  010  019 
 000  000  000  000  006  010  004  018  038  008  000  018  029  022  018  022 
 000  000  000  000  000  000  002  010  042  014  000  004  030  032  022  022 
 000  000  000  000  000  000  004  007  040  016  000  000  030  034  023  024 
 000  000  000  000  000  000  006  003  036  025  013  016  036  030  018  022 
 000  000  000  000  000  002  004  000  038  042  021  025  039  042  029  017 
 000  000  000  000  000  000  002  000  038  051  017  017  033  047  034  019 
 000  000  000  002  004  004  003  000  033  060  021  007  027  043  024  012 
 000  000  000  000  006  012  009  000  024  066  034  000  013  030  012  000 
 000  000  000  000  011  010  010  004  012  070  044  000  004  028  018  004 

Celda41

 008  014  013  006  004  016  018  010  010  013  017  021  011  001  000  000 
 008  018  011  003  003  019  017  008  013  017  017  012  006  002  000  000 
 010  017  002  000  003  018  017  008  010  013  012  008  005  004  002  000 
 022  020  008  005  007  018  016  000  000  000  000  010  012  010  008  008 
 036  022  014  012  009  012  013  000  000  000  008  009  012  012  013  016 
 031  014  010  008  004  004  006  000  000  000  018  008  003  008  012  014 
 017  006  008  008  007  004  000  000  000  012  025  007  001  002  003  004 
 021  007  009  012  012  008  000  000  000  019  020  004  001  000  000  000 
 026  013  006  008  008  005  000  000  000  015  013  002  000  000  000  002 
 030  017  000  000  002  002  000  000  009  011  008  002  000  000  000  003 
 028  018  000  000  000  000  000  005  022  012  002  000  000  000  008  004 
 016  016  008  004  000  000  000  017  027  014  008  000  000  003  011  005 
 008  013  012  004  000  000  002  015  014  000  002  000  000  008  003  000 
 012  029  027  007  000  000  002  005  006  001  000  000  000  008  000  000 
 010  033  018  001  000  000  004  001  000  000  000  000  000  001  000  000 
 015  023  000  000  000  003  004  000  003  005  002  000  000  000  000  000 

Celda42

 000  000  010  020  014  008  040  026  000  000  026  044  038  028  013  002 
 000  000  012  024  023  011  029  024  001  000  021  044  043  032  012  000 
 000  006  014  019  022  018  020  024  012  008  015  036  042  032  013  000 
 012  012  010  010  016  017  009  025  018  005  007  026  038  030  012  002 
 016  011  005  007  014  016  012  020  012  000  004  021  032  024  009  008 
 014  010  010  012  014  013  006  003  000  000  013  024  026  016  005  012 
 009  016  022  019  012  008  004  000  000  000  021  028  022  009  004  018 
 006  016  021  020  016  016  012  004  000  000  021  030  023  008  006  028 
 000  001  004  012  020  024  018  006  001  000  016  032  026  010  012  042 
 000  000  000  002  010  016  020  014  007  010  027  041  032  015  018  040 
 002  000  001  003  006  012  024  028  020  016  037  051  042  023  020  032 
 007  010  008  004  004  010  020  027  022  016  042  054  041  017  011  023 
 000  000  000  000  000  000  007  016  016  010  037  043  021  002  000  018 
 000  000  000  000  000  000  002  010  011  003  026  032  009  000  000  018 
 002  002  000  000  004  007  008  010  008  002  016  027  008  000  004  021 
 002  004  000  008  016  017  012  008  010  010  009  018  005  002  014  024 

Celda43

 004  006  006  002  002  000  000  002  010  014  009  000  000  008  014  020 
 000  011  016  002  000  006  008  004  002  008  010  006  000  004  005  009 
 000  012  019  010  000  002  006  011  011  004  006  012  002  000  000  000 
 004  012  016  012  000  000  002  007  010  010  004  008  001  000  000  001 
 014  016  014  008  000  000  006  006  000  004  008  004  000  000  000  008 
 022  022  016  006  000  000  004  006  006  006  007  012  006  000  000  016 
 028  026  020  008  001  000  000  003  012  016  011  006  007  003  000  018 
 039  034  028  014  004  003  000  002  020  026  014  000  001  008  010  014 
 048  038  025  007  001  004  008  015  031  032  015  004  002  010  020  020 
 043  030  012  000  001  004  012  024  031  027  009  004  006  014  025  027 
 038  026  006  000  003  004  013  024  023  015  003  001  007  014  020  018 
 029  024  012  002  004  008  012  014  010  002  000  000  006  009  007  004 
 021  017  016  010  006  008  011  014  009  000  000  000  001  000  000  000 
 021  016  021  018  008  004  008  012  008  000  000  004  000  000  000  000 
 026  026  026  016  004  002  006  008  004  000  000  006  006  000  002  004 
 026  026  021  011  003  002  004  006  000  000  000  007  012  004  001  006 

Celda44

 023  024  026  022  007  000  020  030  036  033  014  000  002  002  000  000 
 016  024  032  032  026  016  009  022  038  045  024  008  004  000  000  000 
 008  020  028  032  036  038  028  013  031  053  038  018  020  022  022  018 
 008  013  016  022  032  041  038  022  027  050  046  020  013  022  022  022 
 014  010  000  003  014  025  029  026  025  035  038  029  012  000  003  010 
 018  010  000  000  000  008  016  020  018  024  018  022  020  011  007  006 
 024  006  000  001  012  000  006  010  010  017  002  002  015  023  020  014 
 022  004  000  000  017  012  000  004  002  005  000  002  002  020  025  018 
 009  003  000  000  009  018  000  006  005  000  004  007  016  007  014  016 
 014  000  006  000  000  016  010  002  006  000  009  021  014  011  000  004 
 012  002  004  007  005  012  010  000  000  000  012  024  009  004  000  000 
 005  006  000  014  010  007  004  000  000  000  012  020  008  000  000  000 
 004  011  012  015  012  005  000  000  000  004  018  011  004  000  006  015 
 006  016  022  018  014  009  004  006  008  018  024  009  002  004  018  031 
 011  020  024  024  018  014  009  010  009  013  019  015  020  025  027  032 
 013  016  022  022  019  012  006  006  012  013  024  024  025  025  020  018 

Celda45

 000  000  012  020  008  002  001  014  009  000  000  000  003  010  005  001 
 003  004  011  016  010  000  000  008  009  000  000  000  004  008  005  008 
 010  000  004  009  007  000  000  008  012  006  000  000  004  006  007  011 
 020  014  004  000  000  003  004  007  010  006  000  000  006  007  008  012 
 018  023  021  014  007  012  008  000  000  001  000  004  010  010  010  012 
 008  015  020  020  018  023  015  010  000  000  000  002  010  014  012  008 
 010  000  003  006  008  019  012  012  018  024  025  020  017  016  008  002 
 013  006  000  000  002  015  005  008  020  035  041  042  036  034  030  022 
 013  010  000  000  012  009  000  000  016  028  031  031  030  032  033  028 
 013  010  000  001  016  009  000  012  018  018  014  006  010  017  011  006 
 009  011  002  005  017  013  012  022  019  016  014  000  000  005  000  000 
 000  006  008  014  019  018  034  046  028  014  010  002  003  002  000  000 
 012  000  008  022  026  028  048  046  021  010  006  005  010  003  002  008 
 036  029  010  010  028  043  045  030  008  000  000  005  010  000  000  017 
 036  034  026  004  016  051  050  028  010  000  000  006  012  001  000  013 
 018  020  024  024  013  035  044  030  016  004  000  008  011  004  003  010 

Celda46

 003  001  000  003  006  009  022  013  009  005  004  012  019  019  015  010 
 005  000  000  003  007  010  017  004  005  009  009  016  018  014  008  003 
 004  000  000  006  002  005  005  000  000  008  012  013  011  006  000  000 
 005  000  000  010  006  000  000  000  000  000  002  000  004  004  000  000 
 006  000  002  014  006  000  000  000  000  000  000  000  000  002  002  000 
 004  002  009  010  000  000  000  000  000  000  000  000  000  003  007  013 
 000  004  010  000  000  004  011  002  000  000  000  006  015  026  032  032 
 016  006  001  000  000  012  018  006  000  000  008  021  034  036  025  013 
 028  028  026  024  023  022  015  002  000  004  018  027  031  018  006  000 
 012  024  031  038  046  042  024  005  000  005  026  030  020  004  000  000 
 008  017  018  027  032  036  032  030  026  014  015  020  020  014  000  000 
 021  017  006  014  010  008  014  027  041  044  028  000  010  018  004  000 
 035  017  002  004  002  000  000  000  009  024  034  033  022  003  000  000 
 035  010  002  000  000  000  000  000  000  002  004  020  025  023  018  013 
 019  000  000  000  001  000  000  000  000  012  006  000  000  001  012  024 
 010  000  000  000  006  000  000  000  000  012  008  000  000  000  000  006 

Celda47

 014  022  026  024  028  021  020  012  000  011  017  012  014  039  051  000 
 003  012  018  016  011  006  012  018  022  020  016  004  004  034  060  000 
 000  000  004  002  000  002  000  011  023  030  028  020  008  022  062  000 
 000  000  000  000  000  002  000  000  006  004  004  008  013  028  066  006 
 000  000  000  002  010  006  000  003  004  000  000  005  016  037  070  018 
 014  016  018  024  018  014  010  013  011  010  013  021  019  031  055  010 
 024  024  021  019  010  009  011  016  017  016  014  014  006  012  039  000 
 003  004  006  004  001  000  000  002  005  001  003  002  000  010  040  002 
 000  000  002  002  000  000  000  000  006  007  002  002  004  020  049  008 
 000  000  000  000  000  000  000  000  007  011  005  002  002  024  047  007 
 000  000  000  000  000  000  004  004  003  008  003  003  004  021  041  000 
 000  000  003  004  004  004  008  006  000  002  000  000  002  028  050  000 
 000  000  006  012  016  016  002  002  003  002  000  000  000  035  062  000 
 005  000  004  016  022  020  006  000  002  006  004  000  000  036  066  000 
 028  022  011  011  017  014  008  003  000  000  000  004  010  036  062  000 
 014  022  024  019  009  000  002  004  001  002  002  000  000  024  059  000 

Celda48

 000  000  000  000  019  000  005  014  011  064  050  000  000  022  025  018 
 000  000  000  004  023  000  004  018  020  055  058  023  018  015  029  026 
 000  000  000  014  030  008  010  020  022  047  072  042  022  012  030  031 
 002  004  004  015  032  011  016  019  022  042  067  031  006  008  026  034 
 004  006  006  008  035  016  018  018  018  030  042  026  000  006  020  034 
 005  009  010  001  044  028  018  016  012  009  026  024  007  006  015  029 
 005  010  014  004  047  030  009  013  007  000  020  028  016  003  009  024 
 004  008  010  000  040  038  000  000  000  000  024  035  020  011  012  020 
 003  006  008  000  026  041  008  000  000  000  030  044  035  031  025  017 
 002  005  008  000  010  041  012  000  000  008  041  053  048  040  023  012 
 000  002  008  009  000  036  018  004  024  031  040  047  040  023  002  000 
 000  001  010  019  012  026  028  036  038  033  015  032  034  022  002  000 
 000  000  010  024  020  012  040  056  029  018  005  024  030  020  003  000 
 000  000  006  020  016  000  048  056  012  008  004  017  028  019  004  000 
 000  000  002  008  010  003  049  056  014  004  002  005  030  020  008  000 
 000  000  000  001  012  012  039  052  024  002  002  000  031  021  013  010 

Celda49

 021  012  000  000  000  004  004  000  001  002  005  010  014  014  010  004 
 021  007  000  004  008  016  018  012  005  000  002  011  015  012  009  010 
 020  011  009  014  013  017  013  008  005  002  010  006  001  000  002  012 
 021  015  013  013  013  005  000  000  000  002  009  000  000  000  001  018 
 020  012  010  005  007  004  002  002  001  000  002  000  000  004  009  021 
 023  012  007  000  006  012  016  015  008  002  000  000  003  010  012  018 
 026  016  006  000  005  012  012  008  008  010  008  004  006  009  012  012 
 026  017  003  000  000  000  000  000  006  010  009  004  007  015  014  009 
 018  016  002  000  002  000  000  000  002  002  001  002  009  019  009  003 
 000  010  006  004  007  000  000  000  000  000  000  000  007  012  001  000 
 000  000  012  014  016  002  000  000  000  000  000  002  006  006  000  000 
 000  000  014  022  023  007  000  000  000  000  000  006  006  000  000  000 
 000  000  006  024  030  014  000  000  000  000  005  020  014  009  008  008 
 010  013  004  018  035  022  000  000  000  002  012  023  012  009  007  008 
 006  014  016  012  031  026  000  000  004  004  010  016  002  002  001  006 
 004  010  018  013  013  026  010  000  002  001  004  010  002  000  000  004 

Celda50

 004  008  010  017  025  024  014  010  012  011  007  015  000  006  018  018 
 013  013  016  030  034  025  018  012  010  008  004  012  002  008  018  012 
 022  019  020  033  032  018  016  012  010  010  008  014  004  011  022  018 
 028  024  018  024  025  006  008  007  010  012  008  007  000  007  024  027 
 026  016  014  013  020  000  000  000  004  007  002  000  000  012  037  039 
 016  000  000  001  014  000  000  000  004  008  005  000  004  023  050  044 
 006  000  000  002  014  000  006  012  016  018  013  006  010  028  044  035 
 000  000  000  006  018  005  008  010  013  014  012  006  004  022  038  034 
 000  000  000  015  022  000  000  000  000  000  003  000  000  022  039  034 
 000  000  000  013  016  000  000  000  000  000  000  000  000  022  040  032 
 000  000  000  009  016  006  004  008  006  004  006  004  000  021  038  033 
 000  002  002  004  018  015  006  010  012  010  006  000  000  018  039  036 
 008  010  013  015  025  017  000  002  006  004  000  000  000  018  043  041 
 012  015  014  010  012  006  000  000  004  003  000  000  000  012  042  044 
 009  011  010  006  001  002  000  004  008  009  011  014  008  000  033  046 
 005  002  008  010  007  007  010  010  014  018  023  026  018  004  026  048 

Celda51

 022  030  022  012  006  007  009  006  002  004  002  002  012  010  002  001 
 016  032  030  014  006  009  009  007  011  012  009  004  015  017  004  000 
 016  024  028  016  012  010  004  004  006  000  000  006  026  026  010  004 
 019  019  020  014  014  010  004  004  004  000  000  010  027  018  005  008 
 018  011  014  013  014  010  002  001  000  000  007  020  021  007  000  002 
 020  018  006  008  016  015  005  002  000  001  008  022  019  003  000  000 
 020  020  016  000  016  026  015  010  012  010  006  011  020  008  000  001 
 018  006  012  011  014  036  035  018  016  011  006  003  016  014  002  004 
 022  010  005  018  027  045  035  010  007  006  006  010  024  022  013  006 
 020  014  007  018  029  033  018  004  000  004  012  021  031  026  015  006 
 019  014  016  015  019  019  009  000  000  005  011  017  023  018  008  003 
 018  008  018  021  013  011  008  002  000  012  007  004  010  010  000  000 
 012  000  016  028  022  015  000  000  000  012  014  002  001  007  004  000 
 009  000  015  034  026  018  008  000  006  011  014  002  000  000  010  010 
 012  000  013  038  030  020  017  009  015  018  012  000  000  000  005  012 
 016  000  008  036  030  024  026  019  011  009  006  000  000  004  004  000 

Celda52

 006  010  012  014  014  012  006  003  011  024  036  030  016  010  006  004 
 006  012  002  000  002  005  003  000  012  030  030  019  007  006  004  004 
 004  010  002  000  000  000  000  000  018  024  006  000  003  008  010  008 
 012  011  000  000  000  000  000  000  015  020  006  004  011  005  004  004 
 009  009  006  001  000  008  012  008  004  006  002  010  020  011  000  000 
 006  004  002  005  012  028  026  016  006  002  000  006  021  014  000  000 
 007  002  000  000  009  020  012  013  008  006  010  006  011  015  000  000 
 000  000  000  000  008  008  000  000  003  001  000  001  000  012  007  000 
 000  000  000  009  005  000  000  000  000  000  000  000  000  002  010  006 
 002  003  012  012  000  000  002  001  000  000  002  000  000  000  000  006 
 004  009  009  000  000  004  005  010  007  001  000  000  000  000  000  000 
 002  006  002  000  000  010  010  006  010  005  000  000  000  000  000  000 
 003  004  001  002  006  017  010  000  004  006  002  000  000  000  000  005 
 000  002  001  003  007  011  002  000  000  000  002  002  002  000  002  009 
 004  000  000  000  001  005  001  000  000  000  000  008  009  006  008  011 
 000  000  000  002  002  008  008  004  000  000  000  008  014  014  016  014 

Celda53

 006  010  018  032  038  025  022  028  024  010  006  012  008  002  004  006 
 007  014  022  036  047  046  028  008  018  016  012  010  003  004  009  008 
 010  018  026  026  026  032  034  018  000  012  018  012  006  013  018  010 
 002  006  010  008  000  002  012  014  000  000  018  022  020  022  019  007 
 000  004  000  000  000  000  000  002  001  000  010  028  032  026  014  008 
 004  008  000  000  000  000  000  000  004  014  019  015  022  025  020  016 
 011  015  007  009  002  000  000  000  010  020  025  018  003  018  031  025 
 012  020  008  011  012  004  000  001  013  020  025  024  021  010  026  027 
 012  020  011  000  000  010  015  014  016  020  021  018  022  020  006  014 
 015  023  013  000  000  000  010  011  011  012  012  013  020  026  019  000 
 017  024  013  000  000  000  000  000  001  001  004  013  018  022  024  022 
 012  021  010  002  005  007  000  000  000  000  004  012  016  014  018  022 
 000  012  012  007  008  010  005  000  000  000  004  017  013  002  006  009 
 008  000  017  016  006  001  006  006  000  000  004  018  012  000  000  000 
 017  019  031  033  012  008  000  006  004  001  007  013  007  000  000  000 
 018  024  035  034  013  014  017  012  002  004  008  006  004  000  000  000 

Celda54

 004  000  000  002  008  000  000  000  000  009  005  000  000  005  004  000 
 002  000  000  000  004  001  000  000  000  008  007  000  000  004  006  004 
 000  000  000  000  000  002  000  000  000  008  009  000  002  013  019  015 
 000  000  000  000  000  000  000  000  002  010  008  000  002  012  008  002 
 000  000  000  000  000  000  000  000  004  010  003  000  008  012  002  000 
 000  000  000  002  000  000  001  004  012  006  000  000  009  007  002  006 
 000  000  000  010  003  006  009  010  009  000  000  001  004  000  006  012 
 000  000  001  014  012  007  004  001  000  000  000  003  000  000  004  012 
 002  000  003  010  014  008  000  000  000  000  000  002  000  000  000  008 
 002  007  008  009  012  005  000  000  003  004  005  004  003  002  000  006 
 016  003  007  012  010  000  000  000  007  011  007  002  006  009  008  006 
 026  023  011  006  010  002  000  000  004  008  010  010  004  000  000  000 
 013  020  022  010  004  006  001  000  000  002  010  015  009  000  000  000 
 000  003  011  012  002  003  004  000  000  000  008  015  011  000  000  001 
 000  003  000  000  002  000  002  003  000  000  002  011  014  004  000  000 
 000  001  000  000  003  010  006  006  006  008  008  005  012  008  000  000 

Celda55

 002  012  019  018  011  000  000  000  000  002  007  004  000  024  061  000 
 008  012  012  006  002  000  000  000  000  007  015  011  002  024  063  000 
 013  010  004  000  000  001  005  006  006  015  023  019  014  036  074  011 
 004  000  000  002  006  008  006  000  000  008  012  008  000  024  064  003 
 007  000  000  008  012  011  005  000  000  004  006  008  003  030  064  000 
 009  000  000  010  012  010  009  012  014  008  000  004  008  037  069  002 
 010  004  007  010  013  014  014  014  010  002  002  018  026  050  075  005 
 014  012  008  003  000  002  000  000  000  000  007  031  026  041  066  001 
 020  016  002  000  000  000  000  000  000  007  021  029  012  029  063  004 
 022  014  000  000  000  000  000  000  010  017  022  021  010  035  069  010 
 016  008  000  000  000  000  000  002  017  021  021  020  016  041  068  010 
 009  006  000  000  002  000  000  005  015  025  027  022  017  040  063  008 
 008  007  004  005  008  008  008  011  030  041  033  023  023  046  064  012 
 009  010  009  006  006  008  012  030  050  048  030  024  030  049  062  017 
 008  012  010  006  000  002  017  042  049  037  026  027  027  037  050  014 
 006  010  006  008  008  008  025  038  033  021  019  021  015  024  040  009 

Celda56

 000  000  000  002  016  018  023  051  034  006  014  014  036  023  015  015 
 000  000  002  006  012  012  007  050  042  008  022  022  032  023  013  014 
 000  000  003  008  008  003  000  046  050  018  016  014  010  018  009  010 
 000  000  000  000  002  000  000  046  057  027  006  000  000  022  013  006 
 000  000  000  000  000  000  000  047  061  028  000  000  000  028  017  003 
 001  002  000  000  000  000  000  046  060  026  000  002  010  034  018  000 
 002  004  002  000  000  000  000  040  053  024  000  008  016  022  012  000 
 001  001  000  000  000  004  000  030  049  026  007  000  000  004  014  002 
 000  000  000  000  006  011  000  020  052  032  014  000  000  000  024  012 
 000  000  000  000  000  005  002  008  056  042  022  008  006  000  030  019 
 000  000  000  000  000  000  006  000  051  052  028  002  012  016  029  018 
 000  000  000  000  000  002  010  004  039  055  034  001  000  004  009  016 
 000  000  000  000  001  005  008  002  028  054  034  006  000  000  000  020 
 000  002  007  014  019  022  029  034  051  071  047  018  012  013  014  037 
 005  012  026  034  038  040  052  066  081  095  072  046  044  050  052  068 
 000  000  000  000  002  000  000  000  009  030  020  002  000  000  000  016 

Celda57

 002  004  008  008  000  019  024  008  000  000  001  002  002  000  000  000 
 000  000  000  002  000  004  029  020  007  004  000  000  000  004  003  000 
 001  000  000  002  005  000  024  030  014  004  000  000  000  004  009  006 
 002  000  000  004  010  010  010  031  019  006  000  003  004  005  014  013 
 004  002  000  003  011  014  004  025  027  013  009  007  009  009  012  007 
 006  006  002  004  008  014  012  014  031  019  006  000  002  004  000  001 
 006  012  002  001  000  009  018  010  023  022  010  002  000  000  000  002 
 008  014  000  000  000  000  010  015  018  020  012  002  000  000  000  009 
 007  010  000  000  000  002  004  015  014  011  008  002  000  001  004  008 
 005  005  000  000  000  010  017  013  009  000  002  004  004  005  004  002 
 006  008  004  002  005  021  017  003  000  000  000  006  011  013  001  000 
 014  015  004  002  006  010  006  000  000  000  000  011  021  017  004  000 
 024  016  002  001  001  004  002  000  000  000  000  011  020  008  000  000 
 043  034  018  021  020  020  022  022  018  017  014  020  028  014  008  016 
 068  054  037  040  043  045  046  040  037  039  044  049  053  038  034  040 
 024  016  002  000  000  001  003  000  000  000  000  004  012  004  000  000 

Celda58

 005  004  000  004  008  010  013  010  014  022  026  026  021  017  034  053 
 002  002  000  000  000  006  003  002  003  011  016  016  017  019  033  052 
 004  000  000  006  010  000  000  002  000  000  001  005  008  011  027  048 
 004  002  000  005  016  002  000  000  000  000  000  000  002  002  019  032 
 003  000  002  000  016  008  000  000  000  000  000  000  002  000  010  024 
 006  000  004  003  009  010  000  000  000  000  000  000  003  000  000  018 
 013  005  002  003  004  006  000  000  000  000  000  000  000  000  000  014 
 013  000  000  000  000  000  000  000  000  000  000  000  000  000  000  013 
 004  000  000  000  000  000  000  000  000  000  000  000  000  004  007  015 
 000  000  000  000  000  000  000  000  004  007  000  000  000  003  009  018 
 000  000  004  000  000  000  000  000  006  011  000  000  000  001  004  007 
 000  003  003  000  000  000  000  000  005  007  000  000  000  002  002  000 
 001  008  003  002  003  002  000  000  000  000  000  000  000  000  000  000 
 023  023  018  020  025  028  028  028  026  026  026  026  029  034  038  042 
 045  041  039  040  045  051  055  056  058  060  063  065  072  084  094  098 
 002  000  000  000  000  000  000  000  000  000  000  000  000  000  000  000 

Celda59

 027  011  015  038  024  022  030  022  010  002  000  000  000  014  002  000 
 037  016  013  034  025  019  028  019  005  004  002  004  007  010  009  000 
 033  004  000  026  029  029  032  017  000  003  011  008  013  004  006  000 
 017  000  000  027  040  033  031  021  010  009  017  018  013  012  000  002 
 012  000  000  028  044  034  022  017  012  014  024  025  012  012  008  000 
 012  000  004  030  039  034  030  018  005  011  023  022  010  010  014  012 
 011  000  012  033  033  026  031  027  012  010  014  008  000  002  004  006 
 012  007  021  033  026  018  026  030  022  015  014  010  000  000  000  004 
 016  016  021  024  019  015  023  032  030  018  010  010  000  000  004  010 
 013  009  014  018  016  018  028  034  028  017  009  009  002  000  006  010 
 000  000  014  020  017  024  038  033  017  010  012  014  009  000  000  000 
 000  000  018  028  022  030  046  031  004  002  016  025  018  000  000  000 
 000  000  022  030  027  036  050  034  009  011  027  031  017  000  000  000 
 048  051  062  064  067  077  081  062  041  044  052  039  015  006  016  027 
 104  106  110  115  119  116  104  083  065  063  059  044  035  038  045  048 
 000  000  004  017  028  030  028  023  015  013  006  000  000  006  008  006 

Celda60

 000  000  010  007  006  014  012  006  000  000  004  002  010  018  018  014 
 008  014  021  002  005  018  006  000  000  001  001  008  011  018  018  012 
 006  026  017  000  000  020  006  000  000  000  005  015  019  008  008  004 
 010  014  000  000  000  014  004  000  000  005  012  013  008  000  000  000 
 015  014  000  000  000  008  009  000  009  018  007  000  000  000  000  000 
 008  010  000  002  004  000  013  012  017  014  000  000  000  000  001  002 
 004  004  000  002  011  012  007  015  016  008  000  000  000  000  000  000 
 010  007  000  000  002  011  006  006  016  012  000  000  000  000  000  000 
 013  010  004  000  000  000  001  000  010  010  000  000  000  000  000  000 
 006  005  008  008  000  000  000  000  000  000  000  002  001  000  000  000 
 000  000  005  010  008  000  000  001  000  000  000  010  004  000  000  000 
 000  000  000  004  008  008  004  000  000  000  000  009  000  000  000  004 
 000  000  000  000  000  000  002  000  000  000  000  000  000  000  008  007 
 028  024  018  010  010  018  027  034  038  040  038  032  028  038  054  040 
 046  045  044  044  045  050  057  062  064  066  073  078  081  092  094  074 
 003  000  000  000  000  004  002  000  000  000  000  000  000  010  013  000 

Celda61

 012  012  025  028  014  012  012  012  008  000  002  001  005  004  000  000 
 006  001  013  016  006  005  002  002  004  000  000  000  009  004  000  008 
 004  004  008  014  002  000  002  004  003  000  000  000  012  008  006  017 
 006  010  002  004  006  002  003  007  004  000  000  000  014  015  017  019 
 001  006  002  000  005  010  014  003  000  000  000  000  018  018  014  014 
 004  000  000  000  000  010  015  006  000  000  000  000  017  016  016  020 
 006  000  000  000  000  006  008  004  000  000  006  002  009  016  020  023 
 004  001  000  000  000  000  002  004  000  000  005  004  000  012  022  022 
 000  000  000  000  000  000  003  006  004  002  002  000  000  006  020  022 
 000  000  000  000  008  014  013  013  005  000  000  000  000  004  019  022 
 000  000  000  004  012  007  000  000  000  000  000  000  003  010  022  025 
 004  001  000  000  002  000  000  000  002  000  000  006  013  013  016  024 
 001  000  000  000  000  000  000  004  010  002  002  007  008  006  007  024 
 031  028  024  023  028  030  034  048  050  039  037  040  038  037  046  059 
 072  074  078  082  089  086  092  099  089  077  076  076  076  078  088  090 
 000  000  000  000  006  001  005  011  004  000  002  000  000  000  009  010 

Celda62

 002  002  000  003  014  022  021  011  005  008  012  016  011  003  000  000 
 008  008  012  024  019  016  018  016  006  009  016  019  019  010  000  000 
 011  002  006  013  005  004  009  015  016  009  016  013  008  010  007  005 
 008  000  000  005  006  003  008  014  021  021  017  008  000  000  010  025 
 008  002  000  003  011  006  003  010  018  024  018  003  000  002  023  035 
 013  006  007  002  008  010  004  006  006  006  008  012  016  018  019  017 
 014  000  000  000  004  008  006  007  004  000  000  016  026  020  004  013 
 012  002  000  000  002  004  005  004  002  003  010  019  014  016  014  008 
 010  004  004  004  005  008  009  006  005  010  014  011  002  005  016  018 
 014  013  017  014  014  016  013  010  012  014  013  011  012  015  018  024 
 023  022  017  009  007  006  003  004  012  015  015  022  031  030  023  023 
 024  016  007  002  002  004  004  007  015  017  014  019  023  016  008  013 
 022  011  005  000  000  002  004  010  017  015  012  013  011  009  004  007 
 049  041  040  034  032  030  032  039  043  040  036  033  028  021  018  026 
 078  077  077  067  066  064  067  070  071  067  060  055  051  050  045  055 
 005  012  013  000  000  000  004  007  012  012  008  006  001  000  000  014 

Celda63

 006  008  006  013  019  019  021  022  018  010  011  014  008  019  034  003 
 004  013  013  026  028  016  011  014  012  010  012  013  010  022  032  000 
 012  029  030  027  016  008  009  010  008  008  008  009  010  026  038  000 
 036  041  030  016  006  006  010  010  006  002  002  006  011  030  046  000 
 035  030  020  009  002  004  011  010  008  000  000  008  014  032  049  001 
 016  015  012  008  006  004  007  012  010  000  000  012  016  029  046  000 
 012  004  000  002  002  002  003  012  010  000  000  015  015  026  046  000 
 008  006  004  000  002  003  000  008  008  000  004  018  014  025  046  000 
 011  000  007  008  007  010  010  002  005  004  006  014  014  028  046  001 
 028  030  020  010  009  007  008  004  000  008  008  010  012  031  048  000 
 031  038  033  018  004  006  000  002  000  006  011  011  014  035  051  002 
 020  014  016  014  005  002  002  008  016  009  005  015  020  044  060  012 
 009  000  000  005  008  007  016  019  019  021  014  011  026  044  055  008 
 029  020  024  029  033  035  047  043  032  035  043  044  050  063  063  011 
 054  043  046  052  054  054  066  060  052  049  054  060  064  075  070  021 
 013  000  000  000  000  000  012  005  000  000  003  001  001  021  034  000 

