Celda0

 000  000  000  000  000  000  000  000  000  000  000  001  002  001  000  000 
 000  000  000  000  000  000  000  000  000  000  000  002  005  004  000  000 
 000  000  000  000  000  002  000  000  000  000  000  005  012  009  000  000 
 000  000  000  000  006  006  000  000  000  000  000  010  016  012  000  000 
 000  000  000  000  014  009  002  000  000  000  003  018  021  010  000  002 
 000  000  000  002  017  008  000  000  000  000  005  015  015  006  000  001 
 001  002  005  004  012  006  000  000  000  000  002  012  014  009  003  006 
 002  004  008  005  006  005  000  000  000  000  003  008  012  015  010  008 
 002  004  008  006  001  002  000  000  000  004  007  006  010  018  016  008 
 001  002  004  004  003  002  000  001  006  017  016  013  016  023  024  009 
 000  000  000  000  002  006  008  012  018  023  020  019  020  028  030  008 
 000  000  000  000  007  005  006  008  014  017  021  019  016  026  026  004 
 000  000  000  000  014  007  004  000  006  018  027  016  008  014  012  000 
 000  000  002  005  023  014  008  000  010  033  032  012  003  006  010  000 
 000  000  000  004  027  015  009  006  022  042  023  004  000  001  010  004 
 000  000  000  000  022  010  008  011  024  032  011  001  006  006  013  010 

Celda1

 000  002  003  002  000  000  000  000  000  000  002  001  000  000  000  000 
 000  004  008  006  000  000  000  000  000  000  004  002  000  000  000  000 
 000  010  020  012  002  000  000  000  000  000  007  006  001  000  000  002 
 000  014  028  016  006  000  000  000  000  000  007  006  000  000  000  003 
 004  012  030  020  011  004  002  000  002  004  004  005  000  000  000  006 
 002  007  029  022  008  000  000  000  005  008  005  004  000  002  006  020 
 007  014  032  018  003  000  000  000  010  012  011  007  005  007  010  024 
 011  020  028  006  000  000  000  008  014  008  010  010  010  010  009  019 
 012  013  008  000  000  000  009  017  016  009  010  014  016  016  012  012 
 008  000  000  000  002  020  026  021  019  019  019  023  022  018  014  007 
 002  000  000  006  027  039  029  016  020  028  029  024  018  014  014  013 
 000  000  009  027  042  041  020  012  016  026  024  012  008  006  009  016 
 002  008  022  034  040  031  012  008  011  017  010  000  000  002  006  014 
 008  016  024  034  033  018  003  004  006  008  006  000  000  000  007  014 
 007  010  017  031  024  007  000  000  000  002  000  000  000  003  006  011 
 000  000  008  023  015  004  001  002  000  000  000  000  004  010  008  011 

Celda2

 001  001  000  000  001  002  001  000  000  000  000  000  002  000  000  000 
 003  002  000  000  004  006  002  000  000  000  000  001  004  000  000  000 
 007  005  000  000  010  013  004  000  000  000  000  003  010  001  000  000 
 009  004  000  000  015  018  004  000  000  000  000  004  012  003  000  000 
 007  000  000  001  016  018  008  000  000  000  002  011  009  003  000  000 
 013  004  000  000  016  018  011  000  000  006  013  010  002  000  000  000 
 015  013  012  014  030  028  014  002  005  010  010  002  000  000  000  000 
 013  014  022  033  045  031  012  007  013  014  012  008  004  000  000  000 
 008  008  020  035  037  018  012  013  022  019  018  016  011  006  004  000 
 004  008  019  024  015  006  010  018  025  020  017  016  015  014  012  006 
 011  023  030  020  010  010  015  022  023  017  013  014  016  016  014  010 
 023  039  041  023  020  023  028  026  023  015  011  010  011  010  008  006 
 026  040  037  018  016  021  026  024  020  014  008  005  005  004  002  000 
 023  031  021  007  004  008  015  013  009  005  000  000  002  002  000  000 
 020  024  011  002  001  003  012  008  000  000  000  000  000  000  000  000 
 017  019  010  006  006  002  010  008  000  000  000  000  000  000  000  000 

Celda3

 000  000  000  000  000  000  002  004  000  001  007  004  000  001  003  003 
 000  000  000  000  000  000  004  008  000  003  018  012  000  002  007  006 
 000  000  000  000  000  000  008  011  000  008  045  032  002  004  013  011 
 000  000  000  000  000  000  009  002  000  012  068  052  011  009  014  010 
 000  000  000  000  000  000  013  000  000  012  078  062  021  016  016  008 
 000  000  000  000  000  001  027  007  000  010  076  062  024  019  022  012 
 000  000  000  000  002  037  034  008  000  009  076  059  018  015  024  016 
 000  000  000  000  017  062  026  004  000  009  074  058  013  006  019  018 
 000  000  000  000  039  061  020  006  004  014  068  058  014  000  010  019 
 000  000  000  000  051  038  002  000  007  027  072  062  023  005  001  017 
 002  000  000  013  051  010  000  000  000  037  070  060  027  008  006  012 
 001  000  000  031  041  000  000  000  000  051  062  039  019  000  004  006 
 000  000  008  046  026  000  000  000  012  073  054  014  016  007  002  002 
 000  000  026  055  012  000  000  000  046  085  043  007  008  018  006  010 
 000  008  047  044  006  000  000  007  065  078  030  008  000  024  019  019 
 000  006  046  012  000  000  000  023  065  060  017  002  000  026  032  020 

Celda4

 002  001  000  001  001  000  002  002  000  000  001  000  000  000  000  000 
 004  002  000  004  003  000  004  004  000  000  002  001  000  000  000  000 
 006  002  002  009  007  002  008  004  000  000  004  003  002  000  000  000 
 004  000  002  013  010  005  008  003  000  002  004  004  004  000  000  000 
 000  000  000  012  010  005  005  002  000  004  004  002  004  004  001  000 
 000  000  000  010  008  001  000  002  004  005  002  000  003  006  004  000 
 002  000  001  013  012  005  002  000  007  006  000  000  000  002  002  000 
 008  000  007  017  012  002  008  012  019  015  006  000  000  000  000  000 
 012  004  007  016  014  008  002  001  006  004  000  005  006  000  000  000 
 016  007  004  008  010  012  008  004  004  003  001  000  006  011  012  013 
 016  010  004  005  007  008  008  006  004  002  004  002  000  006  009  011 
 014  013  008  010  016  016  012  013  015  009  002  000  000  000  000  003 
 012  015  012  017  023  019  012  011  013  005  004  000  000  000  000  000 
 019  022  022  024  024  014  007  003  007  001  000  000  000  000  000  000 
 021  024  028  022  011  004  000  000  002  002  000  000  000  000  000  002 
 016  023  025  012  000  000  000  000  000  002  000  000  000  000  000  006 

Celda5

 002  002  001  001  000  000  000  000  000  000  000  000  000  001  000  001 
 004  005  002  001  000  000  000  000  000  000  000  000  000  002  001  002 
 008  010  005  000  000  000  000  000  000  000  000  000  001  004  003  002 
 006  012  006  000  000  000  002  000  000  000  004  003  000  003  004  002 
 002  008  004  000  000  000  002  004  000  000  010  006  000  000  004  006 
 000  003  003  000  000  000  002  006  002  002  010  006  000  000  008  014 
 000  002  005  003  000  000  002  008  007  004  006  004  000  004  015  022 
 000  003  008  008  004  000  002  010  010  003  000  002  007  016  021  020 
 000  002  009  009  006  002  004  011  008  000  000  004  013  022  023  016 
 012  010  010  006  005  004  006  008  001  000  001  012  016  020  022  013 
 012  012  012  012  008  001  002  002  000  000  008  021  018  014  015  008 
 001  002  004  008  004  002  000  000  000  000  012  025  020  011  006  001 
 000  000  000  004  002  004  010  010  008  008  009  018  016  010  002  000 
 000  000  000  002  008  011  009  007  007  014  020  016  002  006  004  000 
 003  000  000  000  012  020  006  000  000  007  019  018  014  007  007  002 
 010  003  000  000  009  019  008  000  000  004  008  002  007  012  013  009 

Celda6

 000  000  000  000  000  002  002  000  000  000  000  000  002  003  001  000 
 000  000  000  000  000  004  004  000  000  000  000  000  005  007  002  000 
 002  000  000  000  000  006  008  002  000  000  000  000  010  014  006  000 
 006  002  000  000  000  002  006  002  000  000  000  000  010  013  007  000 
 013  013  009  013  014  012  007  007  004  002  002  002  004  005  004  000 
 020  010  003  009  004  002  000  004  002  004  004  004  004  002  000  000 
 016  001  002  008  000  000  000  006  006  008  010  009  009  010  010  006 
 007  000  002  006  000  000  000  009  009  004  006  009  009  010  014  016 
 002  000  000  004  002  000  000  009  007  000  000  004  007  009  008  012 
 000  000  001  007  008  002  000  006  002  000  000  004  001  004  001  002 
 000  000  004  012  012  006  002  003  000  000  004  005  004  002  000  000 
 000  000  007  012  012  010  006  002  000  000  004  004  006  003  000  000 
 000  006  009  010  010  011  010  003  000  000  002  002  005  002  000  000 
 002  010  011  008  008  010  012  004  000  000  001  000  001  000  000  000 
 000  008  011  008  006  008  010  003  000  000  004  000  000  000  000  000 
 009  011  012  007  003  003  004  000  000  004  008  000  000  000  000  000 

Celda7

 000  000  000  000  000  001  000  000  002  001  000  000  000  003  005  000 
 000  000  000  000  002  002  000  000  004  002  000  000  001  008  014  000 
 000  004  000  000  005  004  000  000  009  004  000  000  004  019  030  000 
 000  009  000  000  006  004  000  000  010  004  000  000  004  026  040  000 
 004  014  004  004  008  003  004  013  021  010  008  006  007  029  043  001 
 008  015  008  002  000  000  003  010  010  000  000  000  004  029  042  000 
 004  013  010  002  000  000  006  014  012  000  000  000  010  036  044  000 
 010  009  008  002  000  000  006  013  011  000  000  000  014  040  048  000 
 012  011  013  002  000  000  004  008  006  000  000  000  012  039  051  000 
 006  009  009  000  000  000  003  002  001  002  000  000  006  038  056  000 
 000  000  000  000  000  000  000  000  004  010  003  000  002  040  058  000 
 000  000  000  000  000  000  000  004  014  012  000  000  005  039  057  000 
 002  000  000  000  000  000  000  010  021  007  000  000  011  037  053  000 
 003  002  000  001  000  000  000  015  020  004  000  007  013  033  050  000 
 006  006  000  000  000  000  003  016  014  004  002  008  012  032  052  000 
 010  008  000  000  000  007  017  017  009  002  000  004  010  034  056  000 

Celda8

 002  004  004  000  022  012  006  011  010  022  016  006  015  016  016  005 
 002  003  002  000  018  022  004  005  000  016  024  015  012  012  008  003 
 000  000  000  000  014  030  014  000  000  016  030  015  002  002  004  004 
 000  000  000  000  013  035  020  000  002  025  029  011  000  002  006  006 
 000  000  000  000  014  034  018  000  006  029  021  004  000  000  000  000 
 000  000  000  000  019  028  012  002  018  024  008  000  000  000  000  000 
 000  000  001  003  017  018  006  006  022  024  006  000  000  000  000  000 
 000  000  000  000  010  012  006  012  020  018  008  000  000  000  000  003 
 000  000  000  000  006  012  012  017  014  009  008  002  000  000  000  002 
 001  002  005  005  004  015  023  021  006  002  006  004  000  000  000  000 
 001  003  008  012  012  020  024  015  001  000  005  006  000  000  000  000 
 001  002  007  013  015  014  014  012  002  000  003  004  000  000  000  000 
 001  002  006  011  014  009  004  010  007  001  001  000  000  000  000  002 
 001  003  006  008  009  006  000  006  008  002  002  000  000  000  000  000 
 001  002  003  002  002  004  006  000  002  000  001  000  000  000  000  000 
 000  000  000  000  000  007  012  009  002  000  000  003  000  000  000  000 

Celda9

 000  000  007  027  018  006  006  006  003  000  000  000  006  016  015  015 
 000  000  004  033  026  008  005  004  007  008  002  000  008  023  019  012 
 002  000  000  037  034  008  000  000  006  008  002  002  016  031  020  005 
 005  002  000  037  039  008  000  002  000  000  000  007  031  037  018  002 
 001  002  000  034  041  008  000  004  002  000  000  025  042  034  010  001 
 000  000  000  030  039  006  000  003  002  000  011  038  035  015  003  000 
 000  000  001  023  034  006  000  000  006  006  026  035  016  000  000  000 
 000  000  001  012  026  009  000  000  011  018  028  022  006  000  000  000 
 002  000  000  002  022  013  000  000  014  024  024  014  005  002  000  000 
 004  002  000  000  022  016  000  004  019  024  020  013  008  000  000  000 
 005  002  000  000  024  018  001  008  020  018  015  013  010  000  000  000 
 007  002  000  000  023  020  006  012  017  012  009  012  012  000  000  002 
 010  002  000  000  024  024  011  012  014  007  004  008  012  000  000  006 
 008  000  000  004  028  028  013  012  012  004  000  004  012  006  000  006 
 002  000  000  011  035  030  012  014  014  001  000  002  012  010  006  006 
 000  001  000  015  040  030  013  016  016  000  000  003  010  010  010  006 

Celda10

 016  017  012  006  010  010  011  005  000  000  000  000  000  000  000  000 
 011  013  011  002  007  012  009  002  000  000  000  000  000  000  000  000 
 006  009  008  006  002  000  002  000  000  000  000  000  000  000  000  000 
 000  004  004  008  010  003  000  000  000  000  000  000  000  000  000  000 
 000  000  004  007  010  006  000  000  000  000  000  000  000  000  000  000 
 000  000  006  004  002  002  000  000  000  000  000  000  000  002  000  000 
 000  000  011  002  000  000  003  004  000  000  000  000  000  000  000  000 
 000  011  020  010  006  003  006  004  000  000  000  000  000  000  000  000 
 004  026  024  012  010  010  006  000  000  000  000  000  000  000  000  000 
 019  032  015  006  008  011  008  000  000  000  000  000  000  000  000  000 
 023  020  000  000  000  002  001  000  000  000  000  000  000  000  000  000 
 017  010  000  000  000  000  000  000  000  000  000  000  000  000  000  000 
 012  005  000  000  000  000  000  000  000  000  000  000  000  000  000  000 
 006  002  000  000  000  000  000  000  000  000  000  000  000  000  000  000 
 002  000  000  000  000  000  000  000  000  000  000  000  000  000  000  000 
 000  000  000  000  000  000  000  000  000  000  000  000  000  000  000  000 

Celda11

 000  012  034  000  000  000  000  036  057  040  010  000  008  038  039  019 
 000  024  034  000  000  000  002  051  050  028  011  012  028  049  039  021 
 000  033  028  000  000  000  034  067  047  033  034  035  040  043  031  018 
 000  045  014  000  000  000  071  080  046  043  048  037  029  026  016  008 
 006  043  000  000  000  018  096  083  042  039  037  019  012  012  005  002 
 000  026  000  000  000  046  099  071  027  016  013  004  002  004  000  000 
 000  014  000  000  000  070  087  048  010  000  006  004  000  000  000  000 
 000  002  000  000  038  085  067  027  005  000  010  008  000  000  001  000 
 000  000  000  012  074  074  041  014  000  004  016  009  000  000  002  000 
 000  000  008  061  078  044  019  008  001  008  016  006  000  000  002  000 
 000  000  049  080  050  013  010  009  004  009  012  006  002  002  000  000 
 000  009  063  055  004  000  011  009  002  004  010  009  005  008  004  000 
 000  019  052  030  000  005  018  006  000  006  015  015  008  008  008  004 
 000  027  042  018  000  013  022  008  004  017  024  018  010  008  008  008 
 002  022  035  016  000  012  024  013  011  024  022  012  008  007  008  008 
 009  020  038  024  006  005  022  016  016  020  011  004  005  000  004  003 

Celda12

 019  023  013  004  000  000  000  000  002  004  000  000  000  000  004  018 
 023  015  002  001  002  003  001  000  004  004  000  000  000  008  021  029 
 017  004  000  000  004  000  000  000  000  002  000  000  000  012  023  014 
 007  002  000  000  000  002  000  000  000  000  002  002  007  013  004  000 
 001  002  000  003  000  002  004  000  000  000  008  012  011  000  000  000 
 000  003  000  006  009  006  004  000  000  000  011  019  006  000  000  000 
 000  000  004  000  006  006  001  000  000  002  007  017  006  000  000  004 
 000  000  004  004  000  000  000  000  000  000  002  010  004  000  000  006 
 000  000  005  004  000  000  000  000  000  000  000  000  000  000  000  008 
 000  000  007  001  000  000  000  000  000  000  000  000  000  000  000  009 
 000  000  007  000  000  000  000  000  000  000  001  003  002  002  004  011 
 000  000  005  000  000  000  000  000  002  006  006  009  008  007  013  016 
 002  005  010  004  001  000  000  004  006  004  000  003  008  011  020  018 
 006  008  014  009  008  005  003  004  002  000  000  000  010  017  020  014 
 006  007  013  006  010  010  006  002  000  000  000  012  017  014  009  008 
 002  003  008  002  002  006  004  000  002  007  011  022  020  008  005  007 

Celda13

 020  011  006  004  004  012  006  000  005  004  001  004  003  004  008  004 
 020  008  002  000  003  006  002  007  014  007  000  000  013  012  008  006 
 004  000  000  000  002  003  004  013  013  002  000  000  012  024  006  005 
 000  000  000  000  000  002  008  013  006  000  000  000  001  026  018  000 
 000  000  000  000  000  002  010  009  000  000  000  000  000  016  022  000 
 002  000  000  000  000  002  006  002  000  000  004  000  000  001  014  001 
 006  000  000  000  000  002  002  000  000  000  011  004  000  000  000  000 
 010  002  000  000  000  002  002  000  000  000  014  011  000  000  000  000 
 016  008  004  004  001  000  002  000  000  000  008  011  002  000  000  000 
 018  010  000  000  000  000  000  000  000  000  000  008  004  000  000  000 
 014  008  000  000  000  000  000  000  000  000  000  006  002  000  000  000 
 010  002  000  000  000  000  000  000  000  000  006  007  000  000  001  003 
 009  004  000  000  000  000  000  006  007  007  010  006  001  000  003  000 
 008  008  004  000  002  008  017  021  017  014  008  003  000  000  002  000 
 008  012  013  013  014  018  023  021  014  013  008  001  000  000  000  005 
 012  012  016  018  018  014  014  010  008  009  007  000  000  000  000  008 

Celda14

 002  004  007  008  004  000  000  000  000  010  009  000  000  000  000  001 
 000  000  006  010  003  000  000  005  014  017  003  000  000  000  000  003 
 000  000  004  012  006  000  000  005  012  003  000  000  000  000  005  012 
 000  000  000  010  006  004  006  008  000  000  000  000  000  001  018  015 
 000  000  000  006  003  002  008  008  000  000  000  000  000  008  012  000 
 000  000  002  004  000  000  006  004  000  000  000  000  006  016  012  000 
 000  004  010  006  000  000  006  002  002  002  000  000  009  016  009  002 
 008  016  015  002  000  000  006  002  002  000  000  000  003  011  008  008 
 011  024  017  000  000  000  008  003  000  000  000  000  000  006  008  009 
 006  022  021  003  000  000  009  002  000  000  000  000  000  004  008  006 
 000  014  022  008  000  000  007  000  000  000  002  000  000  004  008  003 
 002  005  016  008  000  000  005  001  000  005  013  002  000  004  010  004 
 002  002  006  000  000  000  008  005  009  015  006  000  000  000  009  008 
 000  000  000  000  000  013  024  014  010  007  000  002  005  002  006  010 
 004  000  000  000  017  040  032  012  001  004  004  001  002  002  005  007 
 007  000  000  007  035  040  018  006  002  000  006  002  000  000  004  005 

Celda15

 012  008  000  000  004  023  018  008  005  000  000  002  012  038  062  000 
 011  006  000  004  026  025  004  001  001  000  000  002  012  042  067  000 
 009  003  006  025  028  010  000  000  000  000  001  010  009  039  069  000 
 006  000  015  023  008  000  000  003  000  005  013  010  006  037  068  000 
 000  000  016  012  000  004  004  004  008  002  008  004  001  036  071  004 
 000  004  008  000  000  010  011  002  000  000  000  006  011  044  074  005 
 002  004  000  000  006  009  006  004  000  000  000  002  019  053  075  000 
 008  002  000  004  013  004  000  001  006  000  000  000  018  054  076  000 
 010  002  000  010  013  000  000  000  009  000  000  000  009  046  077  000 
 006  006  008  012  010  000  000  000  008  000  000  001  002  036  076  000 
 000  006  012  011  004  000  000  000  005  000  000  004  002  034  077  000 
 000  003  014  011  001  000  000  000  000  000  000  003  004  038  081  000 
 000  000  011  014  002  000  000  000  000  000  000  000  003  045  087  000 
 000  000  008  014  006  000  002  002  002  002  000  000  001  049  092  000 
 000  000  007  012  010  005  009  008  006  002  000  001  005  055  097  004 
 002  009  012  008  010  012  014  008  006  001  000  002  015  062  100  008 

Celda16

 002  004  005  004  008  008  008  008  009  008  004  004  000  000  000  002 
 003  005  007  006  006  000  000  001  006  010  010  006  000  000  000  004 
 000  000  002  002  000  000  000  000  000  004  006  006  002  000  002  003 
 000  000  001  004  000  000  000  001  002  000  000  002  002  003  004  005 
 001  002  004  005  002  000  000  002  000  000  000  000  000  003  007  006 
 001  002  002  000  000  000  000  003  001  000  000  000  000  000  005  004 
 000  000  000  000  000  000  008  020  016  016  012  003  000  004  000  001 
 000  000  000  000  002  008  019  022  013  012  016  014  008  005  003  006 
 000  000  001  009  016  017  019  010  002  000  004  008  008  009  013  009 
 000  000  002  007  012  015  015  009  003  000  000  000  000  008  014  004 
 000  000  000  000  000  004  008  008  007  004  000  000  000  016  017  006 
 000  000  000  000  000  000  002  000  000  000  000  000  005  028  021  010 
 000  000  000  000  001  000  001  000  000  000  000  000  000  021  009  000 
 000  000  000  000  004  000  000  000  000  000  000  000  004  016  006  000 
 000  000  000  000  006  000  000  000  000  000  000  000  008  014  006  006 
 000  000  000  000  006  000  000  000  000  000  000  000  012  018  015  016 

Celda17

 001  000  000  017  042  030  014  014  013  002  000  006  004  007  012  005 
 001  000  000  020  044  028  011  010  010  006  006  005  000  007  014  001 
 001  000  000  023  044  024  005  004  006  009  012  008  001  008  012  000 
 006  005  002  022  044  021  000  001  004  010  012  009  004  008  008  000 
 008  010  008  017  041  021  000  000  006  011  008  006  006  004  004  002 
 004  006  004  007  036  024  002  002  012  012  005  002  004  002  000  006 
 000  001  000  000  030  028  004  004  016  014  004  000  001  000  000  007 
 008  007  006  000  024  033  006  002  013  013  006  000  000  000  000  006 
 008  010  014  014  019  033  005  000  007  011  008  000  000  004  002  007 
 000  003  014  020  016  026  002  000  002  010  008  000  000  012  012  011 
 002  008  011  020  018  019  000  000  000  010  008  000  000  018  024  016 
 008  012  010  016  016  006  003  005  006  016  013  007  016  036  036  023 
 005  009  010  005  004  000  004  000  002  017  015  012  027  041  036  025 
 007  014  009  000  000  000  006  004  007  020  017  017  028  030  018  008 
 015  016  008  000  000  000  009  012  016  021  017  017  019  010  006  004 
 016  008  002  002  006  008  015  023  019  016  012  012  010  002  001  004 

Celda18

 000  000  000  000  000  000  000  000  000  000  000  000  000  000  000  008 
 000  000  000  000  000  000  000  000  000  000  000  000  000  000  000  018 
 000  000  000  000  000  000  000  000  000  000  000  000  000  000  016  025 
 000  000  000  000  000  002  007  006  002  000  000  000  000  000  041  030 
 000  000  000  002  010  012  013  008  004  000  000  000  000  008  059  022 
 008  000  000  000  004  006  006  002  000  000  000  000  000  016  052  006 
 016  002  000  000  000  000  000  000  000  000  000  000  000  031  037  000 
 018  007  000  000  000  000  000  000  000  000  000  000  000  053  030  000 
 014  010  000  000  000  000  000  000  000  000  000  000  021  070  021  006 
 012  010  003  000  000  000  000  000  000  000  000  002  049  062  014  012 
 012  010  002  000  000  000  000  000  000  000  000  000  045  028  001  014 
 018  014  004  000  000  000  000  000  000  000  000  012  038  016  002  031 
 021  012  004  000  000  000  000  000  000  000  000  022  032  017  030  057 
 003  000  000  000  000  000  000  000  000  000  000  046  042  037  057  062 
 002  000  000  000  000  000  000  000  000  000  026  052  032  033  051  041 
 001  000  000  000  000  000  000  000  000  000  046  045  014  023  041  026 

Celda19

 006  018  049  039  014  011  019  016  014  020  012  004  006  003  000  000 
 000  020  061  049  014  014  013  014  011  016  014  006  006  005  000  000 
 002  032  073  053  010  007  004  019  019  018  017  012  009  007  004  006 
 005  046  082  048  004  001  003  023  024  022  023  017  011  010  006  006 
 008  061  082  029  000  002  010  024  027  027  027  020  014  012  006  004 
 004  069  067  008  000  006  012  018  029  032  026  017  014  010  004  000 
 004  068  046  003  002  014  006  007  026  027  015  006  006  006  002  000 
 018  066  036  006  015  017  006  002  022  028  015  004  003  000  000  000 
 034  068  037  014  017  011  002  002  012  026  020  006  003  000  000  000 
 048  067  032  008  010  008  000  004  008  021  023  010  003  000  002  006 
 056  062  031  013  015  017  017  019  025  036  036  021  010  009  010  012 
 063  064  045  033  033  034  033  030  030  035  030  013  003  002  004  006 
 066  061  043  026  022  022  022  017  014  015  010  000  000  000  000  000 
 049  034  013  001  000  008  009  004  002  002  002  000  000  000  000  000 
 019  016  011  006  008  016  009  002  000  000  002  001  000  000  000  000 
 008  012  017  019  026  020  006  000  000  000  002  001  000  000  000  000 

Celda20

 000  000  003  002  000  000  000  001  008  014  017  023  017  007  007  009 
 000  000  000  000  002  000  000  006  013  012  012  016  011  006  007  007 
 004  002  002  002  003  003  008  015  015  010  008  010  007  004  005  006 
 006  009  014  017  019  019  020  022  017  014  010  007  003  001  002  004 
 006  013  021  024  029  024  019  019  014  015  014  008  000  000  000  002 
 002  014  019  024  027  020  011  003  009  012  016  008  000  000  000  002 
 000  011  013  015  010  000  000  000  014  010  005  002  000  000  001  000 
 000  012  010  010  004  000  000  006  019  004  000  002  010  012  010  008 
 002  012  008  006  000  000  000  026  021  000  000  012  018  017  014  014 
 011  019  013  006  002  006  019  033  012  006  009  014  014  008  004  004 
 017  022  012  004  004  011  019  018  001  004  013  008  004  000  000  000 
 008  011  002  001  004  007  002  004  000  000  007  000  000  000  000  000 
 000  006  003  000  005  001  000  000  003  008  006  000  000  000  000  000 
 000  004  010  008  002  000  000  000  006  012  004  000  000  000  000  000 
 000  005  016  011  001  000  001  003  008  012  000  000  000  000  000  000 
 000  011  020  009  000  000  003  004  001  006  000  000  000  000  000  000 

Celda21

 014  008  010  011  010  008  005  004  004  004  003  000  000  004  006  004 
 009  000  000  002  006  008  008  006  004  004  004  006  008  014  016  010 
 003  000  000  002  007  012  016  016  012  008  008  010  011  012  017  025 
 005  004  002  004  009  017  022  021  016  008  002  003  008  018  028  042 
 002  005  006  008  017  022  017  012  004  000  000  000  022  041  045  040 
 004  000  002  009  015  010  000  000  000  000  000  019  045  046  031  014 
 002  004  004  010  004  000  000  000  000  004  028  042  045  028  008  004 
 004  006  014  009  000  000  000  000  006  044  045  036  033  019  012  014 
 012  011  012  000  000  000  000  006  045  054  033  023  026  021  022  027 
 006  000  000  000  000  000  010  038  056  048  027  020  019  021  027  029 
 000  000  000  000  000  011  034  043  047  039  020  010  007  017  026  020 
 000  000  000  000  021  037  035  030  032  024  003  000  000  017  024  008 
 000  000  001  034  042  033  023  024  026  012  000  000  008  025  020  000 
 000  000  036  044  026  013  014  023  021  006  002  007  018  022  007  000 
 000  033  051  028  005  004  012  018  014  005  006  010  009  006  000  000 
 029  055  044  016  007  010  015  015  012  007  006  002  000  000  000  000 

Celda22

 004  000  004  025  037  023  001  001  003  000  002  002  000  000  005  009 
 006  009  027  042  035  015  003  003  002  002  002  002  000  000  005  010 
 034  042  048  048  034  017  010  007  004  006  010  010  006  000  002  012 
 048  046  046  044  030  015  008  006  006  009  011  008  006  002  000  012 
 028  023  031  031  020  013  009  010  012  012  006  002  005  012  016  013 
 006  004  020  019  010  008  011  016  018  016  011  008  011  020  026  023 
 004  006  022  019  008  008  010  016  019  020  022  022  021  024  020  022 
 018  020  033  026  012  012  015  015  014  017  022  027  028  020  010  008 
 030  031  037  021  010  011  015  012  010  012  013  017  020  016  008  004 
 027  026  018  007  003  007  013  011  012  011  008  009  006  008  011  011 
 014  009  003  000  003  008  014  010  010  010  008  006  005  010  018  020 
 003  000  001  004  008  015  013  008  004  002  004  008  012  015  019  024 
 000  000  006  011  012  012  006  000  000  000  004  014  014  008  010  017 
 000  000  004  009  009  002  000  000  000  002  012  017  009  004  004  011 
 000  002  005  001  000  000  000  000  000  007  010  010  002  003  004  008 
 001  006  006  000  000  000  000  000  002  011  008  006  002  000  000  004 

Celda23

 013  018  015  010  009  014  012  001  000  000  000  007  022  062  096  008 
 012  011  008  008  007  009  012  000  000  000  000  012  020  053  085  001 
 014  006  004  006  007  009  005  000  000  000  000  014  018  050  083  000 
 015  008  005  010  010  007  004  000  000  002  006  011  011  047  086  000 
 012  012  011  012  008  002  003  007  012  016  018  018  009  040  086  000 
 012  013  014  009  003  006  006  014  023  027  026  025  022  045  084  000 
 020  019  022  010  003  011  018  022  028  028  026  023  024  046  087  013 
 016  028  031  016  010  018  026  025  021  014  016  016  017  041  082  017 
 012  028  029  022  017  018  025  018  005  000  003  012  013  037  076  014 
 012  024  021  015  016  012  015  008  000  000  007  009  006  032  072  010 
 016  029  020  006  008  009  005  004  000  001  010  010  000  027  067  003 
 026  034  024  010  007  006  006  003  006  011  016  012  000  028  068  000 
 023  031  027  019  014  009  010  011  017  021  018  012  006  033  072  004 
 013  023  022  018  018  015  014  017  025  024  013  008  010  042  078  012 
 004  008  007  005  012  015  013  019  026  019  011  008  012  046  078  015 
 002  007  008  000  000  004  006  019  022  012  010  010  014  042  069  007 

Celda24

 000  000  000  000  004  000  000  000  000  000  000  000  016  021  014  012 
 000  000  000  000  006  000  000  000  000  000  000  002  021  024  016  012 
 000  000  000  000  010  004  000  000  000  000  000  006  022  024  019  014 
 002  002  000  000  012  004  000  000  000  004  006  008  020  026  025  013 
 001  002  004  000  008  001  000  000  000  008  012  010  026  037  028  004 
 001  002  004  000  000  000  000  002  003  006  009  010  030  039  020  000 
 001  001  000  000  000  000  005  011  007  003  004  004  021  029  011  000 
 000  000  000  000  000  000  006  016  008  002  004  000  016  030  013  002 
 000  000  000  000  004  007  000  014  014  009  010  011  017  032  020  004 
 000  000  000  004  008  008  005  008  022  021  014  022  026  031  017  000 
 000  001  004  008  006  004  008  014  032  029  013  016  017  011  009  000 
 000  001  004  006  006  004  008  021  037  028  007  004  005  004  001  004 
 000  000  000  002  006  007  009  025  033  016  000  003  005  008  010  014 
 000  000  000  000  004  008  010  024  023  003  000  005  011  008  010  010 
 000  000  000  000  006  006  006  015  014  000  000  006  009  003  002  002 
 000  000  000  000  008  000  000  008  012  001  000  004  007  004  000  000 

Celda25

 008  002  002  006  015  020  021  027  021  017  014  014  012  006  010  017 
 006  002  006  010  015  019  018  023  022  023  023  021  017  014  015  011 
 006  000  001  006  010  010  010  015  021  030  031  024  020  018  010  002 
 001  000  000  000  004  004  004  008  021  035  033  024  023  020  014  008 
 000  000  002  001  000  000  000  007  023  036  031  021  018  014  008  003 
 000  000  006  002  000  000  000  013  026  034  026  011  000  000  000  000 
 000  000  007  003  000  000  005  021  029  031  021  006  000  000  000  000 
 000  000  009  006  000  004  014  026  029  025  016  002  000  000  000  000 
 004  002  011  008  002  006  017  027  025  017  011  000  000  000  000  000 
 002  004  011  006  000  002  016  024  019  011  004  000  000  000  000  004 
 003  010  011  006  002  004  017  020  012  006  000  000  000  000  002  000 
 008  015  014  009  006  008  019  014  008  004  000  000  000  000  001  000 
 013  010  010  008  008  013  021  011  002  000  000  000  000  009  004  000 
 006  000  002  003  006  014  018  009  002  000  000  000  005  015  008  003 
 000  000  000  000  002  008  008  002  000  000  000  005  010  008  001  000 
 000  000  000  000  004  006  004  002  000  000  000  000  000  000  000  000 

Celda26

 010  002  000  000  000  000  000  000  000  024  068  046  016  032  048  026 
 000  000  000  000  000  000  000  000  008  073  095  059  032  048  058  034 
 000  000  000  000  000  000  000  000  049  112  104  057  040  050  057  035 
 005  003  000  000  000  000  000  008  088  120  079  033  030  039  049  032 
 001  001  000  000  000  000  000  036  102  089  036  010  014  027  039  027 
 000  000  000  000  000  000  008  057  087  045  019  007  008  018  029  021 
 000  000  000  000  000  000  012  072  075  029  021  021  010  009  019  017 
 000  000  000  000  000  000  030  096  081  034  030  034  014  006  013  020 
 002  000  000  002  003  002  059  108  067  026  024  033  015  009  008  018 
 008  006  010  014  010  009  071  086  029  004  010  024  013  008  006  012 
 000  004  008  004  000  006  073  067  020  000  010  017  011  002  001  006 
 000  000  000  000  000  024  085  067  024  013  014  011  010  000  000  002 
 000  000  000  000  002  060  086  054  021  014  012  010  010  000  000  000 
 000  000  000  000  026  068  063  033  012  009  012  012  007  002  000  000 
 000  000  000  000  027  046  045  028  010  010  015  007  001  002  008  002 
 000  000  000  002  020  040  048  029  006  012  015  002  000  002  010  012 

Celda27

 006  017  033  035  027  011  001  000  000  000  000  002  000  000  002  006 
 018  030  040  033  020  004  000  000  000  000  000  004  002  007  015  009 
 022  031  038  031  016  002  000  000  000  005  004  005  014  016  011  001 
 022  030  038  028  004  000  000  000  000  009  012  008  015  010  000  000 
 020  027  031  013  000  000  000  000  000  002  006  003  008  008  000  000 
 015  018  015  000  000  000  000  000  000  000  000  000  002  004  000  000 
 010  006  004  000  000  000  000  000  000  000  000  000  003  003  000  000 
 008  000  000  000  000  002  002  000  000  002  001  000  000  000  000  000 
 010  002  002  000  002  004  000  000  000  006  003  000  000  000  000  000 
 014  012  005  000  000  000  000  000  000  012  007  000  000  000  000  000 
 020  010  000  000  000  000  000  000  000  017  014  001  000  000  000  006 
 022  008  000  000  002  000  000  000  000  019  022  000  000  000  000  000 
 020  005  000  000  008  006  000  000  000  016  022  000  000  000  000  000 
 010  006  000  000  010  005  000  000  000  007  014  000  000  000  000  000 
 000  010  004  007  014  002  000  004  006  000  005  003  000  002  000  000 
 004  010  017  012  008  004  004  010  014  006  000  013  008  008  000  000 

Celda28

 009  016  018  004  000  000  000  000  000  000  000  000  000  000  000  029 
 005  003  008  000  000  000  000  000  000  000  000  000  000  000  024  051 
 000  000  006  001  000  000  002  000  000  000  000  000  000  012  047  053 
 000  000  004  004  000  000  004  000  000  000  000  000  008  042  053  040 
 000  000  000  006  004  004  006  000  000  000  000  010  042  042  035  022 
 000  000  000  006  011  008  004  000  000  000  000  042  037  013  016  015 
 000  000  000  007  014  006  000  000  000  000  029  049  010  000  013  012 
 000  000  003  003  007  003  000  000  000  018  051  033  000  000  014  008 
 000  000  000  000  000  000  000  000  000  048  055  017  000  000  015  003 
 000  000  000  000  000  000  000  000  042  067  050  007  000  004  012  000 
 004  000  000  000  000  000  024  057  071  065  039  012  010  010  002  000 
 000  000  000  000  000  020  084  090  066  048  022  011  013  012  004  005 
 000  000  000  000  000  058  105  074  038  025  012  008  009  006  002  010 
 000  000  000  000  020  081  087  039  012  008  006  004  000  000  000  011 
 000  000  004  025  058  079  057  018  003  000  000  000  000  000  000  018 
 000  003  040  060  063  053  032  014  002  000  000  000  000  000  013  029 

Celda29

 053  050  028  010  008  010  012  012  011  007  004  000  000  000  000  004 
 052  033  014  004  002  004  006  010  014  008  000  000  000  000  000  008 
 037  014  000  000  000  002  004  011  017  005  000  000  000  000  000  009 
 016  002  000  000  000  000  004  014  017  000  000  000  000  000  000  008 
 007  000  000  000  004  000  002  014  018  000  000  000  000  000  000  006 
 000  000  002  003  006  001  000  008  013  000  000  000  000  003  008  010 
 000  004  010  004  003  001  000  004  003  000  000  000  003  014  017  008 
 000  006  014  002  000  002  004  004  000  000  000  003  021  030  022  006 
 000  009  016  000  000  002  009  006  000  005  014  029  032  030  017  003 
 000  010  013  000  000  001  010  006  000  004  020  027  017  012  000  000 
 006  013  008  000  000  001  004  000  004  011  018  006  000  002  000  000 
 021  019  009  002  000  000  000  000  008  022  012  000  000  000  000  000 
 026  018  008  002  000  000  000  002  013  018  006  000  000  000  000  000 
 021  011  001  000  000  001  012  020  021  010  000  000  002  004  002  004 
 022  011  000  000  003  015  029  029  018  014  010  010  014  014  010  017 
 028  017  010  012  017  029  031  022  009  012  013  012  010  009  008  016 

Celda30

 005  008  006  000  000  004  006  000  000  012  007  006  005  000  000  000 
 006  007  008  005  004  003  004  000  000  008  006  006  006  002  000  000 
 008  007  008  008  008  000  000  000  000  003  006  008  005  001  003  004 
 011  008  006  006  010  002  000  000  000  000  006  010  002  000  004  006 
 010  008  002  004  008  002  000  000  000  000  006  010  000  000  006  008 
 004  003  000  002  008  003  000  000  000  003  008  006  000  001  015  015 
 000  000  000  006  009  000  000  000  008  014  015  005  000  008  017  010 
 000  000  002  013  007  000  000  001  014  016  010  004  000  008  014  005 
 000  000  009  018  000  000  000  008  005  000  000  000  000  004  010  003 
 000  000  008  011  000  000  000  007  001  000  000  000  000  002  009  006 
 000  000  005  007  000  000  000  001  000  000  001  003  008  013  030  035 
 000  000  004  006  006  003  007  009  010  011  020  028  022  023  040  043 
 000  009  014  018  019  012  020  029  026  020  022  025  012  012  025  023 
 019  027  025  022  016  012  017  016  010  006  003  010  000  000  011  014 
 029  024  017  007  000  004  004  000  000  000  000  008  004  002  007  006 
 021  009  002  000  000  002  000  000  000  000  006  011  012  013  015  007 

Celda31

 002  008  008  000  000  000  004  017  014  005  008  010  007  031  060  000 
 004  008  005  000  000  004  010  009  008  000  002  004  002  026  058  000 
 006  010  003  000  002  014  009  000  006  006  002  000  000  024  056  000 
 006  010  002  000  009  020  006  000  005  009  003  000  000  026  056  000 
 006  007  001  000  011  020  010  001  004  006  002  000  000  026  057  000 
 008  004  001  002  006  013  012  008  004  001  002  001  000  028  057  000 
 002  000  002  002  001  004  008  008  004  004  004  002  002  032  058  000 
 000  000  004  001  000  000  004  004  006  010  006  001  006  036  062  002 
 000  004  008  001  000  002  005  010  018  022  014  012  025  058  078  016 
 006  020  033  031  030  029  029  034  038  037  033  035  041  060  071  012 
 039  052  058  050  042  040  034  034  032  033  035  032  026  038  050  000 
 042  048  045  035  027  024  020  013  013  018  018  009  004  023  044  000 
 017  020  015  009  005  002  000  000  004  010  010  004  000  022  046  003 
 014  018  012  008  004  000  000  000  003  006  007  006  004  026  048  002 
 009  018  017  012  006  000  000  004  005  005  007  008  006  029  054  004 
 003  016  022  017  008  002  004  006  009  012  016  016  012  035  057  005 

Celda32

 000  000  000  000  010  004  000  008  011  003  001  005  007  006  001  000 
 000  000  000  000  007  006  004  010  010  006  004  008  011  010  004  002 
 000  000  000  000  002  006  009  010  008  008  009  013  014  011  006  006 
 000  000  000  000  000  004  012  012  008  012  017  017  010  005  002  004 
 000  000  000  000  000  000  012  016  012  014  017  012  001  000  000  000 
 000  000  000  002  002  002  013  023  016  009  014  013  000  000  000  000 
 002  004  004  003  002  004  018  026  010  003  013  016  002  000  000  000 
 001  002  002  000  000  002  016  018  002  000  014  016  000  000  000  000 
 000  000  000  000  000  010  022  014  000  000  017  014  000  000  000  000 
 000  000  000  000  000  021  029  011  000  002  018  008  000  000  000  000 
 000  000  000  000  000  026  028  006  000  006  019  004  000  000  000  000 
 000  000  000  000  002  025  020  002  000  012  017  004  000  000  000  000 
 000  000  000  000  013  025  018  005  004  009  012  007  001  000  000  000 
 000  000  002  004  014  025  027  023  020  012  005  012  006  000  000  000 
 000  000  000  000  013  027  032  029  020  015  004  012  006  000  000  000 
 000  000  000  000  017  029  030  022  006  005  001  006  004  000  000  000 

Celda33

 000  000  000  000  005  006  001  001  000  000  000  000  000  000  000  000 
 001  002  005  003  004  006  001  000  000  000  000  000  000  000  000  000 
 007  010  009  005  002  008  002  000  000  000  000  000  002  000  000  000 
 005  004  001  000  002  008  000  000  000  000  000  000  000  000  000  000 
 000  000  000  000  002  005  000  000  000  000  000  000  000  000  000  000 
 000  000  001  006  008  004  000  000  000  000  000  000  000  000  000  000 
 000  000  004  010  012  004  000  000  000  000  000  000  000  000  000  027 
 000  000  002  009  014  002  000  000  000  000  000  000  000  000  002  061 
 000  000  000  008  014  000  000  000  000  000  004  002  002  000  022  077 
 000  000  000  010  012  000  000  005  009  004  006  002  000  000  036  072 
 000  000  000  011  011  000  000  011  014  008  002  000  000  000  056  060 
 000  000  000  010  008  002  009  008  008  005  000  000  000  011  074  046 
 000  001  003  013  011  011  017  006  004  004  000  000  004  049  071  031 
 000  000  005  016  017  016  013  002  004  004  000  000  018  059  050  020 
 000  000  008  019  019  009  000  000  000  000  000  000  029  050  036  014 
 000  000  010  019  013  000  000  000  000  000  000  000  029  044  038  015 

Celda34

 000  000  000  019  017  037  056  026  000  013  014  000  000  006  006  016 
 000  000  035  036  019  038  054  026  000  012  014  000  002  008  006  015 
 000  015  062  032  018  038  058  029  009  020  016  000  000  008  006  008 
 000  054  072  020  016  049  066  035  018  027  018  007  004  011  006  002 
 020  093  067  013  014  062  064  028  015  025  017  012  008  009  000  000 
 068  103  039  004  015  063  047  012  006  014  007  002  000  000  000  000 
 087  073  004  000  022  054  025  000  000  006  005  000  000  000  000  000 
 083  033  000  000  026  042  016  000  000  000  002  000  000  000  000  000 
 061  010  000  000  030  032  010  000  000  000  004  006  003  000  000  000 
 028  000  000  004  032  025  006  000  000  000  014  019  007  000  000  000 
 010  000  000  022  041  023  005  002  004  007  029  022  006  000  000  000 
 002  009  031  044  042  021  011  009  009  011  026  010  000  000  000  000 
 015  037  045  036  020  007  008  006  005  006  013  002  000  000  000  002 
 025  038  024  006  002  003  009  003  000  000  005  000  000  000  000  008 
 015  022  007  000  004  010  016  006  002  000  000  000  000  000  002  015 
 010  016  006  000  017  031  030  014  010  004  000  000  000  000  005  011 

Celda35

 022  016  018  010  000  000  002  010  014  014  012  029  008  001  000  000 
 024  020  011  005  000  000  003  007  009  012  014  021  000  000  000  000 
 012  013  010  006  002  003  007  002  001  002  000  003  000  000  000  000 
 000  002  004  004  002  002  004  000  000  000  000  000  000  000  000  008 
 000  000  000  000  000  001  000  000  000  000  000  007  006  010  016  032 
 000  000  000  003  004  007  003  000  000  004  009  028  016  016  024  049 
 000  000  005  019  023  017  010  005  008  014  013  018  001  007  025  046 
 002  010  018  016  010  000  000  000  002  006  002  002  002  004  033  032 
 000  005  000  000  002  000  000  000  004  005  000  000  014  036  040  016 
 000  004  000  000  000  004  000  000  004  002  000  000  038  052  029  010 
 000  004  000  000  000  008  006  004  000  000  000  008  039  034  005  000 
 004  007  004  006  005  007  006  000  000  000  000  020  026  024  009  000 
 010  014  010  008  008  007  000  000  000  000  015  029  008  014  018  003 
 014  014  008  003  002  002  000  000  000  000  041  024  000  008  024  014 
 015  005  000  000  000  000  000  000  000  016  042  002  000  007  026  018 
 008  000  000  000  000  000  000  000  000  026  030  000  000  009  024  020 

Celda36

 000  026  065  060  041  028  016  010  000  000  000  000  008  016  030  032 
 002  047  063  041  025  019  010  008  007  010  015  019  024  029  027  019 
 021  054  053  035  027  019  013  021  026  022  024  024  020  016  009  000 
 038  055  050  040  029  018  017  029  026  013  010  010  007  002  000  000 
 048  050  048  035  013  005  014  025  010  000  000  000  000  002  006  010 
 045  039  040  021  000  000  012  012  000  000  000  003  002  004  008  010 
 027  020  026  013  000  000  014  012  000  000  000  006  008  005  002  002 
 008  003  016  011  000  004  012  009  000  000  004  001  007  007  006  000 
 002  000  014  014  010  019  022  011  006  008  008  003  000  006  008  001 
 001  003  025  028  025  026  017  010  004  002  000  000  000  004  008  001 
 003  015  034  031  023  014  003  000  000  000  000  000  000  004  005  002 
 002  016  023  016  009  000  000  000  000  000  000  000  003  008  004  002 
 000  005  014  016  010  000  000  000  000  000  000  004  014  007  000  000 
 000  000  010  018  012  000  000  000  000  000  001  012  013  000  000  000 
 002  000  012  017  010  000  000  000  000  000  007  018  008  000  000  001 
 012  012  024  019  004  000  000  000  000  007  019  020  006  000  000  004 

Celda37

 026  017  014  016  019  026  021  011  003  004  005  004  003  006  010  018 
 014  009  006  009  006  009  007  004  002  000  000  000  002  008  016  023 
 008  010  000  000  000  004  008  004  000  002  002  002  005  013  020  019 
 002  010  004  000  000  000  010  010  006  003  006  006  010  018  018  011 
 006  004  007  001  003  000  008  016  014  009  009  011  012  015  011  005 
 010  004  008  005  008  007  011  023  020  012  011  012  008  004  006  000 
 004  002  007  012  008  011  015  023  017  014  014  006  000  000  006  000 
 000  000  011  018  007  008  008  016  015  014  006  000  000  000  004  000 
 000  000  018  018  004  003  002  013  013  008  000  000  000  003  000  000 
 000  004  019  010  000  000  000  010  008  001  000  000  000  002  000  000 
 002  012  011  006  000  000  000  002  000  000  007  010  004  000  000  000 
 007  009  002  002  000  000  000  000  000  004  015  014  006  000  000  000 
 008  008  000  000  000  000  000  000  000  012  018  008  002  004  000  000 
 006  010  001  000  000  000  000  000  002  018  018  000  000  006  004  000 
 007  005  000  000  000  000  000  002  004  013  016  000  000  005  008  000 
 005  000  000  000  000  000  004  006  002  006  014  000  000  009  011  003 

Celda38

 018  003  000  002  009  009  005  000  000  002  016  026  023  019  016  012 
 019  010  012  018  019  013  012  010  008  015  037  038  026  016  012  014 
 014  016  023  021  012  008  010  016  020  033  048  037  019  010  009  015 
 009  020  023  014  004  000  006  015  023  036  041  024  008  004  005  009 
 005  018  013  005  001  000  005  006  011  023  024  008  001  000  000  003 
 000  014  006  000  002  002  005  000  000  010  010  000  000  000  000  002 
 002  012  004  000  000  003  004  002  005  008  004  000  000  000  000  002 
 002  009  002  000  000  000  004  006  009  003  000  000  000  000  002  003 
 000  003  002  000  000  000  008  008  003  000  000  000  000  004  006  003 
 000  000  000  000  000  000  014  015  004  000  000  004  006  014  017  011 
 000  000  000  000  000  000  022  023  007  004  005  005  010  023  025  021 
 000  000  000  000  000  009  034  029  010  007  006  000  012  023  022  024 
 000  000  000  000  000  022  048  040  017  009  006  008  017  014  011  021 
 000  000  000  002  012  037  048  035  011  002  008  019  021  007  006  020 
 000  000  003  015  026  032  034  024  006  000  011  025  021  008  000  020 
 005  007  016  027  021  016  016  014  002  005  020  028  014  004  000  012 

Celda39

 014  023  028  018  004  000  000  005  010  012  013  013  010  032  053  002 
 018  023  021  009  001  000  004  007  008  004  002  006  005  026  049  000 
 017  015  009  000  000  003  008  011  006  000  000  006  010  028  050  002 
 010  006  002  000  000  007  011  012  006  000  000  007  012  032  051  002 
 008  004  000  000  001  004  008  014  008  005  005  009  013  032  050  000 
 006  005  000  000  000  000  007  019  014  002  004  009  012  028  048  000 
 006  008  003  002  000  000  007  022  018  000  002  010  008  023  047  000 
 008  016  011  006  008  012  022  032  023  004  004  011  004  022  049  002 
 010  020  011  006  012  023  030  034  021  006  006  008  002  021  049  001 
 018  025  015  010  019  026  027  027  015  009  005  000  000  022  050  000 
 029  033  023  017  021  021  020  020  010  008  002  000  000  025  055  003 
 032  031  021  016  014  009  012  012  001  000  000  000  000  032  061  005 
 028  020  008  003  002  000  010  009  000  000  000  000  000  038  060  000 
 022  007  000  000  002  004  010  006  000  000  000  000  000  037  060  000 
 022  004  000  000  002  012  012  004  000  000  000  000  000  032  061  000 
 017  002  000  000  002  019  015  002  000  000  000  000  000  028  062  000 

Celda40

 000  000  000  002  022  032  027  012  000  000  000  000  004  000  000  000 
 000  000  002  004  025  034  021  002  000  000  000  000  004  004  001  004 
 000  000  002  002  025  030  012  000  000  000  000  000  006  008  001  002 
 001  002  004  006  024  024  011  001  002  000  000  000  005  010  000  000 
 001  002  006  010  023  022  014  003  003  000  000  000  002  008  002  000 
 001  003  007  008  018  020  013  000  000  000  000  003  005  009  002  000 
 002  004  006  004  008  014  009  000  000  000  000  000  003  005  000  000 
 002  004  004  000  002  010  007  000  000  000  001  001  003  004  000  000 
 000  000  000  000  000  007  004  000  000  000  004  000  003  006  002  001 
 000  000  000  000  004  003  000  000  000  004  008  003  006  009  001  002 
 000  000  000  004  008  006  002  002  008  011  009  008  014  013  006  002 
 000  001  004  004  002  000  004  010  012  008  002  004  012  008  004  000 
 000  000  000  000  000  000  012  018  014  006  000  005  009  000  000  000 
 000  000  000  000  000  006  021  018  010  005  002  004  008  000  000  000 
 000  000  000  000  002  011  019  010  004  007  010  007  000  000  000  000 
 000  000  000  000  006  012  018  010  000  005  008  003  000  000  000  000 

Celda41

 000  000  009  017  010  000  000  000  000  000  000  010  028  044  043  021 
 006  006  008  012  006  000  000  000  000  000  001  022  029  045  043  021 
 004  005  005  006  000  000  000  000  000  002  034  035  031  048  040  018 
 000  002  000  000  000  000  000  000  000  035  059  034  029  049  036  013 
 000  000  000  000  000  000  000  000  014  056  051  022  019  042  029  011 
 000  000  000  000  000  000  000  000  032  051  026  000  006  030  020  008 
 000  000  002  002  000  000  000  000  036  046  025  001  008  025  017  006 
 001  004  002  000  000  000  000  008  034  038  024  008  017  027  012  005 
 002  002  000  000  000  000  000  018  041  040  023  011  023  029  009  002 
 005  000  000  000  000  000  000  038  055  040  021  013  024  029  008  000 
 000  000  000  000  000  000  017  058  056  030  016  012  023  031  008  000 
 000  000  000  000  000  005  035  061  045  023  020  017  025  029  004  000 
 000  000  000  000  013  022  043  053  036  024  024  020  024  019  002  000 
 000  000  000  022  036  033  040  044  033  023  021  020  019  006  000  004 
 000  000  008  044  046  031  028  033  027  018  018  019  012  001  000  014 
 000  000  028  051  043  019  012  018  019  016  016  017  007  000  001  014 

Celda42

 020  030  023  017  028  036  028  014  010  004  000  000  000  002  005  005 
 019  030  024  014  014  023  015  002  003  000  000  000  000  006  002  000 
 014  018  005  000  003  022  014  000  000  000  000  000  003  010  001  000 
 016  016  000  000  004  020  012  000  000  000  004  010  009  009  002  002 
 014  012  000  000  009  018  006  000  000  000  000  006  008  007  004  000 
 010  009  000  000  010  014  003  000  000  000  000  000  004  005  002  000 
 008  008  000  000  004  008  002  000  000  000  000  003  003  002  000  000 
 008  006  000  000  000  000  002  000  000  000  001  011  009  000  000  000 
 008  006  001  000  000  000  000  000  000  000  007  018  013  000  000  000 
 006  009  004  000  000  000  000  000  000  000  016  023  011  000  000  000 
 004  012  004  000  000  000  000  000  000  003  029  029  003  000  000  000 
 000  008  001  000  000  000  000  000  005  019  035  023  001  000  000  000 
 002  000  000  000  000  000  000  004  018  028  029  016  005  006  002  000 
 010  008  004  000  000  001  006  020  030  024  017  009  003  004  002  002 
 016  009  010  008  004  000  012  028  025  008  003  000  000  000  000  001 
 015  000  004  008  009  010  019  022  017  000  000  000  000  000  000  000 

Celda43

 002  000  000  000  000  000  000  000  000  026  012  000  000  010  020  024 
 000  000  000  000  000  000  000  000  015  020  000  000  005  021  028  034 
 000  000  000  000  000  000  000  000  027  016  004  010  027  033  031  027 
 002  000  000  000  000  000  000  012  035  019  010  025  033  029  016  009 
 000  000  000  000  000  000  000  030  047  018  013  027  027  017  004  002 
 000  000  000  000  000  000  000  052  049  012  013  026  023  011  007  003 
 000  000  000  000  000  000  011  065  049  015  017  025  021  009  008  006 
 000  000  000  000  000  004  029  064  050  024  019  022  021  009  004  004 
 000  000  000  002  010  020  039  056  049  027  016  019  022  010  002  004 
 003  000  000  002  017  030  041  049  046  023  009  014  016  006  002  008 
 002  000  000  000  014  031  031  035  033  014  006  006  002  000  000  013 
 000  000  000  001  017  021  010  012  016  008  008  006  000  001  011  013 
 001  006  008  008  018  006  000  005  012  006  006  002  000  005  020  014 
 008  013  014  017  016  000  000  008  016  008  002  000  000  008  025  013 
 007  006  006  021  010  000  000  016  022  012  000  000  000  013  027  010 
 000  000  000  018  000  000  000  028  026  014  000  000  000  018  030  008 

Celda44

 023  024  020  006  000  000  000  000  000  017  021  008  000  000  000  006 
 031  017  006  001  000  000  000  001  014  020  011  002  000  000  000  008 
 019  010  001  004  003  002  010  016  019  008  000  000  000  000  000  008 
 014  009  002  006  004  000  006  012  008  000  000  000  000  000  000  005 
 014  015  013  009  002  000  002  000  000  000  000  000  000  000  000  000 
 017  021  014  007  006  002  000  000  000  000  000  000  000  000  000  000 
 012  020  013  004  002  002  000  000  000  000  000  000  000  000  000  001 
 006  020  016  004  000  000  000  000  000  001  000  000  000  000  002  002 
 007  021  016  003  000  000  000  004  007  002  000  000  002  006  006  004 
 019  026  014  000  000  000  000  004  006  003  001  002  007  009  007  006 
 021  015  002  000  000  002  004  004  002  004  008  012  009  003  006  008 
 006  000  000  000  002  004  004  003  004  009  014  014  006  000  004  010 
 000  000  001  002  002  000  000  000  001  008  012  010  004  000  002  012 
 000  000  008  008  000  000  000  000  000  003  002  000  000  000  002  012 
 000  000  012  012  000  000  000  000  004  006  003  000  000  003  002  011 
 000  000  010  012  000  000  000  000  007  006  006  002  002  006  002  012 

Celda45

 002  000  000  001  000  004  008  009  009  004  006  000  002  014  008  000 
 005  000  001  002  000  004  008  008  011  009  002  000  011  015  002  000 
 009  004  006  002  001  005  007  002  002  004  006  007  019  018  004  003 
 010  008  008  006  005  006  003  000  000  000  008  012  019  018  006  006 
 006  010  012  011  008  003  000  000  000  000  012  012  010  009  000  002 
 001  008  015  015  006  000  000  000  000  006  014  003  000  003  004  000 
 001  004  012  016  008  000  000  000  000  005  012  000  000  000  012  006 
 004  004  008  014  008  000  000  001  002  000  007  000  000  001  022  019 
 004  003  005  011  006  000  000  003  002  000  002  000  005  021  040  027 
 002  000  002  009  004  000  002  012  010  008  007  008  014  032  037  016 
 000  002  002  008  010  010  016  018  012  010  011  013  018  025  019  002 
 004  004  008  019  029  026  018  010  006  008  013  019  023  020  007  000 
 012  010  011  023  032  018  008  001  000  011  020  026  027  017  008  000 
 019  017  014  022  021  001  000  001  004  019  023  020  017  011  009  004 
 026  028  021  018  009  000  002  008  010  021  013  006  007  000  005  008 
 033  033  018  010  005  004  006  009  007  011  005  005  009  002  000  004 

Celda46

 002  009  025  025  012  004  006  006  002  011  026  030  015  000  000  001 
 001  012  020  013  004  004  005  007  009  023  031  026  016  000  000  000 
 006  011  010  004  002  010  016  019  022  030  031  021  010  000  000  000 
 007  010  006  004  005  013  016  018  023  026  020  008  003  000  000  000 
 004  008  003  004  012  010  002  004  013  013  004  000  000  000  000  000 
 000  004  004  011  018  006  000  002  014  009  000  000  000  000  002  004 
 001  003  013  024  026  010  004  000  014  006  000  000  000  007  012  010 
 008  011  026  033  025  011  008  006  013  002  000  000  000  013  021  012 
 008  012  026  025  009  000  002  004  009  000  000  000  000  016  027  017 
 002  004  015  013  004  000  000  000  003  000  000  003  012  029  034  015 
 000  002  010  008  006  000  000  000  002  000  002  011  021  025  021  001 
 000  000  004  002  006  009  000  001  002  003  008  019  010  000  002  000 
 000  000  005  002  000  011  009  006  009  010  008  001  000  000  000  000 
 000  001  008  004  000  008  016  012  010  007  000  000  000  000  000  000 
 004  000  006  000  000  004  018  016  006  000  000  000  000  000  006  018 
 004  002  004  000  000  000  009  008  000  000  000  000  000  013  032  025 

Celda47

 008  000  000  000  004  018  012  003  000  000  000  000  000  033  068  005 
 000  000  000  000  008  012  008  006  004  000  000  000  004  033  062  001 
 000  000  000  001  010  008  006  008  009  002  004  002  000  028  060  000 
 000  000  000  002  008  006  007  009  009  002  000  000  000  022  066  000 
 002  004  002  001  004  002  004  006  004  000  000  000  000  028  082  000 
 004  002  002  002  002  000  000  000  000  000  000  000  000  046  094  003 
 000  000  002  005  003  000  000  000  000  000  000  000  016  073  109  011 
 000  003  004  001  000  000  000  000  000  000  010  036  043  074  102  011 
 006  004  000  000  000  000  000  000  004  028  041  042  030  058  092  010 
 000  000  000  000  000  000  000  025  051  048  035  025  015  047  084  007 
 000  000  000  000  000  009  046  063  058  036  019  012  007  041  078  003 
 000  000  000  000  020  057  066  053  035  017  009  005  000  038  074  000 
 000  000  006  024  042  053  044  027  015  006  001  000  000  038  076  000 
 002  012  019  023  025  026  021  014  005  000  000  000  000  040  080  001 
 021  009  002  006  011  017  019  013  003  000  000  000  000  047  088  007 
 007  000  000  004  010  016  018  010  000  000  000  000  006  057  090  008 

Celda48

 000  000  000  000  008  010  014  010  000  000  000  000  000  000  000  000 
 000  000  000  000  008  010  012  007  000  000  000  000  000  000  000  000 
 000  000  000  000  010  011  010  002  000  000  000  000  003  004  000  001 
 000  000  000  000  013  008  005  000  000  000  000  000  000  004  004  004 
 001  002  004  004  014  000  000  004  003  003  000  000  000  000  000  000 
 002  004  006  004  006  000  000  012  014  004  000  000  000  000  000  000 
 001  002  004  000  002  000  006  021  012  000  000  000  000  000  000  000 
 000  000  000  000  002  002  012  014  002  000  000  000  000  000  000  000 
 000  000  000  000  004  006  008  004  000  000  000  000  000  000  000  000 
 000  000  000  000  004  004  002  000  000  000  000  000  000  000  000  000 
 000  000  001  000  001  000  000  000  000  000  000  000  000  000  000  000 
 000  000  000  000  000  000  000  000  000  000  000  000  002  004  002  009 
 000  000  000  000  000  000  000  000  000  011  013  014  016  020  020  023 
 000  000  000  000  000  000  000  003  018  023  015  014  014  017  021  025 
 002  004  004  000  000  000  009  015  019  008  001  002  003  002  007  014 
 002  003  002  000  000  000  016  019  008  000  000  003  000  000  000  004 

Celda49

 000  012  038  044  034  010  003  010  012  014  018  020  010  000  003  007 
 002  023  034  033  027  013  008  015  009  008  020  022  011  000  000  000 
 008  030  029  025  021  014  018  022  014  011  029  029  007  000  000  000 
 012  029  020  012  013  016  024  025  014  015  033  025  000  000  000  000 
 008  023  008  002  012  020  027  023  010  014  027  017  002  000  000  000 
 008  021  005  002  014  022  024  021  010  011  016  007  000  000  000  000 
 006  019  008  006  016  018  018  021  016  010  006  001  000  000  000  000 
 004  020  014  011  011  014  016  020  018  010  006  000  000  000  000  002 
 008  027  019  006  010  016  018  016  014  010  008  004  000  000  000  000 
 020  036  013  000  015  026  023  016  011  013  018  009  000  000  000  000 
 035  039  006  000  021  030  020  012  015  026  025  006  000  000  000  002 
 048  036  004  005  028  027  014  009  018  027  012  000  000  000  006  014 
 052  031  005  013  028  018  011  014  024  019  000  000  000  000  006  014 
 048  026  006  014  020  011  013  027  030  011  000  000  000  000  004  009 
 030  012  002  012  017  014  024  038  032  008  002  000  000  006  009  007 
 018  011  008  017  021  023  035  043  029  008  006  006  006  012  010  004 

Celda50

 012  004  000  001  002  010  017  009  010  002  000  000  000  000  000  000 
 010  012  000  000  000  015  016  006  000  002  000  000  000  000  000  000 
 011  016  000  000  000  023  016  008  006  001  000  000  000  000  000  000 
 011  016  000  000  007  025  012  004  006  005  002  000  000  000  000  000 
 008  014  000  000  014  022  009  001  004  004  000  000  000  000  000  000 
 004  012  000  000  016  021  010  000  001  000  000  000  000  000  000  000 
 002  008  000  000  016  022  014  003  000  000  000  000  000  000  000  000 
 003  004  000  000  012  018  012  002  000  000  000  000  000  000  000  000 
 001  002  000  004  012  008  001  000  000  000  006  004  000  000  000  000 
 004  002  003  009  010  000  000  000  000  003  013  008  000  000  000  000 
 008  004  007  016  012  004  000  000  000  008  014  008  000  000  000  000 
 017  011  016  024  015  008  010  010  009  019  018  000  000  000  000  000 
 013  012  023  026  011  008  014  016  012  015  007  000  000  000  000  000 
 008  014  024  016  002  000  006  010  006  002  000  000  000  000  000  002 
 007  014  017  005  000  000  000  000  000  000  000  000  000  000  000  000 
 004  012  013  004  002  003  002  000  000  000  000  000  000  000  000  000 

Celda51

 000  000  010  016  000  000  000  034  028  018  000  001  002  016  029  007 
 000  000  022  012  000  000  004  035  029  020  007  008  011  014  021  006 
 000  000  034  003  000  000  011  038  034  026  016  010  010  002  010  006 
 000  006  040  000  000  000  026  041  036  029  015  003  000  000  000  005 
 000  017  040  000  000  013  046  039  034  029  009  000  000  000  000  002 
 000  022  029  000  008  039  049  027  029  028  007  003  001  000  000  000 
 000  024  020  000  009  046  031  015  025  026  008  004  004  000  000  003 
 000  028  018  000  019  036  012  010  020  016  004  000  002  006  011  023 
 000  024  020  012  033  027  006  011  015  004  000  000  002  014  027  037 
 000  016  024  028  038  019  006  015  012  004  000  006  013  018  029  032 
 000  020  034  038  033  014  006  014  006  003  004  015  020  018  017  016 
 000  033  046  038  027  014  010  012  002  003  006  015  016  011  003  006 
 000  054  060  036  024  019  018  015  006  007  012  013  009  006  000  004 
 023  078  069  036  024  020  021  017  008  006  010  008  002  002  002  007 
 039  078  054  026  017  011  015  010  000  000  006  002  000  002  011  015 
 051  059  026  016  008  001  010  008  000  000  006  002  000  005  012  008 

Celda52

 000  000  006  008  000  000  000  001  006  006  010  010  002  007  010  020 
 000  000  003  000  000  000  000  000  006  012  019  019  013  014  021  029 
 000  003  004  000  000  004  005  001  012  029  031  028  026  026  030  030 
 004  004  000  000  006  010  011  014  029  037  027  024  027  028  029  022 
 005  004  000  002  010  008  010  018  030  024  010  016  021  022  017  008 
 004  006  009  013  007  004  004  016  019  006  004  018  025  020  006  000 
 009  016  020  014  004  002  005  018  011  003  000  018  025  018  006  000 
 023  018  013  005  001  004  014  020  004  000  000  016  022  014  004  002 
 026  018  009  005  002  007  018  013  000  000  000  014  020  012  001  002 
 020  020  018  012  005  004  008  001  000  000  000  013  016  010  002  000 
 010  016  019  013  002  000  006  002  000  000  000  010  012  008  006  001 
 008  008  011  008  000  000  006  005  000  000  000  007  008  008  010  004 
 012  007  000  000  000  000  004  004  000  000  000  002  006  012  016  006 
 010  004  000  000  004  011  008  001  000  000  000  000  006  016  018  004 
 009  000  000  000  012  017  012  006  003  002  002  002  010  022  016  000 
 000  000  000  010  008  008  005  004  004  006  008  006  009  017  010  000 

Celda53

 034  023  006  000  000  001  002  000  000  004  003  005  008  002  000  000 
 028  013  005  002  000  000  000  000  000  004  006  004  003  000  000  000 
 020  004  002  004  000  000  000  000  002  008  006  000  000  000  002  009 
 018  012  008  005  000  000  000  000  004  009  003  000  000  001  013  013 
 008  009  010  008  001  000  000  001  004  008  002  000  000  006  010  000 
 000  005  006  003  000  000  002  002  004  004  000  000  000  006  003  000 
 000  002  002  000  000  000  002  003  002  002  000  000  000  000  000  000 
 004  001  000  000  000  000  004  006  000  000  000  000  000  000  000  000 
 006  002  000  000  000  000  009  015  006  000  000  000  000  000  000  013 
 004  002  000  000  004  006  013  004  000  000  000  000  000  000  023  044 
 000  003  001  006  008  002  000  000  000  000  000  000  000  018  039  040 
 001  008  011  002  000  000  000  000  000  000  000  014  020  028  036  031 
 004  014  006  000  000  000  000  000  002  018  025  019  015  024  035  032 
 004  012  000  000  000  000  000  005  023  022  012  006  008  021  035  033 
 000  000  000  000  000  000  007  023  019  011  008  006  012  023  033  028 
 000  000  000  000  000  021  026  018  011  007  010  017  023  027  025  019 

Celda54

 000  008  012  011  012  004  000  000  000  000  000  000  026  038  032  009 
 004  014  015  012  006  000  000  000  000  000  014  037  029  021  018  007 
 012  011  003  000  000  000  000  000  000  035  046  029  005  006  015  012 
 002  000  000  000  000  000  000  008  043  056  038  012  002  010  019  014 
 000  000  000  000  000  000  018  037  046  043  024  014  008  011  016  015 
 000  000  000  000  001  023  034  028  027  028  015  011  009  003  012  015 
 000  000  000  010  024  027  021  015  021  026  011  004  004  002  008  014 
 005  017  029  029  020  013  012  014  021  021  004  000  000  002  009  007 
 039  044  034  020  009  005  009  010  010  008  000  000  000  006  014  005 
 046  036  023  014  012  008  008  006  004  005  002  005  010  009  008  003 
 030  023  017  010  012  010  005  002  002  008  018  018  018  012  004  001 
 022  020  014  002  003  006  006  004  004  017  027  019  014  012  008  006 
 023  018  008  000  000  004  009  012  010  017  022  011  004  006  006  008 
 022  016  008  004  004  006  012  013  008  004  018  012  000  000  000  002 
 018  017  013  011  008  004  006  000  000  000  015  016  000  000  000  004 
 015  018  014  012  009  002  000  000  000  000  008  018  006  000  000  002 

Celda55

 000  002  006  008  012  015  014  006  000  000  000  000  013  056  082  001 
 008  018  023  015  015  016  012  005  000  002  005  005  011  054  080  000 
 017  034  029  016  014  018  019  013  010  015  018  015  003  050  082  000 
 025  037  023  016  013  021  020  011  010  022  018  013  004  046  084  000 
 025  027  012  011  013  017  010  006  012  019  005  002  004  047  083  000 
 014  009  000  004  013  008  002  006  013  009  000  000  006  051  083  003 
 010  006  008  008  006  004  004  004  012  004  000  000  006  047  076  003 
 000  004  016  014  009  002  001  000  010  006  000  002  004  037  069  000 
 000  004  017  013  010  007  000  000  006  006  000  002  000  032  070  000 
 006  015  021  012  006  006  002  000  001  003  004  003  004  024  070  000 
 006  017  017  012  008  005  005  004  002  004  013  010  007  023  069  000 
 014  017  011  009  009  008  008  007  006  013  020  007  002  017  067  000 
 017  013  006  005  008  007  006  006  006  011  009  000  000  020  069  002 
 009  005  002  003  005  004  002  002  002  006  003  000  000  026  079  008 
 008  005  002  003  000  000  001  004  005  004  000  000  002  042  083  008 
 008  008  008  004  000  000  000  010  013  012  008  006  009  043  073  001 

Celda56

 000  000  000  000  000  003  018  018  004  000  000  006  000  000  000  006 
 000  000  000  000  000  010  014  012  002  000  004  012  004  001  000  008 
 000  000  000  000  008  010  005  004  002  004  015  014  002  000  004  020 
 000  000  002  006  013  007  002  000  005  016  019  003  000  000  005  031 
 001  002  004  004  009  006  006  010  022  023  011  000  000  000  006  042 
 000  000  000  000  006  004  011  023  028  016  004  000  000  004  015  044 
 000  000  000  000  006  010  018  022  015  004  000  000  002  004  012  035 
 000  000  000  000  008  018  020  010  000  000  000  000  000  000  010  031 
 000  000  000  000  012  020  022  008  000  000  000  002  002  001  018  033 
 002  004  008  008  018  022  020  008  002  002  006  008  010  008  022  029 
 003  007  014  018  021  021  020  010  003  006  009  005  004  004  016  022 
 002  005  012  016  018  020  016  006  000  000  002  000  000  002  013  020 
 000  001  004  006  012  014  003  000  000  002  005  000  004  006  017  022 
 006  014  032  043  051  048  042  038  036  043  051  050  050  053  062  064 
 011  028  062  086  094  089  088  090  092  098  103  097  092  094  102  102 
 000  000  000  000  003  000  000  000  000  005  012  007  000  000  006  008 

Celda57

 022  016  022  028  028  031  038  038  021  006  004  002  000  006  003  000 
 033  036  035  034  032  033  032  024  006  000  000  000  000  006  007  000 
 046  043  036  032  029  027  020  008  000  000  000  000  000  002  012  006 
 052  046  036  027  020  015  006  000  000  000  000  000  000  000  012  015 
 059  050  034  018  010  006  000  000  000  000  000  000  000  000  010  020 
 054  039  019  005  004  002  000  000  000  000  000  000  000  002  015  024 
 039  021  004  000  004  000  000  000  000  000  000  000  000  012  022  028 
 034  020  004  000  003  000  000  000  000  000  000  000  002  021  028  026 
 024  014  006  000  000  000  000  000  000  000  000  000  017  039  035  026 
 014  006  006  004  000  000  000  000  000  000  000  003  029  041  029  022 
 009  000  006  006  000  000  000  000  000  000  000  013  033  030  020  020 
 008  000  003  005  000  000  000  000  000  001  015  030  028  017  015  018 
 010  001  000  000  004  000  005  004  002  019  033  033  017  008  011  017 
 053  044  040  036  045  047  052  056  056  073  077  064  053  051  052  053 
 093  088  088  088  098  098  092  099  102  115  110  094  089  092  094  094 
 003  000  000  000  009  010  000  000  000  012  012  004  000  000  000  002 

Celda58

 002  014  014  008  006  009  009  006  004  000  000  000  002  002  000  007 
 000  015  017  009  006  007  008  006  002  000  000  002  000  000  002  015 
 002  016  022  012  008  006  004  000  000  000  000  001  000  000  000  032 
 008  015  020  011  007  004  000  000  000  004  006  002  000  000  007  061 
 015  014  016  010  005  000  000  000  002  010  011  004  000  000  022  075 
 020  014  013  008  003  000  000  000  001  004  005  001  000  000  030  055 
 024  019  016  004  000  000  000  000  000  000  000  000  000  000  033  038 
 026  023  014  000  000  000  000  000  000  000  000  000  000  001  037  027 
 027  024  010  000  000  000  000  000  000  000  000  000  000  012  052  027 
 027  022  008  000  000  000  000  000  000  000  000  000  000  026  049  014 
 024  017  008  000  000  000  000  000  000  003  003  000  000  032  036  008 
 018  011  006  000  000  000  000  000  002  008  010  008  006  035  025  004 
 016  009  004  000  000  000  000  000  000  004  006  004  004  037  019  000 
 051  044  038  034  034  034  035  039  042  042  044  048  053  085  057  046 
 092  086  080  078  079  082  085  089  088  086  089  098  106  127  098  096 
 007  008  004  000  000  000  000  003  002  000  000  000  002  020  000  000 

Celda59

 054  034  012  018  014  005  009  005  000  000  006  002  000  006  010  006 
 047  018  002  018  018  012  010  005  000  000  004  004  000  004  007  004 
 051  004  000  020  018  012  012  008  002  000  004  008  000  001  006  002 
 057  016  006  028  014  008  014  008  000  000  007  012  001  001  006  000 
 039  014  012  037  021  017  019  001  000  002  012  010  000  004  005  000 
 004  001  020  044  033  030  023  008  000  007  016  003  000  007  006  000 
 000  000  028  040  034  030  023  014  004  004  016  002  000  006  006  000 
 000  007  026  027  026  020  012  010  006  000  012  006  000  002  002  000 
 002  010  024  028  026  012  000  002  008  006  004  006  000  000  000  000 
 000  006  021  032  027  007  000  000  011  016  007  000  000  000  004  006 
 000  004  020  034  026  006  000  004  014  019  012  000  000  004  009  008 
 001  008  019  030  026  011  004  008  011  010  004  000  000  006  012  006 
 007  021  029  031  030  019  005  002  000  000  000  000  002  017  020  000 
 063  082  074  067  066  050  031  026  022  022  030  046  063  072  059  043 
 117  123  103  094  094  078  066  064  066  072  084  097  110  104  090  086 
 018  023  009  007  013  004  000  000  000  000  000  006  009  002  000  000 

Celda60

 000  000  002  008  000  000  000  002  006  008  008  005  000  008  003  000 
 000  000  002  006  000  000  000  002  008  011  008  001  000  000  000  000 
 000  000  000  006  000  000  000  000  004  003  000  000  000  000  000  002 
 000  000  000  004  002  000  000  000  000  000  000  000  000  000  000  031 
 000  000  000  000  000  000  000  000  000  000  000  000  000  018  049  062 
 000  000  000  000  000  000  000  000  000  000  000  003  035  055  057  049 
 000  000  000  000  000  000  000  000  000  000  012  050  058  046  031  025 
 000  000  004  005  000  000  000  000  000  024  057  053  035  017  010  014 
 000  002  006  000  000  000  000  000  032  064  057  027  009  008  013  017 
 000  000  000  000  000  000  005  035  062  061  036  014  012  017  023  019 
 000  000  000  000  000  020  036  055  057  041  023  014  020  023  025  019 
 000  000  000  004  032  042  044  048  043  031  024  017  015  016  022  020 
 000  000  013  050  056  038  033  036  034  029  024  011  006  012  023  021 
 041  052  087  099  080  061  061  064  064  060  053  047  046  056  063  055 
 093  112  128  117  095  083  086  090  090  085  082  083  085  095  095  083 
 000  013  021  016  008  001  000  002  003  000  000  000  000  009  010  001 

Celda61

 000  000  000  004  023  027  014  010  015  018  020  028  032  025  012  014 
 000  000  018  026  019  012  002  008  021  023  023  033  035  022  010  005 
 004  028  040  018  006  012  009  010  021  022  022  031  032  021  014  010 
 047  046  026  006  009  026  022  015  022  025  020  019  018  014  008  010 
 055  032  009  006  021  030  020  013  021  023  011  002  011  018  008  002 
 038  017  010  012  023  019  010  008  014  014  002  000  002  020  016  000 
 023  013  014  015  017  013  010  011  015  012  002  000  000  018  016  000 
 016  011  012  012  013  013  013  018  021  009  000  000  000  014  012  003 
 012  008  011  015  014  008  008  016  012  000  000  000  000  014  012  006 
 010  011  020  023  019  012  004  011  004  000  000  000  000  017  015  011 
 012  016  026  027  020  016  008  002  000  000  000  000  009  028  024  015 
 014  017  024  022  012  016  012  003  000  002  008  012  024  034  023  011 
 014  014  015  012  001  008  017  016  010  010  015  018  023  028  017  012 
 048  045  042  037  033  036  048  055  053  048  050  056  058  062  057  055 
 078  078  076  072  074  076  074  082  085  084  086  091  093  095  095  091 
 000  000  000  000  004  008  002  000  000  000  000  000  000  003  010  008 

Celda62

 020  016  010  008  007  001  000  000  000  000  000  011  011  001  000  000 
 018  021  008  000  000  000  000  000  002  000  000  002  009  008  004  000 
 007  018  010  000  000  000  000  000  000  000  000  001  004  006  010  007 
 002  006  009  002  000  000  000  000  000  000  000  010  006  000  010  017 
 003  000  004  000  000  000  000  000  004  012  019  029  018  011  003  024 
 000  000  000  000  000  002  005  018  023  020  021  026  016  016  014  036 
 000  000  000  000  003  017  026  033  026  014  004  012  006  012  018  042 
 000  000  003  002  007  024  030  028  013  008  000  010  005  010  024  042 
 007  004  008  009  012  027  031  025  010  008  002  008  014  014  028  033 
 011  002  006  013  018  031  038  031  012  008  002  002  020  016  016  011 
 008  002  006  014  018  028  037  026  005  004  003  000  022  022  012  006 
 007  006  013  019  015  018  023  014  000  000  004  000  016  029  016  006 
 014  012  016  019  010  006  011  008  000  000  000  002  010  036  031  012 
 055  050  050  052  043  040  033  026  022  026  035  046  054  076  066  038 
 087  082  081  084  078  075  074  072  072  072  076  084  090  102  091  066 
 004  000  000  005  004  000  000  000  000  000  000  000  001  016  019  003 

Celda63

 004  010  014  008  000  002  004  018  026  018  010  008  005  031  064  000 
 004  014  017  009  002  007  015  025  026  014  004  004  000  028  068  000 
 011  020  017  005  002  012  019  016  015  008  000  000  000  026  074  000 
 017  018  010  000  004  019  018  006  006  009  000  000  000  024  078  000 
 027  019  007  000  007  028  016  002  000  012  000  000  000  020  077  000 
 038  021  007  004  017  032  009  000  000  010  000  000  000  022  078  000 
 040  015  002  000  020  024  000  000  000  004  000  000  000  034  094  014 
 032  004  000  000  020  015  000  000  000  000  000  000  000  052  099  014 
 014  000  000  000  016  010  000  000  000  000  000  001  007  057  093  007 
 000  000  002  006  004  002  001  002  000  000  004  010  014  059  090  006 
 000  000  004  010  004  000  002  009  004  000  002  006  015  056  084  005 
 000  000  005  005  002  000  000  013  012  004  000  004  012  045  072  000 
 005  000  004  000  000  000  000  014  018  008  002  005  008  038  070  000 
 036  032  033  030  032  036  040  050  056  049  042  038  032  059  086  015 
 067  070  071  069  072  080  086  095  099  090  080  076  074  094  109  044 
 000  000  001  000  000  000  000  007  014  010  003  000  000  021  047  000 

