Celda0

 000  000  000  000  003  001  000  000  003  005  002  000  000  000  002  000 
 000  000  000  000  008  002  000  000  008  013  004  000  000  000  006  000 
 000  000  000  000  019  004  000  000  020  030  010  000  000  000  014  003 
 000  000  000  000  024  008  000  000  026  043  014  000  000  000  020  008 
 003  007  012  010  024  018  012  018  037  050  015  004  017  029  050  034 
 002  005  011  014  026  025  011  015  029  043  007  000  008  018  032  024 
 000  000  001  004  019  021  006  006  014  033  003  002  006  008  020  031 
 002  002  002  000  019  023  008  002  006  033  006  006  010  008  024  049 
 003  006  011  010  028  029  012  007  000  033  016  019  013  008  022  049 
 002  006  014  014  023  023  008  012  009  033  035  028  010  003  014  042 
 000  001  004  002  006  020  000  011  014  037  045  023  006  004  000  031 
 000  000  000  000  000  019  012  004  010  026  037  012  003  008  000  012 
 000  000  000  000  004  017  016  000  001  014  038  015  003  004  001  000 
 000  000  000  004  014  016  011  000  000  008  043  023  003  001  002  000 
 000  000  000  000  007  000  005  000  003  000  046  027  001  000  002  000 
 000  000  000  000  003  000  008  006  003  000  044  034  000  006  006  001 

Celda1

 000  000  000  004  005  002  000  000  004  003  000  000  000  000  000  000 
 000  000  000  010  012  004  000  000  012  008  000  000  000  000  000  000 
 000  000  000  023  028  006  000  000  028  018  000  000  000  000  000  000 
 000  000  000  032  036  004  000  004  042  024  000  000  000  000  000  000 
 024  022  024  050  041  002  001  017  055  036  012  012  005  000  000  016 
 022  028  034  052  033  004  004  029  059  040  013  008  002  002  015  031 
 028  036  040  048  022  005  002  033  052  028  001  000  002  002  013  019 
 030  038  038  032  018  007  005  038  040  016  000  000  000  000  010  016 
 013  016  018  014  008  008  014  045  030  006  000  000  000  000  009  015 
 003  000  000  000  000  003  022  040  015  000  000  000  000  000  010  008 
 002  000  006  000  000  000  020  019  000  000  000  000  000  000  009  003 
 000  000  012  000  000  000  020  007  000  000  000  002  000  000  009  006 
 000  000  010  001  000  007  022  000  000  000  004  000  000  000  014  020 
 000  000  006  000  000  015  023  000  000  000  012  000  000  000  022  025 
 000  006  009  000  000  020  026  000  000  000  012  000  000  000  027  020 
 000  019  015  006  000  022  026  000  000  002  006  000  000  002  030  010 

Celda2

 000  000  000  001  000  000  000  002  001  000  000  000  001  004  002  000 
 000  000  000  002  000  000  000  004  000  000  000  000  002  011  007  000 
 000  000  000  002  000  000  000  008  000  000  000  000  004  027  020  000 
 000  000  000  000  000  000  000  004  000  000  000  000  005  043  036  000 
 016  022  020  008  000  004  023  012  000  000  000  000  005  054  055  012 
 017  012  006  000  000  010  022  001  000  000  000  004  015  070  057  002 
 000  000  000  000  003  024  008  000  000  000  006  020  038  083  051  000 
 000  000  000  000  012  015  000  000  000  000  016  026  045  078  033  000 
 000  000  000  000  014  000  000  000  002  022  022  020  030  048  004  000 
 000  000  000  011  004  000  000  002  029  037  022  012  002  023  003  000 
 000  000  004  012  000  000  000  023  043  022  013  008  000  004  018  005 
 004  012  011  000  000  000  019  047  024  006  004  004  000  000  040  037 
 015  018  008  000  000  012  054  038  008  000  004  002  000  000  055  054 
 004  004  000  000  000  043  048  007  000  001  008  007  006  009  071  063 
 000  000  000  001  024  049  011  000  000  004  008  010  014  016  069  054 
 000  000  000  008  041  027  000  000  000  009  004  008  016  016  042  040 

Celda3

 000  001  002  000  000  000  002  003  004  003  002  000  000  000  002  002 
 000  002  004  000  000  000  004  006  010  009  005  000  000  000  004  006 
 000  003  010  000  000  000  005  014  024  020  010  000  000  000  006  012 
 000  000  012  000  000  000  007  018  028  020  010  000  000  000  001  010 
 006  000  008  000  000  020  043  052  039  008  004  006  000  004  003  000 
 000  000  000  010  017  046  056  045  020  006  000  010  004  000  000  000 
 000  000  000  031  050  067  048  024  014  015  016  015  001  000  000  000 
 000  000  000  051  084  066  030  015  016  024  026  018  008  006  006  006 
 005  020  034  092  093  049  021  021  019  020  017  016  019  018  008  000 
 014  032  060  101  069  024  022  022  008  005  006  014  022  020  002  000 
 019  030  064  073  026  004  022  020  004  000  010  019  018  012  000  000 
 021  029  053  033  002  000  008  012  016  018  026  021  011  000  000  002 
 018  027  036  011  005  008  005  004  027  036  023  002  000  000  000  007 
 022  023  026  016  014  012  018  038  057  037  006  000  000  000  000  004 
 013  018  019  010  005  011  031  054  049  016  000  000  000  000  011  015 
 018  022  005  000  000  024  050  046  017  000  000  000  000  014  036  025 

Celda4

 001  000  000  000  000  000  000  000  000  000  000  000  004  005  004  002 
 004  000  000  000  000  000  000  000  000  000  000  000  009  010  010  006 
 010  001  000  001  002  000  000  000  000  000  000  000  014  020  022  014 
 014  004  000  004  004  000  000  000  000  000  000  000  007  020  030  016 
 011  011  007  008  002  000  000  000  000  000  005  020  016  016  026  011 
 005  020  020  007  000  000  000  000  000  000  018  010  007  002  012  008 
 000  024  022  000  000  000  000  000  000  018  025  010  005  004  000  008 
 002  014  019  006  001  002  000  000  000  036  028  013  009  014  016  017 
 000  000  010  020  018  002  008  020  043  049  022  014  021  023  031  029 
 000  000  004  028  032  000  012  032  053  037  019  024  035  029  028  032 
 000  000  002  030  035  004  010  031  030  018  020  036  038  019  014  016 
 000  000  005  022  031  022  023  026  011  009  026  038  021  003  004  001 
 012  009  001  006  027  044  040  020  012  018  036  027  010  006  004  000 
 020  024  017  003  023  054  048  014  010  020  027  010  007  011  009  000 
 022  024  024  024  026  038  044  030  006  005  013  004  004  006  002  000 
 008  008  016  026  021  008  027  037  018  012  018  010  000  000  000  000 

Celda5

 000  000  001  001  001  000  000  000  000  000  000  000  000  000  000  002 
 000  000  003  004  001  000  000  000  000  000  000  000  000  000  000  004 
 000  000  010  008  000  000  000  000  000  002  000  000  000  001  001  007 
 000  000  017  007  000  000  000  000  000  002  000  000  002  006  004  007 
 000  008  018  004  000  000  000  003  008  007  004  006  022  031  029  025 
 000  010  014  003  000  000  000  011  015  005  004  011  034  036  027  017 
 008  008  008  000  000  000  002  021  013  001  005  024  033  024  014  006 
 015  004  000  000  000  000  017  022  002  000  015  023  012  009  005  000 
 017  002  000  000  000  006  026  014  000  002  014  006  001  008  002  000 
 026  012  000  000  000  012  029  010  000  004  008  000  001  010  000  000 
 019  017  010  000  000  018  032  010  006  006  000  000  002  006  000  000 
 000  004  006  000  000  022  029  014  004  004  000  000  000  000  000  002 
 000  000  000  002  008  031  018  013  011  000  000  002  004  001  004  027 
 000  000  000  004  019  036  021  013  006  000  000  003  008  012  019  042 
 004  004  002  006  027  031  022  022  016  010  007  006  006  006  017  036 
 004  000  000  017  035  021  018  022  020  022  023  019  009  002  014  025 

Celda6

 000  000  001  005  002  000  000  001  001  001  002  001  000  000  000  000 
 000  000  002  012  005  000  000  004  002  000  004  004  001  000  000  000 
 000  000  004  023  011  000  002  012  002  000  002  007  006  000  000  000 
 000  000  000  023  014  000  014  022  000  000  000  004  011  003  000  004 
 018  018  014  006  008  014  032  035  006  000  000  000  010  016  017  023 
 012  010  010  002  000  028  040  020  000  000  000  000  006  025  030  018 
 000  000  006  010  012  041  044  006  000  000  000  002  011  031  026  018 
 000  000  002  013  021  039  029  000  000  000  010  009  019  032  010  014 
 000  000  002  006  009  011  009  000  000  000  015  011  023  022  002  012 
 000  010  003  000  000  000  000  000  000  015  018  023  031  015  004  019 
 014  017  000  000  000  000  000  002  016  020  022  038  036  014  010  024 
 023  016  000  000  000  000  002  015  017  011  024  041  025  008  004  021 
 038  017  000  000  000  000  014  020  012  014  029  032  003  000  002  021 
 044  020  011  000  000  004  030  023  005  016  036  026  000  000  008  026 
 030  006  000  000  010  035  047  033  024  042  049  016  000  000  014  028 
 012  000  000  000  023  042  034  025  031  051  045  016  011  016  042  046 

Celda7

 001  003  005  002  000  000  000  001  001  001  003  002  000  002  008  000 
 003  007  012  004  000  000  000  002  004  004  008  004  000  006  022  000 
 007  017  024  004  000  000  000  003  010  014  020  006  000  012  052  000 
 010  027  030  000  000  000  000  002  014  026  030  005  000  020  073  000 
 029  042  026  000  000  000  001  002  014  031  033  003  002  038  093  014 
 022  021  000  000  000  000  004  006  011  030  033  004  004  043  087  009 
 024  010  000  000  000  000  000  000  004  027  036  011  005  035  077  001 
 034  010  000  000  000  000  004  004  004  031  053  037  017  034  080  003 
 032  004  000  000  000  000  014  016  020  046  068  043  018  028  076  000 
 020  000  000  000  008  017  035  035  025  034  049  027  008  020  068  000 
 019  005  003  002  008  022  045  038  019  016  043  032  001  020  069  008 
 020  014  014  001  000  016  033  030  018  009  034  035  001  022  068  010 
 020  009  010  002  000  026  032  029  017  012  025  030  006  028  062  000 
 016  000  000  002  007  028  040  036  012  010  022  023  002  030  067  000 
 010  000  000  000  015  035  045  032  000  004  017  019  000  031  073  003 
 012  000  000  008  024  041  043  021  000  000  008  014  000  033  072  000 

Celda8

 000  000  000  000  000  000  020  018  008  003  032  042  003  004  006  002 
 000  000  000  000  000  010  038  034  018  014  013  043  013  000  000  000 
 000  000  000  000  000  024  047  032  014  019  008  031  017  000  000  000 
 001  002  001  000  002  032  037  020  000  006  000  016  022  000  000  004 
 002  004  006  009  019  039  030  015  001  000  000  006  030  006  004  006 
 002  006  012  018  036  048  033  017  006  005  005  000  034  014  000  000 
 003  006  012  016  036  045  030  020  010  007  010  002  026  020  000  000 
 002  004  006  006  027  033  017  010  002  000  004  002  013  027  003  000 
 000  000  000  000  026  023  006  000  000  000  006  010  002  032  008  000 
 000  000  000  000  029  012  000  000  000  006  014  015  006  030  014  002 
 001  001  002  005  034  008  000  001  008  014  014  016  010  023  022  006 
 001  004  010  022  044  014  012  014  015  010  011  018  020  021  026  004 
 000  003  012  034  045  018  010  006  005  005  010  019  022  014  023  002 
 000  002  006  029  031  011  006  001  007  010  015  018  019  013  018  006 
 000  000  000  021  023  009  012  011  022  021  018  013  012  008  006  006 
 000  000  001  019  023  006  015  020  029  017  008  004  002  000  000  009 

Celda9

 003  025  008  001  002  029  028  002  005  008  004  000  000  012  026  001 
 003  018  000  000  000  027  021  000  000  002  000  000  000  016  020  000 
 004  016  000  000  000  029  016  000  000  000  000  000  000  018  021  001 
 004  012  000  000  002  031  012  000  004  009  010  008  009  027  020  002 
 002  006  000  000  010  029  008  002  010  013  013  015  020  033  010  000 
 001  000  000  000  016  028  008  000  006  008  009  012  027  031  014  008 
 002  000  000  000  021  030  005  002  009  002  002  002  027  023  016  014 
 000  000  000  002  032  040  014  009  012  000  000  000  028  011  005  006 
 000  000  000  000  037  042  014  013  012  003  001  008  032  003  000  000 
 002  000  000  002  037  038  004  002  000  000  000  014  025  000  000  000 
 007  000  000  006  042  035  000  000  000  000  000  015  014  000  000  000 
 004  000  000  008  045  034  000  000  000  000  000  018  010  000  000  000 
 004  000  000  012  046  030  000  000  000  000  004  026  012  004  003  001 
 008  010  010  024  053  030  002  002  001  001  023  036  009  001  000  002 
 003  010  014  031  054  026  000  000  000  001  036  027  000  000  000  006 
 000  008  016  031  047  015  000  000  000  010  036  008  000  000  000  005 

Celda10

 000  000  000  019  028  000  000  000  006  001  000  004  014  010  012  033 
 000  000  002  017  010  000  000  000  004  000  000  000  004  004  000  032 
 004  008  009  008  000  000  000  005  000  000  000  000  000  002  004  033 
 002  012  016  012  010  011  012  009  000  000  000  000  004  007  011  024 
 011  020  022  022  022  020  013  002  000  000  007  008  008  012  012  000 
 033  031  022  018  012  004  000  000  000  010  015  007  007  014  012  000 
 034  018  005  002  000  000  000  000  008  014  009  002  004  010  008  008 
 012  005  000  000  000  000  000  000  005  005  002  000  004  006  006  010 
 000  000  000  000  000  005  008  001  000  000  000  004  010  010  010  008 
 000  000  000  004  013  022  012  000  000  000  002  012  021  016  014  004 
 000  000  008  030  024  012  008  006  000  000  001  024  021  014  010  003 
 000  006  031  030  003  000  005  010  001  000  014  030  008  004  004  008 
 003  020  032  009  000  000  000  003  000  000  026  026  000  000  008  018 
 010  023  016  000  003  002  000  000  004  016  034  008  000  000  016  024 
 014  008  003  000  000  003  000  000  006  029  023  002  000  012  018  024 
 002  000  000  002  000  000  002  004  010  025  008  008  010  021  010  019 

Celda11

 040  033  000  000  008  050  051  017  000  000  000  000  012  038  044  008 
 060  034  000  000  032  061  025  000  000  000  000  018  036  039  015  000 
 061  028  000  009  049  039  006  000  000  000  013  023  026  018  000  000 
 048  033  016  022  018  014  000  000  004  020  022  019  015  009  004  007 
 044  058  044  010  000  004  015  014  024  020  020  019  018  016  019  028 
 050  085  028  000  000  011  041  032  020  006  009  013  018  023  029  032 
 069  079  001  000  000  028  065  043  020  005  002  005  015  024  026  024 
 059  050  000  000  010  060  071  046  028  010  002  007  015  020  018  022 
 028  028  000  001  023  051  054  039  014  000  000  019  014  008  011  026 
 000  023  030  028  021  031  041  024  000  000  004  020  000  000  010  041 
 000  034  069  041  017  023  032  012  000  002  016  006  000  000  026  037 
 010  054  074  034  014  010  016  004  000  014  013  000  000  017  031  025 
 020  045  062  034  008  000  007  010  009  016  002  000  013  035  026  022 
 022  033  064  038  000  000  007  026  020  010  000  000  033  038  020  026 
 024  024  051  025  000  000  018  046  037  008  000  014  044  030  020  027 
 026  015  023  008  000  000  034  070  045  008  005  026  038  022  023  019 

Celda12

 000  000  002  012  016  008  006  027  026  026  026  015  000  000  000  000 
 000  014  015  002  004  012  012  013  027  032  028  016  000  000  000  000 
 000  019  021  010  001  008  022  033  040  029  024  013  000  000  000  000 
 010  013  014  012  014  017  029  039  034  022  020  005  000  000  000  000 
 030  021  014  013  025  037  034  028  020  021  022  004  000  000  000  000 
 030  030  035  048  064  062  037  018  012  010  002  000  000  000  004  016 
 026  035  061  083  095  076  043  022  008  000  000  000  000  000  006  032 
 032  054  079  093  087  057  046  034  020  002  000  000  000  014  015  024 
 046  059  074  074  051  028  026  028  024  018  012  009  011  027  022  014 
 043  044  058  056  027  012  008  008  008  016  026  032  033  037  016  004 
 028  033  049  048  018  010  000  000  000  006  020  030  032  026  012  000 
 024  030  036  033  006  002  000  000  000  001  008  014  019  020  016  014 
 030  025  020  020  000  000  000  000  000  000  000  006  015  016  022  025 
 030  018  010  006  000  000  000  000  000  000  002  013  022  019  024  027 
 019  008  000  000  000  000  000  000  001  002  011  023  023  019  019  017 
 005  000  000  000  000  000  000  002  004  004  017  025  019  012  008  005 

Celda13

 000  000  005  047  039  018  017  019  009  014  020  018  012  010  018  015 
 000  000  032  061  025  017  015  017  003  002  000  000  000  010  017  000 
 000  000  053  045  008  010  013  017  008  004  000  000  000  004  005  000 
 000  033  051  019  000  006  015  018  012  011  009  008  008  004  000  000 
 019  041  026  008  000  004  014  010  006  007  012  016  016  012  002  000 
 038  022  009  008  006  008  008  000  000  000  004  009  012  014  012  014 
 034  008  002  012  011  010  004  000  000  000  000  005  008  007  007  014 
 017  008  013  018  012  008  000  000  000  001  002  004  005  000  000  003 
 008  004  003  003  004  004  000  000  001  006  007  006  000  000  000  014 
 009  008  000  000  003  006  004  003  006  007  004  002  000  000  000  035 
 008  008  000  000  005  008  004  006  008  006  000  000  000  000  021  048 
 008  004  000  012  020  007  000  004  008  004  000  000  000  001  035  031 
 017  002  005  017  019  010  002  000  002  003  000  000  000  016  023  004 
 021  010  001  018  016  004  010  004  000  004  000  000  004  026  013  000 
 016  018  017  015  014  003  004  012  010  002  000  000  012  029  010  000 
 009  018  027  022  000  002  002  001  013  012  002  000  025  032  002  000 

Celda14

 000  000  000  010  038  020  003  014  029  042  027  014  019  039  068  063 
 000  000  004  036  023  000  000  020  034  030  010  001  007  040  064  040 
 000  000  033  035  000  000  006  030  031  022  012  000  006  034  038  000 
 000  018  051  019  000  000  018  034  020  016  017  002  008  034  028  000 
 002  035  038  002  000  000  022  024  011  019  022  006  008  024  014  000 
 025  041  010  000  000  000  024  014  011  027  018  002  005  014  002  000 
 039  035  007  000  000  009  023  018  034  046  024  004  000  005  000  000 
 037  022  012  008  014  027  020  020  037  036  013  010  006  000  000  000 
 037  008  006  012  024  033  020  027  033  022  003  000  000  004  008  011 
 037  000  000  004  024  027  022  028  026  010  000  000  000  004  001  014 
 026  000  000  002  029  020  016  018  013  000  000  000  005  012  009  016 
 000  000  000  015  029  008  004  003  000  000  000  000  020  015  010  022 
 000  000  000  022  014  000  000  000  000  000  000  016  043  027  022  024 
 000  000  006  020  005  000  000  000  000  000  000  031  040  021  026  028 
 000  000  018  019  003  005  010  010  004  002  009  039  024  010  026  030 
 000  003  025  018  013  021  020  018  012  013  036  042  013  015  031  025 

Celda15

 034  020  015  022  036  044  044  027  014  006  006  012  002  033  071  000 
 018  010  011  020  034  043  046  034  030  016  010  021  009  033  068  000 
 000  000  000  014  028  039  039  021  015  006  000  014  000  027  066  001 
 000  000  004  017  027  035  024  001  000  000  000  007  000  036  076  002 
 000  000  014  019  030  033  009  000  000  000  000  000  000  049  090  007 
 000  006  016  024  033  028  000  000  000  000  000  000  000  062  105  009 
 000  012  018  028  036  022  000  000  000  000  000  000  013  075  104  005 
 003  012  016  028  035  020  000  000  000  002  000  013  034  077  096  004 
 010  010  013  022  023  010  000  000  000  000  000  034  042  068  089  008 
 022  025  033  033  013  000  000  004  000  000  008  036  027  052  079  003 
 023  025  034  031  018  014  010  004  000  003  039  042  024  051  076  000 
 015  011  018  010  001  004  010  014  016  035  058  044  032  064  085  010 
 012  010  012  000  000  000  001  004  013  030  036  025  030  067  086  018 
 016  015  006  000  000  000  013  014  013  018  022  024  029  052  065  004 
 028  020  000  000  000  008  023  018  005  012  027  031  024  040  056  000 
 018  014  006  008  025  047  034  005  004  016  024  023  021  042  058  002 

Celda16

 000  001  002  014  022  000  000  009  020  009  004  002  000  000  000  012 
 000  000  000  007  017  004  000  006  010  002  003  000  000  000  000  016 
 000  000  000  003  012  006  002  007  014  000  000  000  000  000  004  020 
 000  000  000  008  010  004  002  003  008  000  000  000  000  004  010  002 
 000  000  000  018  018  004  000  000  000  000  000  000  002  009  000  000 
 001  000  000  016  031  008  000  000  000  000  000  004  012  010  001  000 
 003  005  001  000  030  011  000  000  000  000  011  008  004  004  010  008 
 002  006  014  015  012  000  000  000  010  014  009  000  000  000  012  022 
 001  005  018  029  022  002  000  012  027  020  000  000  000  000  009  022 
 002  006  013  018  015  009  006  034  043  025  006  000  000  000  004  014 
 002  003  002  000  006  020  025  035  034  016  010  010  010  009  005  003 
 000  000  000  000  004  022  033  027  022  008  000  008  018  018  012  005 
 000  000  001  006  014  014  022  028  016  000  000  000  012  016  014  012 
 001  002  008  013  017  010  014  018  018  006  000  008  007  002  006  009 
 002  004  006  006  006  004  005  000  005  012  014  011  004  000  000  000 
 001  002  004  002  000  000  000  000  000  002  012  014  006  000  000  000 

Celda17

 008  006  014  023  033  001  000  000  000  029  032  000  000  000  000  003 
 022  000  004  010  021  000  000  000  003  038  034  000  000  000  000  002 
 022  000  000  004  018  000  000  004  002  035  032  000  000  000  000  004 
 013  000  000  002  018  000  000  004  004  029  026  000  000  000  001  003 
 009  012  000  005  014  003  000  000  004  039  030  004  004  010  014  010 
 006  028  011  009  014  004  000  000  008  041  025  007  008  012  012  010 
 000  032  023  006  016  013  009  001  010  036  014  000  000  000  000  000 
 020  030  020  012  018  008  007  002  004  034  016  000  000  000  000  000 
 026  009  004  014  029  009  000  000  000  031  020  000  000  000  000  000 
 015  000  000  016  037  020  000  002  003  028  023  002  004  006  006  008 
 000  000  000  014  040  030  000  003  010  033  031  010  013  014  014  014 
 000  000  000  008  035  034  012  000  004  028  036  020  017  016  012  008 
 012  013  012  004  024  028  020  002  000  022  034  018  009  008  004  002 
 016  026  028  020  025  024  014  005  002  025  039  018  000  000  000  000 
 010  026  032  026  025  028  010  000  001  023  040  024  006  000  000  000 
 000  016  028  026  013  018  009  009  002  013  034  029  015  001  000  000 

Celda18

 000  000  000  002  001  000  002  008  016  021  004  008  012  007  000  004 
 000  000  000  000  000  000  000  004  021  018  004  002  006  001  000  000 
 003  003  000  000  000  000  000  003  017  000  000  002  007  006  004  000 
 002  002  000  000  000  000  000  009  014  000  000  012  011  009  012  009 
 006  000  000  000  000  000  000  012  004  000  001  021  003  000  002  010 
 008  008  003  000  000  000  006  017  000  000  010  020  000  000  001  004 
 002  004  002  000  000  000  010  016  000  000  016  012  000  000  010  013 
 001  000  000  000  000  000  012  014  000  000  015  004  000  013  019  016 
 000  000  000  000  000  000  010  010  000  006  012  000  004  014  007  004 
 006  001  000  000  002  004  004  002  003  015  008  000  008  016  006  002 
 011  007  006  009  016  022  020  008  002  019  005  000  010  018  006  000 
 005  006  010  016  025  023  018  010  006  022  000  000  013  022  008  000 
 002  006  013  017  015  006  000  002  014  021  000  000  016  024  010  000 
 003  007  008  006  000  000  000  000  020  014  004  001  017  020  013  006 
 002  003  000  000  000  000  000  000  029  005  003  006  016  012  014  012 
 000  000  000  000  000  000  000  006  038  010  000  002  008  006  012  017 

Celda19

 015  008  000  000  000  000  057  081  033  000  003  028  029  018  018  008 
 000  000  000  000  000  022  067  067  016  000  002  027  022  013  010  002 
 000  000  000  000  021  036  050  046  013  000  020  027  013  005  000  000 
 003  002  006  008  034  028  024  040  025  025  034  022  003  000  000  001 
 018  025  029  027  034  011  012  042  044  037  026  012  002  000  000  000 
 020  034  042  039  020  000  006  044  052  030  010  002  000  000  003  004 
 018  026  032  031  016  000  003  042  050  036  019  000  000  000  000  000 
 014  008  010  012  012  008  000  033  044  037  024  004  000  000  000  000 
 004  000  000  000  010  020  022  045  049  025  020  012  000  000  000  000 
 002  000  000  000  010  016  019  047  046  011  012  021  012  010  014  015 
 000  000  000  008  011  009  006  033  030  004  004  026  020  004  006  008 
 000  007  013  013  014  013  010  028  026  004  002  024  024  000  000  000 
 002  009  016  014  013  018  018  019  020  000  000  017  026  004  000  004 
 004  012  018  008  002  008  012  001  008  010  002  008  018  012  000  015 
 011  022  019  002  000  000  001  000  000  021  018  000  001  016  021  017 
 021  024  006  000  000  000  000  002  000  026  030  000  000  016  036  027 

Celda20

 000  000  000  000  000  002  000  000  000  004  023  028  017  009  005  004 
 000  000  000  000  000  003  000  000  000  020  032  026  011  006  008  008 
 000  000  000  000  000  000  000  000  017  036  027  010  000  000  000  002 
 000  000  000  000  000  000  000  015  037  028  004  000  000  000  000  000 
 000  000  000  000  000  000  008  033  027  006  000  000  000  002  000  000 
 000  000  000  000  001  000  018  023  012  000  000  000  002  007  002  000 
 000  000  000  000  006  011  014  010  006  004  000  000  000  007  007  000 
 000  000  000  000  009  018  012  002  006  010  005  000  000  004  008  000 
 000  000  000  000  009  016  006  003  010  013  009  004  000  004  004  000 
 014  013  016  020  020  013  003  012  023  014  002  004  007  006  000  000 
 008  010  018  026  022  016  022  037  039  021  014  008  012  006  000  000 
 000  000  006  006  006  008  023  029  019  004  006  012  021  015  010  011 
 008  010  006  000  000  004  011  010  002  000  001  012  018  010  008  010 
 024  026  020  014  013  012  003  000  000  001  015  022  010  000  000  000 
 021  024  029  032  034  028  014  003  000  010  032  026  000  000  000  000 
 014  014  020  026  027  026  024  022  023  037  047  023  002  000  000  013 

Celda21

 006  010  017  018  001  000  012  007  000  008  012  031  055  027  000  000 
 006  004  006  003  000  000  009  022  012  002  018  052  047  008  000  000 
 004  000  002  000  000  002  000  024  022  012  025  037  002  000  000  004 
 000  000  000  000  000  014  020  017  016  024  026  013  000  000  016  046 
 000  000  000  000  000  015  028  024  008  020  024  009  000  008  034  057 
 000  000  000  000  000  012  023  026  024  008  007  011  016  019  025  018 
 000  000  000  002  006  018  017  020  024  018  002  005  025  025  014  004 
 000  000  000  016  018  013  010  010  010  012  013  000  009  022  022  014 
 000  000  009  027  011  002  005  000  000  002  010  008  000  014  032  030 
 000  000  016  020  004  001  006  000  000  000  000  004  010  014  031  034 
 000  003  014  012  002  003  006  000  000  000  000  000  008  018  027  023 
 016  019  016  006  002  002  002  000  000  000  000  000  002  006  008  010 
 017  025  026  022  016  009  000  000  000  000  000  000  002  000  002  008 
 008  019  024  028  030  025  017  010  006  004  005  007  006  004  010  019 
 018  020  016  021  025  025  026  029  030  025  021  018  013  010  016  008 
 030  016  010  013  010  013  022  034  038  039  038  033  025  019  013  000 

Celda22

 000  016  028  013  013  020  017  012  011  021  052  026  010  023  030  012 
 007  035  021  003  012  020  012  004  008  034  033  002  000  024  021  004 
 044  040  000  000  016  026  012  000  006  028  000  000  004  027  019  013 
 066  019  000  000  020  024  008  005  019  009  000  000  031  045  038  031 
 037  011  004  010  029  010  005  021  024  000  000  015  055  057  045  021 
 000  002  022  049  039  014  006  026  016  000  000  028  044  036  018  002 
 000  007  039  054  033  025  028  028  000  000  010  027  030  028  014  000 
 007  025  040  020  008  018  034  022  007  003  026  027  022  026  016  002 
 023  024  012  000  000  003  016  008  014  029  042  027  017  021  018  010 
 028  016  002  000  000  012  004  000  011  036  035  019  009  010  016  017 
 018  008  002  006  014  014  000  000  015  021  013  008  012  015  017  014 
 005  000  012  030  034  016  005  006  014  011  008  010  019  027  028  014 
 001  000  020  046  035  007  006  013  017  016  018  022  024  019  010  005 
 008  008  034  050  024  004  004  009  015  022  027  024  013  001  000  000 
 000  000  033  036  008  000  010  014  014  019  021  012  000  000  000  000 
 000  010  034  025  000  000  006  016  022  028  022  006  000  000  000  002 

Celda23

 000  002  018  043  073  064  036  013  003  020  022  022  026  048  060  007 
 002  012  033  057  055  034  026  024  028  041  025  019  028  041  052  000 
 023  038  044  034  015  006  008  018  047  060  042  033  022  034  055  000 
 027  029  024  011  010  010  010  015  055  062  048  050  037  034  052  000 
 007  013  017  012  015  019  018  019  059  056  034  033  030  026  056  010 
 002  020  030  023  018  014  012  022  061  048  012  002  000  002  043  006 
 004  032  037  023  006  000  002  032  058  030  000  000  000  015  052  012 
 014  034  030  004  000  000  006  042  041  008  000  002  014  037  061  019 
 017  028  012  000  000  001  029  034  019  000  000  000  007  030  048  010 
 020  017  000  000  002  023  021  009  010  000  000  004  011  030  045  009 
 015  008  000  000  018  020  006  004  006  000  000  013  030  040  047  012 
 000  000  004  011  020  016  006  004  002  000  010  033  031  031  034  002 
 000  000  009  010  010  015  014  006  000  005  028  032  010  021  031  000 
 000  009  020  009  002  012  015  004  000  016  036  022  000  016  033  000 
 006  018  018  012  016  020  006  000  006  026  033  016  000  013  034  000 
 021  026  017  012  016  017  012  004  004  024  026  014  002  017  037  000 

Celda24

 000  000  000  000  000  000  000  000  000  000  000  004  009  005  000  000 
 000  000  000  000  002  000  000  000  002  000  000  004  000  004  004  004 
 000  000  000  000  010  000  002  001  000  000  000  005  000  000  002  011 
 001  000  000  000  015  010  000  002  000  000  000  002  000  000  000  011 
 000  000  000  000  010  015  002  000  000  000  001  000  000  000  000  014 
 000  000  000  000  002  007  004  000  000  000  007  000  000  000  009  011 
 000  000  000  000  000  000  000  000  000  000  008  000  000  000  012  007 
 000  000  000  000  000  000  000  000  000  000  002  000  000  008  012  001 
 000  000  000  000  012  000  000  002  000  000  000  000  002  021  016  000 
 001  002  000  000  020  007  000  004  011  007  004  000  003  028  018  000 
 002  006  015  014  013  019  010  011  014  004  002  003  005  024  016  000 
 002  007  021  030  018  016  018  010  006  000  000  002  014  018  008  000 
 002  006  018  027  021  006  026  018  009  000  000  003  024  016  004  000 
 002  004  008  011  014  012  031  024  006  001  000  007  023  010  008  002 
 000  000  000  000  006  014  023  018  000  000  000  010  016  000  002  006 
 000  000  000  000  007  011  000  011  000  000  000  010  012  000  000  006 

Celda25

 004  005  016  018  008  010  010  006  005  001  026  030  019  005  000  000 
 012  001  000  003  001  007  018  002  001  000  023  028  014  004  000  000 
 015  002  000  000  000  008  025  004  000  000  023  028  012  004  000  000 
 010  009  008  008  008  015  031  006  002  000  016  028  019  010  000  000 
 005  006  010  015  016  017  033  009  008  001  000  026  030  021  000  000 
 000  000  000  006  010  006  024  003  007  004  000  020  038  028  002  000 
 000  000  000  000  000  000  019  002  000  000  000  010  038  031  005  000 
 000  000  000  000  000  000  012  006  000  002  000  000  032  034  010  000 
 000  000  000  000  000  000  007  009  002  008  010  001  017  031  014  000 
 000  000  000  004  008  007  007  011  003  009  016  016  004  022  015  000 
 000  000  006  006  012  012  006  008  001  006  012  016  012  016  012  000 
 000  000  016  011  012  013  008  007  002  003  004  006  008  015  017  007 
 000  012  030  016  011  012  010  007  004  002  003  006  006  011  018  011 
 000  024  031  014  012  014  012  009  007  008  010  012  010  004  015  004 
 006  025  023  009  008  012  014  014  015  017  017  014  008  001  015  004 
 010  023  020  010  004  010  014  016  016  017  016  012  007  000  012  010 

Celda26

 000  000  000  000  000  000  000  010  042  012  000  000  004  002  011  022 
 002  003  000  000  000  000  000  016  042  008  000  000  004  002  012  022 
 002  009  000  000  000  000  000  023  039  002  000  000  002  004  014  017 
 000  012  002  000  000  000  000  030  037  000  000  000  000  004  013  009 
 000  007  002  000  000  000  000  034  033  000  000  000  000  005  009  002 
 000  000  000  000  000  000  000  036  027  000  002  003  002  011  010  002 
 000  000  000  000  000  000  008  038  026  004  006  008  009  018  011  006 
 000  001  007  004  003  002  014  035  025  007  002  007  013  016  004  000 
 000  011  018  008  010  009  015  026  020  011  005  004  010  005  000  000 
 000  018  028  009  012  012  016  020  010  008  008  013  014  000  000  000 
 000  020  038  015  008  011  022  026  010  000  008  019  017  001  000  000 
 004  016  040  020  000  004  028  031  021  020  026  031  014  000  000  004 
 012  005  034  022  000  002  038  035  024  030  041  037  014  000  000  010 
 004  000  024  024  006  027  050  034  018  022  035  025  017  008  000  014 
 000  000  018  033  035  049  049  021  007  015  026  015  016  020  019  019 
 002  006  018  048  051  048  034  008  004  021  028  014  016  026  032  026 

Celda27

 024  012  000  000  000  000  006  010  004  016  028  000  000  014  035  032 
 019  004  000  000  000  006  010  014  011  000  021  010  004  018  022  027 
 006  000  000  000  001  017  011  010  014  010  019  030  025  011  003  020 
 000  001  008  006  013  026  008  006  014  020  029  044  024  006  000  018 
 000  007  012  008  015  021  000  000  008  016  015  029  010  003  006  024 
 000  010  010  006  018  018  000  000  002  008  002  017  012  000  006  019 
 004  009  004  002  018  017  000  000  002  006  004  004  012  004  006  008 
 000  005  001  001  016  013  000  000  002  006  010  000  005  014  016  006 
 000  003  000  003  012  006  000  002  008  002  006  002  000  021  026  006 
 005  002  000  006  011  000  000  006  011  000  000  002  002  025  028  004 
 006  002  000  009  015  006  011  016  013  002  004  010  015  029  018  001 
 004  000  000  010  019  016  016  016  012  009  012  016  019  020  007  000 
 007  004  006  016  020  016  010  008  011  013  011  009  012  011  001  000 
 012  011  018  022  015  010  006  002  008  005  000  000  003  006  000  000 
 016  017  021  016  009  001  004  006  008  000  000  000  012  008  007  007 
 019  015  010  002  005  006  006  009  006  000  000  000  021  012  024  033 

Celda28

 020  009  000  003  004  009  018  026  028  047  050  024  012  008  008  028 
 027  014  000  000  000  002  014  020  021  041  037  018  016  017  022  039 
 034  020  000  000  003  014  013  012  012  023  010  000  006  016  031  043 
 040  026  005  006  010  010  003  000  000  006  002  000  004  018  033  033 
 034  027  008  002  003  001  000  000  002  000  000  011  021  018  018  011 
 019  024  017  004  000  000  000  006  012  009  015  032  020  003  000  004 
 004  016  024  011  000  000  000  013  020  014  018  021  000  000  000  008 
 000  006  022  020  006  000  000  017  022  012  011  006  000  000  004  019 
 000  000  015  030  017  000  001  016  020  014  012  002  001  007  019  031 
 000  000  010  035  026  001  004  011  014  014  014  002  000  008  025  032 
 000  004  017  032  026  004  002  005  009  015  012  000  004  016  023  020 
 002  015  023  021  018  012  007  009  012  016  008  000  010  023  015  008 
 012  023  015  002  012  020  019  014  014  018  013  012  024  021  008  008 
 022  026  000  000  010  031  029  015  010  014  016  020  023  009  003  018 
 034  026  000  000  014  043  039  017  007  002  010  013  008  000  005  024 
 043  010  000  000  020  051  041  010  001  000  009  016  008  000  007  018 

Celda29

 029  004  002  006  002  009  022  031  035  042  044  041  038  032  023  012 
 027  008  008  012  009  012  023  029  031  032  032  032  036  038  033  030 
 028  022  025  026  021  020  025  029  022  010  008  012  018  022  026  033 
 020  024  035  033  033  035  037  029  008  000  003  009  010  012  016  026 
 004  017  026  022  029  040  034  023  010  009  020  026  025  023  024  026 
 007  017  014  008  019  023  014  011  010  014  033  034  038  038  036  034 
 018  022  010  005  012  009  000  001  008  012  033  029  032  032  030  031 
 029  024  012  007  005  006  002  001  006  012  037  030  017  012  009  018 
 035  025  011  006  002  006  007  001  003  016  040  025  008  002  000  009 
 030  015  002  000  000  004  006  000  000  015  031  015  004  001  000  013 
 011  001  000  000  000  001  006  001  000  014  027  014  002  000  000  024 
 006  003  004  005  002  000  006  001  000  016  028  014  000  000  001  034 
 014  024  018  011  007  004  000  000  000  020  028  010  000  000  002  027 
 034  028  010  007  009  011  006  000  000  021  028  006  000  000  011  008 
 022  008  000  000  004  011  012  002  000  022  034  009  004  006  011  000 
 011  002  002  005  006  005  006  000  000  023  046  024  012  011  000  000 

Celda30

 008  023  037  019  000  000  000  010  022  029  020  006  000  000  000  014 
 034  052  047  015  002  005  014  018  020  016  008  004  001  000  002  021 
 044  063  045  028  017  023  022  020  015  000  000  000  008  012  014  022 
 041  056  041  040  038  036  026  020  015  004  000  000  010  026  022  020 
 043  048  034  038  042  038  030  026  024  020  017  015  020  034  022  018 
 050  046  030  032  036  036  032  030  029  031  036  044  053  059  040  027 
 050  038  024  022  022  020  018  016  016  023  038  054  067  068  054  045 
 032  012  006  002  000  000  000  000  001  018  038  050  058  059  054  052 
 016  000  000  000  000  000  000  000  008  037  042  030  029  036  029  028 
 018  000  000  000  001  010  016  020  041  051  027  013  008  019  011  010 
 031  006  000  006  035  041  045  052  058  044  020  020  018  019  014  011 
 022  000  000  028  062  053  050  056  044  030  022  025  022  014  020  014 
 004  000  000  046  063  035  026  024  018  015  012  009  006  006  024  016 
 000  000  012  052  045  010  000  000  000  000  000  000  000  002  023  007 
 000  000  026  048  041  014  000  000  000  000  000  000  002  000  014  002 
 000  019  052  037  028  017  000  000  000  002  002  004  002  000  002  006 

Celda31

 032  029  015  004  002  004  000  000  000  008  014  014  010  028  046  000 
 030  022  004  000  000  000  000  000  000  000  006  012  014  036  054  000 
 026  021  003  000  000  000  000  000  015  030  039  039  029  040  051  000 
 024  020  005  000  006  011  013  029  043  042  033  025  018  033  051  004 
 024  020  009  010  016  012  015  033  037  018  005  000  001  026  053  012 
 024  016  007  009  012  006  011  027  019  001  000  000  001  025  048  004 
 038  018  000  000  013  019  019  015  008  004  000  001  000  025  049  000 
 046  036  026  017  015  021  018  006  004  011  009  000  000  022  049  000 
 026  028  032  038  036  036  016  000  001  009  009  002  000  020  051  000 
 010  012  021  032  035  031  028  030  028  020  010  000  000  016  053  000 
 012  012  018  027  030  026  026  030  034  038  038  034  024  022  056  003 
 016  018  033  035  032  029  024  020  020  024  030  036  035  031  070  023 
 016  017  033  027  022  026  026  021  014  008  012  012  018  027  071  029 
 004  006  017  008  003  009  014  016  014  007  001  000  000  026  066  024 
 000  002  007  004  004  000  000  004  008  009  000  000  000  031  057  011 
 007  009  000  000  005  004  000  000  000  004  003  000  001  038  049  000 

Celda32

 000  001  002  004  006  006  000  002  000  000  000  009  010  002  002  005 
 001  002  001  000  000  002  004  000  000  000  000  011  015  008  004  003 
 000  000  000  000  000  000  004  002  000  000  000  018  020  003  000  001 
 000  000  000  000  001  000  000  002  000  000  012  028  017  000  000  007 
 000  000  000  000  001  000  000  004  004  000  020  032  007  000  000  018 
 000  000  000  000  002  004  006  010  009  004  016  031  002  000  004  030 
 001  002  004  006  010  015  011  011  010  009  011  023  000  000  011  036 
 000  000  002  006  009  012  008  008  010  014  012  009  000  000  014  034 
 000  000  000  000  000  002  003  000  002  011  013  005  000  000  017  030 
 000  000  002  000  000  000  000  000  000  004  010  008  004  006  031  037 
 001  002  004  002  000  000  000  000  000  000  001  002  004  017  038  036 
 001  002  003  002  002  000  000  000  000  006  000  000  000  019  031  021 
 000  000  002  004  004  000  000  000  000  011  000  000  000  019  020  010 
 000  000  000  000  000  000  000  000  000  023  008  004  000  021  018  003 
 000  000  000  000  000  000  000  000  006  029  006  001  000  023  023  013 
 000  000  000  000  002  002  000  000  017  024  000  000  000  024  024  015 

Celda33

 014  020  018  013  004  008  012  012  009  008  008  008  008  005  011  023 
 013  012  008  010  004  002  006  006  002  000  001  006  012  016  027  041 
 012  006  000  006  006  000  000  002  002  000  002  012  022  028  031  036 
 017  008  004  002  002  000  000  000  000  000  004  018  031  032  020  016 
 024  013  010  009  001  000  000  000  000  000  003  019  022  018  006  002 
 029  016  010  008  004  000  000  000  000  002  013  011  000  000  000  002 
 026  010  003  003  006  008  006  006  016  021  013  000  000  000  000  006 
 028  014  004  000  002  008  013  018  029  021  008  002  000  000  002  011 
 026  016  006  000  000  001  014  028  024  010  003  004  008  011  014  013 
 028  015  002  000  000  012  026  023  012  002  000  000  006  014  018  012 
 024  009  000  002  024  034  024  008  000  000  000  000  000  006  012  007 
 010  005  007  031  045  030  011  002  000  000  000  000  000  000  005  006 
 008  011  022  039  030  008  002  000  000  002  004  004  004  005  006  006 
 006  016  024  024  008  000  000  000  002  010  014  016  016  014  010  006 
 011  009  018  018  004  000  000  000  004  012  016  018  017  014  010  012 
 006  000  004  014  008  003  008  010  007  010  011  013  014  013  015  019 

Celda34

 014  018  019  046  046  036  021  008  013  036  033  016  016  024  030  030 
 020  020  014  038  046  036  017  004  018  038  023  010  012  016  016  018 
 012  012  012  037  054  041  011  000  018  029  008  004  008  008  006  006 
 002  006  012  041  056  033  004  004  026  027  008  007  009  006  004  004 
 002  007  013  035  043  020  002  014  037  027  012  010  008  006  005  006 
 012  006  004  017  035  019  005  030  042  020  010  011  008  007  008  009 
 020  000  000  010  038  027  017  042  038  009  007  011  006  006  008  006 
 020  000  000  004  040  040  032  040  024  001  008  012  004  006  004  000 
 013  000  000  000  035  050  048  038  016  004  015  017  008  007  002  000 
 000  000  002  002  026  054  055  036  013  014  021  013  002  000  000  002 
 000  000  004  012  040  068  061  026  008  022  029  008  000  000  000  006 
 003  006  010  014  043  065  049  014  002  026  034  008  000  000  004  006 
 006  011  008  003  024  048  032  002  001  034  041  012  000  004  008  008 
 004  004  000  000  010  048  032  000  004  044  048  018  000  002  005  004 
 010  001  000  000  000  048  040  000  007  047  052  023  004  002  000  000 
 019  011  000  000  000  058  060  010  000  042  050  028  012  005  000  000 

Celda35

 024  010  003  004  001  003  013  020  010  000  000  005  032  022  026  035 
 020  018  008  000  006  007  015  025  018  014  008  008  035  027  014  012 
 010  016  016  007  000  012  022  024  010  015  020  028  047  028  007  000 
 005  007  012  014  011  016  024  022  002  010  024  043  050  025  006  000 
 006  004  010  020  022  018  022  021  011  010  022  046  043  028  021  016 
 008  007  012  016  018  017  025  032  024  014  019  043  035  026  024  022 
 003  001  002  006  010  016  030  034  019  007  019  043  031  020  018  018 
 000  000  002  004  010  019  029  022  004  000  023  046  027  016  014  014 
 000  006  007  009  013  022  024  011  004  002  028  042  016  008  010  012 
 006  009  007  009  019  023  015  007  007  006  022  036  010  000  004  012 
 010  006  004  010  024  018  005  002  001  000  016  029  009  000  005  012 
 005  002  002  016  024  007  000  000  000  000  015  022  006  007  013  008 
 002  000  004  018  015  000  000  000  000  000  023  016  002  008  014  010 
 000  000  009  017  010  003  004  004  002  009  020  005  000  008  014  010 
 000  000  015  019  014  008  010  010  008  008  010  000  000  010  016  013 
 004  008  016  017  014  008  008  011  010  006  006  000  000  010  020  017 

Celda36

 023  000  000  000  022  049  042  008  000  000  006  014  010  003  008  012 
 007  000  000  000  014  039  042  015  000  001  011  015  009  004  009  012 
 000  002  002  000  000  030  046  030  010  006  006  008  004  003  012  016 
 000  003  004  000  000  024  054  045  022  008  005  006  002  002  014  020 
 012  014  016  012  000  018  053  051  030  008  000  005  004  004  014  018 
 022  025  030  034  034  031  051  047  031  006  000  006  008  006  012  015 
 020  024  029  036  042  038  048  044  028  007  003  014  013  008  016  021 
 016  018  023  030  036  036  034  027  020  014  016  025  016  007  016  023 
 016  018  020  023  024  025  024  010  006  020  026  023  010  008  018  027 
 018  018  016  014  010  011  016  014  000  016  038  028  001  000  015  027 
 016  016  011  006  004  004  010  010  007  003  036  034  008  000  016  026 
 005  007  006  005  006  004  007  005  013  012  020  032  018  012  028  028 
 004  000  003  006  008  008  012  012  022  022  006  018  027  030  032  026 
 006  000  000  004  008  010  022  021  026  025  016  000  026  043  039  019 
 006  000  000  003  010  010  025  022  018  018  018  014  015  042  045  024 
 006  000  002  010  014  010  018  010  004  008  014  018  015  029  040  024 

Celda37

 004  000  006  013  013  002  000  000  000  022  056  029  002  004  000  000 
 010  011  018  021  014  000  000  000  000  018  056  036  000  000  000  000 
 013  015  017  013  004  000  000  000  000  010  044  038  006  000  000  000 
 015  011  006  002  000  000  000  000  001  013  026  032  006  000  000  028 
 014  010  005  004  000  000  000  000  004  018  010  015  000  000  002  046 
 008  003  002  004  000  000  000  000  016  008  000  000  000  000  024  050 
 013  008  009  008  000  000  000  012  022  001  000  000  000  016  043  045 
 018  016  023  021  016  010  009  020  014  000  000  000  000  030  045  034 
 018  010  012  004  001  002  011  028  015  004  000  004  007  026  034  026 
 017  002  000  000  000  000  014  029  016  015  016  018  016  018  017  019 
 014  000  000  000  000  000  032  027  010  012  014  016  015  014  014  022 
 010  000  000  000  000  033  053  026  008  004  005  008  013  014  016  029 
 009  003  002  004  015  057  051  018  008  003  004  012  025  025  017  016 
 006  004  002  002  022  048  029  009  008  008  012  034  047  038  026  008 
 004  000  000  000  022  037  019  006  010  012  018  049  045  030  023  014 
 006  000  000  000  034  041  024  009  012  013  015  034  020  008  007  010 

Celda38

 000  059  056  019  012  018  005  003  007  009  005  000  000  000  000  017 
 039  074  040  012  002  016  016  008  004  003  000  000  000  000  000  026 
 063  066  029  018  014  015  020  005  000  000  000  000  000  000  016  044 
 065  049  024  017  016  005  015  007  000  000  000  000  000  004  033  041 
 050  032  016  000  000  000  008  011  000  000  000  000  000  020  028  021 
 036  027  017  000  000  000  001  014  002  000  000  000  015  025  015  009 
 024  021  016  001  000  000  000  016  005  000  000  000  030  027  007  002 
 018  017  013  004  000  000  000  015  006  000  000  000  032  030  011  004 
 019  016  008  004  000  000  000  007  000  000  000  000  024  026  016  008 
 020  012  002  000  002  000  000  000  000  000  000  000  014  017  014  008 
 026  011  000  000  000  000  000  000  000  000  000  003  007  008  008  004 
 036  022  019  020  017  009  000  000  000  000  005  009  003  000  002  003 
 022  009  005  018  028  030  025  020  016  010  012  019  006  000  000  002 
 010  010  006  008  010  020  026  030  030  023  014  020  006  007  006  007 
 002  000  012  021  012  002  010  017  020  016  007  005  000  000  008  030 
 016  016  010  018  014  002  000  000  003  005  002  000  000  006  026  040 

Celda39

 024  012  001  000  004  006  001  000  000  000  000  002  007  036  046  000 
 031  006  000  000  002  007  000  000  002  000  000  003  022  039  040  000 
 030  000  000  000  000  004  000  000  004  000  000  008  023  032  038  006 
 017  000  000  000  000  000  000  000  004  000  000  014  021  020  028  000 
 002  000  000  000  000  000  000  000  000  000  000  012  015  020  035  000 
 000  000  000  000  002  000  000  000  000  000  000  010  007  020  044  000 
 000  000  000  000  000  000  000  000  000  000  005  021  020  035  058  011 
 001  000  000  000  000  000  000  000  000  000  037  049  031  036  055  012 
 001  000  000  000  000  000  001  000  004  032  052  036  007  015  040  001 
 000  000  000  000  018  017  012  009  017  039  032  008  000  011  040  000 
 002  008  013  025  019  001  000  000  026  035  012  000  000  007  042  000 
 007  018  024  014  000  000  000  012  040  029  003  000  000  012  053  000 
 010  020  024  009  000  000  004  024  027  004  000  000  000  032  080  020 
 020  024  012  000  000  001  010  016  014  000  000  000  003  048  072  006 
 041  031  014  014  032  034  019  002  000  000  000  000  012  046  064  000 
 026  008  009  033  043  025  018  018  018  022  029  030  028  052  071  007 

Celda40

 000  000  000  004  018  006  000  001  026  013  000  000  000  020  024  015 
 000  000  000  006  011  000  000  006  032  003  000  000  006  010  013  017 
 000  000  000  000  000  000  000  023  032  004  000  000  020  006  000  016 
 001  002  001  000  000  000  000  029  012  000  000  006  024  009  006  015 
 000  000  000  000  000  000  000  020  000  000  000  015  022  000  000  012 
 000  000  000  000  000  000  003  014  000  000  000  016  020  000  000  012 
 000  000  000  000  000  000  006  008  000  000  000  014  016  000  000  010 
 003  006  011  008  002  000  006  005  000  000  008  037  042  026  020  016 
 005  012  024  026  024  022  024  024  018  016  032  069  065  042  032  022 
 002  004  008  008  010  018  034  037  030  026  053  084  059  035  026  019 
 000  000  000  000  000  009  023  019  013  016  055  072  035  022  020  012 
 000  000  000  000  013  014  012  002  000  000  045  053  021  014  015  004 
 000  000  000  000  022  010  006  000  000  008  048  051  026  014  014  006 
 001  002  005  004  020  007  004  000  000  022  066  061  032  014  016  019 
 003  008  014  013  023  014  004  002  001  041  081  065  029  014  021  030 
 003  007  014  016  026  015  004  004  008  051  084  062  025  014  020  028 

Celda41

 000  000  000  012  013  014  021  017  003  002  004  007  009  013  018  022 
 003  000  010  021  020  021  020  006  000  000  002  000  004  010  014  016 
 016  008  014  012  011  018  013  000  000  003  006  001  005  007  006  008 
 025  016  007  004  008  018  008  000  000  010  008  002  003  000  000  000 
 021  010  005  004  007  013  002  000  003  014  007  002  001  000  000  000 
 018  009  008  010  007  004  000  000  007  010  004  003  003  000  000  000 
 024  022  028  037  032  019  010  004  005  004  004  006  010  011  010  008 
 045  053  053  056  043  032  026  020  018  023  034  041  039  035  028  022 
 055  059  045  036  019  014  016  018  017  030  046  045  036  030  024  019 
 046  048  024  010  000  000  000  009  012  023  032  019  007  006  005  004 
 026  039  018  005  000  000  000  018  023  026  019  006  000  004  000  000 
 014  041  026  011  005  003  016  038  037  030  015  000  000  008  000  000 
 004  045  038  017  004  002  022  038  026  016  015  008  000  002  000  000 
 018  063  060  021  004  002  025  027  011  000  006  013  008  000  000  000 
 032  073  067  018  010  008  032  021  004  002  000  006  009  004  000  008 
 025  052  047  006  007  015  041  023  006  000  000  000  000  001  014  024 

Celda42

 022  015  004  004  015  094  081  020  001  035  048  030  020  008  000  000 
 017  010  002  005  030  094  059  009  001  031  048  026  014  008  002  002 
 010  008  004  007  031  072  032  000  004  041  056  021  000  002  008  009 
 004  011  014  014  023  054  028  000  004  049  058  018  000  000  008  011 
 000  013  019  014  009  042  026  000  005  051  050  007  003  006  011  006 
 000  006  012  012  004  036  032  006  009  046  034  000  000  010  020  014 
 002  000  004  009  006  035  039  006  002  038  027  000  000  020  018  014 
 010  000  000  006  004  030  041  000  000  034  026  000  005  027  013  008 
 011  003  002  005  002  022  042  000  000  034  026  000  011  030  014  008 
 002  007  012  012  008  018  040  000  000  037  027  000  012  031  018  010 
 000  012  024  023  016  015  042  009  008  041  028  002  012  037  023  008 
 000  023  030  031  026  014  040  017  012  041  030  006  012  040  026  005 
 006  039  026  029  030  020  029  021  011  037  029  004  002  042  030  006 
 024  037  015  017  020  016  012  027  015  031  023  000  000  046  044  011 
 030  025  001  004  008  010  002  027  022  026  017  000  000  050  061  016 
 029  020  000  000  002  008  004  017  030  030  016  000  000  049  068  013 

Celda43

 004  005  005  012  012  006  000  004  006  004  004  001  000  006  020  020 
 000  000  002  010  009  008  005  000  000  000  001  000  000  000  018  022 
 002  000  004  008  004  005  006  000  000  000  000  000  000  004  017  020 
 002  000  009  009  000  000  004  000  000  004  000  000  007  014  023  024 
 000  000  010  008  000  000  002  000  002  009  005  006  010  009  010  012 
 010  009  009  000  000  000  002  000  001  011  010  010  010  004  004  010 
 016  020  016  007  000  001  005  000  000  008  012  010  007  002  004  009 
 012  012  010  009  012  020  019  012  006  002  008  008  004  000  001  005 
 012  006  002  000  005  016  011  011  012  009  004  004  002  000  000  000 
 010  004  000  000  002  008  002  000  006  010  012  012  007  000  000  000 
 004  000  000  000  004  010  002  000  000  000  007  010  010  013  018  021 
 000  000  000  000  008  014  000  000  000  003  005  005  006  012  020  024 
 002  000  000  004  025  027  012  008  006  008  011  012  009  010  013  014 
 012  011  015  019  034  028  015  014  010  010  016  018  013  010  010  012 
 015  016  020  022  026  017  008  008  006  004  011  012  006  004  008  012 
 007  011  016  016  012  004  000  000  000  000  007  009  006  004  011  013 

Celda44

 007  000  004  010  012  006  006  006  000  000  006  012  012  017  026  022 
 009  005  008  002  002  000  000  007  000  000  000  005  008  005  013  018 
 010  006  010  000  000  000  000  011  002  000  000  002  007  008  005  008 
 011  002  005  000  000  000  000  018  007  002  000  001  011  015  011  000 
 004  000  000  000  000  000  000  022  006  002  002  015  025  018  012  001 
 002  000  000  000  000  000  000  024  016  006  013  029  028  010  007  006 
 002  000  000  000  000  000  000  026  031  012  013  019  009  000  000  002 
 003  000  000  000  000  000  000  030  034  002  000  004  002  000  000  000 
 002  002  002  000  000  000  000  029  028  000  000  002  003  002  008  010 
 000  004  004  000  000  000  000  023  027  006  010  015  022  025  024  024 
 020  019  022  014  010  010  013  024  040  042  028  023  023  023  016  016 
 026  026  025  016  015  025  032  030  051  052  020  014  005  008  000  003 
 017  019  014  008  014  042  034  024  033  035  002  006  006  006  000  000 
 012  010  006  006  026  045  022  014  008  032  009  005  012  010  004  000 
 009  006  006  010  034  035  010  010  001  026  022  000  005  008  012  012 
 007  005  005  012  034  023  004  008  008  018  027  001  000  005  007  010 

Celda45

 008  000  000  017  051  045  026  013  012  012  004  020  012  000  000  007 
 010  000  001  037  051  029  012  007  005  004  000  010  008  000  000  005 
 004  000  016  043  036  013  008  008  000  000  000  002  001  000  000  011 
 000  000  031  048  030  008  007  014  002  000  002  006  006  002  000  014 
 000  002  038  046  027  008  008  018  008  000  002  011  007  000  000  010 
 008  009  035  038  026  012  010  016  009  000  000  002  000  000  000  012 
 010  019  037  025  022  019  010  008  008  003  003  000  000  000  012  032 
 006  024  036  023  019  022  012  006  014  013  004  000  000  007  042  045 
 014  037  042  024  018  018  012  008  021  015  008  007  010  014  038  024 
 022  046  045  026  018  000  006  016  023  009  000  004  005  003  022  010 
 016  040  036  018  018  010  000  014  030  018  002  000  000  000  011  000 
 009  034  025  004  006  012  014  003  026  026  008  000  000  000  002  000 
 010  030  007  000  000  000  006  002  012  024  012  000  000  000  000  000 
 015  018  000  000  000  000  000  000  000  011  006  000  000  010  006  004 
 021  013  000  000  001  004  000  006  004  000  000  000  014  024  018  024 
 017  015  008  006  007  013  006  008  005  000  000  000  028  038  030  032 

Celda46

 020  028  022  003  007  005  006  004  000  000  000  000  000  020  036  020 
 025  020  018  010  000  004  008  002  000  000  000  000  014  020  020  012 
 019  005  006  010  008  000  000  000  000  000  001  015  015  000  002  017 
 011  000  000  000  000  000  000  000  000  000  018  025  005  000  000  028 
 002  000  000  000  000  000  000  000  004  006  020  026  007  007  031  040 
 000  002  002  000  000  000  000  023  031  026  022  028  024  035  045  028 
 024  024  023  012  000  000  029  044  030  026  027  046  042  037  028  012 
 025  016  008  000  000  008  048  038  017  022  038  057  042  024  016  011 
 000  000  000  000  004  029  044  022  010  019  040  049  031  022  021  016 
 000  000  000  006  030  038  032  022  014  016  029  033  018  016  021  018 
 000  000  004  036  036  028  035  037  022  015  025  029  014  010  018  023 
 000  006  037  036  015  021  042  030  016  014  036  036  019  014  016  019 
 003  032  037  013  004  022  022  000  000  006  038  029  016  014  006  006 
 028  042  027  010  012  013  000  000  000  020  030  012  003  003  000  002 
 039  036  027  029  029  010  000  000  000  028  028  014  010  000  000  004 
 034  026  025  033  029  017  000  000  008  032  020  013  012  002  000  004 

Celda47

 000  000  020  034  012  000  000  006  022  033  036  034  037  073  091  030 
 005  021  034  011  000  000  002  012  017  012  008  010  034  069  077  024 
 028  037  009  000  000  000  016  026  012  000  000  012  036  054  052  007 
 038  022  000  000  004  034  042  025  006  004  015  034  039  038  034  000 
 021  012  000  012  041  051  029  010  011  026  036  035  021  020  030  000 
 006  002  014  027  038  023  004  002  022  034  025  008  000  012  034  000 
 012  006  015  032  022  002  000  006  022  019  002  000  000  013  042  000 
 016  022  019  018  016  008  006  010  014  010  000  000  000  018  048  000 
 010  017  023  011  000  012  018  015  013  006  000  000  002  025  048  000 
 014  014  015  014  002  003  020  022  016  006  000  000  008  023  041  000 
 026  025  016  010  008  000  012  026  020  006  002  006  002  014  038  000 
 019  023  020  014  014  016  008  016  018  009  002  004  008  024  042  000 
 012  005  009  010  018  028  028  012  008  012  002  001  012  034  049  002 
 014  001  000  004  015  023  024  020  010  008  008  016  033  050  055  006 
 015  000  004  015  024  021  016  018  022  018  019  026  032  040  046  004 
 010  004  013  033  032  022  012  016  033  044  034  019  017  028  038  000 

Celda48

 000  000  001  006  022  013  010  011  014  051  075  053  016  004  004  008 
 000  000  000  000  029  026  024  022  022  051  059  046  012  000  000  000 
 000  000  000  004  044  036  024  022  028  054  042  030  012  000  000  000 
 001  002  004  006  043  021  004  010  033  054  021  007  013  000  000  000 
 001  002  002  000  034  014  000  004  043  039  012  000  018  010  014  015 
 000  000  000  000  026  012  000  006  042  014  000  000  023  021  018  022 
 000  000  000  000  020  008  000  018  033  000  000  000  024  026  004  012 
 000  000  000  000  016  002  000  022  034  004  000  000  016  030  006  003 
 000  000  000  000  013  000  000  020  034  013  000  000  006  030  015  000 
 000  000  000  000  008  000  000  019  030  019  000  000  000  028  022  000 
 000  000  000  000  004  000  002  019  024  020  002  000  000  028  026  000 
 000  000  000  000  006  000  005  018  016  013  004  000  000  026  026  000 
 000  000  002  002  007  000  004  018  010  004  005  000  004  022  022  002 
 001  002  004  004  005  000  004  016  009  003  009  007  003  015  019  005 
 000  000  000  000  006  004  002  016  023  029  032  019  005  004  018  006 
 000  000  000  000  009  005  002  016  033  037  027  014  004  000  012  002 

Celda49

 006  022  036  000  000  026  046  025  018  009  000  000  000  000  023  029 
 000  004  033  016  005  033  039  015  013  010  000  000  000  019  031  021 
 000  000  031  032  026  038  024  000  000  000  000  000  006  028  023  007 
 000  002  026  042  042  039  011  000  000  000  000  000  017  027  014  000 
 017  016  026  043  046  032  003  000  000  000  000  000  022  017  004  000 
 020  014  017  042  044  029  001  000  000  000  000  012  010  008  001  000 
 014  014  014  040  038  022  000  000  000  000  005  005  000  000  000  002 
 011  014  010  030  032  013  000  000  000  001  014  002  000  000  000  001 
 006  008  004  020  024  007  000  000  000  012  015  001  003  008  007  000 
 002  002  000  012  015  004  000  000  005  010  006  002  002  006  010  009 
 000  000  000  009  011  000  000  000  000  000  000  006  010  004  000  002 
 000  000  000  012  013  000  000  004  007  000  000  008  011  006  000  000 
 000  000  000  014  014  000  000  010  010  000  000  004  007  004  000  000 
 000  000  000  010  011  000  007  023  013  003  004  002  000  000  000  000 
 000  000  000  008  010  008  022  019  002  000  003  004  000  000  000  006 
 000  000  000  014  011  013  018  004  000  000  000  000  000  000  000  010 

Celda50

 022  010  000  000  000  009  006  000  032  041  020  000  000  043  070  021 
 018  008  000  000  000  006  009  000  029  050  023  000  000  035  069  031 
 006  006  002  000  000  001  005  002  022  055  025  000  000  028  069  038 
 000  000  000  002  002  000  000  000  018  060  032  004  000  016  066  042 
 000  000  000  000  002  002  000  000  017  066  039  008  000  000  060  050 
 000  000  000  000  000  000  000  000  016  064  035  000  000  000  052  056 
 000  000  000  000  000  000  000  002  012  060  034  000  000  000  049  060 
 000  000  000  004  006  002  002  004  003  050  031  000  000  000  048  064 
 000  000  003  011  004  002  002  006  005  040  030  000  004  004  043  066 
 006  009  018  011  004  002  006  012  015  042  035  008  012  008  032  067 
 003  018  024  013  006  005  009  016  021  039  032  006  009  005  018  065 
 000  017  013  003  003  002  004  011  020  032  021  002  007  007  005  058 
 005  019  006  000  000  000  003  008  024  023  007  000  004  010  008  048 
 014  016  000  000  000  000  008  010  024  010  000  000  000  005  011  040 
 018  012  000  000  000  000  006  008  017  000  000  000  000  002  010  024 
 014  008  004  000  000  000  000  000  008  000  000  000  000  000  007  006 

Celda51

 000  005  012  013  008  000  000  000  000  000  003  008  011  015  016  013 
 000  000  005  005  003  000  000  000  000  000  002  010  018  019  014  010 
 000  000  006  000  000  000  000  000  000  000  004  010  014  014  010  006 
 004  003  006  000  000  000  000  000  000  000  007  012  012  012  014  007 
 012  006  006  000  000  000  000  000  000  000  008  011  010  012  016  006 
 022  012  011  000  000  000  000  000  004  006  012  011  007  010  015  005 
 025  016  018  003  000  000  000  000  000  006  013  010  005  008  014  001 
 026  013  019  010  000  000  000  000  002  007  008  006  005  014  018  000 
 032  008  012  016  003  000  000  000  005  010  011  008  008  019  016  000 
 042  008  003  014  005  000  000  000  007  007  012  012  013  018  007  000 
 054  014  006  009  004  000  004  012  014  013  019  019  015  013  000  000 
 060  027  005  004  003  001  003  012  013  013  016  011  008  010  000  000 
 058  037  008  000  002  000  000  010  009  006  004  002  006  008  000  000 
 044  040  014  000  000  000  000  012  015  006  000  000  004  005  000  000 
 025  040  025  000  000  001  000  011  018  008  000  000  000  000  000  000 
 002  041  042  000  000  005  002  010  014  006  000  000  000  000  000  000 

Celda52

 006  004  003  017  030  014  004  005  008  016  026  000  000  009  000  000 
 006  002  000  018  023  005  000  000  001  006  022  003  002  006  000  000 
 000  000  000  021  017  000  000  000  000  000  020  012  006  006  000  000 
 000  000  004  027  011  000  000  000  000  000  016  025  009  004  000  000 
 000  000  013  023  002  000  000  000  001  000  008  032  012  000  000  000 
 000  000  014  014  000  000  000  006  011  002  000  026  016  000  000  000 
 000  000  014  006  000  000  000  023  011  001  000  016  021  000  000  000 
 000  002  016  000  000  000  012  024  004  000  000  006  022  000  000  000 
 000  011  025  002  000  000  022  016  000  001  004  000  018  000  003  010 
 000  021  020  000  000  004  025  012  000  002  006  001  016  010  010  012 
 000  020  012  000  000  024  031  002  000  000  000  002  025  029  016  014 
 000  026  010  000  004  038  025  002  000  000  000  000  028  031  012  012 
 004  034  007  000  005  031  004  000  000  000  000  000  026  026  001  004 
 018  038  000  000  009  020  000  000  000  002  001  000  022  029  000  000 
 030  038  000  000  012  007  000  000  000  000  000  000  012  030  006  000 
 043  038  000  002  016  000  000  000  000  000  000  004  010  027  010  000 

Celda53

 011  016  012  016  016  016  006  000  000  000  000  002  035  040  034  030 
 019  022  010  012  010  003  000  000  000  000  010  035  046  028  028  034 
 030  022  004  002  002  000  000  000  000  010  029  044  035  011  013  033 
 026  009  000  000  004  005  000  000  014  032  036  027  021  016  011  020 
 025  009  000  000  005  003  001  010  034  039  024  010  018  016  022  019 
 027  022  004  004  000  000  002  022  035  015  007  006  023  017  016  016 
 034  040  014  000  000  000  008  016  010  000  000  001  026  013  005  003 
 036  044  010  000  000  006  006  002  006  000  000  002  024  002  000  000 
 038  033  000  000  009  016  000  000  010  000  000  000  027  001  000  000 
 030  025  002  011  026  015  008  008  018  005  003  000  026  005  000  001 
 025  027  013  015  015  009  009  012  013  002  001  000  018  012  000  000 
 020  026  010  000  005  010  004  002  000  000  000  000  014  022  000  000 
 013  023  003  000  002  013  009  000  000  000  000  000  017  030  000  000 
 009  019  000  000  000  012  009  000  000  000  000  000  022  035  005  004 
 004  018  000  000  000  012  007  000  000  000  006  011  020  032  003  000 
 000  016  000  000  000  010  007  000  000  002  000  000  004  022  003  000 

Celda54

 026  016  009  012  005  000  000  000  029  047  033  029  023  006  000  004 
 030  014  002  003  000  000  000  006  051  050  032  030  020  013  009  002 
 032  014  000  000  000  000  000  019  050  029  010  014  004  001  008  009 
 024  013  000  000  000  000  000  030  040  008  000  010  008  004  000  003 
 006  008  010  006  003  001  000  028  041  008  000  007  010  010  004  000 
 011  002  010  010  000  000  000  026  036  007  000  008  012  007  002  000 
 005  006  000  000  000  000  004  032  032  000  000  011  014  001  000  000 
 000  006  003  000  000  000  026  046  028  000  000  008  018  000  000  000 
 006  000  000  000  000  004  039  054  024  000  000  000  019  003  000  000 
 006  000  000  004  018  023  045  042  020  000  000  000  014  009  000  000 
 000  000  000  012  026  033  043  013  002  000  000  000  012  016  002  000 
 000  005  008  000  002  010  016  000  000  000  000  000  008  018  007  000 
 000  008  008  000  000  014  014  006  015  012  000  000  004  013  004  000 
 000  002  000  000  002  026  034  018  019  012  000  000  000  012  009  011 
 000  000  000  000  019  047  036  002  000  000  000  000  000  018  034  061 
 000  002  004  010  027  033  016  000  000  000  000  008  008  025  057  071 

Celda55

 008  008  014  020  005  001  006  030  062  055  048  024  001  027  044  000 
 002  008  016  010  000  000  010  065  072  039  036  030  008  014  052  000 
 006  006  002  000  000  004  040  062  030  000  000  006  005  000  052  000 
 004  002  000  000  002  022  034  030  001  000  000  000  000  000  050  000 
 000  000  000  017  032  020  012  010  000  000  000  000  000  008  058  000 
 000  002  022  040  020  002  000  000  000  000  000  000  000  029  066  000 
 000  022  044  017  000  000  000  000  000  000  000  005  010  038  066  000 
 008  039  036  000  000  000  000  000  000  013  033  039  028  031  062  000 
 017  036  016  000  000  000  000  015  037  045  031  016  000  012  062  000 
 010  014  000  000  000  006  037  049  041  012  000  000  000  016  068  000 
 000  000  000  006  028  055  055  030  000  000  000  000  000  030  087  014 
 000  000  018  058  072  053  015  000  000  000  000  000  008  059  104  025 
 000  028  065  073  043  000  000  000  000  000  010  008  013  073  101  021 
 044  068  066  036  000  000  000  000  002  020  003  001  026  074  080  005 
 075  063  029  000  000  000  000  015  024  005  000  007  041  060  058  000 
 058  022  000  000  000  014  039  036  018  003  007  041  042  038  050  000 

Celda56

 000  000  000  000  013  000  000  012  036  030  007  000  000  000  006  000 
 000  000  000  000  016  000  000  010  034  030  007  000  000  000  004  000 
 000  000  000  000  015  006  000  013  033  022  000  000  000  000  004  000 
 000  000  000  000  012  008  001  017  030  016  000  000  000  004  001  000 
 000  000  000  000  008  006  004  019  029  010  000  000  000  008  002  000 
 000  000  000  000  008  007  010  022  022  002  000  000  008  011  002  003 
 000  000  000  000  010  010  012  016  012  000  000  000  014  014  001  000 
 000  000  000  000  009  012  016  016  007  000  000  003  014  012  002  000 
 000  000  000  000  005  006  015  016  006  000  000  010  013  008  000  000 
 000  000  000  000  002  000  011  014  002  000  010  014  006  002  000  000 
 000  000  000  000  004  002  010  005  000  002  016  014  004  001  000  000 
 000  000  000  000  008  010  008  000  000  004  016  008  002  004  002  000 
 000  000  000  000  012  016  008  000  000  002  007  002  002  006  004  000 
 005  013  029  039  053  055  042  035  041  044  038  030  030  032  029  024 
 011  027  060  082  097  093  079  076  080  082  082  080  082  082  079  076 
 000  000  000  000  009  008  001  000  003  000  000  000  002  002  001  000 

Celda57

 000  000  010  033  021  009  008  000  000  002  004  000  000  000  002  015 
 000  000  022  043  020  008  000  000  000  002  004  000  000  000  010  011 
 000  000  024  040  014  004  001  000  000  000  000  000  000  006  018  005 
 000  000  020  034  018  000  000  000  000  000  000  000  012  020  017  002 
 000  000  012  024  015  000  000  000  000  000  000  000  022  028  012  000 
 002  001  006  014  008  002  000  000  001  004  003  002  028  031  004  000 
 000  000  004  010  003  002  000  002  010  011  009  010  033  022  000  000 
 000  000  006  009  000  000  006  004  008  008  008  014  026  008  000  000 
 000  000  013  012  002  000  008  006  000  000  004  012  010  000  000  003 
 000  000  018  013  005  003  006  005  000  000  000  003  000  000  002  002 
 000  000  016  007  000  000  002  004  000  000  000  000  000  000  004  002 
 000  002  015  004  000  000  000  002  000  000  000  000  000  002  004  000 
 000  006  016  002  000  000  000  003  007  006  006  000  000  007  006  003 
 026  035  047  033  031  029  024  026  050  058  045  044  046  054  049  046 
 078  084  091  076  074  076  076  079  102  096  076  081  086  089  080  078 
 000  006  015  004  000  000  000  004  028  022  000  000  002  004  000  000 

Celda58

 002  004  006  000  000  002  000  000  007  000  000  000  000  000  014  001 
 000  000  004  000  000  002  000  000  010  000  000  000  000  000  031  008 
 000  000  000  000  002  002  000  001  011  000  000  000  000  006  052  014 
 000  000  000  000  004  002  000  008  011  000  000  000  000  025  053  006 
 000  000  000  000  002  000  004  020  012  000  000  000  004  035  036  000 
 000  000  001  003  001  000  006  025  015  000  000  000  003  039  012  000 
 000  002  007  010  012  014  009  020  013  000  000  000  002  036  000  000 
 000  000  006  016  017  018  015  014  004  000  000  000  017  026  000  000 
 000  002  011  017  008  004  004  004  000  000  000  000  032  014  000  000 
 000  002  012  010  000  000  000  000  002  002  002  009  043  005  000  000 
 000  001  005  008  000  000  002  001  000  000  002  023  038  004  000  000 
 001  002  002  006  004  000  000  001  000  000  001  027  022  000  000  002 
 001  002  007  012  005  000  000  002  000  000  008  035  016  004  005  006 
 044  039  044  044  034  034  036  040  038  044  060  076  051  048  052  053 
 078  077  080  079  071  074  076  080  079  081  099  098  080  082  090  094 
 000  000  004  007  001  000  000  004  003  003  015  011  000  000  000  000 

Celda59

 000  037  052  004  000  015  013  011  006  002  000  000  000  000  000  006 
 000  025  054  007  000  028  026  002  000  000  002  000  000  000  000  028 
 000  008  052  014  000  034  035  003  000  004  002  000  000  002  009  048 
 000  000  049  024  000  030  041  012  002  007  002  002  004  007  014  056 
 000  000  044  032  000  022  048  025  008  008  004  002  000  000  022  054 
 000  000  034  034  000  016  054  038  012  006  005  002  000  000  034  048 
 000  008  020  032  001  011  056  048  014  002  002  000  000  004  052  038 
 006  012  008  030  006  004  054  056  019  003  000  000  000  020  068  022 
 010  011  002  028  011  000  048  064  026  011  010  002  000  050  074  002 
 008  010  002  024  019  002  041  066  035  018  011  009  012  076  064  004 
 007  009  002  016  030  016  039  062  042  017  000  002  028  080  038  000 
 005  008  006  010  040  028  026  050  048  018  000  000  041  064  005  000 
 011  015  017  011  047  035  012  034  054  021  000  000  052  038  000  000 
 065  065  071  067  095  087  053  063  086  050  030  046  083  042  014  017 
 107  100  108  112  135  130  096  099  118  083  066  085  098  056  052  060 
 013  000  000  000  023  028  000  003  031  014  000  015  027  000  000  000 

Celda60

 058  034  006  012  017  002  000  000  000  000  003  006  016  029  000  000 
 061  023  006  014  002  000  000  000  000  000  000  000  011  016  000  000 
 056  014  004  002  000  000  000  000  000  000  000  000  018  014  000  000 
 041  001  002  000  000  000  000  000  000  000  000  006  021  014  000  003 
 016  000  000  000  000  000  000  000  000  000  002  018  017  008  000  000 
 001  000  000  000  000  000  000  000  000  004  009  020  009  002  000  000 
 000  000  001  000  000  000  002  008  013  012  008  012  005  004  005  005 
 000  000  001  000  004  014  018  014  008  006  006  008  014  025  023  021 
 000  000  002  003  007  013  008  004  003  006  010  016  031  034  023  020 
 000  000  000  002  010  010  000  004  010  012  010  022  038  028  016  014 
 003  006  002  001  008  012  005  008  010  006  006  029  042  025  017  013 
 000  001  010  022  022  016  008  000  000  000  007  036  042  025  018  012 
 000  002  024  025  014  004  000  000  000  002  021  038  033  017  008  005 
 027  047  051  034  028  027  026  025  031  044  059  061  049  035  025  027 
 069  078  068  054  055  058  060  063  071  080  081  077  067  058  050  054 
 005  012  005  000  000  000  000  000  006  009  009  010  006  004  000  000 

Celda61

 000  018  008  000  000  003  008  000  000  000  000  000  000  016  010  006 
 000  024  022  003  007  000  002  000  000  000  000  000  000  018  030  037 
 000  028  029  003  000  000  000  000  000  000  000  010  019  043  047  031 
 003  023  027  000  000  000  000  000  000  014  043  037  030  041  037  012 
 000  016  026  000  000  000  012  016  014  043  063  032  022  032  036  014 
 000  012  026  000  006  025  036  030  020  042  056  019  015  022  033  012 
 008  025  044  027  029  045  034  019  007  026  046  002  004  006  026  000 
 022  027  047  034  031  034  014  003  000  019  044  004  000  000  028  005 
 021  008  034  024  014  013  003  001  003  012  032  001  000  000  032  008 
 015  004  028  032  012  006  000  004  012  022  019  000  000  007  035  008 
 012  010  021  034  013  007  000  008  014  025  016  008  002  006  030  012 
 008  011  014  028  014  010  002  004  004  012  008  014  018  010  020  021 
 004  008  000  020  020  015  000  000  000  008  006  005  011  009  015  029 
 032  038  036  042  053  043  024  024  028  036  039  030  032  037  050  063 
 059  067  074  080  091  072  056  058  066  076  074  062  064  072  087  092 
 000  000  000  004  021  009  000  000  000  006  005  000  000  000  011  015 

Celda62

 015  017  006  003  018  021  004  000  000  006  014  025  031  037  059  054 
 023  009  000  000  022  021  014  018  021  018  022  038  046  040  051  036 
 002  000  000  002  034  046  045  028  014  006  030  058  046  038  030  016 
 000  001  010  019  045  053  037  006  000  007  058  060  029  019  006  004 
 010  008  011  024  034  030  018  000  000  048  071  038  012  006  000  005 
 009  004  007  031  019  001  007  004  020  057  041  006  002  008  004  004 
 000  000  022  051  024  003  000  026  043  036  016  003  000  006  004  000 
 000  000  055  060  026  014  010  052  057  032  013  009  002  002  000  000 
 000  017  066  035  008  012  017  055  059  037  024  020  010  010  008  002 
 000  032  053  008  000  015  020  028  048  029  018  016  014  018  020  018 
 008  049  038  000  006  026  022  000  044  044  015  006  006  010  018  022 
 039  055  029  019  037  026  017  000  024  054  034  008  000  001  014  016 
 044  039  024  037  032  009  006  006  000  048  052  020  000  000  006  010 
 064  053  047  049  023  018  028  040  034  044  057  032  013  013  018  028 
 086  078  069  055  034  040  052  064  071  076  095  069  043  037  038  048 
 016  021  021  013  000  000  000  000  000  004  038  028  007  001  000  000 

Celda63

 028  000  000  002  025  054  047  026  012  014  043  052  024  024  046  000 
 016  000  000  018  043  045  016  004  005  031  055  036  016  028  055  009 
 002  002  012  016  016  012  000  000  006  057  056  028  020  025  049  005 
 000  000  011  018  017  008  000  000  036  066  048  027  018  004  038  000 
 011  014  010  004  014  011  000  011  046  047  022  004  003  000  033  000 
 018  012  010  003  002  010  012  022  030  026  012  000  000  000  030  000 
 019  012  000  000  000  002  014  026  028  018  007  000  000  000  033  001 
 017  014  000  000  001  000  002  015  021  018  010  004  000  012  042  000 
 020  035  027  025  021  020  018  004  002  014  016  006  000  021  056  000 
 042  066  049  040  034  031  033  030  013  000  014  007  000  029  067  000 
 042  065  038  024  026  025  024  030  030  009  000  008  006  042  078  006 
 017  049  022  002  012  017  014  016  022  018  002  002  013  054  082  000 
 000  046  028  000  007  014  010  000  000  007  016  012  007  055  085  000 
 030  063  052  028  029  030  026  017  016  032  050  056  048  077  100  014 
 060  084  074  051  045  042  045  051  058  069  078  083  084  104  120  045 
 000  021  025  010  002  000  000  000  000  000  000  000  000  020  052  000 

