Celda0

 000  000  000  000  000  000  000  001  001  000  000  000  000  002  002  000 
 000  000  000  000  000  000  000  001  002  001  000  000  000  004  004  000 
 000  000  000  000  001  000  000  000  002  004  002  000  000  004  004  002 
 000  000  000  000  006  000  000  000  003  005  004  000  000  000  003  002 
 000  000  000  000  008  000  000  004  006  003  000  000  000  000  002  004 
 000  000  000  000  004  000  002  010  006  000  000  000  000  000  000  002 
 000  000  000  000  001  000  006  012  006  000  000  000  006  002  004  000 
 000  000  000  000  000  000  008  013  006  000  000  000  010  006  000  003 
 001  002  002  000  000  000  010  012  006  000  000  000  009  010  002  006 
 001  002  003  001  000  000  008  009  004  002  000  002  010  015  013  012 
 001  002  005  006  007  005  003  003  004  007  008  014  018  022  019  011 
 000  001  004  006  007  006  006  004  004  012  020  022  018  016  009  000 
 000  000  000  000  000  004  011  012  009  015  022  017  006  004  002  000 
 000  000  000  000  000  007  016  013  012  014  018  009  001  000  000  000 
 000  000  000  000  000  011  014  010  013  014  014  002  000  000  000  000 
 000  000  000  000  006  009  011  010  010  010  004  000  000  000  000  000 

Celda1

 000  000  000  000  000  001  002  000  000  001  001  000  001  002  000  000 
 000  000  000  000  000  002  005  001  000  002  002  000  002  004  000  000 
 000  000  000  000  000  004  012  004  000  002  002  000  006  007  000  000 
 000  000  000  000  000  009  018  008  000  000  000  001  008  007  000  000 
 000  000  000  000  003  014  019  008  000  000  000  002  006  003  000  000 
 000  000  000  000  004  016  020  009  000  000  000  002  001  000  000  000 
 000  000  000  000  000  012  018  010  000  000  002  004  000  000  000  000 
 002  001  002  004  004  004  010  007  000  000  002  004  000  000  000  000 
 014  018  014  010  008  004  002  000  000  000  003  001  000  000  000  000 
 016  018  014  008  004  001  000  000  000  002  001  000  000  000  000  003 
 007  004  002  000  000  000  000  000  001  003  000  000  000  000  001  009 
 000  000  000  000  000  000  000  000  000  000  000  004  004  002  001  006 
 000  000  000  000  000  000  000  000  000  000  000  014  019  010  004  000 
 000  000  004  000  000  000  000  000  005  012  024  038  030  010  000  000 
 000  000  006  001  000  000  000  002  009  019  035  042  021  006  000  000 
 000  002  006  000  000  000  000  007  013  019  029  025  008  004  005  010 

Celda2

 001  000  000  000  001  000  000  000  000  000  001  003  004  003  001  000 
 002  000  000  000  002  000  000  000  000  000  003  008  010  007  002  001 
 000  000  000  000  002  000  000  000  000  000  008  020  022  014  006  005 
 000  000  000  000  004  000  000  000  000  000  011  029  028  017  011  012 
 000  000  000  000  008  004  000  002  003  005  022  042  038  024  020  027 
 000  000  000  000  014  008  000  000  000  001  029  052  051  037  030  030 
 000  000  000  006  018  009  000  000  000  000  032  061  063  047  033  022 
 000  000  000  010  021  007  000  000  000  000  044  064  060  041  025  018 
 000  000  000  010  020  004  000  000  000  000  053  072  052  025  005  008 
 006  003  000  005  014  000  000  000  000  006  058  071  053  032  010  000 
 011  004  000  000  006  000  000  000  000  016  057  064  051  034  015  001 
 006  000  000  000  002  000  000  000  000  020  054  058  050  034  016  006 
 004  000  000  000  000  000  000  000  000  018  052  056  047  032  018  008 
 000  000  000  000  000  000  000  000  000  016  050  054  041  028  019  008 
 000  000  000  000  000  000  000  000  000  024  050  044  032  024  018  006 
 015  013  007  002  000  000  000  000  000  036  048  032  024  022  017  003 

Celda3

 000  000  001  001  000  000  000  001  002  003  003  001  000  000  000  000 
 000  000  002  002  000  000  000  004  005  006  006  002  000  000  000  000 
 003  002  004  002  000  000  000  010  010  010  008  002  000  000  000  000 
 008  002  000  000  000  000  008  018  013  006  001  000  000  000  000  000 
 027  014  009  000  000  000  015  020  012  000  000  000  000  001  000  000 
 021  006  009  011  011  010  014  010  006  000  000  000  000  004  000  000 
 010  004  008  016  020  019  014  003  000  000  000  000  001  007  004  000 
 008  006  005  007  010  010  008  004  001  000  000  000  000  008  012  006 
 008  005  002  000  000  000  000  000  004  004  000  000  000  006  016  012 
 000  002  000  000  000  000  000  000  006  008  006  003  006  018  028  023 
 000  001  000  000  000  000  009  012  002  005  005  004  010  023  028  023 
 005  002  000  000  000  000  013  020  006  000  000  006  016  019  015  010 
 002  000  000  000  000  000  010  019  009  000  000  008  008  004  005  007 
 000  000  002  000  000  000  004  014  012  004  008  009  004  000  000  006 
 000  003  006  002  000  000  003  009  016  017  009  007  007  006  004  011 
 002  009  008  004  003  012  021  023  024  015  003  000  003  006  009  016 

Celda4

 001  001  000  000  001  000  000  000  000  000  000  000  000  000  000  002 
 002  002  000  000  002  000  000  000  000  000  000  000  000  000  000  004 
 006  006  000  000  003  002  000  000  000  000  000  000  000  000  000  005 
 007  009  000  000  002  002  000  000  000  000  000  000  000  000  006  005 
 006  010  000  000  000  000  000  000  000  000  000  000  000  016  035  027 
 004  008  000  000  000  000  000  000  000  000  000  001  011  029  029  010 
 005  008  000  000  000  000  000  000  000  004  012  019  025  022  012  000 
 006  008  002  000  000  000  000  000  003  014  029  029  013  008  004  000 
 007  006  000  000  000  000  000  004  020  034  031  012  005  004  001  000 
 015  008  001  000  000  002  010  020  029  027  010  002  003  002  000  000 
 015  010  007  004  008  017  023  023  021  014  001  000  004  003  000  000 
 004  000  000  007  016  028  024  018  016  012  009  010  008  004  002  004 
 004  000  000  003  021  025  018  016  016  010  005  005  006  006  009  009 
 006  000  000  007  015  012  009  013  012  008  000  000  000  002  007  008 
 020  017  014  007  008  008  008  010  006  006  004  000  000  004  010  006 
 024  018  012  007  000  008  014  012  000  002  004  004  000  000  009  010 

Celda5

 004  002  000  000  000  001  002  002  003  003  000  000  000  000  000  000 
 007  004  001  001  000  001  004  006  008  006  000  000  000  000  000  000 
 008  005  002  003  000  001  010  016  018  012  000  000  000  000  000  000 
 001  000  000  002  002  004  014  020  019  012  000  000  000  000  000  000 
 020  013  004  000  006  019  033  029  011  004  000  000  000  000  000  000 
 004  002  002  003  019  033  033  019  004  000  001  000  000  000  000  006 
 000  000  000  004  026  030  016  007  000  006  006  002  000  000  001  018 
 000  000  000  005  020  017  008  008  009  009  008  000  000  000  002  014 
 000  000  002  004  015  014  010  012  012  004  000  000  000  000  004  012 
 002  005  000  005  007  010  012  016  012  000  000  000  000  000  000  008 
 002  008  006  004  003  004  011  016  008  000  000  000  006  001  000  006 
 002  004  010  008  002  000  006  014  002  000  000  000  022  010  008  003 
 008  006  016  014  005  004  006  008  000  000  000  024  030  014  014  012 
 014  017  020  010  001  003  006  003  002  008  018  026  019  008  008  009 
 007  011  010  005  002  002  000  000  011  025  025  015  007  000  000  000 
 006  004  004  010  012  006  000  006  022  028  019  018  007  000  000  000 

Celda6

 000  000  000  000  001  001  001  002  002  000  000  000  000  000  000  000 
 000  000  000  000  002  003  003  005  004  000  000  000  000  002  000  000 
 000  001  002  002  006  008  009  011  006  000  000  000  000  007  000  000 
 000  001  004  004  006  010  016  016  006  000  000  000  001  010  004  000 
 002  001  004  005  002  008  020  020  006  000  000  000  002  008  008  004 
 007  000  002  004  000  003  019  022  006  000  000  000  003  006  009  007 
 013  002  000  000  000  004  018  019  006  000  000  000  003  003  006  006 
 005  000  000  000  000  010  018  014  004  000  000  007  006  002  004  005 
 007  000  002  002  000  014  018  012  004  000  005  010  005  004  003  003 
 012  004  000  000  002  015  021  019  013  008  010  008  000  000  000  002 
 014  006  000  000  002  021  030  030  021  012  006  000  000  000  002  006 
 011  008  000  000  004  016  024  028  021  010  000  000  000  000  004  014 
 010  010  000  000  000  011  027  030  016  000  000  000  000  000  006  020 
 006  004  000  000  000  004  020  029  020  000  000  000  000  000  008  018 
 000  000  000  000  000  006  012  016  014  004  000  000  000  000  008  012 
 000  000  000  002  006  005  005  005  004  004  000  000  000  000  008  011 

Celda7

 000  003  001  000  000  001  000  000  000  001  001  001  002  005  008  000 
 000  006  002  000  000  001  000  000  001  002  002  002  004  012  020  000 
 002  009  006  000  003  000  000  000  003  004  002  003  008  028  046  000 
 002  005  007  008  007  000  000  000  002  002  002  004  010  039  064  000 
 000  000  006  014  009  000  000  000  000  000  002  008  012  041  070  000 
 000  000  005  010  008  000  000  000  000  000  004  014  012  038  068  000 
 001  001  006  008  005  002  000  000  000  000  015  025  012  032  068  000 
 000  003  010  008  002  000  000  000  000  002  016  018  002  028  068  000 
 000  006  013  004  000  000  000  000  000  004  014  014  002  026  068  000 
 001  008  008  001  000  000  000  000  000  003  011  010  000  028  072  000 
 004  002  000  000  004  000  000  000  000  003  009  006  000  032  082  000 
 010  000  000  000  010  000  000  000  000  000  007  002  000  040  092  000 
 016  000  000  000  008  000  000  000  000  000  002  002  002  054  107  011 
 016  000  000  000  002  000  000  002  002  001  004  007  017  066  102  004 
 011  000  000  000  000  000  000  000  002  012  020  033  030  059  089  000 
 007  000  000  000  002  000  000  000  004  029  048  038  013  039  082  000 

Celda8

 000  000  000  000  006  012  014  010  004  003  000  000  000  000  000  000 
 000  000  000  000  000  010  020  018  007  000  000  000  000  000  000  000 
 000  000  000  000  000  003  020  027  014  000  000  000  000  000  000  000 
 001  000  000  000  000  000  015  026  018  000  000  000  000  000  000  000 
 002  005  008  002  000  000  008  016  014  000  000  000  000  000  000  000 
 002  006  010  008  002  000  005  008  004  000  000  000  000  000  004  002 
 001  003  007  008  002  000  004  006  000  000  000  000  000  002  002  004 
 000  000  000  004  003  000  000  008  004  000  000  000  000  006  001  004 
 000  000  000  000  003  000  000  006  008  006  002  000  000  007  008  004 
 000  000  000  000  000  004  004  000  008  008  005  002  007  010  006  004 
 000  000  000  000  000  000  005  006  000  006  010  010  009  000  000  002 
 000  000  000  000  000  000  000  003  004  003  011  012  004  000  000  000 
 000  000  000  000  000  000  000  003  008  006  004  007  000  000  000  000 
 000  000  000  000  000  000  004  010  004  002  000  000  000  000  000  000 
 000  000  000  000  000  000  007  015  000  000  000  000  000  000  010  012 
 000  000  000  000  000  000  012  020  002  000  003  008  011  021  032  031 

Celda9

 000  005  002  000  000  000  000  009  013  015  019  010  000  001  014  023 
 000  007  000  000  000  006  008  009  010  014  016  004  000  000  012  022 
 002  010  000  000  000  012  011  009  007  010  011  002  000  000  003  006 
 008  013  004  000  000  010  014  009  002  002  008  004  000  000  004  006 
 010  014  006  000  000  008  016  009  000  000  008  004  000  000  005  008 
 010  014  005  000  000  006  015  010  000  000  004  001  000  000  008  008 
 005  013  003  000  000  005  015  014  000  000  000  000  000  000  008  010 
 006  008  001  000  000  002  013  018  003  000  000  000  000  000  006  011 
 008  002  000  002  002  000  008  012  002  000  000  000  000  000  002  009 
 000  000  000  004  005  000  000  000  000  000  001  000  000  000  000  008 
 000  000  000  000  004  000  000  000  000  006  008  000  000  000  000  010 
 000  000  000  000  000  000  000  000  000  010  012  006  007  017  022  025 
 000  000  000  000  000  001  000  000  006  017  021  027  037  036  030  018 
 000  000  000  000  002  005  006  012  024  032  034  040  043  030  018  009 
 016  020  022  020  016  012  012  018  029  031  026  025  020  008  000  000 
 032  032  028  020  010  006  012  020  024  016  007  007  012  008  000  000 

Celda10

 026  020  007  000  000  000  000  000  002  040  043  026  020  024  018  002 
 018  014  004  000  000  000  000  000  000  031  043  030  026  030  022  004 
 000  000  000  000  000  000  000  000  000  027  048  042  032  030  021  005 
 000  000  000  000  000  000  000  000  000  042  065  050  031  026  018  005 
 000  000  000  000  000  000  000  000  012  057  069  046  026  021  010  001 
 000  002  006  006  000  000  000  000  021  058  058  032  017  014  005  000 
 000  002  008  012  008  000  000  000  030  057  047  020  010  010  002  000 
 003  000  000  000  001  000  000  000  039  058  044  021  013  015  016  016 
 004  002  000  000  000  000  000  004  046  057  045  030  025  028  032  027 
 008  006  000  000  000  000  000  019  055  059  049  035  029  031  030  015 
 013  006  000  000  000  000  000  038  068  069  056  038  032  033  024  007 
 017  001  000  000  000  000  000  053  080  077  060  041  036  034  017  005 
 003  000  000  000  000  000  014  072  086  073  052  036  034  028  005  000 
 000  000  000  000  000  000  044  090  086  063  038  024  023  014  000  002 
 000  000  000  000  000  004  060  090  077  049  023  011  011  006  000  008 
 000  000  000  000  000  002  055  076  062  032  010  006  011  010  014  019 

Celda11

 003  014  013  010  016  026  026  018  010  001  000  002  000  000  000  006 
 005  019  019  014  017  019  011  000  000  000  000  002  002  000  000  006 
 009  025  024  016  012  008  004  000  000  000  002  000  000  000  000  008 
 011  024  021  011  002  000  000  000  007  008  000  000  000  000  002  008 
 007  016  014  006  000  000  000  000  012  011  000  000  000  002  002  006 
 006  014  012  006  000  000  000  000  010  006  000  000  002  010  006  004 
 002  010  010  006  001  000  000  002  006  002  000  002  011  014  011  012 
 016  013  010  004  000  001  001  000  000  000  004  008  011  011  007  005 
 021  014  009  006  002  002  003  002  000  000  004  008  014  016  008  000 
 007  001  000  002  000  000  002  000  000  000  000  005  014  019  013  006 
 001  000  000  002  000  000  000  000  000  000  002  004  010  017  016  014 
 004  008  012  012  006  000  000  000  000  006  015  020  024  025  023  025 
 006  014  018  016  014  011  010  018  022  026  031  035  041  043  041  041 
 010  014  014  012  012  016  018  022  024  026  030  038  047  045  036  032 
 014  012  010  009  012  020  022  016  017  017  019  030  041  034  019  014 
 014  009  005  007  015  023  024  021  020  016  011  021  033  023  008  007 

Celda12

 015  011  000  000  000  009  016  011  000  000  001  005  006  002  002  008 
 014  011  000  000  000  010  014  008  000  000  000  004  008  004  000  004 
 012  007  000  000  004  014  016  008  000  000  000  000  000  000  000  000 
 008  002  000  000  007  017  016  008  000  000  000  000  000  000  000  000 
 006  002  002  006  014  017  014  006  000  000  000  003  003  000  005  009 
 004  004  006  006  007  008  010  006  000  000  000  008  008  000  002  008 
 006  000  005  006  004  006  009  006  000  000  000  010  009  002  001  000 
 004  000  000  002  004  007  008  003  000  000  000  008  006  001  002  000 
 002  006  004  000  004  010  006  000  000  000  000  004  000  000  000  000 
 004  009  012  010  006  007  004  000  000  002  006  007  006  007  005  000 
 008  004  006  007  006  002  000  000  004  013  019  018  016  014  012  015 
 018  004  003  004  004  002  000  004  014  020  023  019  016  010  010  024 
 029  017  017  018  015  008  004  016  029  025  019  010  007  006  011  036 
 024  020  023  024  022  020  020  037  046  034  020  010  003  004  022  039 
 011  008  010  012  018  025  028  040  040  022  010  001  000  012  040  041 
 004  003  004  009  014  017  016  017  008  000  000  000  000  037  059  041 

Celda13

 008  008  012  015  006  001  000  014  033  023  007  009  004  000  000  002 
 013  016  018  012  000  000  000  027  033  012  000  000  000  000  000  011 
 016  022  018  004  000  000  006  030  021  004  000  000  000  000  000  019 
 012  018  014  001  000  000  016  024  013  000  000  000  000  000  003  018 
 008  003  000  003  010  012  020  014  007  000  000  000  000  000  009  012 
 003  000  000  010  028  026  015  006  004  002  004  007  007  005  009  005 
 000  000  000  021  036  025  010  003  003  006  006  013  019  018  014  008 
 000  000  011  036  027  016  008  004  004  010  014  011  018  017  012  008 
 000  002  029  032  015  008  006  003  004  014  024  017  010  010  006  003 
 000  018  038  030  020  021  017  010  006  016  028  015  002  008  012  012 
 024  043  045  035  027  023  014  011  010  018  022  014  000  005  014  018 
 046  055  050  041  027  013  005  006  010  019  018  008  002  005  010  014 
 048  045  043  037  023  013  008  011  024  027  019  008  005  012  015  012 
 034  023  020  017  015  014  010  017  030  028  020  016  013  021  022  015 
 024  011  006  004  002  004  003  007  018  017  012  016  014  016  015  007 
 018  008  007  006  005  007  012  009  016  016  009  007  002  002  010  008 

Celda14

 008  000  000  000  006  004  002  002  000  000  000  000  000  000  006  012 
 013  000  000  000  003  003  002  003  000  000  006  000  002  000  004  011 
 015  003  000  000  002  004  003  002  000  000  012  006  002  008  014  015 
 009  002  008  010  008  008  007  001  000  000  014  010  000  002  010  006 
 005  001  006  012  013  011  011  006  000  000  010  013  003  001  003  000 
 002  008  008  006  006  008  007  004  008  012  008  007  002  001  003  004 
 008  012  007  002  002  002  000  002  010  019  016  004  000  000  004  012 
 004  004  003  000  000  000  000  000  000  000  000  000  003  019  039  047 
 000  001  002  002  000  000  000  001  000  000  000  000  026  058  078  075 
 009  007  003  000  000  000  000  000  000  000  000  029  059  069  063  050 
 020  020  014  006  000  000  002  004  008  020  043  064  067  050  030  017 
 019  020  016  008  003  006  019  032  048  063  069  065  050  031  017  013 
 015  013  009  007  010  034  057  068  069  061  049  040  033  026  019  016 
 012  010  012  022  038  067  073  055  032  018  015  013  015  015  014  020 
 006  018  038  058  074  078  056  022  008  004  004  006  003  003  006  019 
 017  044  068  071  066  058  038  031  032  036  032  026  018  010  018  040 

Celda15

 006  000  000  000  000  000  000  000  033  061  050  015  000  036  088  007 
 006  000  000  000  000  000  010  040  063  055  024  000  002  056  104  016 
 006  000  000  000  009  030  053  063  052  028  013  017  031  076  106  018 
 000  000  004  021  043  056  055  040  025  022  030  039  041  070  094  015 
 000  008  034  061  068  052  031  017  017  031  044  045  038  060  082  011 
 012  043  071  077  057  029  016  016  019  030  037  031  022  043  067  004 
 030  060  063  040  015  010  015  022  022  021  018  015  008  031  058  000 
 049  046  032  012  006  004  004  010  010  002  008  016  014  034  060  000 
 057  034  010  001  006  014  015  015  006  000  002  018  018  038  064  000 
 040  037  030  022  010  011  022  021  009  000  000  016  015  040  070  000 
 011  023  038  046  047  042  058  063  047  039  034  036  031  054  083  010 
 012  011  017  018  028  036  055  056  037  032  034  038  041  065  089  021 
 014  012  010  004  001  017  028  025  008  000  000  003  009  034  060  000 
 019  007  004  008  010  014  017  017  006  000  000  000  007  038  065  000 
 019  018  021  028  023  023  025  018  007  010  018  020  014  046  074  005 
 033  028  035  035  025  031  031  012  002  009  016  025  025  052  075  007 

Celda16

 000  000  000  000  000  008  023  021  004  006  010  014  015  021  029  026 
 000  000  000  000  015  027  029  020  008  010  011  012  010  013  019  013 
 000  000  000  004  037  041  032  024  018  016  013  010  008  010  013  008 
 001  002  004  008  040  034  023  020  018  014  011  008  006  007  006  004 
 002  004  008  008  032  025  018  012  010  007  006  006  007  006  002  000 
 003  007  014  014  034  031  023  008  006  006  008  010  012  009  004  008 
 004  009  017  019  036  032  017  002  004  008  013  015  014  010  009  018 
 003  008  015  016  026  019  004  000  005  012  014  016  016  016  017  023 
 002  006  012  012  013  010  001  000  007  012  015  018  020  021  020  020 
 002  006  013  017  015  018  011  010  014  015  019  023  019  015  012  007 
 001  004  012  022  026  026  018  016  021  021  020  016  011  008  004  000 
 000  000  004  014  020  018  013  016  028  027  018  012  010  012  014  014 
 000  000  000  000  004  007  011  026  038  029  019  010  006  012  020  024 
 000  000  000  000  001  000  015  030  034  020  016  009  002  002  010  012 
 002  004  006  002  000  005  017  022  021  011  011  012  009  010  007  005 
 005  010  014  010  006  010  021  019  014  006  000  008  014  019  018  019 

Celda17

 020  018  012  008  007  010  017  019  013  006  000  000  006  010  000  000 
 001  000  000  004  010  017  018  011  003  000  000  000  002  008  002  000 
 000  000  002  006  009  018  016  011  006  011  014  017  011  002  002  000 
 000  000  002  006  008  015  014  013  012  012  007  007  008  004  001  002 
 000  001  002  004  006  013  010  005  008  002  000  000  000  000  001  000 
 014  012  006  002  010  018  011  004  004  002  000  000  000  000  000  000 
 022  016  015  012  022  025  016  013  009  006  002  000  000  002  000  000 
 022  014  018  020  030  027  017  018  015  010  008  008  010  008  006  004 
 018  010  011  015  025  022  017  017  016  012  010  014  020  016  013  013 
 002  000  004  013  023  022  017  013  012  013  012  012  013  009  009  008 
 000  000  006  021  029  025  015  010  008  012  013  008  000  000  001  002 
 012  010  020  027  025  015  008  008  007  009  012  012  006  002  004  004 
 025  024  031  027  015  006  004  006  008  009  014  020  022  018  014  010 
 013  018  028  025  017  012  007  006  009  012  018  024  026  020  012  005 
 005  013  018  017  014  013  011  012  015  018  020  022  020  012  001  000 
 018  018  015  007  000  000  004  012  017  018  019  018  016  008  000  000 

Celda18

 000  000  000  000  000  011  051  065  058  030  006  005  016  022  022  017 
 000  000  000  000  000  026  054  058  052  031  006  007  024  032  021  006 
 000  000  000  000  000  033  050  046  044  030  010  013  036  041  019  002 
 002  002  002  001  002  038  045  036  036  030  018  032  056  050  019  010 
 000  000  000  000  006  049  055  041  034  035  041  059  071  051  020  020 
 000  000  000  000  016  066  069  047  042  053  063  073  069  042  020  020 
 000  000  000  000  038  079  072  048  048  064  072  071  057  031  014  010 
 002  000  000  006  061  084  073  054  051  060  063  058  046  023  008  002 
 014  014  016  031  071  082  078  063  047  045  050  051  041  014  004  002 
 008  010  018  038  065  075  081  065  037  032  045  049  031  001  000  004 
 000  000  010  039  059  072  082  061  028  023  037  036  018  000  000  006 
 000  000  006  038  052  068  075  051  020  012  021  024  014  002  004  008 
 002  000  008  037  052  067  064  040  015  002  008  021  018  011  011  010 
 000  000  021  054  068  070  053  030  015  000  002  022  024  014  008  004 
 000  002  046  075  075  061  037  020  014  002  002  022  028  014  004  000 
 000  010  067  082  068  046  025  014  014  010  009  019  026  016  004  002 

Celda19

 008  004  002  008  021  021  024  026  028  022  012  020  028  016  000  000 
 000  001  004  015  028  026  025  027  026  025  020  017  020  012  004  004 
 000  002  010  024  035  032  024  026  022  019  018  013  011  006  008  013 
 007  011  021  028  034  028  013  014  014  013  015  018  017  013  021  032 
 020  017  019  020  022  014  000  000  002  008  016  022  026  028  040  044 
 020  017  014  013  010  006  000  000  000  004  014  023  026  032  040  032 
 008  012  014  010  000  001  003  000  001  010  015  014  011  016  019  006 
 000  003  010  008  002  000  006  004  003  013  015  004  000  006  008  000 
 002  007  008  004  005  004  012  016  011  015  016  000  000  000  000  000 
 010  011  006  002  002  000  010  015  004  007  012  000  000  000  000  000 
 010  005  000  000  000  000  008  014  000  003  009  000  000  000  000  000 
 008  004  000  000  003  006  003  011  006  000  001  000  000  000  000  004 
 010  010  010  010  012  015  010  014  021  010  000  000  000  000  004  013 
 005  010  014  015  016  018  018  023  030  014  014  014  018  023  021  012 
 000  006  012  014  014  016  021  024  024  012  020  028  030  028  019  004 
 005  004  006  008  011  016  027  027  014  009  013  015  009  002  000  000 

Celda20

 004  007  013  019  013  006  000  000  000  000  000  000  023  059  059  029 
 008  014  019  019  011  010  005  000  000  000  000  017  056  067  046  016 
 018  020  018  014  011  018  018  007  000  000  004  051  074  058  031  010 
 030  021  013  009  005  005  007  005  002  012  037  064  061  035  018  012 
 028  009  002  000  000  000  000  000  004  031  062  059  042  022  015  014 
 010  000  000  000  000  000  000  000  012  063  070  048  029  016  012  014 
 000  000  000  000  000  000  000  001  048  073  056  029  022  011  007  008 
 000  000  000  000  000  000  000  027  066  062  033  012  009  003  000  004 
 000  000  000  000  000  000  007  052  062  038  011  000  000  000  000  010 
 000  000  001  002  000  000  036  054  038  020  007  000  000  000  002  043 
 003  002  002  008  021  023  042  035  017  010  006  002  002  012  030  063 
 002  000  005  006  024  035  031  019  013  016  029  037  039  040  040  043 
 004  000  002  024  021  026  030  027  036  052  057  049  044  037  030  017 
 001  000  000  030  034  038  046  053  059  061  043  018  010  006  010  012 
 000  000  009  047  063  073  069  052  034  027  011  000  000  004  000  002 
 000  000  032  073  084  079  049  016  004  002  009  000  003  000  012  004 

Celda21

 019  010  005  008  014  018  024  028  019  007  008  000  000  004  023  035 
 014  013  006  012  017  014  010  015  012  000  000  000  002  030  056  054 
 004  012  016  019  014  000  000  000  000  000  006  026  050  063  052  026 
 001  010  016  012  001  000  000  002  002  020  060  089  086  057  021  002 
 008  002  002  000  000  000  008  033  056  070  078  071  048  030  018  009 
 009  000  000  000  002  030  058  079  084  067  039  012  001  000  012  020 
 005  000  000  019  061  084  085  072  051  023  008  000  000  002  000  008 
 006  015  039  079  099  085  053  022  000  000  000  000  000  002  008  007 
 042  071  084  093  078  037  006  000  000  000  000  000  010  012  012  016 
 081  087  065  046  022  000  000  000  000  000  004  006  000  004  010  013 
 070  045  014  005  003  000  000  000  000  000  008  010  005  005  009  008 
 034  024  012  004  000  000  002  008  010  014  034  045  039  028  018  011 
 020  018  014  010  002  002  000  006  014  019  041  055  046  036  026  015 
 017  017  012  008  002  002  004  000  008  013  027  034  023  016  020  018 
 004  014  011  002  000  003  008  013  015  016  019  025  022  000  010  016 
 001  012  017  008  008  014  019  024  021  015  016  017  020  009  002  013 

Celda22

 044  049  041  026  022  026  028  031  036  042  040  036  033  032  035  047 
 037  016  012  014  014  015  014  016  010  006  011  020  024  028  024  019 
 002  000  007  018  022  023  017  013  008  002  002  010  016  018  020  016 
 000  001  012  026  032  030  021  014  022  021  015  015  018  020  023  029 
 011  018  024  034  038  031  023  018  022  023  018  017  018  022  027  028 
 024  025  026  037  037  023  017  018  013  018  019  017  018  021  028  025 
 014  015  021  032  027  012  010  016  009  008  010  006  004  009  015  011 
 010  014  025  029  022  017  017  016  008  000  000  000  000  008  011  005 
 012  009  017  020  022  029  030  020  005  000  000  000  000  004  004  004 
 006  002  010  018  022  024  020  008  010  013  018  022  020  012  003  001 
 003  003  006  011  022  029  021  004  000  012  022  027  028  027  028  034 
 009  020  027  021  022  026  018  005  006  008  014  015  018  026  032  035 
 010  025  036  028  024  022  008  000  010  018  012  004  000  012  022  016 
 012  021  032  023  023  017  004  000  004  018  016  006  006  012  006  000 
 016  018  026  018  014  018  013  000  000  012  020  010  006  018  012  000 
 020  018  020  018  012  007  010  005  000  004  023  014  004  016  016  000 

Celda23

 025  014  020  021  018  030  027  013  009  013  014  014  022  053  077  017 
 003  000  010  014  020  030  021  012  009  009  012  014  024  055  073  020 
 006  000  012  026  026  026  012  007  004  002  008  016  028  051  063  017 
 034  026  005  027  034  018  000  000  000  000  008  020  028  045  055  012 
 030  032  023  009  028  020  002  000  000  000  013  022  026  041  046  000 
 022  024  028  018  008  018  012  000  000  000  020  022  024  040  046  000 
 015  018  022  024  017  013  016  001  000  000  018  020  022  039  047  000 
 000  000  006  012  018  018  014  000  000  000  011  014  019  040  052  000 
 004  000  000  000  006  011  006  000  000  002  008  009  014  040  058  000 
 005  000  000  000  002  002  000  000  000  002  009  006  006  036  064  000 
 029  018  008  006  011  007  006  008  007  001  010  007  001  033  066  000 
 026  015  008  006  012  006  007  010  013  010  016  019  018  052  081  015 
 008  001  000  000  005  000  000  000  000  005  012  018  022  055  080  019 
 000  000  000  000  004  000  000  000  000  000  008  016  017  040  060  001 
 000  000  000  000  002  000  000  000  000  005  011  009  002  030  062  000 
 000  000  000  000  000  000  000  000  009  009  000  000  000  014  072  000 

Celda24

 001  003  008  014  019  020  024  019  006  000  000  000  006  015  018  019 
 000  000  002  013  027  024  016  017  006  000  000  000  008  011  005  000 
 002  005  012  018  028  019  010  012  012  013  016  027  027  022  011  002 
 003  008  019  022  019  011  008  007  014  009  018  034  034  030  027  024 
 002  006  013  016  011  008  011  013  024  017  012  023  023  016  022  028 
 002  004  008  008  007  010  020  026  033  026  016  018  015  004  012  018 
 001  002  004  004  007  014  030  034  033  028  022  016  009  004  005  008 
 000  000  000  006  011  015  033  032  027  022  018  013  003  003  008  000 
 000  000  003  008  011  010  026  020  008  004  002  003  001  002  009  000 
 002  005  010  009  006  004  019  009  000  000  000  000  002  006  002  000 
 002  004  008  006  004  004  014  002  000  000  000  000  000  002  000  000 
 000  000  000  002  004  007  007  000  000  000  000  002  002  002  000  002 
 000  000  000  000  003  002  000  000  004  008  007  002  004  002  000  003 
 003  005  006  005  003  000  000  001  006  012  014  008  000  000  000  001 
 006  012  017  012  004  002  004  002  000  001  004  002  000  000  000  003 
 003  006  010  007  001  000  000  000  000  000  000  000  004  005  006  006 

Celda25

 022  018  017  011  006  002  002  008  009  014  018  018  011  003  000  000 
 004  011  018  020  026  028  020  011  006  010  018  016  010  002  000  000 
 004  016  018  020  025  028  026  020  014  015  023  020  022  018  012  013 
 027  025  010  004  008  000  006  014  018  017  025  018  025  028  024  020 
 030  020  006  000  006  002  000  010  013  010  012  002  009  014  015  018 
 019  015  008  002  004  009  011  007  002  000  002  000  000  000  007  026 
 007  005  008  010  009  011  006  000  000  000  005  000  000  000  012  039 
 000  000  006  018  020  012  007  002  001  004  008  000  000  000  011  043 
 000  000  010  022  026  022  016  010  004  006  006  000  000  000  021  024 
 000  003  014  011  008  010  009  007  005  004  000  000  000  000  036  011 
 000  010  008  000  000  000  002  006  008  004  000  000  000  019  050  020 
 008  016  003  000  000  006  013  016  014  008  000  000  002  042  054  025 
 014  015  003  000  006  015  015  016  012  004  000  000  014  048  047  027 
 008  005  000  000  005  014  009  004  001  000  000  000  013  038  036  022 
 008  006  000  001  009  021  012  000  000  000  000  000  022  026  024  012 
 007  009  009  008  015  021  002  000  000  000  000  000  026  031  024  004 

Celda26

 000  037  079  082  063  040  026  021  024  022  011  011  022  018  008  010 
 013  065  088  081  062  043  032  026  028  025  012  007  018  020  013  007 
 029  075  082  067  049  035  026  024  030  029  020  016  019  024  018  007 
 028  060  062  044  025  017  015  022  029  024  016  014  013  024  023  016 
 026  054  056  034  014  016  019  020  016  006  004  007  008  019  021  014 
 049  068  061  033  015  016  020  018  010  005  010  016  012  006  016  011 
 064  064  048  021  008  011  016  019  017  020  020  014  008  000  010  009 
 037  027  016  002  004  012  023  034  028  015  006  000  000  000  002  004 
 000  007  008  008  019  039  049  039  013  002  001  000  000  000  000  000 
 000  014  033  030  039  053  042  010  000  000  000  000  000  000  002  016 
 016  041  056  032  027  028  004  000  000  000  000  000  008  017  022  038 
 034  052  048  016  010  007  000  000  000  006  020  041  058  054  042  033 
 029  032  025  004  000  000  000  005  016  042  064  083  085  064  048  020 
 004  002  006  000  000  003  019  040  059  072  078  075  055  028  024  012 
 000  000  008  006  010  036  061  067  060  053  050  038  010  000  000  002 
 000  000  023  036  048  068  069  047  025  017  020  010  000  000  000  000 

Celda27

 004  000  000  006  018  032  035  027  011  000  000  000  000  000  000  000 
 000  000  004  015  030  040  027  016  006  000  002  000  000  000  000  002 
 001  002  005  020  027  026  004  000  000  000  001  000  000  000  000  024 
 015  018  015  016  023  020  000  000  000  000  000  000  000  000  008  042 
 009  013  014  005  006  010  000  000  000  000  000  000  000  004  026  053 
 000  000  000  000  000  000  002  000  006  012  004  000  004  016  046  064 
 000  000  000  000  000  005  025  037  033  030  014  000  000  030  065  075 
 000  000  000  008  030  047  058  050  023  008  000  000  012  049  073  064 
 000  008  038  063  062  055  044  012  000  000  000  000  029  059  063  037 
 034  052  073  068  038  020  006  000  000  000  000  003  034  056  047  020 
 049  049  043  019  000  000  000  000  000  000  000  012  039  053  035  016 
 029  013  009  003  000  000  000  000  000  004  014  027  052  054  028  013 
 004  002  000  000  004  001  000  000  000  000  010  032  054  049  025  019 
 000  000  000  000  010  002  000  000  000  002  014  030  044  040  026  024 
 000  003  010  018  024  006  000  000  000  002  024  037  039  034  029  024 
 000  010  024  027  018  002  000  000  006  008  031  055  046  031  030  020 

Celda28

 000  015  053  082  078  052  017  000  000  000  018  020  018  017  020  017 
 026  041  058  073  060  029  007  005  014  016  034  031  018  022  022  025 
 043  037  046  059  044  015  000  000  008  018  031  031  018  020  020  029 
 042  024  033  045  032  014  000  000  006  018  028  035  029  022  020  030 
 041  020  027  036  025  017  018  024  033  035  033  036  036  026  028  029 
 048  025  025  032  033  041  048  045  040  036  028  020  029  028  026  018 
 054  027  022  030  039  047  047  034  020  016  014  010  014  022  006  004 
 035  018  019  033  043  044  036  017  003  002  007  008  004  023  000  002 
 012  010  024  040  046  041  028  009  000  003  010  007  006  018  001  002 
 007  016  030  037  035  028  017  006  003  007  007  002  004  010  004  000 
 014  023  027  023  017  012  008  004  005  003  002  002  004  000  002  000 
 019  023  018  012  010  008  002  001  010  012  007  008  010  002  000  006 
 023  018  014  011  006  000  000  000  016  024  018  013  014  014  004  007 
 023  011  011  014  004  000  000  004  022  033  016  004  002  009  006  000 
 017  010  011  011  006  000  004  007  020  028  010  000  004  000  000  000 
 006  007  015  018  013  007  006  000  010  022  010  000  002  000  000  000 

Celda29

 010  019  032  020  016  015  017  018  013  009  011  011  012  013  010  014 
 016  019  028  018  011  010  011  010  008  008  008  010  015  020  017  016 
 022  020  021  019  008  006  004  006  002  006  016  012  010  010  009  010 
 030  029  027  029  018  015  012  007  000  000  018  020  005  002  006  008 
 028  024  026  021  019  019  019  012  007  004  010  018  004  002  007  004 
 014  011  008  006  005  004  006  006  010  014  006  006  005  008  010  000 
 003  007  000  004  002  004  001  006  010  012  011  007  010  014  010  000 
 003  006  006  006  006  004  004  010  011  009  012  016  012  004  006  000 
 004  008  009  004  003  000  006  011  012  010  012  011  005  000  001  000 
 001  011  009  002  002  004  010  012  006  007  004  000  000  000  000  000 
 003  013  008  004  006  008  001  008  003  000  000  000  000  000  000  000 
 008  014  005  000  000  000  000  002  012  000  000  000  000  000  000  000 
 009  010  006  000  000  000  000  000  017  004  000  000  000  000  000  000 
 006  002  004  000  000  000  000  000  013  008  000  000  000  000  000  000 
 000  000  002  006  002  000  000  000  000  003  000  000  000  000  000  000 
 000  000  000  010  007  000  000  000  000  000  000  000  000  000  003  000 

Celda30

 019  020  016  019  012  000  001  007  006  002  018  012  006  014  014  000 
 012  016  015  013  001  000  000  000  004  002  008  006  008  016  012  000 
 006  002  000  000  000  000  000  000  000  000  004  000  004  013  014  000 
 010  000  000  000  000  000  000  000  000  000  003  004  000  003  008  000 
 010  002  000  000  012  012  012  006  003  000  002  011  007  008  000  000 
 005  012  000  006  028  019  018  017  012  008  005  023  020  016  016  008 
 000  018  001  000  016  010  000  004  005  006  005  020  012  000  000  000 
 000  012  010  000  008  012  000  000  000  000  000  014  006  000  000  000 
 000  000  011  003  002  010  002  000  000  000  003  008  000  000  000  000 
 000  000  006  010  005  008  002  000  000  000  000  000  000  000  000  000 
 000  000  000  014  012  008  003  000  000  000  000  000  000  000  000  000 
 000  000  000  016  020  006  000  000  000  000  000  000  000  000  007  039 
 000  000  000  015  023  000  000  000  000  000  000  000  002  023  036  053 
 000  001  003  009  016  000  000  000  000  000  000  023  044  042  040  045 
 000  000  000  000  000  000  000  000  000  002  021  048  054  043  036  038 
 000  000  000  000  000  000  000  000  007  024  038  053  053  038  032  037 

Celda31

 000  000  000  000  000  000  000  001  007  000  000  000  000  014  094  000 
 000  000  000  000  000  000  000  000  000  000  000  000  000  038  118  000 
 000  000  003  000  000  000  000  000  000  000  000  000  000  077  151  025 
 000  000  006  000  000  000  000  000  000  000  000  010  039  114  159  029 
 008  008  000  000  000  000  000  000  004  016  030  056  066  110  138  014 
 002  000  000  000  000  000  000  029  036  044  059  074  066  094  119  006 
 000  000  000  000  000  006  035  041  034  042  058  060  047  077  109  008 
 000  000  000  000  006  025  044  046  041  040  039  034  030  068  104  010 
 000  000  000  003  013  031  045  046  037  026  019  022  029  067  100  011 
 000  014  020  018  027  037  038  031  019  010  010  019  022  052  085  002 
 032  041  031  030  033  025  018  017  012  008  011  014  005  041  082  000 
 060  051  037  032  021  006  008  020  016  010  009  006  000  036  084  000 
 058  044  032  024  020  016  017  028  021  006  001  000  000  034  086  000 
 043  032  023  016  018  022  025  032  023  008  004  001  000  039  092  006 
 035  025  015  009  011  014  015  020  019  011  009  005  004  045  095  008 
 033  020  010  008  012  014  012  013  013  004  004  004  005  049  096  008 

Celda32

 000  000  000  000  000  000  000  000  000  000  002  004  012  014  016  014 
 000  000  000  000  000  000  000  000  000  007  019  014  014  013  008  004 
 000  000  000  000  002  008  009  008  010  021  023  013  010  006  000  000 
 000  000  000  000  009  009  010  011  008  009  010  002  000  000  000  000 
 001  000  000  000  008  000  000  000  000  000  008  005  000  000  000  000 
 000  000  000  000  008  000  000  000  000  000  006  008  000  000  000  000 
 000  000  000  000  005  000  000  000  000  000  000  008  004  000  000  006 
 000  000  000  000  000  000  000  000  000  004  010  011  007  000  000  000 
 002  006  009  002  000  000  000  001  011  020  020  017  010  002  000  000 
 001  002  001  000  000  000  009  008  014  017  004  000  000  000  000  000 
 000  000  000  000  000  003  009  001  002  008  000  000  000  000  000  008 
 000  000  000  000  000  000  007  000  000  000  000  000  000  002  009  010 
 002  004  007  006  000  000  003  000  000  000  006  007  006  000  000  000 
 000  002  008  011  008  000  000  000  002  013  014  003  000  000  000  000 
 000  000  000  002  004  001  000  000  010  012  002  000  000  000  000  002 
 001  002  000  000  000  000  000  000  009  002  000  000  000  004  026  042 

Celda33

 012  016  015  006  003  008  000  000  000  000  000  006  020  033  028  011 
 002  006  008  000  000  002  000  000  000  000  001  018  025  039  042  034 
 000  004  006  000  000  000  000  000  000  000  026  027  029  046  052  044 
 000  001  004  002  000  000  000  000  000  012  034  026  031  052  062  057 
 000  003  008  007  000  000  000  000  000  020  031  027  040  065  077  067 
 002  015  020  004  000  000  000  000  006  036  043  040  048  066  067  040 
 010  007  004  000  000  000  000  000  031  061  061  044  034  035  034  012 
 000  000  000  000  000  000  002  035  062  075  064  034  014  014  020  014 
 000  000  000  000  000  000  045  067  066  067  049  019  010  012  019  028 
 000  000  000  000  000  029  067  054  041  044  030  009  007  022  039  047 
 011  003  000  000  004  058  060  024  019  029  023  012  009  018  031  030 
 001  000  000  000  030  070  042  010  020  030  025  018  011  013  024  018 
 000  000  000  001  057  072  033  011  024  029  021  013  005  009  023  018 
 000  005  022  035  075  073  035  015  022  021  012  004  000  006  022  014 
 022  031  026  029  068  061  023  008  019  019  010  001  000  008  025  014 
 033  018  001  012  054  035  001  004  023  023  013  004  003  013  030  019 

Celda34

 016  032  054  062  066  062  040  016  006  006  006  000  000  000  000  000 
 033  043  051  054  050  033  015  011  014  012  004  000  000  000  000  004 
 037  034  032  034  030  017  012  019  019  012  004  001  004  002  000  006 
 047  033  021  020  023  017  012  016  009  005  000  000  000  000  000  000 
 047  026  016  002  016  019  014  013  002  000  000  000  000  000  000  000 
 011  000  000  000  008  020  016  012  004  000  000  001  006  006  004  000 
 000  000  000  000  004  021  014  006  005  000  001  012  021  025  023  014 
 008  005  010  016  018  036  024  011  009  004  008  016  010  010  011  012 
 030  025  017  014  010  026  023  012  008  002  005  002  000  000  000  004 
 033  011  001  000  000  018  020  000  000  000  002  000  000  000  000  000 
 007  000  000  000  002  012  018  000  000  000  002  000  000  000  000  000 
 000  000  001  004  000  002  012  000  000  000  001  000  000  000  000  004 
 000  000  002  006  000  000  006  002  000  008  004  000  000  002  011  000 
 000  000  004  006  003  005  005  007  017  017  010  004  000  008  002  000 
 000  002  005  008  010  012  009  012  018  007  001  000  000  004  000  000 
 006  006  001  006  009  004  002  003  010  002  000  000  000  000  000  000 

Celda35

 004  021  028  009  000  000  000  000  000  007  037  066  047  022  024  014 
 011  026  024  000  000  000  000  000  006  018  048  064  037  008  010  014 
 010  017  011  000  000  000  000  009  024  040  056  056  031  004  002  014 
 003  002  002  000  000  000  000  018  045  054  052  047  035  018  014  013 
 000  000  000  000  000  000  000  031  060  057  040  034  037  033  030  017 
 000  000  000  000  000  000  005  043  065  056  028  021  033  032  024  020 
 004  000  000  000  000  002  018  045  061  051  023  021  033  026  004  012 
 010  002  000  000  000  014  029  045  050  038  018  023  031  020  006  000 
 010  000  000  000  006  022  036  048  044  028  022  022  020  010  002  000 
 004  000  000  000  008  020  032  047  042  030  025  021  014  002  000  000 
 000  000  000  000  009  016  029  045  040  032  030  018  006  003  000  000 
 000  000  000  000  014  025  039  046  037  029  020  005  002  011  010  015 
 000  000  000  007  015  026  038  033  023  017  002  000  000  016  010  008 
 000  000  000  016  021  028  030  024  024  019  000  000  000  016  017  005 
 000  000  002  026  017  026  028  023  030  029  011  016  016  020  018  008 
 000  004  026  039  024  025  027  028  042  049  033  030  028  022  017  001 

Celda36

 000  008  022  021  014  010  008  001  000  014  012  000  000  000  000  000 
 005  020  027  013  004  006  008  006  002  008  010  000  000  000  000  000 
 019  025  016  004  003  002  000  006  008  005  004  000  000  000  000  000 
 022  017  003  000  006  004  000  006  009  000  000  000  000  000  000  000 
 011  022  010  004  004  008  004  006  004  000  000  000  008  000  001  000 
 000  024  027  008  004  010  004  000  000  000  001  002  015  010  004  006 
 014  026  039  007  004  004  004  000  000  000  001  006  016  013  008  014 
 018  028  038  007  000  000  002  000  000  000  000  000  010  019  015  020 
 000  003  019  006  000  000  000  001  000  000  000  000  014  024  015  019 
 000  004  012  003  000  000  000  012  005  000  000  000  017  036  021  012 
 000  002  007  000  000  000  000  016  016  002  004  002  014  038  034  004 
 016  008  000  002  000  008  012  021  022  006  015  022  019  029  038  005 
 014  014  010  009  006  006  006  002  012  003  002  016  014  009  030  010 
 006  010  012  008  000  000  000  000  000  013  014  000  000  000  018  009 
 000  002  002  000  000  000  000  000  000  018  028  006  000  000  004  002 
 000  000  000  000  000  000  000  000  000  011  024  008  000  000  000  000 

Celda37

 000  000  000  008  010  000  000  000  000  000  000  001  000  000  000  000 
 000  000  000  006  010  002  000  000  000  000  000  004  007  000  000  000 
 000  000  000  005  009  004  000  000  000  000  000  001  009  000  000  000 
 000  000  000  004  008  006  002  000  000  000  016  023  009  000  000  000 
 000  012  013  007  014  019  017  010  008  010  018  006  000  000  000  000 
 017  026  028  020  026  032  020  012  008  002  000  000  000  000  000  000 
 026  027  024  022  028  035  014  002  000  000  000  000  000  000  000  053 
 022  024  020  026  029  030  006  000  000  000  000  000  000  008  060  072 
 012  016  011  020  014  000  000  000  000  000  000  000  016  058  067  048 
 009  006  010  000  000  000  000  000  000  000  000  025  059  064  047  031 
 007  000  008  000  000  000  000  000  000  000  025  045  052  046  037  036 
 000  000  000  000  000  000  000  000  001  023  035  034  037  042  042  039 
 000  000  000  000  000  000  000  005  033  040  031  027  036  043  039  026 
 000  000  000  000  000  000  021  042  043  033  028  031  035  031  023  011 
 000  000  000  000  000  028  048  040  026  023  031  033  027  017  018  013 
 000  000  000  014  040  046  040  023  022  023  030  024  017  011  011  012 

Celda38

 000  000  000  000  000  000  011  036  052  053  049  048  037  019  019  031 
 000  000  000  000  000  038  069  075  070  056  038  026  015  005  014  030 
 000  000  000  014  052  081  086  071  051  030  014  008  005  010  025  038 
 000  000  034  063  068  074  065  040  016  000  000  002  006  018  035  045 
 000  029  066  064  058  055  035  015  004  000  002  008  008  020  038  043 
 034  061  064  056  052  036  013  010  010  013  016  012  008  018  032  025 
 065  059  052  049  040  018  008  018  025  020  011  008  007  013  022  016 
 054  041  034  032  026  012  012  026  028  012  000  000  001  004  011  009 
 031  027  021  022  024  013  012  026  024  005  000  000  000  002  007  008 
 029  032  030  033  032  017  015  027  019  004  000  000  000  002  011  012 
 039  040  039  034  024  015  017  022  010  000  000  000  000  002  013  014 
 032  028  026  013  004  005  010  007  002  000  000  000  000  000  008  014 
 013  006  008  000  000  006  010  002  000  000  000  000  000  000  004  015 
 001  001  002  000  000  012  017  009  007  006  005  003  000  000  004  013 
 000  001  000  002  007  014  015  010  008  011  013  012  008  006  013  012 
 007  000  000  002  009  008  008  008  000  007  014  018  017  018  026  017 

Celda39

 029  019  016  018  015  013  012  011  005  000  000  000  004  048  091  003 
 026  018  020  018  010  002  001  002  000  000  000  000  000  042  086  000 
 028  016  014  009  004  000  000  000  000  000  000  004  003  043  085  000 
 032  016  008  002  002  007  010  006  003  001  000  004  008  046  086  001 
 024  008  001  000  002  006  008  007  008  010  008  004  009  047  084  000 
 006  000  000  002  002  000  000  000  001  008  014  012  006  046  085  000 
 005  000  000  004  002  000  000  000  000  002  007  008  002  042  087  000 
 007  004  000  000  001  005  010  009  005  002  002  003  002  040  088  000 
 006  005  002  000  004  011  014  014  010  008  006  006  008  046  093  005 
 004  002  004  004  009  015  010  009  008  006  004  006  010  050  095  009 
 004  002  008  010  015  013  007  006  003  000  000  001  005  044  089  006 
 009  005  008  014  018  010  004  004  000  000  000  000  000  042  086  004 
 015  006  004  014  016  006  000  000  000  000  000  004  002  042  082  001 
 016  006  001  011  015  004  000  000  000  000  003  006  004  042  080  000 
 010  008  001  004  012  004  000  000  000  000  007  006  003  042  078  000 
 007  006  002  000  006  006  000  000  000  000  008  004  002  042  080  000 

Celda40

 000  000  000  000  000  000  000  014  024  015  009  002  001  029  053  042 
 000  000  000  000  000  000  008  045  041  022  008  002  014  054  049  006 
 000  000  000  000  021  028  035  044  009  000  000  000  054  064  015  000 
 000  002  012  028  056  030  011  012  000  000  000  047  093  041  006  000 
 004  009  018  018  023  000  000  000  000  000  024  107  081  008  000  000 
 002  003  001  000  002  000  000  000  000  007  085  101  020  000  000  002 
 000  000  000  000  000  000  000  000  010  066  092  043  000  000  000  008 
 000  000  000  000  000  000  000  000  072  104  061  005  000  000  004  012 
 000  000  000  000  000  000  000  052  123  094  022  004  003  009  010  014 
 001  002  002  000  000  000  008  102  119  042  004  012  020  016  015  020 
 002  004  007  002  000  002  056  122  077  000  000  006  008  006  012  019 
 001  002  000  000  000  025  097  106  033  000  000  008  000  000  010  010 
 000  000  000  000  006  072  096  063  009  004  000  000  000  000  012  010 
 000  000  000  001  074  099  062  029  007  008  008  001  000  000  010  008 
 000  000  002  034  123  076  022  022  014  012  015  013  008  007  020  010 
 000  004  023  063  091  010  000  022  011  010  016  018  014  013  026  012 

Celda41

 010  000  000  022  049  021  000  006  034  026  010  007  010  019  029  019 
 000  000  002  041  048  008  000  011  040  030  008  002  006  007  016  013 
 000  000  000  047  043  009  004  027  051  029  008  004  001  001  007  007 
 000  000  008  048  035  010  013  049  064  034  011  010  009  006  000  000 
 000  000  015  050  028  002  008  053  063  031  020  019  014  006  002  000 
 000  000  022  051  029  000  008  055  061  024  018  016  008  000  000  000 
 010  012  033  048  026  000  016  062  059  014  007  004  000  000  000  000 
 022  029  042  045  018  005  024  059  044  002  000  000  000  000  000  001 
 027  035  044  044  014  003  028  050  035  002  000  000  000  000  001  004 
 024  026  033  035  018  005  026  044  028  003  000  000  000  000  000  002 
 010  006  013  021  012  008  016  037  024  002  000  000  000  000  000  006 
 000  000  010  021  008  012  014  032  022  000  000  000  000  001  006  007 
 000  000  015  030  004  008  010  033  027  007  007  006  002  001  005  005 
 000  000  022  036  000  000  004  033  033  008  001  000  000  007  007  007 
 000  000  025  037  000  000  005  037  040  010  000  000  003  014  015  020 
 005  000  022  035  004  000  013  042  038  004  001  000  011  024  021  017 

Celda42

 004  002  000  004  012  000  000  000  004  001  000  000  006  006  002  000 
 001  000  000  000  006  002  000  002  003  004  004  006  008  005  000  000 
 002  002  002  005  000  004  005  008  010  009  002  000  000  000  000  000 
 001  013  012  004  002  005  013  009  004  002  000  000  000  000  000  000 
 000  016  016  000  000  015  017  002  000  000  000  000  000  000  000  000 
 000  012  012  000  008  019  010  000  000  002  000  000  000  000  000  000 
 000  007  005  001  017  023  002  000  000  006  000  000  000  000  000  000 
 004  009  004  000  014  022  004  000  000  002  000  000  000  000  000  000 
 010  014  011  012  019  022  006  002  002  000  000  000  000  000  000  000 
 008  012  011  014  025  028  017  015  016  007  000  000  000  000  000  000 
 009  012  010  012  023  027  021  019  016  008  000  000  000  000  000  000 
 009  012  007  007  018  023  014  006  000  000  002  001  000  000  000  000 
 008  012  009  010  019  016  002  000  000  000  003  005  000  000  000  004 
 017  023  019  021  018  003  000  000  000  000  002  002  000  000  000  016 
 031  034  033  033  020  006  000  000  000  006  008  006  005  008  014  040 
 022  029  033  029  018  013  010  010  016  022  022  018  019  024  031  051 

Celda43

 004  010  025  036  028  034  042  041  045  048  031  018  022  018  008  000 
 000  002  017  037  036  036  042  040  038  039  025  003  010  009  002  000 
 000  000  014  043  049  035  030  029  026  028  025  006  000  000  000  000 
 000  000  022  052  058  028  014  018  014  015  019  007  000  000  000  000 
 000  000  029  057  051  015  006  016  010  004  008  002  000  000  004  000 
 000  013  035  046  045  018  002  010  004  000  000  000  000  011  012  000 
 000  012  026  034  038  024  006  004  000  000  004  003  000  008  013  000 
 000  016  025  030  037  024  000  000  002  004  006  006  000  000  005  001 
 000  023  028  032  042  028  003  000  010  019  004  000  000  000  000  000 
 017  037  032  031  044  029  008  012  024  024  006  000  000  000  000  000 
 036  051  026  027  045  026  002  008  012  012  000  000  000  000  000  000 
 050  051  010  022  044  024  004  000  000  008  000  000  000  000  006  000 
 060  050  000  014  038  021  011  008  000  003  000  000  000  000  010  000 
 072  053  008  009  028  019  018  016  000  000  000  000  000  000  004  000 
 077  051  008  013  028  020  018  018  002  000  000  000  000  000  000  000 
 072  045  005  008  027  023  012  011  004  000  000  000  000  000  000  000 

Celda44

 000  000  000  000  000  000  001  004  015  010  009  008  000  000  000  000 
 000  000  000  000  000  000  007  010  014  013  000  006  000  000  000  000 
 004  006  000  000  000  006  008  004  000  000  000  000  000  000  000  016 
 003  006  004  000  000  008  000  000  000  000  000  000  000  000  011  051 
 000  000  004  009  002  006  000  000  000  000  000  000  000  015  052  051 
 000  000  000  004  000  000  000  000  000  000  000  000  040  060  049  027 
 000  000  000  000  000  000  000  000  000  000  000  042  067  051  025  015 
 000  000  000  000  000  000  000  000  000  012  052  055  043  030  020  016 
 000  000  000  000  000  000  000  000  000  063  071  034  017  028  029  017 
 000  000  000  000  000  000  000  010  060  086  059  015  011  034  033  018 
 000  000  000  000  000  000  024  063  078  064  026  002  015  036  029  010 
 000  000  000  000  000  041  077  076  054  022  000  004  025  033  019  003 
 000  000  000  010  051  079  080  052  022  006  008  020  032  023  007  000 
 000  000  016  067  072  064  045  021  014  018  023  025  022  012  003  000 
 000  006  055  070  048  024  009  012  030  039  027  016  002  008  001  000 
 000  042  055  038  016  007  009  030  041  030  007  006  001  004  000  000 

Celda45

 000  000  018  052  047  031  022  015  017  018  018  014  016  015  008  006 
 000  028  053  048  024  014  017  015  008  008  010  017  024  020  010  008 
 047  054  043  020  006  016  026  015  006  007  016  024  023  010  002  006 
 049  027  006  003  004  024  029  014  013  016  020  017  008  000  001  012 
 020  012  007  002  009  024  026  014  020  018  012  001  000  002  014  027 
 006  002  014  014  013  020  026  022  018  016  008  000  000  015  029  033 
 014  018  025  024  017  017  023  024  011  010  008  008  008  021  030  021 
 020  024  025  027  023  016  021  028  014  011  014  017  016  019  022  010 
 014  022  023  025  022  013  022  037  028  022  022  019  018  014  016  008 
 012  017  022  018  015  009  019  039  036  021  020  014  012  012  012  010 
 006  004  026  020  010  004  008  030  030  004  006  005  002  003  005  004 
 002  000  022  028  016  001  001  019  028  016  000  000  000  000  000  000 
 006  006  013  030  018  000  000  008  020  024  005  000  000  000  000  000 
 000  009  010  022  016  000  000  002  013  023  012  000  000  000  000  000 
 000  000  006  008  009  000  000  004  013  020  010  000  000  000  003  000 
 002  006  004  000  000  000  000  006  016  019  004  000  000  006  010  000 

Celda46

 009  004  000  005  011  006  002  007  006  002  008  011  012  018  026  016 
 010  009  009  011  010  002  000  004  009  008  000  002  006  015  019  008 
 015  019  020  015  006  000  002  007  006  008  002  000  006  015  012  000 
 023  025  023  013  008  002  007  007  001  002  003  000  000  007  004  001 
 031  023  013  006  004  004  004  003  000  000  002  000  000  007  006  000 
 026  010  000  000  002  005  002  001  000  000  000  000  000  004  006  002 
 010  000  000  000  000  002  003  003  002  000  000  002  002  000  000  004 
 006  002  002  000  000  000  002  002  000  000  000  009  000  000  000  002 
 008  006  000  000  000  004  002  000  000  000  000  012  004  000  000  000 
 004  000  000  000  006  010  000  000  000  000  000  011  006  000  000  000 
 000  000  000  000  010  010  000  000  000  000  000  006  004  000  000  000 
 000  000  000  000  012  008  000  000  000  000  000  000  001  000  000  000 
 000  000  000  002  012  006  000  000  000  000  000  000  000  000  000  000 
 000  000  000  002  010  004  000  000  000  000  000  000  004  001  000  000 
 000  000  000  000  004  002  002  000  000  000  000  000  011  001  000  000 
 000  000  000  000  000  000  002  004  000  000  000  000  017  002  006  006 

Celda47

 009  000  001  000  002  008  000  001  008  006  005  000  000  044  082  000 
 003  000  000  000  000  008  006  000  004  003  000  000  000  045  084  000 
 002  005  004  000  000  004  010  000  000  000  000  002  004  048  086  002 
 007  012  010  002  000  002  006  000  000  000  005  008  007  046  084  001 
 006  012  012  008  006  007  003  000  004  008  016  015  004  040  082  000 
 000  002  008  012  012  006  002  002  007  013  014  004  000  038  080  000 
 006  005  000  008  008  001  000  000  003  007  004  000  000  038  080  000 
 008  008  000  000  000  000  000  001  011  012  006  002  000  039  080  000 
 008  008  002  000  000  000  001  010  021  019  012  009  004  041  085  004 
 006  009  002  000  000  000  002  010  019  014  006  006  006  046  091  008 
 004  010  004  000  000  004  004  010  015  007  000  000  000  042  084  000 
 002  008  006  000  000  000  000  008  012  003  000  000  000  046  086  000 
 000  001  002  002  000  000  000  008  008  000  000  000  006  051  089  000 
 000  000  000  000  000  000  000  012  008  000  000  001  016  060  096  006 
 004  000  000  000  000  000  007  023  014  003  000  006  021  062  095  006 
 011  002  000  004  005  006  013  022  008  000  000  008  026  063  092  005 

Celda48

 006  018  039  051  021  000  005  022  004  000  002  008  009  007  018  004 
 009  020  032  016  000  000  014  022  004  001  000  000  000  000  013  000 
 003  004  000  000  000  000  017  017  002  004  000  000  000  005  014  001 
 000  000  000  000  000  000  018  009  000  007  000  000  000  014  017  001 
 000  000  000  000  000  007  024  000  000  012  000  000  002  031  023  004 
 000  000  000  000  000  016  022  004  000  014  000  004  012  037  016  003 
 001  002  000  000  000  022  018  000  000  011  004  005  015  031  005  002 
 001  002  002  000  000  020  014  000  000  010  014  011  017  019  001  000 
 003  006  008  008  011  025  006  000  002  014  025  018  012  002  000  001 
 002  004  010  014  023  028  010  004  008  019  020  010  000  000  000  004 
 000  001  006  013  024  022  012  010  013  014  012  010  000  000  000  002 
 001  002  005  009  018  010  004  003  005  002  004  008  004  000  000  000 
 002  005  010  010  011  000  000  000  001  000  002  008  003  000  000  000 
 001  003  006  008  005  000  000  000  002  002  002  004  002  000  000  000 
 000  000  000  000  000  000  002  007  012  008  002  000  000  000  000  001 
 000  000  000  000  000  000  000  003  004  000  000  000  000  000  000  006 

Celda49

 008  012  023  034  012  004  014  036  026  000  004  012  021  030  015  004 
 006  019  034  045  020  004  006  028  020  000  002  020  029  026  003  002 
 002  014  032  041  014  001  002  027  016  000  005  024  029  020  006  000 
 002  010  025  027  004  000  000  030  018  006  023  027  017  016  014  006 
 005  013  013  010  000  000  000  032  024  014  022  014  002  002  010  008 
 008  006  000  002  000  000  002  030  030  011  009  008  004  002  000  000 
 010  000  000  000  006  000  005  029  032  006  000  004  008  007  000  000 
 008  000  000  000  016  000  002  022  030  000  000  000  012  008  000  000 
 007  000  006  009  020  005  002  014  024  000  000  000  012  010  002  000 
 010  000  007  014  018  006  002  002  015  000  000  000  006  013  013  006 
 010  006  000  006  005  000  000  000  009  003  000  000  000  014  022  012 
 007  014  006  000  000  000  000  000  012  012  008  010  006  012  023  014 
 006  016  004  000  000  001  000  000  017  022  012  022  024  024  031  024 
 010  010  000  000  000  004  000  000  016  026  003  010  018  016  023  021 
 010  000  000  000  000  003  000  000  008  025  020  000  006  008  011  012 
 008  000  000  000  000  000  000  000  005  022  029  012  000  000  002  008 

Celda50

 017  032  029  013  004  005  008  010  020  019  019  017  020  026  030  043 
 023  037  019  000  000  000  000  004  009  001  000  000  003  016  023  035 
 026  026  005  000  000  000  000  000  002  000  000  000  000  000  012  031 
 015  020  006  000  000  000  000  000  000  000  000  000  000  000  000  024 
 000  006  012  010  000  000  000  002  000  000  000  000  000  000  006  034 
 000  000  010  011  000  000  000  002  000  000  000  000  000  000  018  047 
 000  000  002  002  000  000  003  000  000  000  000  002  000  014  045  050 
 000  006  002  000  000  004  010  004  000  000  000  004  006  029  044  024 
 002  005  003  000  000  000  010  010  000  000  000  000  000  026  026  009 
 000  000  000  000  000  002  006  010  000  000  000  000  000  025  022  011 
 000  000  000  000  004  006  003  004  000  000  000  000  000  031  032  031 
 000  000  004  007  004  000  000  000  000  000  000  000  000  044  048  030 
 014  015  012  002  000  000  000  000  000  000  000  000  004  058  053  010 
 014  010  008  000  000  000  000  000  000  000  002  017  038  066  033  000 
 007  000  000  000  000  000  002  005  003  004  018  038  039  024  002  000 
 004  000  000  000  000  005  012  016  014  011  018  029  011  000  000  000 

Celda51

 058  036  003  008  025  017  002  000  006  000  000  000  000  000  000  004 
 044  024  002  013  031  016  000  000  005  000  000  000  000  000  004  061 
 034  009  000  022  040  018  005  000  000  000  000  000  000  019  061  077 
 024  005  000  026  030  005  002  000  000  000  000  000  025  078  077  054 
 024  008  002  020  023  009  000  000  000  000  000  014  064  076  048  024 
 029  006  005  000  008  013  002  000  000  000  016  044  057  042  019  012 
 017  000  000  000  000  003  003  000  000  022  045  047  035  020  016  017 
 002  000  000  004  004  000  001  008  024  042  037  023  018  021  025  017 
 000  000  004  000  000  000  016  040  037  024  008  006  022  029  017  005 
 009  010  000  000  000  016  058  048  014  004  003  012  030  022  008  006 
 023  008  000  000  008  052  060  023  002  000  012  016  020  012  011  018 
 000  000  000  010  043  052  015  000  000  002  013  016  018  016  014  019 
 000  000  000  032  052  028  000  000  000  008  014  009  013  022  016  004 
 000  000  013  051  051  022  002  004  003  005  014  015  010  014  018  006 
 000  002  043  066  061  041  022  018  010  004  014  019  012  008  010  004 
 004  039  063  074  060  029  008  014  018  014  009  020  015  017  020  010 

Celda52

 062  065  032  017  022  028  038  047  030  002  000  000  005  000  000  000 
 085  052  030  030  052  055  049  040  012  003  002  006  009  004  000  000 
 065  041  036  047  052  044  031  017  007  008  012  012  008  008  003  000 
 041  046  048  034  020  016  011  004  003  004  003  002  002  004  000  000 
 029  046  034  010  004  002  008  000  000  000  000  002  000  000  000  002 
 023  032  015  000  000  000  006  004  000  000  000  002  000  000  000  001 
 014  018  011  000  000  000  000  005  000  000  000  000  000  000  000  000 
 004  008  008  000  000  000  000  000  000  000  000  000  000  000  000  000 
 002  000  000  000  002  001  003  000  000  000  000  000  000  000  004  006 
 016  010  001  000  010  004  000  002  002  001  000  000  000  000  009  016 
 026  014  010  004  008  004  000  000  003  004  004  001  002  006  009  018 
 016  010  014  016  010  000  000  000  006  006  006  006  006  008  008  013 
 000  000  009  016  016  008  002  011  009  004  000  000  002  003  004  005 
 000  000  000  000  000  000  002  012  000  000  000  000  000  003  005  006 
 000  000  002  000  000  000  000  009  000  000  000  000  002  004  006  006 
 000  000  000  000  000  000  006  008  000  000  000  001  000  000  002  000 

Celda53

 002  012  002  000  000  002  004  006  016  020  000  000  000  006  010  000 
 000  011  004  000  000  002  010  007  012  016  000  000  000  002  004  002 
 000  008  002  000  000  002  014  006  004  010  004  002  004  002  000  000 
 007  013  001  000  000  000  016  005  000  006  010  010  008  000  000  000 
 014  013  004  002  002  000  018  010  002  002  012  012  006  000  000  000 
 020  014  000  000  000  000  016  015  000  000  012  013  002  000  000  008 
 018  016  000  000  000  001  009  013  000  000  014  022  013  011  012  014 
 008  010  000  000  000  000  007  007  007  013  025  030  016  010  010  006 
 005  002  000  000  000  002  006  004  015  023  021  017  006  001  004  004 
 008  007  010  012  010  002  007  006  014  019  008  004  008  003  004  004 
 016  013  009  008  012  012  004  006  013  017  012  007  013  008  002  000 
 017  009  000  000  003  012  008  000  013  018  023  021  012  002  000  000 
 011  010  000  000  004  000  006  008  024  038  038  021  003  000  000  002 
 003  006  003  000  000  004  002  012  034  044  028  005  000  000  000  000 
 002  000  002  000  000  012  011  012  031  036  013  000  000  000  000  000 
 000  000  000  005  006  018  021  015  023  021  002  000  000  000  000  002 

Celda54

 000  000  007  000  000  000  001  010  007  000  008  008  020  008  010  014 
 000  000  008  000  000  000  004  014  019  018  020  018  016  007  001  000 
 000  000  002  002  000  000  012  023  028  024  012  010  005  004  000  000 
 000  000  006  004  000  000  012  023  021  012  000  000  000  004  002  000 
 010  018  012  005  000  000  012  020  012  006  000  000  000  012  005  006 
 025  018  001  000  000  002  012  014  004  003  003  000  000  016  000  004 
 012  006  000  000  000  007  012  010  000  002  009  000  000  012  002  000 
 000  001  000  000  002  013  013  013  004  001  008  000  000  002  000  000 
 004  006  008  014  016  016  006  010  002  000  004  000  000  000  000  000 
 005  013  013  017  016  008  000  002  005  000  001  000  000  000  000  000 
 004  011  008  010  008  001  000  000  004  001  002  002  000  000  000  000 
 004  015  006  002  000  000  001  002  000  002  006  004  000  000  000  006 
 000  018  009  000  000  000  003  004  000  000  010  008  000  000  000  010 
 000  012  009  000  000  000  000  000  000  000  012  013  000  000  001  017 
 000  002  006  000  000  000  000  000  000  000  010  018  003  008  014  034 
 000  000  000  000  000  000  000  005  000  006  011  020  002  006  017  038 

Celda55

 014  008  005  009  009  003  004  017  006  000  000  011  034  068  094  008 
 000  000  000  004  008  000  000  014  012  002  009  017  037  071  096  009 
 000  000  000  002  015  000  004  020  024  011  013  011  029  068  090  000 
 000  000  000  001  027  015  014  031  027  006  003  002  022  067  091  000 
 004  004  006  006  041  030  017  024  008  000  000  000  015  062  090  000 
 006  010  019  023  047  030  011  011  000  000  000  009  014  056  090  000 
 000  002  009  017  034  020  004  004  000  006  016  018  012  053  091  001 
 000  009  003  007  017  008  002  004  004  014  023  016  008  052  096  006 
 003  016  008  004  011  008  002  008  015  015  011  006  004  050  093  003 
 010  020  006  000  012  014  004  010  017  002  000  000  000  043  086  000 
 018  023  000  000  014  020  006  009  014  000  000  005  006  039  080  000 
 026  022  000  000  014  022  005  005  008  000  000  009  012  038  079  000 
 032  022  004  002  014  020  002  000  003  000  000  010  016  042  084  000 
 034  026  006  006  012  017  000  000  001  000  000  011  014  044  088  001 
 040  029  006  006  005  014  000  000  005  007  012  019  016  051  097  007 
 032  018  001  004  006  019  007  004  011  013  014  008  006  051  097  006 

Celda56

 000  000  000  000  000  000  000  002  002  000  000  000  000  002  003  006 
 000  000  000  000  000  000  000  000  003  000  000  000  000  004  003  000 
 000  000  000  000  000  000  000  000  006  004  000  000  000  002  000  000 
 001  002  000  000  000  000  000  000  006  010  000  000  002  003  002  001 
 001  002  003  002  001  003  006  006  005  010  000  000  003  004  004  004 
 000  001  004  008  009  008  008  006  004  005  000  000  000  000  000  000 
 000  000  002  006  008  006  004  000  000  002  000  001  000  000  000  000 
 000  000  000  000  000  001  000  000  000  004  005  002  000  000  000  004 
 000  000  000  000  000  000  002  004  002  003  006  000  000  000  000  009 
 000  000  000  000  000  000  000  000  000  000  003  000  000  002  001  007 
 000  000  000  000  002  004  000  000  000  000  001  002  000  003  002  002 
 000  000  000  000  000  002  002  000  000  000  004  003  000  004  007  005 
 000  000  000  000  005  000  000  000  000  000  008  008  008  012  014  011 
 005  012  025  032  038  030  031  038  046  049  058  054  050  050  052  054 
 010  024  054  074  082  076  075  080  089  096  101  093  085  082  084  090 
 000  000  000  000  002  000  000  000  000  000  004  001  000  000  000  001 

Celda57

 005  000  000  000  000  000  000  002  004  016  027  018  004  000  002  008 
 000  000  000  000  000  002  002  006  003  008  021  020  010  002  004  006 
 000  000  000  000  000  011  012  010  009  006  015  022  012  004  004  000 
 000  000  000  000  000  014  018  016  013  010  016  022  011  004  003  000 
 006  004  002  002  002  011  020  020  014  001  009  014  008  007  009  008 
 000  000  000  002  005  006  018  018  012  008  009  009  007  011  011  002 
 000  000  000  000  001  001  021  019  004  009  017  012  011  012  006  000 
 004  006  005  002  000  000  024  020  002  006  020  015  008  006  002  000 
 000  000  002  002  000  000  026  026  000  000  014  016  012  006  000  000 
 000  000  000  000  000  000  022  036  008  000  002  015  022  011  001  002 
 000  000  000  002  000  000  016  041  016  000  000  012  031  023  002  002 
 002  000  000  004  000  000  012  040  020  000  000  006  030  034  011  000 
 009  009  006  000  000  008  013  032  022  000  000  003  024  034  018  000 
 056  062  068  070  072  070  064  067  059  040  047  051  063  061  044  026 
 096  101  108  114  117  115  112  108  109  097  097  100  105  099  088  076 
 000  000  000  001  002  000  000  000  009  005  000  000  006  008  008  003 

Celda58

 000  000  000  000  005  017  017  011  010  008  011  000  000  000  000  010 
 000  000  000  008  017  026  012  000  000  000  000  000  000  000  004  061 
 000  000  000  006  021  020  007  000  000  000  000  000  000  002  055  088 
 000  002  004  006  010  002  000  000  000  000  000  000  016  042  074  077 
 010  008  007  002  004  000  000  000  000  000  000  004  038  052  048  036 
 002  000  000  000  000  000  000  000  000  000  000  043  052  034  010  000 
 000  000  000  000  000  000  000  000  000  000  022  054  028  000  000  000 
 000  000  000  002  000  000  000  000  000  000  033  034  000  000  000  000 
 000  000  000  002  000  000  000  000  000  006  028  010  000  000  000  035 
 003  004  003  000  000  000  000  000  007  020  000  000  000  000  015  067 
 000  002  006  004  000  000  000  000  006  000  000  000  000  008  034  060 
 000  002  001  000  000  000  000  000  004  000  000  000  012  033  031  034 
 000  002  000  000  000  000  000  000  000  000  000  007  029  038  024  013 
 027  022  016  016  022  028  031  032  037  059  078  078  080  088  073  058 
 076  075  075  080  090  102  110  116  125  143  145  128  124  133  117  108 
 000  000  000  000  000  000  000  000  008  022  021  005  004  018  007  000 

Celda59

 047  064  069  062  025  010  006  004  014  014  006  018  023  019  020  021 
 075  068  060  025  004  009  019  008  000  004  009  015  024  017  011  014 
 072  054  030  002  000  016  020  008  000  000  004  011  012  016  018  010 
 047  018  010  002  013  026  008  001  002  000  002  006  002  004  017  016 
 016  006  012  019  025  012  000  000  004  004  005  012  004  000  002  010 
 006  011  024  029  022  004  000  000  006  007  005  011  008  000  000  000 
 018  029  032  020  015  008  000  002  004  006  006  006  006  000  000  000 
 049  059  035  009  005  012  010  002  000  000  004  002  002  000  000  000 
 079  053  022  008  010  013  010  004  000  000  000  000  003  002  000  001 
 075  035  010  007  015  024  022  010  000  000  000  000  000  004  000  000 
 057  023  004  006  018  029  025  018  006  000  000  002  000  000  000  002 
 033  014  003  009  019  019  005  003  007  006  002  000  000  000  000  000 
 023  020  004  007  012  014  006  000  000  008  008  003  000  002  000  000 
 060  066  054  047  049  049  041  035  038  047  055  056  056  058  062  065 
 110  119  102  092  095  097  088  084  084  090  096  102  105  108  114  122 
 003  016  006  001  006  008  000  000  000  000  000  000  000  000  000  000 

Celda60

 019  004  000  000  007  004  010  008  000  000  000  000  000  000  004  001 
 021  018  006  000  012  007  007  004  000  000  000  000  000  002  006  007 
 006  012  014  006  004  003  001  000  000  000  000  000  000  000  006  015 
 000  000  001  000  000  000  000  000  000  000  000  000  000  000  009  024 
 000  000  000  000  000  000  000  000  000  000  000  000  000  014  027  033 
 000  000  000  004  002  000  000  000  000  000  000  002  025  035  033  026 
 000  008  015  000  007  000  000  000  000  000  000  031  043  034  022  015 
 000  002  026  008  000  003  000  000  000  000  016  034  024  010  006  008 
 007  004  016  017  000  000  000  000  000  008  018  020  012  008  008  008 
 000  004  000  010  000  000  000  004  014  019  012  006  004  008  014  014 
 000  000  000  000  002  000  000  003  012  008  000  000  000  004  016  016 
 007  003  000  002  010  006  000  000  008  004  000  000  000  002  010  010 
 010  014  010  013  011  003  000  000  006  007  000  000  000  007  000  000 
 067  073  077  073  054  050  054  056  054  064  056  057  055  064  052  048 
 122  130  135  120  106  104  111  118  118  130  118  121  121  122  114  118 
 000  010  020  006  000  000  000  000  000  013  000  000  000  003  000  000 

Celda61

 000  000  002  014  015  017  017  010  008  008  000  000  000  000  000  004 
 002  006  017  022  015  008  012  010  003  000  000  000  000  000  004  004 
 015  018  020  017  009  000  003  008  006  000  000  000  000  000  007  001 
 025  016  008  000  000  000  000  010  012  000  000  000  000  000  006  000 
 019  006  005  000  000  000  000  012  010  000  000  000  000  004  006  000 
 007  000  004  005  000  000  000  004  000  000  000  000  001  008  008  000 
 012  012  010  006  000  000  000  000  000  000  000  000  004  007  006  002 
 012  018  010  000  000  000  000  000  000  000  000  000  006  004  000  006 
 006  003  000  000  000  000  000  000  000  000  004  004  006  002  000  004 
 011  000  000  000  000  001  002  000  000  003  000  004  000  000  000  000 
 013  002  000  000  000  000  005  000  000  006  006  001  000  000  004  002 
 010  004  000  000  000  000  006  004  002  004  002  000  000  000  016  002 
 004  006  000  000  000  003  006  006  000  000  000  000  000  003  016  004 
 046  047  044  050  058  065  066  061  054  052  052  056  066  073  072  064 
 120  119  117  121  126  128  126  121  121  124  126  129  131  128  128  129 
 000  000  000  003  003  006  006  001  000  000  000  003  005  000  000  003 

Celda62

 000  000  000  000  000  000  010  014  007  008  007  014  004  002  017  026 
 000  000  000  000  002  009  015  010  004  004  004  006  006  003  018  017 
 000  000  000  002  013  011  009  004  000  000  000  000  008  010  016  013 
 000  000  000  006  018  011  008  008  001  000  000  000  013  016  014  008 
 000  000  000  006  016  010  011  012  000  000  000  000  020  023  011  002 
 002  004  005  002  010  010  016  014  000  000  000  004  022  024  008  000 
 002  005  002  000  006  014  017  009  000  000  000  012  018  022  010  000 
 005  000  000  000  006  014  014  002  000  000  003  018  015  015  014  002 
 012  002  000  004  009  007  006  000  000  002  004  016  013  009  016  010 
 010  004  000  009  008  000  000  002  002  000  004  011  008  004  017  017 
 003  005  000  008  007  000  000  006  004  004  008  009  000  000  016  027 
 000  005  003  004  004  000  008  022  010  004  014  012  007  001  014  036 
 000  004  005  002  004  006  021  020  006  002  014  014  008  014  020  034 
 063  065  065  061  067  074  075  063  055  060  068  067  058  064  067  074 
 126  127  128  125  130  134  126  116  116  121  123  120  116  111  113  116 
 001  000  001  000  006  012  005  000  000  002  000  003  008  001  000  004 

Celda63

 011  003  000  001  005  019  004  000  010  015  007  000  004  057  100  006 
 004  000  000  000  000  012  000  000  012  016  000  000  005  064  101  003 
 002  000  000  000  002  010  000  000  012  018  000  000  006  067  104  000 
 000  000  002  003  004  011  000  000  010  017  000  004  010  060  101  000 
 000  004  005  006  005  011  004  008  017  024  010  014  012  056  096  000 
 000  011  010  003  002  009  006  012  020  028  016  012  005  050  102  007 
 001  014  010  000  000  010  009  006  012  020  014  010  008  056  110  011 
 000  010  006  000  000  012  010  002  004  012  013  008  010  058  110  007 
 000  005  004  000  000  016  015  004  003  012  018  000  004  052  104  001 
 001  003  004  002  004  023  020  001  000  012  021  000  000  059  111  010 
 008  006  009  006  014  034  020  000  000  012  022  001  000  069  112  012 
 018  002  004  000  005  021  006  000  000  010  019  006  009  065  098  000 
 016  000  004  004  004  016  004  000  000  006  012  010  014  062  096  000 
 053  040  047  052  046  053  044  043  051  052  048  051  060  099  123  027 
 108  104  111  112  103  106  101  097  102  103  100  106  115  137  142  058 
 004  000  005  007  000  004  005  000  000  000  000  008  020  043  060  000 

