Celda0

 000  000  000  000  000  002  002  000  001  004  002  000  000  001  002  001 
 000  000  000  000  000  006  006  000  000  008  006  000  000  000  004  002 
 000  000  000  000  000  015  016  000  000  014  014  003  000  000  003  005 
 000  000  000  000  000  020  026  000  000  012  018  008  000  000  000  004 
 000  000  000  004  012  022  026  007  008  018  015  008  004  004  009  011 
 000  000  000  008  014  009  022  012  000  006  006  002  006  002  004  018 
 002  004  006  010  012  009  029  022  004  001  004  002  006  008  006  010 
 004  007  010  011  015  016  034  028  011  002  004  008  013  012  006  007 
 004  007  010  014  021  022  021  018  004  010  018  028  022  014  012  007 
 003  006  011  017  027  016  003  014  000  010  034  038  018  010  015  014 
 000  000  003  008  014  002  004  015  005  011  038  032  015  005  011  012 
 000  000  000  004  012  000  011  030  016  011  032  016  003  000  012  019 
 001  000  000  004  017  004  009  027  016  012  025  013  000  002  026  032 
 007  012  015  006  025  004  000  020  009  011  017  013  003  012  037  030 
 004  010  018  013  018  002  000  022  008  001  006  014  006  016  030  014 
 000  004  014  016  003  005  003  015  006  000  005  016  005  009  015  004 

Celda1

 000  001  003  000  000  001  000  000  000  000  000  000  000  000  002  002 
 000  002  006  000  000  002  000  000  000  001  000  000  000  000  004  006 
 000  002  011  002  000  004  000  000  002  006  000  000  000  000  008  014 
 000  000  010  005  002  006  000  000  007  013  000  000  002  000  004  014 
 010  011  007  002  001  006  006  000  004  012  003  000  003  009  004  008 
 027  030  024  009  000  008  020  016  006  000  002  000  000  000  000  004 
 018  010  012  009  008  019  039  018  007  000  000  000  000  000  000  003 
 012  001  000  000  010  029  042  011  008  008  003  000  000  000  000  000 
 000  000  000  000  004  025  034  012  018  022  016  006  002  008  008  003 
 011  001  000  009  008  018  025  010  010  012  009  012  016  020  016  016 
 017  026  025  017  001  012  026  015  000  000  000  008  014  010  007  010 
 018  032  038  030  020  013  014  008  000  000  000  000  000  000  000  002 
 021  016  020  021  020  020  010  000  000  000  000  000  000  000  001  000 
 006  000  000  001  002  004  008  008  004  004  000  000  003  009  006  000 
 000  000  000  000  000  000  000  008  015  015  013  012  013  009  004  000 
 000  002  003  008  014  009  000  003  012  013  011  011  007  001  000  000 

Celda2

 001  000  000  000  002  000  000  000  007  002  000  000  000  003  004  001 
 002  000  000  000  004  000  000  002  018  004  000  000  000  006  008  003 
 004  000  000  000  003  000  000  012  043  010  000  000  000  010  014  007 
 002  000  000  000  000  000  000  027  060  016  000  000  000  010  015  008 
 000  000  000  000  000  000  000  038  064  023  000  013  014  022  029  023 
 000  000  000  000  000  000  000  048  066  027  002  002  006  011  017  012 
 000  008  012  011  002  000  000  062  084  036  004  002  008  008  008  012 
 002  000  004  010  005  000  000  078  093  029  004  007  020  016  000  010 
 000  000  000  000  000  000  002  103  097  018  001  016  028  013  004  004 
 011  000  000  000  000  000  034  130  101  014  006  021  021  003  005  002 
 012  008  003  000  000  002  055  133  085  018  013  017  011  000  004  008 
 005  006  004  003  005  008  052  106  054  002  006  003  000  000  000  000 
 000  000  000  000  009  014  030  096  058  000  000  004  000  000  000  000 
 000  000  000  000  006  014  004  084  066  012  011  019  022  024  024  021 
 000  000  000  002  004  012  004  070  072  032  032  028  036  044  042  032 
 000  000  000  012  001  002  001  070  089  060  042  022  017  023  027  024 

Celda3

 000  001  000  000  000  002  001  001  001  000  000  000  000  000  001  001 
 000  002  000  000  000  004  002  002  003  002  000  000  000  000  000  000 
 005  006  000  000  000  002  000  004  008  005  000  000  000  000  000  000 
 010  010  000  000  000  000  000  006  014  008  000  000  000  000  000  000 
 019  010  000  000  000  000  000  004  013  007  000  002  000  000  000  000 
 006  000  000  000  000  000  000  000  004  001  001  010  004  000  000  002 
 005  000  000  000  000  000  000  004  004  000  000  010  003  000  000  002 
 012  000  000  000  006  007  005  015  015  020  015  004  000  000  000  000 
 017  000  002  004  008  013  014  020  021  020  026  022  008  000  000  004 
 017  005  004  006  006  010  012  013  018  009  014  013  009  009  008  006 
 008  006  000  000  000  000  000  002  012  003  000  000  012  020  020  010 
 000  003  005  000  000  000  000  002  007  000  000  000  013  016  014  012 
 007  012  019  012  007  000  000  003  004  000  000  006  000  000  005  012 
 024  029  026  014  010  010  006  003  015  023  024  014  000  000  010  015 
 023  024  014  006  003  010  017  016  027  033  025  022  018  019  026  012 
 014  008  003  006  008  013  020  024  025  023  003  001  010  022  014  005 

Celda4

 000  000  000  000  000  002  003  003  001  000  001  002  002  000  000  000 
 000  000  000  000  000  005  008  006  000  000  004  006  004  000  000  000 
 000  006  000  000  000  010  020  010  000  000  006  012  008  000  000  000 
 006  026  002  000  000  010  028  012  000  000  003  012  008  000  000  000 
 022  048  014  006  001  008  026  012  000  000  000  002  000  000  000  005 
 014  030  004  000  000  017  022  007  000  000  000  000  000  004  014  014 
 000  007  008  000  008  022  011  000  000  000  000  000  000  008  017  009 
 000  000  010  017  017  005  000  000  000  000  006  005  008  009  009  008 
 005  010  008  020  010  000  000  000  004  012  025  024  020  018  007  000 
 000  000  000  012  012  005  000  000  006  025  031  024  016  015  010  000 
 000  000  000  005  011  009  002  000  010  029  024  011  006  005  006  002 
 005  001  005  016  014  007  000  000  016  022  011  002  000  001  005  006 
 014  016  022  023  016  013  007  000  014  020  010  000  000  000  000  000 
 019  020  022  021  017  016  012  002  006  019  009  000  000  000  000  000 
 008  010  015  020  018  014  007  000  000  018  006  000  000  000  000  001 
 006  012  015  016  009  005  002  004  010  021  009  008  010  004  000  004 

Celda5

 001  001  001  001  000  000  002  001  001  003  002  000  000  001  002  000 
 004  003  001  000  000  002  004  002  002  006  006  000  000  002  004  000 
 010  006  000  000  003  005  006  003  005  014  014  002  000  002  006  000 
 012  003  000  004  010  007  000  001  010  020  020  006  000  000  000  000 
 006  000  000  012  018  008  000  000  012  022  020  007  000  000  000  000 
 003  000  000  013  022  013  000  002  006  020  019  010  000  000  000  000 
 000  004  006  006  019  020  004  000  000  012  019  017  003  000  000  000 
 004  002  010  009  015  019  008  000  000  001  018  022  004  000  000  000 
 007  010  000  010  016  010  008  002  004  000  016  024  000  000  000  000 
 001  014  012  005  000  000  009  010  001  000  010  020  000  000  000  006 
 000  014  016  006  000  001  011  012  000  000  002  012  000  000  000  008 
 006  017  006  000  004  010  008  008  006  000  000  002  002  000  004  005 
 008  016  002  000  008  014  005  002  008  005  000  000  004  000  000  004 
 002  006  004  012  017  011  002  000  004  006  003  002  000  000  000  008 
 010  004  001  009  008  003  000  000  000  004  006  004  000  000  000  006 
 008  008  008  003  000  000  002  004  009  006  002  003  000  000  000  000 

Celda6

 000  000  000  000  000  001  002  000  000  000  002  000  000  000  000  000 
 000  000  000  000  000  002  004  000  000  000  004  000  000  000  000  000 
 000  000  000  000  000  004  007  000  000  001  005  000  000  000  000  000 
 000  000  000  000  000  002  006  003  000  000  003  000  000  000  000  000 
 004  000  000  000  000  000  001  008  004  000  000  004  000  000  000  010 
 006  000  000  001  003  000  000  008  008  000  000  006  002  000  004  002 
 000  000  000  008  006  000  001  000  003  002  001  003  004  004  000  000 
 000  000  006  017  016  009  008  004  000  002  000  000  003  010  000  000 
 007  012  019  015  007  001  000  002  011  012  004  000  004  010  000  000 
 007  012  010  000  000  000  000  006  017  010  004  003  012  005  000  000 
 008  002  000  000  000  000  006  014  010  000  000  002  010  000  000  000 
 006  000  000  000  001  005  004  008  008  000  000  004  004  000  000  000 
 006  000  000  002  012  011  004  000  000  002  004  008  004  000  000  000 
 013  001  000  006  013  006  004  000  000  006  013  010  004  000  000  000 
 020  010  000  003  010  001  000  000  000  006  014  008  003  000  000  000 
 022  014  000  002  012  003  000  000  000  010  008  000  000  000  000  002 

Celda7

 000  002  004  003  000  000  001  000  000  002  002  001  000  003  006  000 
 000  004  009  006  000  000  002  000  002  004  002  002  002  008  014  000 
 000  007  014  011  000  000  006  009  006  005  001  002  006  018  030  000 
 006  003  004  007  000  000  014  024  010  001  000  004  010  026  040  000 
 016  000  000  000  000  000  018  033  012  000  004  010  012  029  044  002 
 006  000  000  000  000  000  012  028  014  004  012  016  012  029  045  000 
 000  000  000  000  002  002  002  018  018  012  018  016  008  030  050  000 
 000  003  004  000  004  000  000  013  020  014  014  010  007  034  056  000 
 000  005  012  005  004  000  000  010  020  011  006  007  012  042  060  000 
 000  001  013  010  004  000  000  008  020  008  000  008  020  046  060  000 
 000  000  010  013  005  000  000  005  019  010  000  010  024  046  058  000 
 000  001  011  012  005  000  001  002  017  014  009  015  018  042  058  000 
 000  008  015  011  006  004  006  003  019  026  018  012  006  036  062  000 
 000  010  009  002  003  001  000  004  024  023  010  002  000  029  064  000 
 006  011  008  000  000  004  000  013  020  010  009  004  000  026  064  000 
 008  007  007  003  002  009  014  014  006  000  005  008  000  028  065  001 

Celda8

 000  002  010  018  016  009  010  006  001  000  019  025  009  009  011  001 
 000  000  000  007  018  016  012  007  006  018  036  027  012  014  015  007 
 000  000  000  000  011  013  014  020  014  017  029  011  002  009  014  011 
 000  000  000  011  008  013  016  018  008  001  023  006  000  008  010  008 
 004  006  006  014  010  011  008  005  002  003  016  008  000  009  012  010 
 004  008  011  006  011  000  000  002  004  011  012  007  000  006  012  011 
 000  000  000  000  011  000  000  001  009  006  004  004  005  001  006  008 
 000  000  000  000  010  004  000  000  019  009  000  000  012  000  000  002 
 000  000  000  000  012  004  000  000  027  026  000  000  012  000  000  000 
 000  000  000  000  013  000  000  000  034  038  000  000  008  002  000  000 
 000  000  000  002  015  000  000  000  032  037  000  000  006  010  004  000 
 000  000  000  000  012  000  002  004  021  031  004  004  008  006  000  000 
 002  004  002  000  010  000  000  000  008  028  018  004  000  000  000  000 
 003  005  004  000  000  000  000  000  000  022  028  000  000  000  000  000 
 000  000  000  000  000  000  000  000  000  012  030  006  000  000  000  000 
 000  000  000  000  000  000  004  010  000  000  022  016  000  000  000  005 

Celda9

 002  007  008  010  014  013  006  008  008  002  000  000  000  000  002  002 
 009  009  007  004  003  006  008  011  003  000  000  002  000  002  005  006 
 013  011  012  008  002  002  010  010  004  002  001  004  000  002  000  000 
 012  011  014  012  006  008  014  011  001  000  004  006  006  004  000  000 
 010  003  000  000  000  004  008  004  000  000  007  009  008  000  000  000 
 008  003  000  000  000  006  000  000  006  013  018  012  000  000  000  000 
 001  000  000  000  000  011  007  011  018  021  013  006  000  000  000  000 
 000  000  000  000  015  025  017  009  008  000  000  000  000  001  002  004 
 002  008  011  019  025  014  000  000  000  000  000  000  000  000  000  000 
 006  017  018  014  010  000  000  000  000  000  000  000  000  000  000  000 
 003  020  019  014  006  000  000  000  000  000  000  000  000  000  000  000 
 000  019  024  015  002  000  000  000  000  000  000  000  000  000  000  000 
 000  012  031  020  000  000  000  000  003  000  000  000  000  000  000  000 
 000  000  028  027  002  000  000  000  008  000  000  000  000  000  000  000 
 000  000  014  030  008  000  000  000  011  000  000  000  000  000  000  000 
 002  000  000  024  020  000  000  000  010  000  000  000  000  000  000  000 

Celda10

 000  000  000  016  000  000  000  099  126  079  036  004  000  003  002  009 
 004  002  002  016  000  000  007  133  138  060  015  000  000  004  003  000 
 000  000  000  008  000  000  037  151  127  016  000  000  000  000  006  000 
 000  000  000  004  000  000  097  166  094  000  000  000  001  000  006  004 
 000  000  000  002  000  015  141  158  041  000  000  004  006  002  003  009 
 000  000  001  000  000  022  136  097  018  000  000  014  000  000  000  014 
 001  000  000  000  000  035  121  074  016  003  000  016  000  000  000  018 
 004  000  000  000  000  062  140  082  024  010  002  004  004  000  000  014 
 000  000  000  000  000  125  159  050  000  000  000  000  006  000  000  000 
 000  000  000  000  053  168  127  000  000  000  000  000  006  004  000  000 
 000  000  000  000  115  162  062  000  000  000  000  000  003  008  000  002 
 000  000  000  042  142  127  024  000  000  013  010  006  000  016  024  016 
 000  000  000  093  147  080  004  000  000  018  010  012  011  031  028  008 
 000  000  020  143  133  035  000  000  002  017  000  000  006  020  014  000 
 000  000  065  156  094  004  000  000  004  012  000  000  006  014  004  004 
 000  000  090  134  057  000  000  000  002  008  000  006  028  024  014  011 

Celda11

 006  000  004  018  024  018  018  024  020  002  000  000  000  007  000  002 
 000  002  021  024  020  015  019  017  014  000  000  000  012  006  000  000 
 000  004  016  012  002  006  010  002  002  002  000  003  008  000  000  000 
 002  004  006  013  000  000  000  000  000  000  008  011  000  000  000  005 
 003  006  002  006  006  000  000  000  000  000  007  010  000  000  007  014 
 012  002  002  000  008  004  000  000  000  000  013  007  004  004  022  023 
 018  000  000  000  006  009  000  000  000  012  015  000  005  009  023  017 
 012  000  000  000  006  013  003  007  012  026  005  000  000  000  019  007 
 002  000  001  000  004  015  002  002  010  018  000  000  000  006  015  001 
 000  004  010  002  000  014  004  000  000  000  000  000  004  013  015  004 
 002  008  008  000  000  010  006  000  000  000  000  000  000  006  014  008 
 008  005  005  000  000  006  006  001  000  001  000  000  000  006  017  009 
 008  010  009  002  000  004  007  011  013  014  004  000  000  004  018  009 
 008  012  006  002  000  004  012  018  012  003  000  006  012  010  010  000 
 005  003  000  000  000  015  018  011  002  000  003  016  022  020  008  000 
 011  002  000  000  010  021  016  002  000  000  010  019  020  020  017  014 

Celda12

 014  021  017  004  000  000  000  010  021  024  012  006  002  005  009  006 
 006  014  014  006  000  000  000  006  017  012  006  000  000  002  009  008 
 012  011  004  007  004  000  000  004  006  001  000  000  000  000  000  004 
 017  018  000  000  000  000  002  001  002  000  000  000  000  000  002  002 
 018  014  000  000  000  004  007  000  000  000  000  000  000  000  006  003 
 011  000  000  000  006  016  012  004  000  000  000  000  000  000  004  000 
 002  000  000  002  005  007  002  000  001  002  000  000  000  001  004  000 
 000  005  004  002  008  000  000  000  000  004  002  000  000  006  006  002 
 000  003  004  000  000  000  000  000  002  000  002  004  006  010  006  002 
 002  000  000  000  000  000  000  000  007  000  000  007  009  002  002  000 
 003  000  000  000  000  000  000  000  004  000  000  002  002  000  000  002 
 000  000  001  000  000  000  000  000  001  000  000  000  000  000  000  002 
 000  000  000  000  000  000  003  007  009  006  000  000  000  002  005  004 
 000  000  000  000  000  000  011  015  015  012  008  008  006  002  005  012 
 000  000  000  000  002  009  019  015  009  011  016  020  018  011  006  019 
 012  008  006  008  014  021  016  006  004  006  014  016  014  010  006  021 

Celda13

 000  007  010  000  000  000  012  012  008  006  004  001  000  000  000  000 
 003  002  007  000  000  004  017  018  013  002  000  000  000  000  000  000 
 008  004  000  000  000  006  013  013  014  007  000  000  000  000  002  002 
 000  000  000  000  000  006  006  008  013  005  000  000  003  005  000  002 
 000  000  000  000  000  006  006  010  013  000  000  000  007  006  000  000 
 000  000  000  000  004  012  008  006  008  000  002  004  002  003  003  001 
 002  006  002  000  008  011  000  001  008  006  000  000  000  002  007  001 
 005  004  000  000  012  008  000  001  010  010  000  000  000  005  006  000 
 000  000  000  000  011  004  000  007  013  006  000  000  000  004  001  000 
 000  000  000  001  009  003  004  016  013  000  000  000  000  000  000  000 
 000  000  006  011  010  009  011  017  011  000  000  000  000  000  002  004 
 000  011  020  016  012  013  011  013  005  000  000  000  000  000  006  008 
 012  019  010  006  004  005  006  005  000  000  000  000  000  000  002  006 
 020  009  000  000  000  002  006  000  000  000  002  005  004  003  000  001 
 020  009  002  000  000  005  008  000  000  000  002  004  006  011  016  021 
 018  015  016  014  013  016  010  002  000  000  000  005  016  028  040  063 

Celda14

 018  012  000  000  010  006  000  000  009  018  006  000  000  000  000  006 
 009  008  000  000  007  007  000  001  014  013  008  010  010  006  000  002 
 000  004  002  002  006  006  006  010  008  004  002  007  008  004  000  002 
 003  000  000  005  006  003  006  010  008  007  006  000  000  000  000  000 
 001  002  000  002  004  003  005  006  008  009  006  000  000  000  000  004 
 000  000  000  000  002  008  006  001  006  008  000  000  000  000  002  014 
 000  000  000  000  002  014  009  000  002  005  000  000  000  003  010  017 
 000  000  000  000  004  016  004  000  000  000  000  000  010  016  013  010 
 000  000  000  000  003  010  000  000  000  000  004  025  033  023  011  005 
 000  000  000  000  000  004  000  000  004  016  040  045  027  009  006  008 
 002  000  000  000  000  002  000  012  034  052  049  028  010  006  008  008 
 002  000  000  000  001  018  033  041  046  040  022  006  009  014  012  005 
 002  000  000  000  012  036  041  032  018  006  006  008  015  010  003  002 
 005  002  000  008  028  029  015  008  000  000  003  012  014  004  000  005 
 036  030  025  030  028  009  006  009  007  008  015  014  006  003  003  018 
 071  054  046  038  020  004  005  013  017  020  019  012  004  007  017  020 

Celda15

 007  000  004  010  012  010  004  006  000  000  000  010  009  034  068  004 
 000  000  004  016  012  000  000  002  003  000  000  009  016  042  074  008 
 000  000  013  016  006  000  000  000  006  004  002  013  026  054  075  005 
 008  015  017  004  000  000  000  000  012  021  030  044  046  058  070  002 
 022  022  003  000  000  000  000  018  048  053  047  045  032  042  064  005 
 024  008  000  000  000  006  022  049  059  040  020  009  006  030  058  000 
 014  000  000  000  013  027  034  039  026  006  000  000  004  034  062  000 
 010  002  001  014  031  028  020  010  003  000  000  000  003  038  066  000 
 012  020  020  022  022  013  010  000  000  000  000  000  004  042  071  000 
 021  024  010  000  005  011  012  000  001  000  000  004  008  041  072  000 
 013  012  002  000  002  012  015  006  004  007  006  012  012  038  070  000 
 004  008  000  000  002  012  016  014  010  013  012  005  004  036  069  001 
 008  016  008  006  009  019  022  024  018  014  012  002  000  041  074  000 
 022  024  014  017  028  033  026  020  012  002  004  002  000  042  080  000 
 025  016  010  020  030  023  010  004  008  001  000  000  002  038  080  000 
 014  002  001  010  007  000  000  000  004  002  000  000  001  047  089  010 

Celda16

 000  000  000  000  000  000  004  022  007  004  006  018  000  000  000  008 
 000  000  000  000  000  000  000  024  012  000  000  014  004  000  000  007 
 001  000  000  000  000  000  000  016  016  000  000  011  008  000  000  012 
 004  006  002  000  000  000  000  000  010  000  000  008  014  008  013  022 
 003  006  009  004  002  003  000  000  004  002  000  002  016  023  018  014 
 000  000  000  007  008  000  000  000  006  001  000  000  012  028  022  016 
 000  000  000  000  002  000  000  001  007  002  000  000  011  025  020  010 
 000  000  000  000  006  004  000  000  004  000  002  011  018  027  016  000 
 003  006  012  014  014  011  000  000  006  007  004  014  015  016  010  000 
 005  010  014  008  002  004  006  008  019  028  028  032  028  024  022  018 
 002  002  000  000  000  007  024  032  047  053  045  043  036  031  033  029 
 000  000  000  002  026  031  038  034  035  034  019  019  021  023  024  018 
 003  008  020  031  061  044  032  024  012  016  005  006  017  025  020  015 
 006  016  034  041  051  022  021  026  026  028  021  014  019  022  008  004 
 002  008  020  023  015  003  012  028  034  027  022  019  019  018  005  000 
 000  000  000  001  000  000  000  010  020  018  019  028  037  031  015  008 

Celda17

 015  000  000  012  026  001  000  000  003  000  000  000  000  000  000  000 
 016  000  002  000  022  010  000  000  000  000  000  000  000  000  000  000 
 014  007  005  002  012  014  000  000  000  000  000  000  000  000  000  000 
 019  011  004  002  000  012  000  000  000  000  000  000  000  000  000  000 
 009  002  002  006  009  011  002  000  002  001  000  000  000  000  000  000 
 010  000  000  002  008  011  005  000  000  000  000  000  000  000  000  000 
 011  006  000  000  000  002  000  000  000  000  000  000  000  000  000  000 
 004  010  002  000  000  002  000  000  000  000  000  000  000  000  000  047 
 000  010  004  000  000  000  000  000  000  000  000  000  000  000  011  083 
 025  033  018  008  000  000  000  000  000  000  000  000  000  000  033  088 
 029  027  016  004  000  000  000  000  000  000  000  000  000  000  065  096 
 016  010  002  000  000  000  000  000  000  000  000  000  000  033  113  106 
 010  000  000  000  000  008  016  014  007  002  000  000  002  088  140  088 
 001  000  000  000  000  018  022  016  006  000  000  002  023  124  130  050 
 002  006  008  008  013  020  008  004  003  004  004  010  055  138  104  016 
 012  020  027  026  020  017  000  000  005  011  010  009  066  127  069  006 

Celda18

 000  006  103  126  053  000  000  000  002  012  017  030  037  025  018  014 
 000  030  123  131  051  000  000  000  006  022  029  028  022  007  003  002 
 000  058  124  105  022  000  000  004  012  020  019  009  000  000  000  000 
 000  067  103  061  004  000  000  016  017  012  013  004  000  000  001  000 
 002  078  095  043  000  000  017  027  014  004  006  002  000  004  009  012 
 032  095  093  035  000  010  031  021  010  008  016  017  018  025  030  030 
 070  100  073  020  000  012  018  009  013  024  032  027  021  023  034  031 
 100  085  044  010  000  014  022  016  028  040  039  025  014  005  021  013 
 096  054  026  018  019  031  035  035  038  035  025  018  014  007  016  008 
 073  034  029  037  036  040  040  036  029  013  003  000  006  010  013  006 
 067  039  041  040  027  024  025  024  019  007  000  000  000  008  011  008 
 065  047  040  027  016  018  023  023  024  024  019  016  014  012  008  005 
 049  043  024  013  018  026  030  031  038  041  032  030  025  018  010  006 
 026  029  012  011  033  039  036  037  042  035  020  018  016  016  014  008 
 009  022  014  031  054  048  036  032  026  010  000  000  001  004  003  000 
 015  040  036  048  052  035  023  015  006  002  000  000  000  000  000  000 

Celda19

 012  005  004  006  022  019  011  004  001  012  022  016  016  020  024  021 
 000  000  006  015  025  022  017  010  011  026  025  016  020  019  018  015 
 000  000  010  016  020  023  014  008  012  024  026  026  022  018  018  021 
 006  017  016  014  015  014  000  000  003  011  024  025  012  012  018  026 
 026  027  018  016  010  000  000  000  005  005  020  016  000  000  006  011 
 029  016  009  008  000  000  000  010  016  013  010  010  000  000  006  000 
 012  000  000  000  000  000  000  022  030  010  000  002  000  000  003  000 
 000  000  001  000  000  000  008  035  023  000  000  000  000  000  000  000 
 000  000  000  000  000  014  026  033  010  000  000  000  001  000  000  000 
 000  000  000  001  014  026  026  016  005  006  010  006  000  002  000  000 
 002  000  003  025  033  026  018  008  007  016  012  006  000  000  000  000 
 005  006  012  032  026  012  008  006  008  009  000  000  000  000  000  000 
 008  011  010  027  015  002  004  006  004  000  000  000  002  006  010  009 
 004  002  000  020  014  000  005  006  002  000  004  017  026  026  016  006 
 000  000  000  017  017  001  004  007  008  009  016  024  024  018  002  000 
 000  004  014  034  030  008  005  008  012  012  009  002  000  000  000  000 

Celda20

 013  004  002  006  013  016  010  004  003  000  000  000  000  000  009  030 
 009  004  004  008  010  008  006  002  000  000  000  000  000  005  042  045 
 022  020  018  017  013  009  004  000  000  000  000  000  000  041  060  037 
 030  030  027  020  015  011  006  001  000  000  000  000  028  055  036  002 
 014  014  010  004  000  000  000  000  000  000  000  025  062  047  005  000 
 000  000  000  000  000  000  000  000  000  000  003  055  056  010  000  000 
 000  000  000  000  000  000  000  000  000  000  044  061  016  000  000  000 
 000  000  000  010  018  015  005  000  002  044  072  035  000  000  000  000 
 000  000  000  009  012  008  004  010  035  063  039  000  000  000  012  063 
 000  005  004  000  000  000  000  022  052  024  000  000  000  032  079  097 
 000  002  000  000  000  000  000  039  022  000  000  006  044  071  071  041 
 000  000  001  000  000  000  027  025  000  000  010  055  064  035  006  001 
 003  000  003  000  000  020  033  011  005  021  044  061  040  004  000  000 
 001  002  000  000  008  031  026  025  036  035  031  029  022  018  028  032 
 000  000  000  002  024  034  031  042  035  018  007  010  022  032  033  034 
 000  000  000  012  038  034  031  028  007  004  008  016  030  033  026  018 

Celda21

 023  018  025  028  028  024  015  007  002  004  019  033  046  057  068  075 
 027  018  018  020  022  018  007  000  004  036  063  064  060  062  058  042 
 020  006  000  000  000  000  000  001  039  080  078  053  042  040  030  017 
 000  000  000  000  000  000  005  036  079  079  037  010  013  020  025  028 
 000  000  000  000  006  029  058  075  070  033  000  000  010  017  029  032 
 000  000  003  026  062  088  084  054  022  002  002  011  019  019  020  014 
 000  035  067  085  087  072  033  004  000  003  021  026  018  012  016  012 
 057  101  104  078  045  019  000  000  000  010  022  017  010  008  017  014 
 108  105  057  024  016  012  008  006  008  016  014  009  004  012  023  019 
 083  037  000  000  000  010  018  022  026  027  016  008  009  021  030  021 
 012  007  000  000  000  001  005  016  029  029  024  014  021  031  030  019 
 000  006  012  005  000  005  009  011  019  015  016  018  026  028  020  012 
 006  019  011  005  008  021  020  010  007  004  004  009  018  016  010  006 
 037  033  014  004  021  029  015  006  000  003  000  000  006  004  002  004 
 024  015  010  016  035  029  008  004  003  000  000  000  002  002  000  000 
 014  003  002  020  034  026  011  008  008  009  006  000  000  004  000  000 

Celda22

 059  045  042  037  031  030  033  029  023  022  014  005  000  006  015  010 
 023  024  030  033  038  047  047  034  018  017  005  000  000  004  014  009 
 014  015  020  028  034  039  037  032  024  012  002  000  002  005  006  007 
 028  022  019  022  024  020  018  022  024  018  011  012  017  017  014  018 
 026  027  022  016  014  010  006  012  020  022  022  028  032  029  025  033 
 003  012  018  014  011  009  006  006  011  019  026  038  034  035  032  027 
 007  004  009  016  019  023  022  013  006  008  019  031  027  030  030  020 
 011  019  018  016  021  028  032  025  014  010  022  028  022  018  018  018 
 019  033  026  015  011  010  012  018  022  026  032  025  016  011  012  018 
 016  023  014  006  002  000  000  002  018  032  022  008  009  008  014  020 
 012  008  011  000  000  000  000  000  017  017  008  002  006  005  011  020 
 013  004  002  005  000  002  004  003  015  002  000  006  010  012  015  014 
 000  000  000  006  009  000  006  007  008  000  000  007  017  012  002  004 
 000  000  000  018  015  002  001  006  002  000  000  004  005  000  000  001 
 000  000  014  022  008  002  000  001  000  000  000  003  000  000  000  000 
 000  000  019  027  008  000  000  000  000  000  000  000  000  000  000  006 

Celda23

 005  000  001  008  002  000  000  000  003  002  000  000  008  059  094  016 
 003  000  004  006  000  000  000  001  004  004  004  007  018  058  082  006 
 004  004  011  012  004  000  000  004  007  006  002  000  006  046  072  000 
 018  019  022  014  007  008  004  001  008  006  002  000  000  040  075  000 
 036  030  021  011  008  010  008  002  006  003  000  000  000  034  076  000 
 027  023  023  019  014  011  008  007  012  010  013  014  012  041  080  004 
 009  012  016  024  026  021  015  012  016  011  012  010  012  049  088  017 
 010  008  012  014  020  024  024  020  016  008  000  002  005  050  088  020 
 021  012  011  014  009  008  014  016  014  012  008  001  008  049  074  000 
 026  024  021  024  006  000  002  004  002  007  016  018  012  044  074  000 
 025  029  028  021  008  002  001  000  000  011  016  022  024  060  086  014 
 016  020  018  009  006  008  008  008  019  045  038  035  041  078  095  031 
 002  000  000  000  007  018  026  032  053  066  047  042  047  068  073  021 
 008  000  000  006  022  027  032  034  043  043  025  024  027  042  050  010 
 006  008  012  023  028  022  014  012  018  027  018  014  016  028  039  005 
 000  010  026  021  013  006  004  008  026  043  035  026  022  026  037  007 

Celda24

 000  000  000  000  000  000  000  006  010  019  026  044  042  038  029  017 
 000  000  000  000  000  004  000  015  024  021  016  026  022  018  019  012 
 002  002  000  000  012  004  000  018  030  009  006  011  024  004  008  010 
 002  006  012  018  030  014  008  019  031  001  002  000  030  010  005  012 
 003  006  014  024  033  018  014  018  025  006  006  008  022  016  000  001 
 003  006  012  015  014  005  005  006  018  012  008  013  004  012  000  000 
 002  006  010  005  004  001  006  002  012  018  004  002  000  002  006  000 
 002  004  006  002  002  002  004  001  008  018  008  002  009  006  004  002 
 000  000  000  000  000  000  000  000  024  035  025  020  023  018  002  000 
 000  000  000  002  000  000  000  018  052  046  027  018  013  011  008  004 
 000  000  004  004  000  000  012  039  046  021  004  000  000  002  015  022 
 000  000  000  000  000  002  023  027  014  006  000  000  000  008  018  020 
 000  000  000  000  000  005  017  004  000  004  004  001  006  009  007  000 
 001  001  000  000  000  002  008  003  000  007  008  003  002  000  000  000 
 000  000  000  000  003  008  001  005  011  017  009  002  004  003  004  004 
 000  000  000  000  025  019  015  008  017  012  002  004  012  008  008  011 

Celda25

 010  012  019  025  024  014  002  001  004  002  000  000  063  106  046  010 
 006  005  008  014  016  010  002  000  000  000  000  000  077  111  059  024 
 015  018  016  012  006  000  000  000  000  000  000  032  111  129  078  037 
 018  019  015  005  000  000  000  000  000  000  009  070  124  115  067  028 
 002  000  000  000  000  000  000  002  006  005  011  087  103  075  043  012 
 000  000  000  000  000  000  002  002  000  000  026  092  072  048  042  012 
 000  000  000  000  010  012  008  000  000  000  046  088  044  040  045  012 
 000  000  000  002  010  014  008  000  000  000  069  076  021  036  046  014 
 000  003  008  006  006  005  000  000  000  019  088  060  005  032  048  018 
 004  003  006  007  005  002  000  000  000  049  098  047  009  028  046  022 
 015  004  000  000  000  000  000  000  004  075  103  044  021  029  038  022 
 014  004  000  000  000  000  001  006  013  091  099  040  022  020  027  016 
 000  000  000  000  000  000  000  004  031  099  088  034  014  013  018  014 
 000  000  000  001  000  000  000  004  056  100  073  027  008  008  017  024 
 005  004  004  002  000  000  000  002  073  087  052  018  004  006  019  024 
 016  013  004  000  000  000  000  026  077  065  032  016  007  008  009  010 

Celda26

 037  057  040  032  022  010  007  000  000  000  000  000  000  000  000  000 
 047  051  027  014  008  005  004  000  001  002  001  000  000  000  000  000 
 042  043  026  018  018  014  007  004  008  008  005  004  008  012  010  006 
 028  032  021  016  015  012  006  004  006  003  000  004  018  020  022  020 
 007  011  010  007  005  006  004  004  006  004  000  008  017  008  010  010 
 001  008  012  012  004  004  005  003  002  002  000  007  010  000  000  000 
 002  012  020  015  002  000  000  000  000  000  000  000  006  000  000  000 
 007  017  016  009  000  000  000  000  000  000  000  000  004  006  000  004 
 012  016  011  006  000  000  000  000  000  000  001  005  006  022  008  000 
 014  012  004  002  000  000  000  000  000  007  005  018  015  014  000  000 
 013  009  000  000  000  000  000  000  000  012  003  002  003  000  000  000 
 011  008  000  000  000  002  000  000  000  006  013  000  000  000  000  000 
 013  010  004  006  002  000  002  000  000  000  014  000  000  000  000  000 
 022  013  007  010  008  000  002  000  000  000  009  000  000  000  000  001 
 011  000  000  000  000  000  000  000  000  000  003  002  004  006  002  000 
 000  000  000  000  000  000  008  008  006  008  006  009  007  008  000  000 

Celda27

 001  011  025  035  023  009  006  006  008  006  000  000  000  000  000  000 
 002  009  019  019  005  000  000  000  000  000  000  000  000  000  002  010 
 000  011  018  010  000  000  000  000  000  000  000  000  000  001  008  008 
 016  018  020  007  000  000  000  000  000  000  000  000  000  004  014  012 
 012  012  012  002  000  000  000  000  000  000  000  000  010  018  012  022 
 000  004  007  000  000  000  000  000  000  000  000  000  020  031  022  030 
 004  004  002  000  000  000  000  000  000  000  000  012  054  062  054  041 
 000  000  000  000  000  000  000  000  000  000  000  062  095  081  054  020 
 000  000  000  002  000  000  000  000  000  000  032  088  081  035  006  000 
 000  000  000  000  000  000  000  000  000  016  074  082  033  000  000  000 
 000  010  002  000  000  000  000  000  008  050  080  054  008  000  000  002 
 000  018  008  000  000  000  000  014  028  056  057  029  005  006  010  016 
 000  020  010  000  000  000  014  032  039  044  040  024  010  013  021  029 
 004  016  004  000  000  012  045  046  028  027  034  026  023  032  029  021 
 002  004  000  000  000  034  061  034  011  026  043  039  036  032  013  006 
 000  000  000  000  010  057  048  016  013  044  055  042  031  017  000  003 

Celda28

 009  006  013  039  043  020  010  007  001  004  012  021  034  031  020  005 
 010  019  049  060  033  009  000  004  006  012  014  021  032  027  012  000 
 009  044  067  041  018  012  009  004  010  021  020  022  030  022  004  000 
 027  058  044  004  002  010  015  015  019  024  017  017  022  012  002  004 
 045  049  017  000  005  007  006  010  012  008  008  008  008  002  000  000 
 041  026  009  008  008  004  000  000  000  000  000  010  012  002  001  002 
 022  007  007  011  014  020  022  018  012  006  002  010  014  003  004  005 
 009  007  015  028  030  036  034  028  021  020  022  030  029  010  002  008 
 000  011  027  038  029  018  012  010  013  020  024  024  018  006  000  004 
 002  014  019  018  008  000  002  010  018  022  018  010  000  000  000  000 
 010  015  014  014  014  010  016  016  010  001  000  000  000  000  000  002 
 026  031  029  030  029  018  010  000  000  000  000  000  000  000  018  032 
 037  033  021  013  006  000  000  000  000  000  004  018  028  045  057  051 
 018  010  002  000  002  000  006  018  024  028  040  045  044  052  052  031 
 008  013  011  014  010  011  014  024  032  035  042  035  030  027  022  007 
 020  030  023  018  012  010  008  012  016  018  022  021  019  014  008  005 

Celda29

 008  006  007  019  022  015  006  006  012  018  017  007  000  003  005  000 
 000  004  000  012  016  008  000  000  018  019  012  006  004  000  004  002 
 000  000  000  006  016  006  000  010  021  002  000  000  006  009  002  004 
 006  002  000  002  015  004  000  014  024  003  000  000  000  002  000  000 
 000  000  000  003  021  011  006  003  015  002  000  000  003  000  000  000 
 000  000  003  012  027  015  008  000  000  000  000  000  007  002  000  000 
 004  010  012  008  016  004  000  000  000  000  000  006  024  020  018  022 
 002  004  002  000  006  000  000  000  000  006  020  048  053  037  030  028 
 001  000  000  000  000  000  000  008  023  029  039  051  043  024  024  024 
 000  000  000  004  015  019  022  030  036  032  029  031  023  009  014  021 
 007  015  021  026  032  033  031  030  025  017  017  022  019  010  010  021 
 035  036  032  026  020  022  023  021  016  010  017  022  020  016  017  023 
 037  029  022  021  012  008  012  010  014  017  023  022  021  023  024  022 
 023  022  028  028  024  010  010  008  006  020  026  023  024  028  026  018 
 010  021  034  029  030  022  007  008  012  018  019  017  022  026  019  010 
 008  015  024  014  021  023  019  015  022  021  011  009  018  022  015  010 

Celda30

 003  005  010  016  008  000  000  000  003  002  000  000  002  008  017  017 
 002  010  004  000  000  000  000  008  010  007  008  016  015  014  015  012 
 002  000  000  000  000  000  005  012  015  017  024  022  014  010  006  009 
 005  000  000  000  008  026  035  030  021  020  018  010  006  006  009  015 
 007  000  000  006  025  035  037  032  026  016  014  012  010  008  010  019 
 010  011  010  021  030  027  024  023  023  020  016  023  022  011  008  020 
 026  021  018  028  031  022  015  012  006  013  015  029  025  008  004  015 
 026  021  021  030  029  016  008  006  004  000  004  019  016  004  004  010 
 024  022  016  024  022  011  010  003  000  004  007  012  012  005  008  010 
 024  024  020  022  020  007  009  010  008  012  017  018  020  020  016  014 
 024  026  024  019  017  008  010  016  020  023  026  025  027  027  016  013 
 020  016  014  009  007  008  011  016  021  024  022  015  013  012  001  000 
 010  002  001  000  002  007  008  009  016  019  013  002  004  007  000  000 
 008  000  002  004  000  006  005  006  013  011  006  002  000  000  000  001 
 007  006  012  014  008  000  005  010  016  006  000  002  006  004  000  000 
 010  012  016  020  020  014  008  010  014  005  000  000  002  002  000  000 

Celda31

 010  001  023  024  015  006  006  016  039  048  036  024  022  024  038  013 
 016  010  004  021  026  018  010  021  030  026  013  001  004  016  034  014 
 018  028  020  015  030  023  017  016  011  010  009  002  000  014  023  002 
 021  029  036  031  041  028  017  014  008  005  006  002  002  018  026  000 
 026  020  031  036  029  022  022  023  015  006  001  001  002  018  028  000 
 025  018  022  027  016  008  022  021  009  004  003  002  011  034  045  016 
 020  018  016  014  010  003  021  013  000  000  000  002  014  031  034  005 
 018  015  008  004  006  006  016  011  000  000  006  003  006  024  032  000 
 016  017  006  001  006  008  015  019  012  014  011  000  000  021  038  000 
 010  013  008  000  001  007  016  019  012  012  014  010  010  031  048  006 
 007  004  006  000  000  002  012  002  004  004  000  000  000  014  034  000 
 003  004  000  000  000  011  005  000  000  006  007  000  000  005  035  000 
 000  000  002  007  012  015  000  000  000  000  006  000  000  010  051  000 
 004  002  002  002  000  000  000  000  000  000  000  000  000  030  068  004 
 004  000  000  000  000  000  000  000  000  000  004  007  024  066  092  018 
 000  000  000  000  000  000  000  000  000  020  042  047  043  060  075  006 

Celda32

 000  000  000  015  031  011  014  012  010  010  002  005  007  000  000  002 
 000  000  000  022  030  004  000  005  002  006  010  009  000  000  000  000 
 002  004  001  013  028  012  000  000  000  006  013  006  000  000  000  000 
 004  008  012  006  024  016  002  000  000  004  008  003  000  000  004  005 
 003  007  014  014  029  019  001  000  002  002  001  000  002  005  014  014 
 002  005  012  018  027  018  010  013  012  006  002  000  010  017  006  003 
 002  006  014  018  017  014  016  021  023  018  012  009  019  015  000  000 
 002  004  007  005  004  014  020  017  014  014  012  008  014  007  000  000 
 001  000  000  000  005  020  018  009  004  008  010  006  003  003  000  000 
 000  000  000  000  015  022  013  004  002  004  008  008  000  000  000  000 
 000  000  000  004  018  016  006  000  000  000  004  006  002  000  000  000 
 000  001  004  014  018  011  002  000  000  001  000  000  000  000  000  000 
 002  004  006  015  014  006  001  000  002  000  000  000  000  000  000  000 
 000  000  002  010  008  002  002  003  004  000  000  000  000  000  000  000 
 000  000  000  008  006  000  000  000  000  000  000  000  000  000  000  000 
 000  000  000  010  008  000  000  000  000  000  000  000  000  000  000  000 

Celda33

 007  008  004  000  000  000  000  050  085  049  016  016  001  000  000  000 
 000  000  006  004  000  000  004  084  095  033  002  013  006  000  000  000 
 000  000  001  004  004  012  046  111  088  009  000  008  010  000  002  009 
 001  000  000  000  000  008  056  093  052  000  000  016  025  018  017  022 
 006  000  000  000  000  000  039  060  031  000  008  035  034  019  011  008 
 000  000  000  000  000  000  035  054  038  002  002  016  014  002  000  000 
 000  000  000  000  000  021  039  052  046  007  000  005  014  007  000  000 
 000  000  000  000  009  051  047  056  048  000  000  000  010  010  004  000 
 000  000  000  000  045  061  033  038  033  000  000  000  006  006  002  000 
 000  000  000  012  062  047  010  016  026  004  010  017  018  009  003  002 
 000  000  000  030  070  034  000  011  033  017  022  022  013  003  000  005 
 000  000  010  064  080  034  003  012  038  017  008  004  001  002  010  016 
 000  002  031  075  070  020  002  015  044  015  001  002  006  010  025  023 
 000  000  039  067  053  008  001  022  054  023  012  010  012  012  020  009 
 000  004  048  064  049  016  008  024  055  019  007  002  000  002  007  000 
 000  021  052  056  035  002  000  018  054  013  000  000  000  000  002  000 

Celda34

 000  000  002  007  006  019  024  022  012  006  002  001  000  000  000  000 
 000  008  010  019  024  024  014  011  006  000  000  000  000  000  000  000 
 014  026  021  014  014  010  000  000  000  000  000  000  000  000  000  000 
 022  024  010  001  005  008  005  000  000  000  000  000  002  002  000  000 
 006  008  000  000  000  007  010  000  000  005  010  013  014  008  000  000 
 000  001  000  000  000  009  017  008  007  012  011  006  002  000  000  000 
 000  000  000  000  000  012  022  014  000  000  000  000  000  000  000  018 
 000  000  000  000  000  012  019  012  000  000  000  000  000  000  000  052 
 000  002  003  000  003  012  008  004  002  000  000  000  000  000  000  073 
 003  002  000  000  004  008  000  000  004  000  000  000  000  000  005  090 
 001  000  000  000  005  006  000  000  002  000  000  000  000  000  032  100 
 008  000  000  000  003  004  000  000  000  000  000  000  000  000  062  096 
 015  010  006  005  003  001  000  000  000  000  000  000  000  028  085  076 
 004  007  012  012  006  000  000  000  000  000  000  000  010  068  087  053 
 000  000  006  009  004  000  000  000  000  000  000  000  042  088  071  036 
 000  000  002  000  000  000  000  000  000  000  000  012  072  085  052  026 

Celda35

 000  000  000  012  057  062  035  018  032  049  042  026  017  015  009  011 
 000  000  013  062  075  053  034  031  036  033  024  016  006  007  010  010 
 001  010  045  082  065  035  024  024  029  031  029  023  005  000  004  012 
 004  019  070  081  042  013  012  022  035  041  038  026  006  000  003  012 
 018  055  089  067  020  008  013  031  036  030  021  012  000  002  002  011 
 049  094  089  046  012  004  014  032  023  008  012  014  002  000  001  010 
 096  108  066  016  000  000  016  032  014  000  003  016  011  000  000  010 
 120  099  035  000  000  000  027  033  008  000  000  015  012  000  004  011 
 118  072  008  000  000  016  035  026  002  000  000  012  010  006  013  013 
 099  033  000  000  007  027  027  013  002  002  002  011  014  013  013  008 
 071  014  000  000  009  016  013  006  000  002  004  012  014  006  004  004 
 044  004  000  004  005  009  014  008  001  002  006  008  008  002  000  002 
 033  006  003  004  000  006  018  014  004  001  003  001  001  004  002  002 
 030  016  007  002  001  007  023  020  003  000  002  001  002  005  004  000 
 027  021  011  002  005  018  026  014  000  000  005  004  000  000  000  000 
 022  020  013  008  012  019  012  004  000  000  004  010  001  000  000  000 

Celda36

 021  022  010  008  008  011  012  010  008  004  009  016  013  016  015  012 
 014  014  003  006  010  008  008  008  010  009  008  014  010  013  012  008 
 014  009  006  000  001  000  002  000  007  013  010  015  014  006  006  006 
 010  004  003  000  000  000  002  007  002  002  004  008  012  004  007  006 
 004  005  004  000  000  000  003  008  003  000  000  006  014  002  001  001 
 010  005  007  004  000  000  001  005  001  000  000  008  016  004  000  000 
 010  004  000  000  000  000  000  002  002  000  000  006  014  008  000  000 
 006  001  000  000  000  000  000  000  008  005  000  000  010  014  007  002 
 000  000  000  000  000  000  000  000  016  014  000  000  010  016  008  003 
 000  000  000  000  000  000  000  000  018  014  000  002  017  018  005  002 
 000  000  000  000  000  004  014  011  008  011  000  004  020  014  002  002 
 001  000  002  003  006  013  018  016  010  010  000  000  016  012  002  004 
 002  000  000  006  006  003  007  020  025  020  012  007  015  012  002  004 
 000  001  002  007  004  000  007  006  014  012  008  006  010  008  000  000 
 000  008  010  000  000  000  006  010  000  000  000  000  002  002  000  000 
 008  016  009  000  000  000  000  006  000  000  000  000  000  000  000  000 

Celda37

 012  015  022  009  006  015  023  028  035  024  010  012  023  026  022  018 
 009  016  017  003  001  009  018  028  030  020  013  020  033  031  022  016 
 006  005  003  000  002  005  009  017  016  014  016  023  035  027  012  005 
 002  001  002  000  000  000  001  004  006  004  011  019  027  016  002  000 
 003  007  005  000  000  000  002  001  004  009  006  010  013  008  000  000 
 006  011  007  000  000  000  003  000  000  008  014  010  006  002  000  000 
 006  006  000  000  000  000  002  000  000  004  014  014  004  000  000  000 
 004  002  000  000  000  000  000  002  000  002  009  012  006  001  000  000 
 002  000  000  000  000  000  000  000  002  004  005  005  005  005  000  000 
 000  000  000  000  000  000  000  000  000  009  006  000  000  006  002  000 
 000  000  000  000  000  008  005  000  000  017  022  017  016  006  000  000 
 000  000  001  004  008  019  016  010  012  021  017  006  008  000  000  000 
 004  000  001  006  012  026  020  013  012  002  000  000  000  000  000  000 
 002  000  000  000  006  010  004  000  000  000  000  000  000  000  000  000 
 000  000  000  000  012  013  006  000  000  000  000  000  000  000  008  032 
 000  003  000  003  012  012  004  000  000  000  000  000  005  023  035  038 

Celda38

 020  020  018  017  019  022  016  004  009  004  000  000  000  000  000  000 
 018  018  014  008  006  008  008  000  000  004  000  000  000  000  000  000 
 004  000  000  000  000  000  000  000  000  001  000  000  000  000  000  000 
 000  000  000  000  000  000  000  000  000  000  000  000  000  000  000  000 
 000  000  000  000  000  000  000  000  000  000  000  000  000  000  007  013 
 000  000  000  000  002  000  000  000  000  000  000  000  009  023  035  036 
 000  000  005  002  000  000  000  000  000  000  000  022  036  034  033  031 
 000  000  002  000  000  000  000  000  000  002  023  042  038  032  023  025 
 000  000  000  000  000  000  000  000  010  022  034  035  024  026  024  022 
 000  000  000  000  000  002  003  014  025  027  024  020  013  013  016  015 
 000  000  000  000  011  030  029  025  022  016  010  006  005  000  000  004 
 000  000  000  031  052  044  027  017  011  004  001  000  002  000  000  006 
 000  010  043  059  047  023  014  010  006  001  000  000  000  000  000  010 
 025  049  056  044  017  000  001  007  008  004  002  000  000  000  004  013 
 045  038  025  007  000  000  002  007  000  006  010  014  015  012  014  016 
 030  012  002  000  000  000  007  010  003  004  012  019  022  018  012  013 

Celda39

 000  000  000  000  000  000  000  012  033  048  048  036  023  040  061  000 
 000  000  000  000  000  008  026  034  037  038  027  015  010  035  061  004 
 000  000  000  006  019  028  030  027  030  027  013  009  013  039  063  010 
 000  012  022  024  028  033  030  027  028  019  008  013  019  038  056  006 
 024  030  026  024  031  035  029  021  013  004  004  014  014  028  048  000 
 033  029  028  025  029  028  022  012  007  000  005  010  006  025  050  000 
 026  022  022  021  016  017  017  007  004  000  002  008  004  025  053  000 
 022  016  010  010  008  011  012  002  000  000  000  006  007  029  054  000 
 022  013  007  006  008  012  009  000  000  000  000  006  013  039  061  007 
 019  010  006  006  012  017  013  009  007  008  010  017  021  039  057  003 
 010  004  004  007  017  014  010  010  014  020  026  025  015  030  056  000 
 007  002  004  012  015  004  000  000  004  012  021  015  008  023  057  000 
 011  004  006  010  006  000  000  000  000  006  008  000  001  018  056  000 
 014  007  006  000  002  000  000  000  000  008  011  001  000  019  052  000 
 013  006  000  000  000  000  000  000  000  011  016  008  003  023  055  005 
 006  004  000  004  009  008  004  000  000  016  021  014  004  025  056  008 

Celda40

 001  002  004  012  008  000  000  000  000  000  000  000  000  000  000  000 
 002  004  004  004  005  000  000  000  001  000  000  000  000  000  000  000 
 000  000  000  000  004  000  000  002  006  004  000  000  000  000  000  000 
 000  000  000  000  002  002  000  005  008  006  000  000  000  000  000  008 
 000  000  002  008  010  007  007  005  001  000  000  010  011  000  000  027 
 000  000  000  004  007  006  004  000  000  000  002  010  006  000  001  038 
 001  002  001  006  007  004  004  002  001  003  006  000  000  000  004  046 
 002  005  010  013  013  008  008  005  003  002  000  000  000  000  021  050 
 002  004  009  011  011  006  006  002  000  000  000  000  000  016  044  044 
 001  002  002  003  003  000  000  000  000  000  000  000  002  020  045  026 
 000  000  000  000  000  000  000  000  000  000  000  003  004  026  035  014 
 000  000  000  000  000  000  000  000  000  000  012  014  015  038  031  015 
 000  000  000  000  000  000  000  000  000  000  000  000  006  030  021  012 
 000  000  000  000  000  000  000  000  000  000  000  000  000  022  012  004 
 001  002  002  000  000  000  000  000  000  000  000  000  020  026  009  000 
 002  004  008  010  008  008  006  004  004  001  002  008  024  013  000  000 

Celda41

 000  023  036  046  029  000  000  016  054  017  000  000  000  000  000  000 
 003  021  029  042  023  000  000  016  052  020  000  001  002  000  000  003 
 028  025  025  045  022  000  000  014  052  027  004  006  004  004  006  014 
 041  014  017  050  024  002  000  009  056  040  006  002  000  000  003  013 
 037  004  008  054  022  000  000  004  060  054  006  000  000  000  006  007 
 028  000  008  061  027  006  002  000  060  065  002  003  000  000  006  005 
 022  002  008  063  029  006  004  000  052  072  008  002  006  001  000  006 
 015  004  003  063  031  000  004  002  032  072  028  000  007  004  000  008 
 014  013  006  054  040  000  008  007  006  062  049  000  006  006  004  007 
 010  015  016  043  048  006  009  005  000  047  067  014  007  006  004  007 
 004  004  006  027  050  002  006  004  000  031  077  035  002  000  000  003 
 008  003  002  014  051  007  008  006  005  014  072  050  000  000  000  006 
 014  014  016  008  046  022  004  008  011  005  054  058  000  000  001  011 
 010  018  024  020  026  028  000  006  014  010  030  060  010  010  010  011 
 004  011  019  020  002  026  000  007  013  013  015  057  030  014  010  000 
 000  003  007  010  004  018  009  004  007  010  010  045  044  002  004  000 

Celda42

 000  000  001  002  000  000  000  000  000  000  000  046  094  082  043  020 
 000  000  000  002  000  000  000  000  000  000  006  076  101  071  031  016 
 010  012  010  001  000  000  000  000  000  000  013  080  083  045  017  018 
 006  008  006  000  000  000  000  000  000  000  018  076  064  026  013  026 
 002  000  000  000  000  000  000  000  000  010  033  075  064  028  015  025 
 003  000  000  000  000  000  000  000  000  034  068  087  070  033  017  020 
 005  000  000  000  000  000  000  009  045  075  079  075  065  039  025  025 
 004  000  000  000  000  000  000  030  101  094  047  030  038  034  030  032 
 000  000  000  000  000  000  000  065  129  083  022  005  022  033  031  031 
 000  000  000  000  000  000  000  082  129  062  014  010  034  042  032  025 
 002  003  006  008  004  000  000  085  106  040  002  018  044  042  026  015 
 002  008  010  005  000  000  008  083  084  038  001  008  028  026  017  015 
 005  010  006  000  000  000  024  077  058  038  025  006  011  020  022  026 
 000  002  000  000  000  004  046  088  072  056  043  014  012  031  036  032 
 000  000  000  000  000  027  081  119  102  068  045  024  022  038  041  032 
 000  000  000  001  012  066  112  134  090  037  028  028  019  023  034  027 

Celda43

 016  016  012  014  020  010  000  000  000  000  002  010  004  000  000  004 
 017  016  010  012  016  004  000  000  000  003  004  008  002  000  002  012 
 026  017  005  004  002  001  004  012  009  002  000  005  000  000  002  016 
 027  007  000  000  000  002  012  016  009  000  000  005  000  000  000  014 
 020  006  010  016  018  016  013  008  008  000  006  003  001  000  000  004 
 020  018  028  029  024  022  016  008  008  018  012  005  000  000  000  000 
 026  032  030  017  010  015  018  016  013  021  002  002  002  006  012  016 
 033  032  017  005  002  000  000  003  006  009  000  002  016  030  035  034 
 028  019  006  004  007  000  000  000  004  007  004  010  020  021  012  012 
 016  011  012  017  016  007  009  012  014  016  017  014  008  002  000  000 
 008  016  029  030  018  008  008  017  017  014  011  006  002  000  000  000 
 015  020  022  011  002  000  009  019  012  008  002  000  000  000  000  000 
 022  012  006  004  000  000  012  011  000  000  000  000  000  000  000  000 
 023  012  004  000  002  002  004  006  000  000  000  000  000  000  000  000 
 025  017  016  010  011  005  000  001  002  000  000  000  000  000  004  016 
 017  008  012  014  009  002  001  004  006  000  000  000  000  000  008  029 

Celda44

 016  012  005  000  002  010  016  010  001  000  004  002  000  000  001  010 
 011  003  003  000  000  000  000  000  000  000  007  014  013  016  024  030 
 012  000  000  004  000  000  000  000  000  001  001  006  014  024  036  035 
 016  002  000  000  000  000  000  000  000  000  008  002  014  033  047  036 
 016  012  003  000  003  007  005  000  000  000  010  011  016  031  032  003 
 013  020  014  007  009  004  000  000  000  000  012  018  015  007  000  000 
 020  028  030  019  006  000  000  000  000  000  013  022  010  000  000  000 
 026  026  021  006  000  000  000  000  002  009  016  015  000  000  000  000 
 008  000  008  002  000  000  000  000  016  018  006  000  000  000  000  008 
 000  000  000  004  000  000  002  016  018  002  000  000  000  000  010  038 
 000  000  000  008  002  000  009  013  000  000  000  000  000  030  047  033 
 000  000  003  004  008  002  004  000  000  000  000  000  025  052  035  015 
 004  013  011  000  005  002  000  000  000  000  000  028  060  038  010  002 
 010  008  000  000  000  000  000  000  000  000  042  077  062  020  000  004 
 015  010  012  014  000  000  000  000  000  043  078  078  045  018  010  001 
 014  006  012  004  000  000  000  000  054  069  071  064  035  018  020  017 

Celda45

 020  025  026  022  004  000  000  000  000  000  008  033  035  033  027  019 
 037  038  028  010  000  000  000  000  000  006  034  040  035  027  018  012 
 029  016  000  000  000  000  000  010  028  035  035  032  028  021  019  016 
 019  000  000  000  000  000  033  059  054  041  034  030  025  016  016  019 
 000  000  000  000  000  040  060  058  046  036  030  028  025  018  018  021 
 000  000  000  002  040  051  044  037  033  029  024  024  024  021  020  018 
 000  000  001  039  040  026  023  026  026  023  018  017  016  014  011  009 
 000  014  038  039  022  013  019  023  020  013  006  005  002  003  004  000 
 036  044  035  024  020  021  022  022  017  006  000  000  000  000  002  006 
 043  036  025  024  028  023  017  020  020  010  004  001  001  006  006  012 
 025  025  024  030  031  019  013  017  019  015  010  010  013  021  022  014 
 012  018  019  025  026  014  012  014  009  009  014  018  029  036  024  014 
 003  014  017  021  019  006  002  004  000  005  020  023  034  033  017  010 
 008  018  027  021  011  002  000  002  000  000  024  030  026  015  010  010 
 014  032  032  012  004  000  002  000  000  000  014  038  032  008  002  014 
 020  031  020  000  002  006  005  003  000  000  000  032  040  014  000  006 

Celda46

 018  008  000  000  000  004  014  016  010  005  007  008  014  014  008  008 
 011  008  006  010  011  011  018  021  011  002  002  006  006  013  012  009 
 014  013  020  020  012  012  018  017  003  001  004  013  009  014  018  015 
 023  026  030  022  012  013  014  006  000  004  013  017  008  007  014  015 
 023  027  030  022  016  016  012  006  007  013  013  006  000  000  000  008 
 016  023  026  020  018  017  014  012  020  018  008  000  000  000  004  006 
 008  020  023  018  016  012  010  012  017  006  001  000  000  001  009  013 
 004  015  016  014  010  008  005  006  004  000  000  000  002  011  013  006 
 008  009  012  014  002  003  003  004  004  002  000  000  003  008  002  000 
 014  007  005  012  006  000  004  008  008  010  009  006  000  002  000  000 
 012  005  000  003  008  004  007  012  008  006  005  003  000  000  003  007 
 002  004  000  000  013  020  020  012  004  000  000  000  000  005  012  013 
 004  001  000  000  018  031  018  000  000  000  000  002  006  004  004  004 
 012  010  007  003  014  032  015  000  000  000  003  003  001  000  000  006 
 018  016  013  005  000  024  016  000  000  000  000  000  000  000  000  014 
 008  002  000  000  000  012  021  008  000  000  000  000  000  000  010  030 

Celda47

 004  000  002  010  013  011  011  014  023  038  031  016  003  019  048  000 
 009  008  013  019  011  007  008  016  033  037  017  000  000  018  049  000 
 009  006  012  015  004  005  008  011  023  016  000  000  000  020  052  000 
 010  008  007  006  003  009  012  003  006  006  000  000  001  029  058  005 
 015  016  012  007  010  006  004  000  000  014  000  014  016  031  054  002 
 017  020  016  008  004  000  000  000  000  025  022  014  010  015  049  000 
 012  004  002  000  000  000  000  010  013  031  018  000  000  010  050  000 
 002  000  000  000  004  002  000  003  006  012  008  000  000  015  053  001 
 000  000  000  002  004  000  000  000  000  003  000  000  000  024  058  003 
 000  002  002  003  000  000  000  000  000  000  000  000  000  032  063  003 
 008  007  000  000  002  000  004  006  000  000  000  000  012  040  058  000 
 004  000  000  000  008  002  000  008  010  001  000  005  020  037  052  000 
 000  000  000  000  007  004  000  000  010  011  004  011  021  033  053  009 
 001  002  011  012  004  000  000  007  005  014  018  022  025  035  053  008 
 015  014  018  016  007  000  000  014  009  010  019  024  028  037  050  003 
 028  014  012  010  005  000  000  018  017  009  012  016  018  027  044  001 

Celda48

 000  000  002  004  008  010  011  016  014  007  008  018  021  009  005  002 
 000  000  000  000  002  006  015  023  016  006  009  023  021  021  022  019 
 000  000  000  000  000  000  002  002  000  000  011  016  014  021  018  022 
 001  000  000  000  000  000  000  000  000  000  016  012  011  010  000  002 
 001  001  000  000  000  000  000  000  000  000  014  016  018  005  000  001 
 000  001  004  004  002  004  009  014  013  010  018  023  022  000  000  000 
 000  000  000  000  000  008  012  010  016  024  040  042  035  018  020  020 
 000  000  000  000  000  014  015  000  004  033  043  031  018  011  018  028 
 000  000  000  000  000  013  008  000  000  037  026  011  001  000  008  010 
 004  008  012  008  002  005  002  000  020  027  009  004  003  004  013  000 
 000  000  003  006  006  002  009  021  013  010  010  000  007  008  009  000 
 000  000  000  000  000  002  017  008  000  003  016  005  000  000  003  000 
 000  000  000  000  000  011  014  000  000  008  015  001  000  000  008  004 
 000  000  000  000  015  025  004  000  009  040  026  006  000  007  017  000 
 000  000  000  012  040  020  000  000  029  045  014  009  014  039  026  010 
 000  000  002  024  033  000  000  008  041  031  000  004  020  033  011  009 

Celda49

 000  000  000  000  001  004  017  000  000  009  018  033  044  007  010  012 
 012  002  000  000  000  000  016  003  000  022  035  032  044  032  020  016 
 024  018  005  000  000  000  012  020  010  035  044  032  036  037  011  006 
 010  012  010  006  006  008  010  028  024  029  031  013  011  020  000  000 
 000  000  000  013  024  031  028  041  037  020  017  006  000  012  000  000 
 000  000  000  000  013  026  032  042  043  016  000  006  008  012  000  000 
 012  002  000  000  000  007  016  020  027  013  014  002  009  020  000  000 
 031  030  024  015  007  014  008  004  014  012  010  010  000  021  002  000 
 018  027  031  030  028  031  020  015  010  016  000  006  001  011  014  000 
 001  008  014  020  027  031  026  025  019  018  011  010  010  000  012  000 
 000  000  002  006  010  009  010  015  015  016  021  016  016  007  000  000 
 003  004  004  005  000  000  001  000  000  009  018  008  008  008  006  000 
 000  000  002  008  007  000  000  000  000  006  012  000  000  000  001  001 
 000  004  008  008  014  014  005  000  001  008  008  000  000  000  000  000 
 004  016  024  014  010  011  011  008  012  017  005  000  000  001  000  000 
 016  036  032  012  005  004  008  010  017  019  008  004  004  010  006  000 

Celda50

 008  002  002  007  015  083  120  108  038  014  026  034  019  007  032  026 
 003  000  000  005  016  095  110  060  002  002  034  034  022  018  031  026 
 000  000  000  002  028  105  086  027  000  004  031  024  016  023  033  030 
 000  000  000  002  047  100  063  024  004  006  016  020  000  008  021  025 
 000  000  005  016  070  095  058  033  010  003  003  020  008  000  012  014 
 000  008  003  031  086  093  059  033  006  004  004  018  010  000  010  014 
 000  012  024  034  075  077  047  022  007  006  007  017  010  002  001  004 
 003  004  034  038  053  052  023  008  004  007  002  008  011  002  000  000 
 014  020  028  038  060  044  014  012  006  002  002  006  014  001  002  004 
 002  023  035  038  054  040  013  016  010  000  000  010  007  003  000  008 
 000  020  033  041  051  026  011  018  008  000  008  016  008  003  000  000 
 000  033  049  028  028  014  009  015  004  005  024  020  009  010  005  000 
 000  033  068  034  017  017  024  011  000  014  029  012  000  000  000  004 
 008  040  074  034  020  029  028  010  003  014  027  012  000  000  000  000 
 014  055  088  051  030  032  025  010  016  008  014  016  009  000  000  000 
 005  052  082  053  023  016  022  007  007  010  000  012  020  003  000  000 

Celda51

 009  000  001  008  006  001  004  009  004  000  000  000  000  000  005  028 
 010  000  000  000  000  000  008  006  001  000  000  000  004  005  000  012 
 010  000  000  000  000  000  002  000  000  000  000  004  005  000  000  000 
 005  000  000  000  000  000  000  000  000  000  000  000  000  000  000  000 
 000  000  000  000  003  000  000  000  000  004  000  000  000  000  000  000 
 000  000  000  007  000  000  000  000  000  018  007  006  000  000  000  000 
 000  000  000  003  000  000  000  010  010  016  004  000  000  000  000  000 
 000  000  000  000  000  000  000  008  006  000  000  000  000  000  000  004 
 002  008  006  002  000  015  011  006  000  000  000  000  000  000  014  076 
 012  025  022  028  028  029  015  000  000  000  000  000  000  031  050  074 
 000  014  008  018  024  018  004  000  000  000  000  012  061  051  037  050 
 000  012  008  000  000  000  000  000  000  000  028  069  069  045  042  053 
 000  006  008  000  000  000  000  000  000  032  070  062  054  046  040  050 
 000  000  006  000  000  000  000  000  015  063  057  043  047  037  022  030 
 000  000  006  000  000  000  000  000  053  066  040  033  036  021  014  022 
 000  000  002  000  000  000  012  058  074  058  034  021  022  016  018  022 

Celda52

 014  000  000  000  000  000  000  071  080  054  051  054  032  013  020  022 
 010  000  000  000  000  000  078  106  071  034  033  041  025  009  017  024 
 006  000  000  000  000  064  103  082  042  018  017  026  024  012  017  018 
 000  000  000  001  057  084  072  036  012  008  009  012  023  020  015  005 
 000  000  000  051  068  064  046  019  006  010  012  010  010  023  024  012 
 000  005  061  073  054  049  042  025  018  016  022  012  004  016  032  020 
 008  072  099  076  048  038  035  027  022  015  017  003  002  002  030  026 
 083  113  091  054  029  020  014  019  004  008  002  004  000  000  016  030 
 111  096  057  023  005  004  000  016  013  006  009  000  000  008  001  024 
 073  048  032  016  009  009  006  002  027  015  016  014  008  015  018  006 
 042  032  034  018  021  023  022  010  022  024  000  010  010  008  014  012 
 050  023  026  036  022  013  020  020  000  020  018  002  009  002  003  010 
 052  030  022  035  032  010  010  024  020  013  028  013  005  002  000  000 
 031  022  031  041  024  017  009  017  026  022  028  009  000  000  000  000 
 016  013  034  033  014  016  014  006  014  012  002  002  000  000  006  004 
 017  014  024  013  009  002  016  004  006  004  000  002  011  009  004  002 

Celda53

 012  017  019  003  005  015  006  006  000  000  000  023  042  020  002  000 
 016  000  017  018  016  018  004  006  003  000  000  012  036  024  002  000 
 023  020  010  026  020  008  000  001  003  000  000  003  021  022  004  000 
 018  029  020  016  023  006  000  000  000  000  000  003  006  012  007  000 
 011  018  018  004  016  008  000  000  000  000  000  007  000  000  012  004 
 000  000  002  001  007  012  000  000  000  005  004  002  002  000  012  008 
 002  000  000  000  003  014  002  000  000  000  000  000  016  006  010  010 
 006  000  000  000  007  006  004  000  000  000  000  000  026  025  015  012 
 012  000  000  011  000  000  000  000  000  000  000  010  028  028  010  002 
 013  000  000  008  000  000  000  004  000  002  010  023  018  020  010  000 
 005  006  000  000  000  000  008  022  010  004  009  022  012  013  006  000 
 004  004  000  000  006  018  026  019  005  004  011  023  009  010  007  000 
 000  000  009  012  019  020  008  000  004  020  020  020  007  007  012  014 
 001  010  013  006  002  000  000  000  023  026  022  011  013  014  022  018 
 011  008  000  002  002  000  000  012  030  020  014  014  013  015  015  003 
 006  002  002  000  006  002  011  027  024  017  010  011  000  009  008  000 

Celda54

 000  000  000  000  000  000  016  010  000  000  000  003  003  002  015  026 
 000  000  000  000  018  012  000  004  006  009  013  017  008  001  012  020 
 000  000  000  016  003  007  000  002  018  022  022  020  010  006  008  021 
 000  000  000  016  011  008  016  009  031  029  023  016  006  010  005  020 
 000  000  000  014  030  017  023  012  026  029  019  002  000  000  000  014 
 000  000  001  027  043  013  010  006  014  034  016  000  000  000  000  010 
 006  018  016  014  026  010  000  002  000  039  030  005  002  000  000  008 
 012  018  018  000  012  018  000  012  018  042  040  006  009  006  000  003 
 010  011  012  007  000  027  022  024  035  036  034  007  012  015  012  006 
 010  018  003  012  010  030  034  025  025  017  020  020  015  020  018  016 
 008  022  000  006  012  018  032  021  006  014  012  025  008  013  010  009 
 000  024  014  012  022  007  024  028  013  010  004  018  016  000  000  000 
 010  021  033  027  026  018  006  031  028  000  000  004  028  000  000  000 
 016  016  036  018  006  011  000  024  035  002  000  000  028  000  000  000 
 004  000  030  016  000  000  000  008  034  017  004  013  020  000  002  011 
 000  000  013  012  004  000  018  026  030  026  004  006  004  000  002  006 

Celda55

 019  004  003  003  004  002  000  022  018  004  006  006  005  020  044  004 
 013  001  000  002  004  004  000  020  020  006  003  004  002  025  048  007 
 008  002  000  006  006  005  009  021  015  021  017  010  004  035  048  006 
 004  000  007  004  005  005  024  039  029  043  028  017  015  049  051  012 
 002  000  013  000  000  000  040  043  026  034  019  012  017  050  046  012 
 008  000  005  002  000  000  038  024  003  009  007  000  004  034  031  000 
 019  000  000  004  000  008  028  018  000  001  002  000  004  038  038  000 
 028  002  004  012  023  024  026  010  000  000  000  000  004  042  048  000 
 030  018  012  026  044  029  031  030  024  014  006  004  006  042  054  000 
 039  029  011  022  033  006  018  030  029  025  016  009  000  034  056  000 
 041  033  010  001  018  000  017  018  010  012  007  000  000  028  056  000 
 038  031  010  000  007  007  028  028  000  000  000  000  006  038  066  010 
 050  032  008  003  000  016  032  028  000  000  000  007  017  038  063  008 
 054  042  005  009  000  016  029  022  000  000  002  018  016  025  057  004 
 052  042  000  004  000  012  021  016  000  000  008  021  008  013  054  002 
 029  039  000  004  006  006  013  014  011  000  007  010  000  009  054  001 

Celda56

 003  008  012  014  021  000  000  015  030  010  000  001  021  014  000  002 
 003  008  012  000  007  004  004  014  016  001  000  009  016  006  004  004 
 001  004  007  002  000  006  006  010  010  003  013  018  012  004  003  004 
 001  001  000  000  000  014  003  000  005  012  024  019  012  008  000  000 
 000  000  000  000  009  028  016  006  001  016  020  015  017  012  000  000 
 000  000  000  000  021  023  007  012  019  023  002  010  022  009  000  000 
 000  000  000  004  025  008  000  004  029  023  014  005  019  002  000  000 
 000  002  009  018  014  000  000  008  020  006  011  014  013  000  000  004 
 003  008  015  011  000  000  005  014  009  000  000  004  006  004  002  001 
 002  002  000  000  000  000  023  016  000  000  007  006  002  006  012  007 
 000  000  000  000  000  017  039  012  002  000  008  015  010  002  004  004 
 000  000  000  000  013  033  030  006  008  006  000  018  016  006  000  000 
 000  000  000  000  024  027  021  006  001  004  002  014  016  005  000  000 
 003  010  026  032  032  019  023  012  003  009  016  026  021  011  007  007 
 007  018  038  047  040  030  038  029  017  023  030  038  032  028  024  026 
 000  000  000  000  000  000  018  015  000  000  000  005  001  002  000  000 

Celda57

 012  025  011  000  000  000  006  009  012  007  000  003  008  012  006  000 
 009  008  000  000  000  000  001  008  007  000  000  000  003  004  000  000 
 004  001  000  000  000  000  000  000  000  000  000  000  000  000  000  010 
 000  000  000  000  000  000  000  006  001  000  000  000  001  002  006  018 
 000  000  000  000  000  000  000  005  007  000  000  000  000  000  006  019 
 000  000  000  002  004  000  002  000  005  001  000  000  000  000  000  008 
 000  000  000  004  012  000  008  010  004  000  000  001  000  000  000  006 
 003  000  002  001  010  002  000  006  009  006  002  000  000  000  000  000 
 006  002  006  004  002  000  004  004  000  006  006  000  000  000  000  000 
 004  000  000  000  000  000  002  004  000  000  000  000  000  000  000  000 
 000  000  000  000  000  000  000  000  000  004  000  000  000  000  000  021 
 000  000  000  000  000  004  002  000  000  008  002  002  004  000  002  052 
 000  000  000  000  000  006  010  000  000  008  004  000  000  000  000  063 
 005  004  004  004  005  010  014  009  012  020  011  010  016  020  024  084 
 028  032  037  040  041  042  045  042  040  037  032  034  040  049  056  099 
 000  000  000  000  001  002  007  007  005  001  000  001  000  000  002  043 

Celda58

 001  056  073  042  009  000  012  011  002  000  000  000  014  006  000  000 
 030  074  060  024  000  000  000  003  002  000  000  000  000  001  002  000 
 066  080  036  012  002  000  000  000  000  000  000  002  000  000  000  000 
 073  059  011  000  005  000  000  005  010  012  007  000  000  000  000  000 
 054  036  004  000  001  008  002  002  005  012  010  000  000  000  000  000 
 042  038  008  004  000  012  006  000  004  000  000  000  000  000  000  000 
 048  040  002  000  000  008  007  003  004  000  000  000  000  000  000  004 
 054  045  000  000  000  004  008  010  004  000  000  000  000  000  009  022 
 048  049  004  000  000  003  010  011  002  000  000  000  002  014  032  027 
 042  046  014  000  000  002  008  007  000  000  000  000  010  023  033  022 
 075  050  005  000  000  001  003  002  000  000  000  007  017  025  024  014 
 077  014  000  000  001  004  005  000  000  000  002  016  019  023  021  016 
 048  000  000  000  004  010  015  006  000  000  011  021  021  027  027  021 
 045  015  014  013  008  015  024  023  019  029  041  046  041  046  044  030 
 057  044  056  060  058  060  064  061  053  052  061  061  052  056  053  036 
 014  000  000  000  000  004  014  019  012  000  006  009  005  015  019  005 

Celda59

 000  000  000  000  000  014  079  089  080  052  036  023  008  014  008  008 
 000  000  000  000  011  068  093  084  070  033  022  018  004  008  013  004 
 000  000  000  008  051  076  063  044  023  000  000  002  004  000  011  014 
 000  000  000  037  067  060  032  027  011  000  000  000  012  014  000  018 
 000  014  019  043  061  040  009  012  007  000  002  008  017  026  023  007 
 018  034  029  042  040  015  003  000  002  010  020  022  012  017  028  024 
 029  035  038  039  023  014  008  005  013  017  020  014  001  008  022  033 
 022  030  039  030  010  004  016  022  027  020  002  010  002  000  017  026 
 017  024  023  016  020  023  013  029  030  012  009  000  008  019  020  016 
 020  016  012  017  027  033  039  024  025  010  000  004  000  028  036  018 
 016  016  009  016  036  037  035  033  000  010  006  008  016  010  039  035 
 014  016  022  024  031  035  012  013  014  000  020  009  006  000  022  043 
 018  018  023  024  012  017  020  000  002  014  004  014  000  000  002  040 
 033  037  036  028  018  002  010  015  000  018  022  014  006  012  018  039 
 038  044  038  032  030  033  029  035  028  025  037  044  043  044  048  057 
 000  004  000  000  000  000  000  011  013  000  000  000  000  000  000  007 

Celda60

 011  006  004  010  000  009  006  014  000  006  000  005  018  002  000  000 
 008  004  002  005  019  016  013  006  004  000  002  001  012  000  000  005 
 016  013  002  003  020  010  000  000  004  000  000  001  002  000  014  045 
 024  020  004  000  000  012  000  000  000  004  000  012  016  012  034  039 
 027  031  022  012  004  003  008  000  000  007  023  024  027  020  010  016 
 016  042  026  014  017  012  004  000  011  014  028  020  000  000  000  001 
 020  030  032  000  006  012  002  000  012  026  003  011  006  000  000  000 
 032  013  018  012  004  000  004  002  019  008  000  000  022  012  021  016 
 032  032  004  010  023  000  004  006  011  000  001  014  031  024  000  002 
 016  024  019  004  031  009  000  000  004  000  018  037  022  002  000  000 
 006  000  014  023  033  004  000  000  011  019  022  014  003  000  004  018 
 016  000  000  009  000  000  000  000  022  010  002  000  000  000  013  044 
 028  000  000  000  000  000  004  014  003  000  000  000  000  006  028  040 
 031  000  000  000  027  038  037  020  004  000  010  020  022  026  042  042 
 048  022  029  046  075  060  046  032  029  039  060  054  050  046  057  052 
 012  000  000  011  031  007  000  000  000  005  014  000  000  000  014  007 

Celda61

 002  012  012  014  007  016  019  018  013  017  006  000  000  000  013  011 
 018  017  002  001  000  015  004  002  010  013  006  000  000  000  016  028 
 028  006  000  000  000  010  004  006  018  017  000  000  000  000  010  032 
 004  000  000  010  008  011  023  026  023  014  002  000  000  016  019  025 
 000  000  020  026  017  018  033  016  000  004  000  002  018  036  034  020 
 011  015  037  034  011  008  020  003  000  000  008  004  020  032  022  015 
 024  035  014  010  001  000  013  014  000  000  013  012  000  012  000  004 
 014  037  010  000  002  006  000  022  012  002  000  009  000  009  015  000 
 000  028  019  000  020  029  015  009  024  001  000  002  000  004  021  004 
 008  025  029  023  014  013  004  000  028  018  002  000  002  000  009  006 
 027  027  023  014  000  000  000  002  024  030  000  000  000  000  000  000 
 032  014  002  002  000  000  004  018  010  024  003  000  000  002  000  000 
 020  000  002  000  000  000  000  016  012  006  014  002  006  002  004  006 
 026  014  018  022  018  014  032  031  042  037  045  035  034  032  038  040 
 043  040  036  042  049  050  069  064  062  065  066  060  054  058  067  062 
 001  004  000  000  000  000  020  017  000  000  003  009  000  000  009  000 

Celda62

 000  006  000  013  010  023  044  048  036  024  000  000  000  000  000  000 
 010  010  008  012  019  034  050  030  032  012  000  000  000  003  002  000 
 026  005  012  008  027  033  036  014  002  007  000  000  000  004  014  006 
 030  007  015  012  028  028  021  012  000  000  006  003  009  021  028  008 
 031  018  010  010  012  024  013  006  008  000  010  011  020  026  017  000 
 020  018  003  006  000  014  014  010  014  008  001  002  006  016  002  000 
 011  022  006  010  005  000  011  014  020  014  000  000  000  019  013  000 
 008  020  000  006  008  004  004  016  023  012  000  000  000  014  026  001 
 000  011  008  000  010  015  020  029  024  002  000  000  002  000  026  014 
 000  004  020  010  007  012  016  020  006  000  000  006  020  020  016  022 
 000  006  028  024  000  000  002  010  000  000  000  009  024  024  008  018 
 000  014  026  024  006  000  000  013  002  000  000  012  018  004  004  003 
 000  019  024  018  011  000  000  014  000  000  000  014  028  000  000  000 
 036  043  047  027  018  014  011  014  009  014  019  027  040  016  022  032 
 066  070  075  050  044  048  042  043  048  048  060  068  076  054  050  058 
 000  004  018  000  000  008  000  000  009  000  000  003  016  004  000  000 

Celda63

 009  036  014  000  002  000  006  013  022  000  000  005  000  012  056  000 
 000  031  024  000  000  000  004  010  028  006  000  002  000  016  060  000 
 010  031  022  000  000  000  004  009  026  012  000  008  006  020  065  003 
 006  026  019  000  002  003  003  016  039  027  013  016  014  031  074  012 
 000  020  018  002  014  025  024  032  053  025  006  007  006  025  061  003 
 000  017  030  003  018  030  030  015  034  004  000  010  003  013  048  000 
 000  006  038  010  000  010  013  005  018  005  000  011  010  014  046  000 
 000  000  032  020  002  013  007  012  000  004  000  012  013  016  046  000 
 000  005  018  020  012  022  008  011  008  000  000  019  013  010  044  000 
 004  016  027  024  010  020  012  000  002  000  000  026  008  000  042  000 
 002  006  023  018  002  008  018  000  004  006  000  024  008  000  040  000 
 009  011  014  002  000  001  022  000  004  006  002  012  010  005  042  000 
 002  020  022  006  004  014  021  000  000  000  004  005  005  012  048  002 
 030  038  046  034  032  042  030  015  010  016  028  039  038  044  076  025 
 064  070  078  064  058  058  049  044  041  044  050  064  059  061  086  041 
 000  005  021  015  009  007  000  000  000  004  001  009  000  002  032  000 

