Celda0

 000  000  000  000  000  001  000  000  000  000  001  000  000  001  002  002 
 000  000  000  000  000  003  000  000  000  004  004  000  000  002  006  006 
 000  000  000  000  000  007  000  000  000  014  010  000  000  004  016  014 
 000  000  000  000  000  010  000  000  000  026  015  000  000  007  024  020 
 000  000  000  000  002  016  005  016  012  024  017  000  000  010  031  023 
 000  000  000  000  008  028  024  020  017  008  016  000  000  012  031  021 
 000  000  000  000  012  034  032  006  014  002  016  000  006  007  030  022 
 000  000  000  000  008  026  039  016  010  005  015  010  005  002  030  021 
 000  002  010  015  010  022  040  028  008  008  006  018  000  000  028  018 
 002  007  019  026  020  015  036  031  006  014  004  015  000  000  027  016 
 001  004  010  014  011  000  031  034  002  012  012  004  000  004  025  014 
 000  000  000  000  000  002  020  030  016  000  007  000  005  008  018  009 
 000  000  000  000  000  000  010  022  024  000  006  002  006  012  012  004 
 003  006  006  000  000  000  005  017  028  012  012  010  005  012  006  002 
 003  006  011  010  006  007  014  023  033  017  006  007  006  011  000  002 
 000  000  002  006  010  015  023  024  026  010  000  000  004  007  000  002 

Celda1

 002  001  000  000  000  001  000  000  000  000  000  000  002  001  001  000 
 005  002  000  000  000  002  001  000  000  000  000  000  004  004  003  000 
 012  008  000  000  000  004  004  000  000  000  000  000  004  008  009  001 
 016  014  000  000  000  004  007  000  000  000  000  000  000  008  017  006 
 014  014  001  000  000  000  006  000  000  002  004  000  000  001  024  018 
 009  008  003  000  000  000  002  000  000  008  007  000  000  000  028  029 
 004  000  002  000  000  000  000  005  006  008  007  000  002  006  034  028 
 000  000  000  000  000  000  000  012  015  006  003  004  014  023  026  016 
 000  000  000  004  000  000  002  013  014  003  003  023  032  023  007  006 
 000  000  001  006  000  002  006  013  015  008  016  037  028  005  000  004 
 000  000  000  006  005  006  009  014  017  011  016  023  005  000  000  019 
 000  000  000  005  010  008  007  012  011  004  009  014  000  000  010  033 
 000  002  008  003  009  011  006  007  001  000  004  010  006  006  024  028 
 003  013  010  008  002  012  012  006  002  004  008  010  008  012  014  010 
 012  020  007  004  004  009  012  012  013  015  018  014  007  010  012  008 
 019  020  001  000  002  014  017  023  026  021  016  010  006  009  008  005 

Celda2

 000  001  001  001  000  000  000  000  000  002  000  000  000  002  000  000 
 000  002  002  002  000  002  000  000  000  004  000  000  000  004  000  000 
 000  001  002  002  002  008  006  000  000  005  000  000  001  004  000  000 
 000  000  001  002  006  014  011  001  000  004  002  000  006  002  000  000 
 002  000  000  010  021  017  004  003  003  002  004  012  019  010  009  011 
 003  004  007  029  035  020  009  000  005  002  003  018  020  000  000  002 
 000  002  017  035  030  013  015  018  016  010  008  017  016  000  000  000 
 002  002  020  027  016  004  005  013  011  005  005  007  006  000  000  000 
 012  011  012  014  009  006  006  000  000  000  002  001  002  000  000  002 
 020  018  013  008  004  007  011  000  000  000  000  000  004  005  000  002 
 033  027  020  013  008  010  014  003  006  006  002  000  002  007  000  000 
 033  022  014  011  012  014  018  005  002  000  000  000  000  006  006  001 
 016  006  008  011  010  012  013  002  000  000  004  006  002  004  010  003 
 004  004  011  016  014  010  006  005  009  014  016  018  014  010  019  009 
 006  007  018  025  022  012  010  014  022  027  029  028  021  012  019  010 
 008  014  022  029  022  014  019  028  026  023  019  013  008  004  012  007 

Celda3

 000  001  002  002  000  000  000  000  001  000  000  003  005  002  000  000 
 000  002  005  006  001  000  000  000  000  000  000  008  013  006  000  000 
 000  003  010  016  008  000  000  000  000  000  000  015  030  017  000  000 
 000  000  012  028  018  000  000  000  000  000  000  015  042  030  004  000 
 011  006  012  036  024  000  006  018  024  024  020  013  037  035  014  002 
 002  000  010  036  020  000  006  016  019  029  042  042  036  020  016  009 
 000  000  007  034  020  000  006  013  012  022  037  043  034  014  002  008 
 001  010  011  028  018  000  004  009  010  019  022  022  020  020  016  002 
 007  010  008  018  010  001  013  017  021  021  013  007  004  009  020  023 
 001  000  000  015  004  001  020  022  017  009  002  000  000  000  006  016 
 000  000  000  020  000  000  018  026  020  006  000  000  000  002  002  002 
 000  000  008  028  002  000  010  022  026  009  000  000  000  006  004  000 
 002  007  013  025  006  005  001  019  028  011  000  000  002  006  006  000 
 006  006  007  019  005  009  008  017  027  011  000  000  008  007  000  000 
 007  006  007  022  008  009  007  008  022  012  000  000  009  008  000  000 
 004  005  009  022  005  000  000  004  016  010  000  000  008  004  000  000 

Celda4

 000  000  000  001  001  000  000  000  000  000  000  001  001  003  002  000 
 000  000  000  002  002  000  000  000  000  000  000  002  004  008  004  000 
 002  000  000  002  000  000  000  000  000  000  000  004  010  014  006  000 
 004  004  000  000  000  000  000  000  000  000  002  006  012  012  003  000 
 002  012  011  004  000  000  006  007  008  006  007  007  006  004  002  001 
 004  012  012  000  000  000  014  014  000  003  003  002  000  000  007  007 
 007  012  014  000  000  000  016  020  001  000  000  001  005  014  020  009 
 000  010  018  000  000  000  017  016  002  000  000  002  008  012  012  004 
 010  000  010  005  000  008  017  010  000  000  000  004  011  016  010  000 
 024  018  000  000  012  024  021  006  000  000  000  007  014  015  010  002 
 014  026  023  007  014  030  022  008  000  004  004  006  018  008  000  000 
 000  006  020  032  042  032  006  008  016  001  000  000  018  003  000  000 
 000  000  004  024  053  042  017  000  020  010  000  000  015  005  000  000 
 000  000  001  021  038  027  032  020  000  006  000  000  011  009  000  004 
 000  000  008  016  022  002  014  026  018  000  000  000  010  016  010  007 
 006  015  011  002  008  007  000  000  008  014  011  000  002  022  024  016 

Celda5

 000  001  001  001  000  000  002  003  000  000  001  002  000  000  000  000 
 000  002  004  002  000  000  004  006  000  000  002  005  000  000  000  000 
 000  004  008  004  000  000  008  006  000  000  006  011  000  000  000  000 
 000  004  010  007  000  002  006  000  000  000  008  014  000  000  000  000 
 002  007  010  006  002  005  002  000  000  004  008  011  000  000  000  000 
 003  011  013  004  001  002  000  000  000  006  010  009  000  000  000  000 
 004  015  011  000  000  000  000  000  000  008  011  008  000  000  000  014 
 003  008  004  000  002  004  008  008  003  008  011  005  000  000  000  033 
 000  000  000  002  012  008  007  010  006  010  015  000  000  000  003  051 
 000  000  000  006  016  014  005  000  004  008  013  000  000  000  020  055 
 001  000  000  006  012  015  014  002  004  003  008  000  000  000  036  046 
 008  005  002  004  008  013  020  014  000  000  000  000  000  003  044  037 
 015  009  002  005  008  011  016  014  002  000  000  000  000  024  044  028 
 014  010  006  008  012  011  009  008  004  000  000  000  009  043  035  016 
 009  012  013  011  008  008  006  004  002  000  000  002  035  041  017  010 
 017  025  025  011  002  006  007  006  000  000  002  015  036  021  008  012 

Celda6

 000  002  006  004  000  000  000  002  000  000  000  002  006  003  000  000 
 000  006  014  010  000  000  000  004  000  000  000  004  014  008  000  000 
 000  018  028  018  000  000  000  004  000  000  000  005  026  020  002  000 
 004  030  034  018  000  000  000  000  000  000  000  005  028  027  011  000 
 014  034  030  014  000  000  000  000  000  000  000  021  028  019  014  000 
 031  038  027  008  000  000  000  000  000  000  006  015  004  004  012  011 
 046  042  034  020  016  016  012  006  004  003  007  011  000  000  010  018 
 052  036  027  013  012  018  022  022  022  022  018  015  008  006  001  016 
 049  026  016  004  000  005  018  028  029  027  026  028  024  020  017  031 
 038  017  009  001  002  016  029  024  019  013  016  025  020  018  022  034 
 022  010  006  000  006  028  032  010  003  000  014  017  011  012  016  004 
 014  007  006  000  009  027  022  000  000  000  019  011  006  007  000  000 
 012  007  003  002  011  024  017  000  000  000  023  012  008  004  000  000 
 009  004  001  005  020  025  009  000  000  004  029  016  008  000  000  000 
 009  000  000  011  026  021  002  000  004  016  031  011  000  000  000  002 
 010  000  000  014  025  012  000  000  003  017  020  000  000  000  000  030 

Celda7

 000  000  000  000  000  000  002  004  002  000  000  000  000  003  010  000 
 000  000  000  000  000  000  008  012  003  000  000  000  000  007  027  000 
 000  000  000  000  000  000  028  030  002  000  000  000  000  014  062  000 
 000  000  002  000  000  000  048  045  002  000  000  000  000  018  084  000 
 006  012  006  000  002  018  077  060  018  018  014  000  001  039  106  018 
 000  006  003  000  005  044  077  047  014  007  006  000  005  062  115  029 
 011  000  000  000  004  042  045  021  007  002  002  005  016  084  114  029 
 016  000  000  000  008  024  026  017  012  003  000  006  020  084  093  013 
 023  000  000  000  010  013  018  017  016  006  000  001  014  058  062  000 
 008  000  000  016  018  010  011  014  012  004  000  000  002  033  052  000 
 000  000  006  035  028  024  029  029  024  012  007  002  000  022  048  000 
 000  000  042  047  025  024  037  041  036  029  027  024  019  033  057  010 
 000  033  069  050  024  017  026  026  020  020  025  028  028  041  063  020 
 020  066  067  039  022  016  012  010  005  004  008  010  012  023  045  007 
 057  062  037  017  008  012  008  008  006  002  000  000  000  008  035  000 
 061  032  014  015  002  004  011  016  012  005  002  000  000  006  036  000 

Celda8

 000  000  000  002  008  016  017  008  010  006  000  006  004  005  002  001 
 000  000  000  002  006  009  002  000  002  008  003  010  004  004  002  002 
 000  000  000  000  002  000  000  000  002  016  011  006  002  004  002  000 
 000  000  000  000  000  000  000  002  013  024  013  006  004  001  005  000 
 000  000  000  000  000  000  000  014  021  024  012  008  006  002  009  005 
 000  000  000  000  000  000  007  016  019  018  006  006  009  008  016  006 
 001  002  005  004  000  000  006  010  012  011  003  000  012  016  009  000 
 001  002  002  000  000  000  004  006  009  008  006  002  006  008  000  000 
 000  000  000  000  000  000  000  000  007  010  010  009  000  000  000  000 
 000  000  000  000  004  000  000  000  008  014  008  005  000  000  000  009 
 000  000  000  000  006  000  000  000  010  012  004  002  000  000  000  012 
 001  002  000  000  001  000  000  000  010  006  002  005  000  000  000  012 
 000  000  000  000  000  000  000  002  008  002  004  010  000  000  000  012 
 000  000  000  000  000  000  000  005  006  001  005  012  000  000  000  010 
 001  002  001  000  000  000  000  008  008  002  004  012  004  005  004  002 
 001  002  006  008  010  007  001  012  015  008  005  015  015  010  011  005 

Celda9

 020  016  000  000  015  026  024  030  031  016  008  004  004  010  007  000 
 017  013  000  004  037  039  025  023  020  002  000  000  003  012  008  005 
 011  012  000  023  045  034  012  001  007  003  000  000  005  015  010  008 
 006  013  014  027  032  014  000  000  000  010  004  002  006  011  004  004 
 006  012  016  020  018  008  000  000  000  013  014  002  001  006  002  002 
 003  007  016  018  012  004  000  000  000  010  016  008  000  003  004  006 
 000  003  012  014  008  002  000  000  000  008  015  006  000  002  005  008 
 000  002  008  010  003  001  004  006  004  010  013  000  000  002  004  008 
 000  000  004  004  000  002  006  008  008  012  012  000  000  002  004  008 
 005  000  000  001  000  001  003  004  006  012  013  006  004  007  012  017 
 008  000  000  002  001  000  000  000  003  014  017  014  014  018  017  021 
 008  000  002  006  002  000  000  000  004  014  020  018  022  019  013  018 
 008  000  004  010  000  000  000  001  008  017  021  020  022  016  010  015 
 008  000  002  009  000  000  000  008  018  026  024  023  026  019  012  013 
 007  000  000  005  000  000  004  020  032  034  029  032  035  022  009  008 
 004  000  000  002  000  000  016  034  037  034  032  032  025  007  000  002 

Celda10

 006  018  028  025  015  013  023  024  014  006  000  000  000  005  006  006 
 005  016  028  025  016  013  012  002  000  000  000  005  013  016  010  005 
 009  019  019  022  023  014  003  000  000  000  002  010  016  017  014  008 
 012  016  009  016  023  012  000  000  006  004  002  000  004  006  004  003 
 007  006  004  010  016  010  000  000  013  008  001  000  000  000  000  002 
 009  007  006  006  009  010  005  010  014  006  000  002  000  000  000  009 
 012  012  007  004  006  014  015  010  003  000  000  000  000  000  000  012 
 013  014  012  004  008  022  017  000  000  000  000  000  000  000  002  012 
 012  014  016  010  015  030  016  002  000  008  006  004  002  004  006  014 
 018  016  014  012  018  024  004  002  006  015  003  000  001  004  009  018 
 021  013  004  010  022  020  002  000  004  002  000  000  005  010  014  019 
 017  004  000  006  020  016  005  006  006  000  000  006  018  015  014  011 
 011  000  000  000  014  013  010  014  008  000  001  019  022  010  006  000 
 007  000  005  007  010  011  013  016  010  005  012  020  012  000  000  001 
 006  000  002  011  016  018  017  016  014  013  014  010  002  000  002  006 
 005  004  008  010  011  014  014  008  014  012  002  000  000  004  008  003 

Celda11

 000  010  018  015  000  000  000  008  013  004  000  000  007  002  000  007 
 007  020  025  012  000  000  000  010  009  002  000  002  005  004  004  009 
 016  029  020  012  000  000  006  005  004  011  013  013  006  008  006  004 
 016  030  013  008  006  005  011  000  000  022  019  008  007  009  004  000 
 018  025  007  007  012  016  027  020  012  022  022  000  006  009  002  000 
 020  018  006  006  018  022  043  036  033  022  024  008  010  011  004  000 
 021  021  011  007  014  012  026  016  024  020  024  020  014  010  001  000 
 025  028  014  008  006  000  012  017  000  006  012  019  004  000  000  000 
 029  026  008  004  000  000  000  025  000  000  004  016  000  000  000  006 
 028  019  000  000  000  000  000  026  010  008  003  008  000  000  000  008 
 020  013  000  000  000  000  000  026  024  012  008  000  000  000  003  004 
 006  010  000  000  000  000  000  024  024  000  000  000  005  008  006  006 
 000  010  003  000  000  000  000  017  024  000  000  000  013  011  009  010 
 006  022  012  002  000  000  006  002  016  004  000  011  022  010  006  007 
 013  021  004  000  000  004  009  005  004  014  009  022  023  010  004  000 
 003  008  000  000  013  014  008  002  000  019  023  024  015  010  008  002 

Celda12

 012  013  004  000  000  006  000  000  000  006  020  024  015  013  026  027 
 006  000  000  000  000  002  000  001  005  008  013  022  026  016  009  024 
 000  000  000  000  002  003  006  010  018  020  017  016  016  014  014  022 
 000  000  000  000  002  002  004  004  012  019  023  025  022  020  034  050 
 000  000  003  000  000  000  002  000  004  018  024  026  027  026  043  046 
 000  000  006  002  000  000  002  003  007  014  013  008  016  024  028  013 
 000  000  005  002  000  004  004  003  008  008  006  000  004  014  008  000 
 004  002  002  006  008  011  012  010  006  002  001  004  001  000  000  000 
 011  010  006  009  011  013  014  014  006  000  000  007  006  000  000  000 
 010  012  014  013  014  016  015  010  006  000  000  006  005  000  002  006 
 006  008  010  010  014  014  010  006  012  017  018  010  000  002  007  006 
 008  008  008  010  013  008  007  004  012  020  028  030  024  014  011  000 
 014  014  014  018  015  010  012  013  010  014  016  019  020  016  012  010 
 009  010  010  012  008  008  013  017  010  010  004  000  000  004  010  014 
 000  000  000  000  000  000  008  013  006  004  000  000  000  000  004  007 
 000  000  000  000  000  004  013  014  002  004  004  005  007  006  003  010 

Celda13

 024  022  020  009  007  006  004  004  000  000  000  020  023  008  007  013 
 030  028  020  010  012  012  006  001  000  000  007  018  012  007  006  006 
 020  025  029  024  008  000  000  010  015  016  023  021  012  012  005  000 
 039  026  020  022  008  000  008  016  020  019  023  018  014  016  008  007 
 037  041  030  000  000  006  020  028  018  006  008  005  006  009  004  010 
 006  014  018  013  000  004  020  029  026  016  008  004  002  002  000  005 
 004  014  000  000  006  012  016  014  024  024  018  014  007  001  001  008 
 000  008  000  000  000  016  017  005  007  020  022  023  018  006  003  005 
 010  010  006  006  010  014  002  000  000  010  014  018  022  019  012  004 
 003  002  004  009  013  009  001  001  007  016  004  000  010  021  020  010 
 000  000  001  003  003  006  007  009  008  011  006  006  000  008  013  011 
 000  000  008  013  014  011  010  008  006  005  002  008  016  014  000  000 
 008  008  026  038  031  020  014  007  007  012  011  013  018  019  014  006 
 020  025  040  042  026  014  012  011  017  026  024  024  022  018  017  018 
 014  018  026  026  013  006  012  018  028  031  026  025  024  022  023  026 
 013  015  023  028  020  012  015  022  032  027  018  016  022  028  034  036 

Celda14

 008  000  000  014  031  016  000  000  002  010  006  000  000  000  000  056 
 004  000  000  010  030  019  000  000  005  006  000  000  000  000  027  062 
 003  001  006  013  020  015  003  006  010  003  000  000  000  000  051  054 
 011  014  008  013  019  008  003  010  012  000  000  000  000  032  066  041 
 018  013  006  013  019  010  003  006  008  000  000  000  000  049  049  015 
 009  002  000  007  010  000  000  000  000  000  000  000  019  045  026  008 
 002  000  000  004  007  001  000  000  000  000  000  005  041  045  025  008 
 000  000  000  000  002  004  000  000  000  000  000  029  053  039  018  001 
 000  000  000  000  000  008  000  000  000  000  010  043  043  020  004  000 
 000  000  000  000  000  008  001  000  000  000  022  042  032  013  002  000 
 008  007  008  004  002  006  004  007  014  014  027  032  018  004  007  010 
 012  013  012  013  010  006  008  002  012  016  019  018  005  000  008  017 
 008  007  002  012  016  012  016  012  000  009  008  006  000  000  000  015 
 025  018  008  000  010  012  021  024  006  000  002  005  002  000  000  008 
 033  030  034  034  024  005  010  022  015  008  006  004  000  004  009  008 
 040  035  036  038  036  032  019  005  008  009  012  013  008  000  010  014 

Celda15

 052  015  004  014  009  000  007  016  013  011  006  002  002  010  043  005 
 041  014  010  013  009  002  005  011  008  006  002  002  010  028  054  016 
 027  013  013  014  008  000  004  012  005  000  000  000  008  031  050  016 
 013  011  016  016  013  004  000  010  006  000  000  000  010  026  040  008 
 004  014  018  007  004  000  000  002  006  000  000  002  004  020  034  000 
 006  016  017  000  000  000  000  002  009  010  005  000  000  022  038  002 
 005  015  014  000  000  000  004  014  019  016  006  000  005  039  054  014 
 000  011  012  000  000  005  012  012  011  006  004  009  025  049  050  010 
 000  007  009  000  000  012  010  004  004  002  005  018  028  035  033  000 
 000  001  004  004  006  010  009  008  004  006  017  025  022  026  031  003 
 000  000  002  014  015  008  006  011  007  010  021  023  016  022  031  007 
 003  000  005  022  018  004  006  012  009  010  019  018  010  013  020  000 
 008  000  010  024  019  008  008  011  011  016  021  017  006  008  018  000 
 012  008  012  022  020  012  007  006  013  024  023  011  000  006  019  000 
 012  011  012  020  023  017  007  001  013  027  023  006  000  010  024  002 
 020  021  017  020  024  018  007  005  014  021  016  003  000  018  030  001 

Celda16

 000  000  000  004  015  023  022  023  019  003  000  012  014  004  007  008 
 000  000  000  002  016  027  032  024  010  000  000  014  014  000  000  004 
 000  000  002  005  026  023  024  020  010  002  000  016  012  000  000  003 
 000  001  004  008  028  017  012  014  012  010  008  013  010  000  004  004 
 000  002  006  012  023  007  002  009  016  018  010  000  010  006  003  000 
 000  000  000  000  009  001  000  002  012  018  015  006  010  014  000  000 
 000  000  000  000  009  002  000  000  006  012  020  024  019  013  000  000 
 000  000  000  000  008  005  006  008  004  004  014  025  021  006  000  000 
 000  000  000  000  008  007  011  005  000  000  004  011  013  007  003  004 
 000  000  000  000  013  010  007  000  000  004  013  000  003  007  010  014 
 000  000  000  002  026  018  003  000  000  006  012  003  000  002  010  016 
 000  000  000  006  032  014  004  006  009  015  010  000  000  000  008  016 
 002  005  010  010  025  004  003  008  010  012  008  006  006  009  019  024 
 005  011  018  012  012  003  001  006  008  007  004  004  010  021  033  029 
 002  004  006  002  006  006  005  007  010  011  010  009  018  026  029  018 
 000  000  001  007  020  021  016  016  019  018  020  019  024  022  019  011 

Celda17

 010  008  007  005  005  010  028  038  033  027  025  015  004  000  000  000 
 012  012  012  012  014  020  031  033  024  016  017  008  000  000  000  000 
 010  012  014  021  021  019  021  018  014  012  010  003  000  000  002  000 
 007  012  018  023  016  008  002  010  012  010  004  002  001  002  004  004 
 004  013  019  019  006  000  000  006  012  008  002  005  006  004  003  006 
 000  018  024  014  000  000  000  006  012  008  004  007  008  004  002  006 
 000  020  027  014  000  000  000  005  010  009  006  006  006  006  004  005 
 000  020  022  012  000  000  004  010  010  008  006  002  004  008  008  005 
 007  027  021  004  000  000  006  010  006  004  004  000  002  007  009  004 
 013  032  026  007  000  004  010  006  004  006  003  000  000  006  008  003 
 016  031  023  008  010  015  017  009  010  010  005  000  002  012  012  004 
 021  029  015  002  008  018  018  013  013  007  001  000  008  016  009  004 
 026  020  006  000  000  006  004  005  002  000  000  000  013  012  002  001 
 024  018  012  006  000  002  007  009  000  000  000  004  015  008  000  004 
 015  018  024  020  004  000  014  016  002  002  005  007  008  009  012  013 
 012  018  024  028  020  008  016  017  000  000  000  000  004  014  018  011 

Celda18

 003  010  014  016  008  005  004  000  008  012  000  000  006  008  008  004 
 004  015  017  016  014  007  000  000  002  004  000  003  013  010  007  008 
 009  024  019  012  016  011  000  000  000  000  000  013  018  012  009  012 
 014  023  010  008  015  012  000  000  000  000  000  019  024  016  012  012 
 016  018  006  006  016  011  000  000  000  000  001  017  027  018  010  012 
 012  013  004  006  017  012  000  000  000  000  008  018  022  020  004  004 
 008  010  004  001  011  014  002  000  000  000  014  018  019  017  002  000 
 005  010  008  003  006  008  006  000  000  002  018  022  016  013  005  003 
 002  010  013  010  006  000  004  000  002  000  014  018  015  012  014  010 
 001  010  016  014  004  000  004  009  004  001  006  010  008  010  019  024 
 006  015  011  006  002  000  006  012  000  000  000  010  004  002  016  026 
 011  014  002  000  002  005  006  008  002  002  008  016  008  006  019  023 
 010  009  000  000  006  006  002  005  009  005  010  018  013  011  026  027 
 012  008  002  000  006  005  000  005  012  011  009  012  013  018  031  027 
 013  009  004  004  002  005  001  006  012  012  007  004  009  016  028  022 
 007  010  006  010  004  003  003  005  008  013  009  000  010  024  022  010 

Celda19

 000  004  007  017  028  018  006  000  000  020  034  022  006  007  010  010 
 002  006  026  021  020  010  000  000  001  019  040  024  006  007  008  010 
 009  008  018  010  000  000  000  000  008  027  045  030  013  011  008  004 
 010  003  003  008  000  000  000  000  011  025  032  028  013  006  006  005 
 014  004  000  000  000  000  000  006  015  008  016  031  016  000  000  001 
 018  009  000  000  000  000  000  006  008  000  006  030  016  000  000  000 
 015  014  000  000  000  012  004  006  008  000  002  024  012  000  000  000 
 005  008  000  000  000  010  005  005  012  000  000  011  009  000  000  002 
 004  000  000  000  000  000  006  010  014  006  000  000  010  000  000  004 
 009  007  010  000  000  000  008  018  016  008  000  000  016  011  000  004 
 024  010  017  021  012  000  006  022  014  008  000  000  020  024  004  003 
 018  018  009  004  019  018  006  016  010  008  000  000  018  032  014  005 
 002  002  016  000  000  000  000  004  006  008  004  000  017  040  033  014 
 012  007  003  000  000  000  000  000  010  016  014  013  033  058  046  019 
 012  015  014  003  000  000  000  000  024  044  049  035  044  060  041  015 
 005  010  012  010  008  008  008  005  038  073  062  033  035  043  023  005 

Celda20

 008  004  001  001  003  006  012  014  004  006  014  014  010  008  008  020 
 011  009  001  000  000  008  010  008  006  004  010  014  006  002  011  031 
 002  000  000  000  006  006  004  002  004  008  000  000  002  001  023  043 
 004  001  000  000  006  010  004  000  000  003  002  000  000  008  040  046 
 006  007  007  004  000  011  006  000  000  000  000  000  000  018  040  031 
 000  000  003  002  000  010  008  000  000  000  000  000  004  016  022  016 
 000  000  000  000  000  008  010  000  000  000  001  004  010  012  012  011 
 000  000  000  000  000  007  013  001  000  000  002  012  013  008  004  006 
 002  000  000  000  000  003  013  007  000  000  003  020  014  005  002  002 
 004  000  000  000  000  000  011  010  000  004  006  019  014  006  006  007 
 003  000  000  000  002  006  020  021  019  020  019  015  010  010  012  011 
 000  000  002  003  002  011  020  021  026  020  022  015  005  012  016  008 
 010  008  012  014  012  014  016  014  016  012  016  023  018  016  015  006 
 018  018  020  022  022  019  018  011  011  013  014  018  020  011  006  006 
 016  016  016  018  019  018  013  006  006  012  016  002  001  003  000  006 
 006  005  002  002  008  009  008  006  003  008  010  004  000  000  004  016 

Celda21

 025  026  032  038  029  019  016  025  031  022  016  014  025  030  036  037 
 037  032  031  032  020  014  012  023  024  016  016  015  026  021  021  022 
 040  027  022  019  006  006  010  022  020  009  010  009  016  006  001  003 
 029  013  007  004  000  004  007  014  014  004  004  004  010  000  000  000 
 009  000  000  000  003  004  002  004  011  000  000  005  007  000  000  000 
 006  006  002  004  011  006  006  004  010  001  000  003  000  000  000  000 
 011  016  008  003  006  002  008  016  015  005  001  000  000  000  000  000 
 016  023  010  000  002  005  004  007  006  004  000  000  000  000  000  002 
 014  022  010  000  000  006  010  009  000  000  000  000  002  010  010  010 
 009  012  011  006  000  001  008  010  006  000  000  002  027  023  026  032 
 004  004  014  019  011  010  014  013  008  000  000  022  044  024  028  031 
 002  001  016  018  006  013  020  019  016  010  010  029  037  012  014  010 
 000  004  012  014  014  021  020  016  013  012  013  025  022  006  000  000 
 006  005  008  014  026  030  017  008  005  006  011  020  012  004  000  000 
 011  012  019  030  035  029  011  000  000  000  009  015  009  009  006  008 
 019  020  028  029  024  018  004  000  000  006  017  017  015  016  012  012 

Celda22

 039  034  028  024  026  034  038  032  016  000  004  018  022  014  005  004 
 024  021  020  020  024  026  030  030  028  024  015  004  018  022  014  008 
 006  005  011  022  026  022  018  018  019  022  026  018  006  018  008  004 
 000  000  008  022  020  014  013  016  016  014  016  024  032  043  018  000 
 000  006  019  014  004  004  010  014  015  016  020  030  042  043  034  031 
 000  010  021  004  000  002  006  008  012  016  026  038  041  029  028  046 
 001  014  017  002  002  005  004  006  012  018  037  039  028  022  024  036 
 012  020  020  012  012  013  010  012  016  018  031  019  011  016  026  031 
 026  028  024  022  018  018  014  015  018  014  021  017  016  022  032  028 
 037  025  017  018  011  012  009  008  010  014  024  025  014  009  005  000 
 022  006  008  016  004  000  000  000  000  000  008  006  000  000  000  000 
 001  000  000  013  000  000  000  000  008  004  000  000  000  000  000  000 
 000  000  000  006  000  000  000  006  016  017  010  015  020  028  033  038 
 000  000  000  000  000  000  012  021  038  038  028  040  040  039  038  035 
 012  018  018  016  016  024  026  027  041  038  026  033  024  019  019  019 
 017  022  026  028  028  026  023  027  038  028  010  007  002  006  017  024 

Celda23

 013  014  011  018  021  014  008  007  010  012  009  002  005  024  033  000 
 010  008  008  016  016  008  010  016  011  006  004  002  008  024  032  000 
 012  013  013  019  016  008  014  023  017  005  000  001  006  023  033  000 
 002  019  020  022  020  014  018  028  022  006  000  000  002  021  036  000 
 020  010  014  020  023  016  020  031  026  011  004  000  000  020  041  000 
 062  058  038  014  012  014  017  026  028  020  014  006  000  020  044  000 
 050  058  058  047  028  021  020  012  012  021  028  019  002  021  048  000 
 030  032  042  052  053  049  060  044  016  004  032  028  012  028  052  000 
 022  018  025  036  040  038  054  040  036  022  010  016  016  040  062  000 
 000  000  000  000  004  010  016  001  016  032  024  000  006  046  074  000 
 000  000  002  000  000  002  001  000  005  020  022  015  006  048  084  005 
 004  015  033  031  027  023  020  017  016  020  025  027  029  082  113  031 
 046  055  055  033  028  031  036  032  022  022  034  048  058  101  105  028 
 037  031  012  000  002  017  018  018  012  011  016  037  062  082  069  014 
 021  009  000  000  000  006  000  000  002  000  002  007  027  032  034  007 
 028  026  024  018  008  000  001  000  003  000  002  012  016  021  030  006 

Celda24

 003  008  020  029  040  034  029  028  025  020  020  022  021  016  016  016 
 004  009  018  021  020  016  020  019  013  009  008  008  007  004  011  017 
 001  001  000  000  000  002  007  000  000  000  002  000  000  000  010  014 
 000  000  000  000  000  000  002  000  001  004  002  001  001  005  013  015 
 000  000  001  000  000  002  002  000  003  008  003  003  011  022  023  020 
 000  000  000  000  000  004  008  010  004  007  002  006  020  024  018  014 
 000  000  000  000  004  007  004  006  007  001  002  015  029  018  008  006 
 000  000  000  004  014  009  000  000  006  011  015  033  031  008  004  010 
 000  000  002  006  011  001  000  000  010  016  024  031  017  000  002  014 
 000  000  001  000  000  000  000  005  016  011  012  011  001  000  004  016 
 000  000  000  000  000  000  000  007  014  013  010  004  000  000  004  016 
 000  000  000  000  000  000  000  006  012  012  011  007  000  000  003  010 
 000  000  000  000  000  000  000  006  012  008  008  010  008  004  003  005 
 000  000  000  000  002  000  000  004  008  004  007  010  008  005  008  008 
 000  000  000  000  002  000  000  004  004  002  006  007  002  003  013  017 
 001  001  000  000  000  000  000  008  007  008  008  000  000  002  013  020 

Celda25

 018  022  024  028  032  027  009  006  000  001  004  000  004  017  014  002 
 019  019  016  019  029  032  017  000  000  006  011  004  008  015  013  003 
 014  008  005  006  011  018  018  010  003  010  018  015  013  017  014  001 
 015  003  000  000  001  006  013  016  010  017  031  027  022  027  020  008 
 015  000  000  000  004  012  022  030  022  022  045  041  034  036  024  019 
 008  000  000  000  006  018  030  038  036  024  050  046  034  028  017  015 
 002  002  004  004  008  014  023  031  036  027  030  034  026  018  009  004 
 007  008  012  010  010  016  017  024  033  030  013  038  039  018  013  007 
 015  010  010  010  011  017  018  017  024  029  027  053  050  011  013  016 
 016  008  000  004  009  013  012  003  002  007  016  034  026  000  000  014 
 016  011  004  002  004  004  004  000  000  000  000  006  008  002  005  008 
 014  014  010  006  002  000  002  000  002  010  008  000  000  009  020  018 
 010  014  015  010  002  000  002  003  005  018  023  017  002  004  023  028 
 008  010  012  012  005  000  003  009  005  008  016  025  025  009  018  042 
 011  004  003  008  010  004  007  012  009  001  002  012  022  018  010  055 
 016  004  000  002  012  012  013  015  010  000  000  000  002  009  004  054 

Celda26

 000  006  006  004  006  002  005  004  004  008  008  004  014  027  021  012 
 000  002  006  000  001  006  018  018  012  003  002  014  035  031  008  013 
 000  000  004  002  000  004  017  011  004  000  000  020  030  012  000  010 
 003  002  007  002  000  006  012  003  000  000  004  016  020  006  000  008 
 018  020  024  016  008  005  009  000  000  000  010  009  006  001  000  012 
 018  026  023  018  012  008  015  010  011  011  011  003  000  000  003  016 
 009  017  011  009  006  004  013  014  014  014  010  004  001  002  005  013 
 012  009  002  001  001  000  008  010  004  004  004  003  004  007  008  008 
 016  004  000  000  002  000  004  011  008  000  000  000  002  006  008  004 
 017  010  004  004  009  014  013  011  004  000  000  000  004  012  008  000 
 008  015  016  012  016  023  024  018  008  002  003  003  002  013  010  000 
 008  010  018  018  017  018  020  021  020  018  016  012  007  014  007  000 
 024  014  014  018  018  015  015  019  025  026  018  008  003  010  005  000 
 043  019  008  008  012  012  011  012  015  016  014  012  011  015  007  003 
 056  014  002  000  000  000  002  002  000  002  010  018  022  018  010  004 
 052  001  000  000  000  002  000  002  000  000  000  006  012  010  005  002 

Celda27

 003  008  008  008  010  017  026  032  049  076  058  019  014  020  018  008 
 014  004  004  004  012  024  032  036  033  056  055  016  010  007  017  012 
 023  002  000  000  012  027  032  028  018  030  058  024  006  003  014  010 
 024  006  000  000  013  014  019  018  016  018  047  037  000  002  006  003 
 019  005  000  005  017  003  004  011  018  016  025  034  008  000  005  000 
 018  005  002  006  017  006  004  012  018  016  003  020  017  012  010  006 
 017  006  000  003  014  008  000  008  012  012  006  002  012  017  024  012 
 011  008  000  002  010  008  000  000  000  007  009  003  000  007  030  032 
 004  008  002  002  008  006  001  002  004  000  001  002  000  000  014  036 
 000  004  002  002  009  006  000  000  004  000  000  000  000  000  000  019 
 000  002  002  006  010  004  000  000  000  000  000  000  000  000  000  000 
 000  000  004  010  010  002  000  000  000  000  002  000  000  006  015  016 
 000  000  003  009  008  002  000  000  000  000  007  006  000  008  022  030 
 002  000  000  005  004  002  004  001  000  000  006  008  000  000  008  017 
 004  003  001  002  000  000  006  008  003  004  000  002  002  001  000  000 
 004  007  004  000  000  000  003  014  014  002  000  000  004  004  000  000 

Celda28

 000  000  000  000  000  004  006  008  008  007  002  000  000  003  013  021 
 000  000  000  001  000  000  004  007  010  008  002  000  002  014  015  017 
 000  000  000  004  000  000  008  005  006  003  000  000  002  018  018  014 
 000  000  001  004  000  000  012  008  000  000  000  002  011  026  028  022 
 000  000  003  002  000  002  013  010  000  000  002  010  019  033  033  021 
 011  009  004  000  000  003  009  007  000  000  002  011  018  025  018  008 
 014  014  006  003  007  010  006  001  000  000  007  008  006  010  010  008 
 004  002  004  004  009  006  004  002  000  000  004  008  006  007  007  006 
 026  004  006  008  002  000  000  000  000  000  000  002  007  010  006  004 
 048  042  015  014  007  000  000  000  000  000  000  000  003  008  005  008 
 056  072  028  008  008  005  005  008  012  014  012  006  000  000  000  008 
 040  076  048  000  004  006  008  014  024  030  028  024  021  020  016  003 
 014  052  064  025  008  014  012  013  024  021  026  027  026  024  024  024 
 010  017  065  056  014  016  017  015  019  010  012  022  025  022  020  026 
 000  000  045  077  047  004  010  011  007  000  000  010  024  028  022  020 
 000  000  014  077  081  028  004  002  000  000  002  011  012  015  012  008 

Celda29

 019  017  020  015  008  010  003  000  000  019  028  022  015  010  006  008 
 015  009  012  012  006  010  006  000  004  028  027  014  004  000  000  002 
 012  006  003  006  006  012  010  000  013  024  015  006  000  000  000  002 
 014  006  003  000  002  013  016  010  008  010  006  004  000  000  000  004 
 010  001  000  000  000  012  024  018  006  000  000  003  004  000  000  006 
 001  000  000  000  000  009  026  021  004  000  000  004  005  000  004  008 
 001  000  000  000  002  004  017  015  004  000  000  000  002  004  010  012 
 003  000  000  000  002  004  004  004  004  002  000  000  000  007  014  012 
 006  005  001  000  000  000  000  000  004  007  001  002  002  006  011  006 
 015  014  008  000  000  000  002  000  004  006  004  005  009  008  007  001 
 021  025  016  000  000  000  008  007  004  004  008  014  010  008  009  010 
 011  026  022  002  000  000  016  020  016  012  015  016  003  002  002  011 
 016  016  020  006  000  002  022  025  024  019  014  006  000  000  002  014 
 036  045  044  023  012  004  016  028  024  009  007  002  000  000  002  016 
 032  045  036  026  022  024  014  013  026  021  001  000  000  000  000  014 
 016  015  005  008  017  028  030  020  012  018  006  000  000  000  000  011 

Celda30

 010  014  021  026  026  020  019  028  025  009  005  007  006  000  008  015 
 006  007  011  016  016  012  014  023  004  000  004  012  011  006  000  000 
 000  003  007  005  002  000  005  010  000  000  006  016  008  002  000  000 
 002  001  002  000  000  000  004  004  000  000  010  016  002  000  000  010 
 006  004  004  000  000  000  003  000  000  000  010  014  004  000  013  026 
 006  002  002  000  000  000  004  000  000  013  030  022  015  023  029  024 
 004  000  000  000  000  000  015  007  011  031  036  024  016  019  015  011 
 000  000  002  006  022  038  026  014  013  024  017  011  015  018  017  014 
 000  000  012  033  055  041  022  010  012  019  014  012  016  019  017  012 
 000  000  027  053  051  017  011  008  010  014  010  009  008  003  002  004 
 014  025  046  053  032  004  001  006  001  006  006  006  004  000  007  017 
 017  028  041  035  014  004  000  002  001  004  010  013  005  003  020  022 
 014  019  027  014  001  005  002  001  006  011  022  023  012  008  014  012 
 018  020  018  005  000  006  006  000  002  009  016  014  003  006  009  006 
 022  022  014  004  002  009  006  000  000  002  006  009  006  004  008  005 
 021  020  008  002  006  012  008  000  000  000  000  003  012  016  010  000 

Celda31

 020  024  032  026  009  000  002  002  008  012  016  022  012  024  043  006 
 010  012  008  008  000  000  013  016  016  025  038  031  020  035  051  007 
 015  020  000  000  000  008  033  026  020  025  031  022  020  041  054  014 
 020  013  000  000  007  036  043  025  019  015  008  006  014  041  048  015 
 025  009  006  018  039  044  033  022  022  016  006  007  019  031  031  004 
 019  016  019  031  035  025  017  017  016  016  014  018  021  023  023  002 
 019  025  022  018  013  009  010  009  004  006  014  019  019  022  026  010 
 017  018  011  006  005  006  008  006  003  006  011  013  011  017  024  009 
 010  012  009  007  010  007  010  012  010  010  008  006  002  010  017  000 
 005  006  007  010  014  013  015  015  007  004  000  000  000  008  016  000 
 009  000  005  016  019  014  011  006  000  000  000  000  002  009  014  000 
 010  001  001  016  020  017  010  002  000  000  000  006  008  012  015  000 
 000  000  000  009  018  020  011  000  000  000  000  010  008  014  019  000 
 000  000  000  002  013  020  008  000  000  000  007  008  004  016  025  000 
 002  004  004  003  016  021  001  000  000  000  009  006  000  016  030  000 
 000  000  000  000  014  014  000  000  000  006  005  001  000  016  032  000 

Celda32

 001  002  001  000  000  000  000  008  012  008  002  000  000  002  008  016 
 000  000  000  000  002  006  006  002  007  008  004  000  000  000  004  012 
 000  000  000  000  004  002  003  000  000  004  007  004  000  000  000  009 
 000  000  001  002  000  000  000  000  001  000  008  008  009  008  002  000 
 001  002  003  002  000  000  000  000  004  004  007  015  015  006  002  000 
 000  000  000  000  002  002  002  007  006  004  004  016  010  000  000  000 
 000  000  003  008  012  016  016  015  006  005  010  022  003  000  000  002 
 000  000  000  006  013  016  014  008  006  009  021  024  004  000  000  002 
 000  000  000  000  006  000  000  001  005  011  022  014  002  000  000  004 
 000  000  000  000  010  000  000  000  005  007  008  000  000  000  000  005 
 002  002  000  000  011  002  000  003  006  003  000  000  000  000  000  003 
 002  004  007  002  004  002  002  008  010  004  000  000  000  001  008  007 
 000  000  000  000  002  000  004  010  011  006  000  000  000  006  017  020 
 000  000  000  000  002  007  020  017  005  005  002  000  000  005  014  016 
 000  000  000  000  012  008  014  002  000  001  004  000  000  004  010  010 
 000  000  000  000  014  014  021  006  000  000  006  006  000  004  008  007 

Celda33

 016  006  000  000  011  018  016  016  012  000  000  000  000  000  000  034 
 014  004  000  000  013  020  016  015  011  000  000  000  000  000  000  000 
 012  003  000  005  016  020  017  016  008  000  000  004  002  004  000  000 
 005  005  004  008  014  018  018  015  008  000  000  009  000  000  005  006 
 000  010  012  010  008  012  014  012  011  005  004  006  000  000  008  023 
 003  015  018  012  005  003  006  011  014  010  006  005  000  000  010  022 
 011  015  010  008  004  000  000  012  014  010  010  009  004  004  012  020 
 011  010  000  002  006  001  002  012  010  005  010  014  012  008  010  022 
 016  006  000  000  008  010  015  016  004  000  006  017  019  014  012  016 
 022  011  000  000  010  023  023  009  000  000  005  019  023  018  014  010 
 020  012  000  000  013  024  014  000  000  011  025  038  039  028  020  017 
 012  008  002  003  013  025  016  000  004  023  035  045  043  030  027  027 
 011  002  001  000  006  020  020  011  014  023  030  035  029  019  022  020 
 008  000  001  000  000  012  022  020  019  024  030  026  014  008  010  005 
 004  000  002  001  003  012  023  020  019  024  029  022  011  010  014  006 
 007  003  003  005  002  007  018  016  017  024  026  018  008  010  018  012 

Celda34

 046  010  000  000  000  008  014  008  001  000  000  002  005  005  002  002 
 025  025  018  008  013  026  023  006  000  000  007  020  012  010  008  006 
 004  040  048  029  021  022  011  000  000  005  026  030  014  014  015  010 
 004  055  072  038  010  010  002  000  008  016  030  023  008  012  014  013 
 028  072  073  021  001  010  008  000  010  016  025  018  006  006  010  016 
 026  046  045  014  002  017  018  004  002  008  022  015  007  004  008  016 
 024  016  026  024  029  045  025  006  000  009  018  000  000  000  005  011 
 028  019  011  040  054  046  018  007  000  014  014  000  000  006  007  004 
 018  018  012  040  048  033  010  012  007  022  010  000  000  010  010  000 
 003  006  000  022  044  048  011  007  012  032  017  014  010  002  007  000 
 009  010  000  000  039  066  029  000  010  035  017  017  014  001  003  003 
 016  014  010  000  025  076  048  000  006  023  002  002  002  000  000  008 
 007  002  005  010  001  070  064  013  005  006  000  000  000  000  004  010 
 000  000  000  016  022  041  068  038  005  000  000  000  000  006  012  011 
 000  000  008  020  028  015  054  059  008  000  000  010  003  006  008  008 
 000  004  011  014  019  013  028  063  015  000  009  020  002  000  003  007 

Celda35

 004  006  002  000  000  000  000  012  017  006  000  000  004  007  000  000 
 004  002  002  000  000  000  000  006  010  006  000  000  002  010  004  000 
 003  001  006  012  013  010  005  000  000  004  000  000  002  012  010  000 
 009  008  011  018  021  017  008  000  000  002  002  000  002  010  013  002 
 016  013  012  014  017  016  011  006  003  000  000  000  002  008  012  008 
 017  014  010  008  009  012  014  016  013  004  000  000  001  004  009  016 
 013  011  006  002  004  006  010  012  010  006  002  000  000  000  008  019 
 005  003  000  000  004  006  006  006  006  007  008  006  000  000  006  015 
 000  000  002  006  011  009  007  007  010  013  014  012  008  003  000  006 
 000  006  012  017  013  006  002  004  008  012  014  013  012  009  004  000 
 000  005  010  015  008  000  000  000  000  004  008  008  007  007  006  004 
 000  000  006  008  002  000  000  000  000  000  000  001  004  006  006  006 
 002  005  009  006  002  003  008  004  000  000  000  000  008  010  008  008 
 008  011  009  003  002  006  010  008  004  000  000  002  008  012  010  008 
 013  012  008  000  000  002  002  008  014  010  002  004  004  008  013  012 
 015  014  010  002  000  000  000  001  010  010  004  001  009  004  015  018 

Celda36

 000  000  000  059  099  057  002  000  000  000  004  016  006  000  000  000 
 002  004  004  028  084  080  032  002  012  010  006  010  002  000  000  000 
 000  006  014  003  045  084  072  024  014  018  014  004  000  000  000  001 
 002  012  020  020  006  060  090  056  010  005  014  012  004  000  005  015 
 000  012  021  027  021  021  070  074  044  016  012  012  012  014  015  019 
 012  009  018  026  028  012  031  072  082  046  012  009  006  009  010  005 
 019  010  010  012  017  015  000  047  095  080  008  002  000  000  000  000 
 018  016  014  000  000  003  005  014  070  097  044  000  000  000  000  000 
 014  021  020  000  000  000  000  000  028  088  084  020  004  002  000  000 
 007  022  022  001  000  000  000  000  000  059  102  065  004  018  015  012 
 000  017  021  004  000  000  000  000  000  026  083  096  037  008  021  017 
 004  008  016  006  000  000  000  004  006  000  039  090  078  029  006  009 
 006  000  006  004  002  001  006  011  014  008  000  050  092  077  033  000 
 008  004  000  001  010  015  008  009  011  015  012  004  069  103  066  004 
 010  009  008  012  025  023  008  006  006  012  024  024  022  083  086  034 
 016  016  014  020  029  020  009  010  012  013  022  032  023  032  078  068 

Celda37

 005  007  000  000  012  015  020  028  028  019  006  000  000  001  006  009 
 000  005  006  008  009  006  008  020  030  031  030  028  024  020  013  000 
 006  011  016  014  008  007  013  018  016  022  027  030  032  030  022  006 
 015  012  014  011  012  016  017  014  010  012  016  014  014  018  022  021 
 011  005  005  012  022  022  013  010  011  010  003  000  000  007  010  020 
 000  000  004  020  029  018  007  006  008  004  000  000  000  020  008  006 
 000  000  008  019  024  006  000  000  002  000  000  000  001  032  014  000 
 000  005  008  012  018  006  000  000  000  000  000  000  004  038  017  000 
 006  009  007  008  007  002  006  004  000  000  005  004  000  038  020  000 
 008  005  005  011  004  000  006  006  000  000  002  004  001  031  022  000 
 006  000  004  011  006  006  000  004  000  000  000  000  000  027  019  000 
 004  000  004  012  006  000  000  000  000  000  000  000  000  030  018  000 
 000  000  001  008  008  000  000  000  000  000  000  000  002  032  020  004 
 000  000  000  002  005  000  000  000  000  000  000  000  004  030  021  012 
 000  000  001  000  000  000  000  000  000  000  000  000  000  028  019  012 
 016  000  000  000  000  000  000  000  000  000  000  000  000  024  014  008 

Celda38

 016  016  005  001  005  010  008  002  000  000  000  000  012  017  012  002 
 011  020  009  002  001  002  002  000  001  002  000  000  011  012  008  006 
 001  021  014  005  000  000  000  000  001  006  000  000  010  011  008  009 
 008  007  011  008  003  000  006  008  018  013  002  000  006  010  010  010 
 019  007  000  006  002  002  017  028  016  006  002  004  004  000  003  009 
 014  021  020  009  000  000  016  034  024  000  000  007  006  000  000  004 
 000  006  014  012  004  000  004  022  026  020  016  014  010  012  010  000 
 000  000  000  004  010  012  010  005  016  028  030  017  000  000  006  011 
 000  000  000  002  010  016  019  019  013  014  023  014  000  000  002  002 
 000  002  002  000  000  006  013  016  012  000  004  012  000  000  006  018 
 000  000  000  000  000  004  011  008  003  000  000  016  004  000  000  008 
 000  004  000  000  004  005  002  000  000  004  004  010  010  000  004  000 
 005  004  004  000  000  000  000  000  000  015  020  004  000  000  000  010 
 008  000  000  005  002  004  005  004  004  006  005  000  000  004  005  000 
 007  000  000  010  014  019  014  008  006  000  000  000  000  000  012  000 
 004  000  000  016  024  028  018  004  000  000  000  000  002  000  010  014 

Celda39

 000  000  000  001  012  009  000  000  004  006  001  000  000  014  032  000 
 000  000  000  000  008  008  002  001  001  000  000  000  000  015  033  000 
 003  000  000  000  004  010  008  000  000  000  000  000  004  022  038  000 
 006  000  000  000  000  010  008  000  000  000  000  000  008  030  046  000 
 014  008  000  000  000  004  008  004  000  000  000  000  008  036  052  000 
 016  013  000  000  000  000  010  011  000  000  000  000  008  037  056  000 
 006  008  004  001  000  000  008  010  001  000  000  000  007  034  055  000 
 006  000  006  006  000  000  006  007  001  000  000  001  002  028  054  000 
 010  022  021  010  000  000  005  002  000  000  002  006  000  021  056  000 
 017  012  014  021  026  026  023  016  008  000  000  007  000  019  060  000 
 027  030  024  016  009  028  040  038  028  014  004  006  000  018  058  000 
 010  019  027  037  028  020  018  005  019  025  018  000  000  021  056  000 
 005  000  012  026  024  026  032  021  000  000  000  000  000  038  066  009 
 000  004  026  020  000  001  016  027  024  002  000  000  008  066  084  005 
 004  018  033  016  012  000  000  004  016  010  000  000  016  078  099  000 
 019  024  012  000  000  000  000  001  000  006  010  000  004  066  106  000 

Celda40

 000  000  000  000  012  017  022  008  000  000  010  018  009  002  008  000 
 000  000  000  000  012  020  016  003  000  005  015  022  018  001  000  000 
 000  000  000  000  016  020  012  000  004  014  018  018  018  004  000  000 
 000  000  000  000  017  020  012  005  011  018  017  014  008  004  000  000 
 000  000  000  000  018  022  019  014  015  014  013  012  000  000  000  000 
 000  000  000  000  020  024  022  016  017  014  011  011  000  000  000  000 
 001  001  000  000  022  024  019  014  020  020  011  008  000  000  000  000 
 001  002  001  000  022  023  016  014  024  022  010  004  000  000  000  000 
 001  002  004  000  022  024  015  014  023  022  010  003  000  000  000  000 
 003  006  010  012  031  034  024  020  022  018  010  004  000  001  001  000 
 002  005  010  014  032  035  026  021  023  019  008  004  002  002  004  004 
 000  001  004  010  031  032  022  014  014  011  004  002  002  000  000  000 
 000  000  002  006  026  020  010  006  010  012  006  002  000  000  000  000 
 001  002  003  000  015  013  008  005  010  014  009  001  000  000  000  000 
 001  002  003  000  013  016  015  012  018  021  008  000  000  000  006  010 
 000  000  004  012  033  040  031  018  020  024  010  006  006  017  020  022 

Celda41

 005  002  000  006  000  000  012  016  016  020  023  019  008  008  020  019 
 000  000  000  008  000  000  008  018  016  014  020  022  012  010  022  023 
 000  000  000  003  000  000  006  018  018  015  019  021  018  020  029  026 
 000  000  000  000  000  000  006  018  018  018  018  017  022  030  036  022 
 000  000  000  000  000  000  006  020  020  015  012  014  024  034  038  024 
 000  000  002  005  004  004  017  034  037  023  012  013  022  030  032  021 
 000  000  003  005  004  013  027  040  043  027  018  022  033  042  036  011 
 000  002  005  006  010  021  031  040  042  023  012  018  039  051  040  014 
 002  010  013  012  015  022  031  035  027  006  000  014  039  041  022  008 
 006  022  019  010  010  016  026  022  012  002  004  021  038  028  011  004 
 014  028  010  000  000  008  017  012  004  002  011  028  034  022  013  013 
 013  017  000  000  004  012  014  009  005  005  011  026  030  021  016  010 
 012  010  000  000  009  016  013  008  010  014  014  017  025  022  018  008 
 013  009  003  010  023  028  026  023  023  024  024  026  026  017  013  004 
 021  023  018  020  029  036  036  030  024  025  031  034  031  023  015  005 
 030  034  023  020  030  037  029  012  007  018  030  030  023  024  028  024 

Celda42

 000  001  003  004  011  014  000  047  028  000  030  026  004  000  002  016 
 002  000  000  000  004  011  008  023  040  026  035  012  000  000  000  023 
 000  000  000  002  000  001  006  000  037  039  030  006  000  000  000  028 
 000  000  001  009  004  001  000  000  014  038  040  016  000  000  000  032 
 000  000  006  007  004  003  002  000  000  029  056  036  000  000  000  028 
 000  000  004  008  000  000  000  000  000  016  071  059  006  014  018  026 
 000  000  000  006  003  000  000  000  000  006  077  072  008  001  021  019 
 004  000  000  003  006  000  000  000  001  000  060  067  020  011  020  003 
 014  018  018  014  012  006  010  020  026  013  022  050  034  038  036  000 
 011  020  025  024  020  016  017  026  034  028  000  028  044  054  040  000 
 009  012  018  020  018  016  014  016  022  027  017  004  046  062  042  000 
 002  000  000  002  002  003  000  000  000  006  015  009  039  068  050  015 
 000  003  001  000  000  000  000  000  000  000  008  012  024  069  062  016 
 000  008  010  000  002  000  000  000  000  010  018  016  007  060  068  022 
 002  006  012  004  000  001  007  014  022  028  028  019  005  043  060  024 
 020  012  002  004  003  000  006  014  020  020  018  016  010  028  043  013 

Celda43

 014  012  009  005  000  000  000  000  000  006  010  009  018  016  014  023 
 023  007  000  003  004  000  004  005  001  006  018  022  028  023  016  022 
 030  006  000  000  008  013  017  018  012  010  018  024  022  020  018  018 
 031  003  000  000  002  011  016  015  013  010  015  014  014  018  021  015 
 026  002  000  000  000  000  004  004  006  008  010  005  010  018  020  012 
 013  002  000  000  004  008  007  007  010  010  006  002  007  013  009  002 
 004  000  000  000  011  020  011  000  005  004  000  000  007  010  000  000 
 000  000  000  000  011  026  014  000  000  000  000  000  006  013  004  000 
 000  000  000  000  008  020  012  004  002  000  000  000  005  010  012  001 
 000  000  000  001  008  010  006  005  009  002  003  008  010  010  013  009 
 000  000  000  009  009  002  000  006  015  013  011  014  018  022  019  008 
 012  006  006  021  012  002  000  004  018  019  012  004  004  006  000  000 
 006  006  013  025  008  003  002  000  014  018  012  004  004  005  000  000 
 000  000  017  017  004  000  002  003  008  016  009  000  000  005  004  000 
 000  000  015  009  004  006  008  008  007  012  008  000  000  008  011  006 
 000  008  026  016  000  009  012  010  005  005  006  000  004  016  014  007 

Celda44

 026  022  016  016  022  013  008  010  014  019  022  022  020  002  046  082 
 027  023  016  012  020  011  006  008  018  018  016  012  011  009  009  054 
 018  018  017  018  024  010  006  010  014  002  000  000  000  010  008  007 
 010  012  018  024  024  016  014  015  003  000  000  000  000  006  019  018 
 008  010  018  019  016  020  024  020  009  000  000  007  014  016  021  028 
 006  009  013  014  008  008  013  012  008  009  015  022  024  019  011  006 
 000  001  000  000  000  000  005  000  000  000  000  000  000  000  000  000 
 000  000  000  000  000  000  000  000  000  000  000  000  000  000  000  000 
 000  000  000  000  000  000  000  000  000  000  000  000  000  006  014  020 
 006  010  012  012  009  006  003  000  000  004  012  016  018  022  023  018 
 000  004  008  010  012  008  002  000  002  008  012  016  012  009  012  010 
 000  000  000  000  000  000  000  000  003  006  008  008  011  008  014  014 
 000  000  000  000  000  000  000  000  009  003  006  003  006  008  013  015 
 000  000  000  000  000  000  004  008  009  002  002  004  000  000  007  011 
 005  001  000  000  001  025  028  026  016  006  000  001  004  002  006  008 
 006  004  002  008  031  044  031  028  025  018  012  010  008  004  004  006 

Celda45

 047  000  000  000  000  000  002  000  000  000  000  000  000  014  009  010 
 056  024  000  000  000  000  004  004  000  000  000  000  000  005  008  015 
 031  045  034  008  004  007  002  000  000  000  000  000  000  007  012  018 
 000  036  060  036  008  000  000  000  000  000  000  000  004  018  019  014 
 026  004  048  048  020  001  000  000  000  000  000  008  018  020  012  008 
 008  007  015  033  032  020  000  002  000  000  013  024  014  008  001  006 
 000  002  000  007  040  046  017  004  006  005  024  025  004  002  001  002 
 007  012  010  001  030  053  030  000  000  008  024  015  000  000  001  000 
 022  022  023  021  004  032  036  014  000  004  013  007  000  000  003  006 
 015  016  022  026  014  002  030  032  008  000  006  004  000  004  010  008 
 012  014  018  026  028  018  013  028  017  011  014  016  012  010  006  000 
 018  023  026  030  035  034  024  019  011  018  030  027  013  008  001  000 
 017  024  027  026  026  029  028  026  021  019  032  026  001  000  008  014 
 011  011  008  010  012  015  018  026  027  020  012  017  009  012  026  028 
 008  008  002  001  006  009  012  026  022  019  006  000  013  032  033  025 
 006  012  013  008  008  006  004  015  010  012  015  010  004  033  043  024 

Celda46

 004  000  008  030  031  024  018  000  000  000  000  000  002  004  005  029 
 006  000  020  028  017  016  014  000  000  000  000  004  000  002  002  026 
 012  010  014  015  012  012  008  000  000  000  000  004  004  000  000  006 
 015  011  002  002  010  013  006  000  000  003  005  000  000  000  000  000 
 015  012  000  000  010  018  010  000  002  002  000  000  000  000  000  002 
 011  008  000  000  008  020  014  000  000  001  000  000  009  014  021  026 
 004  005  003  000  004  016  010  000  000  010  004  012  022  025  031  030 
 000  004  009  002  000  006  004  000  006  024  022  019  014  009  010  012 
 008  006  007  000  000  002  004  005  019  034  029  012  002  000  004  008 
 009  002  000  002  010  028  033  032  035  038  029  011  003  006  007  004 
 000  000  000  014  041  050  042  034  032  034  032  020  012  010  006  002 
 000  002  014  040  055  049  034  026  022  024  027  019  014  010  010  019 
 017  022  035  046  048  038  025  016  015  013  018  009  004  004  014  033 
 031  030  036  041  043  036  022  009  010  012  015  001  000  000  018  023 
 024  024  031  036  040  036  020  008  008  010  008  000  000  002  025  016 
 007  014  018  022  029  029  015  010  008  006  001  000  000  011  027  016 

Celda47

 029  008  000  000  000  000  013  027  028  021  037  023  013  044  105  000 
 018  000  000  000  000  016  028  026  023  020  030  017  016  048  107  005 
 010  000  000  016  024  018  011  007  014  022  030  019  015  048  107  013 
 004  018  031  035  022  010  003  006  016  026  031  022  018  051  106  017 
 010  033  040  019  008  015  016  016  022  026  020  016  015  053  101  015 
 030  035  026  016  006  017  024  019  021  019  011  010  012  054  094  013 
 025  019  012  014  021  021  020  022  018  013  006  007  012  056  092  016 
 008  008  006  014  026  022  008  012  010  004  000  002  014  062  096  021 
 001  002  008  019  028  022  004  000  000  000  004  006  021  066  092  016 
 002  004  013  022  026  019  004  000  002  010  016  016  024  061  080  005 
 009  016  018  018  014  010  005  004  010  022  021  018  015  048  072  000 
 029  024  014  010  006  006  008  006  011  015  011  008  006  036  068  000 
 027  011  001  006  010  010  008  010  013  008  002  000  000  024  062  000 
 002  000  000  010  018  016  010  015  019  006  000  000  000  020  061  000 
 000  000  000  017  028  020  012  016  019  004  000  000  000  028  075  013 
 009  010  008  024  030  020  011  013  009  000  000  000  004  052  089  018 

Celda48

 001  004  012  026  048  040  024  012  012  019  010  014  025  035  029  026 
 003  008  018  024  030  012  007  005  005  009  008  014  026  030  022  020 
 002  004  009  010  009  002  003  002  001  002  010  017  016  013  007  007 
 001  002  003  004  011  010  006  002  000  001  008  020  019  006  002  006 
 003  006  012  012  024  021  022  017  012  009  011  027  027  004  000  006 
 002  005  010  013  027  020  024  026  023  016  012  024  018  000  001  007 
 000  000  000  000  012  004  000  004  009  012  012  015  011  002  002  020 
 000  000  000  000  008  004  004  004  000  004  012  013  010  010  019  031 
 000  000  000  000  005  008  012  008  002  006  013  012  015  022  029  031 
 001  002  000  000  004  012  018  012  008  009  012  010  012  017  023  024 
 003  005  008  010  019  023  026  020  012  009  012  013  012  015  026  031 
 002  004  008  014  025  026  029  020  008  006  016  024  020  021  034  037 
 002  004  008  013  028  023  022  012  005  011  030  036  021  014  022  020 
 001  002  006  014  035  018  017  017  016  024  037  030  008  002  010  014 
 000  000  002  010  036  017  015  025  021  018  021  012  000  000  006  007 
 000  000  000  007  032  012  010  018  005  000  006  006  000  000  005  006 

Celda49

 026  027  015  013  022  020  006  000  004  019  027  023  019  028  035  030 
 019  022  014  009  010  007  000  002  017  033  027  019  018  024  025  019 
 016  020  014  011  008  002  000  014  038  040  024  014  014  020  016  008 
 008  007  004  006  009  011  010  023  037  032  016  008  015  019  012  008 
 012  008  000  001  005  004  006  015  026  025  011  008  019  017  004  006 
 013  012  005  001  003  001  000  009  020  022  014  012  016  009  000  005 
 027  024  012  006  002  002  004  014  021  013  013  018  016  008  005  016 
 029  019  010  010  010  011  014  022  024  014  012  018  017  012  008  008 
 017  006  006  010  012  012  013  019  019  013  015  020  016  012  008  002 
 010  004  007  007  008  006  004  010  012  009  010  017  014  008  004  000 
 017  012  007  004  004  004  000  006  012  012  012  013  006  004  004  000 
 017  010  003  000  000  000  000  003  016  019  009  004  002  009  012  004 
 000  000  000  000  000  000  000  008  028  020  000  000  003  022  023  014 
 000  000  000  000  000  000  006  025  027  002  000  000  012  031  026  008 
 000  000  004  006  008  014  031  034  002  000  000  002  019  024  020  012 
 000  003  007  010  018  033  035  009  000  000  000  011  009  009  012  018 

Celda50

 032  030  024  015  011  004  005  007  008  008  010  012  011  020  028  000 
 023  032  035  030  021  015  011  008  006  004  004  006  004  007  022  000 
 008  010  016  020  019  016  014  011  006  000  000  004  000  000  020  000 
 010  004  000  002  002  004  010  013  010  006  008  012  010  000  012  006 
 014  010  002  002  002  006  012  016  017  018  022  026  026  015  000  010 
 020  019  006  008  013  016  016  016  016  017  022  030  034  027  008  002 
 024  010  000  005  017  020  016  010  009  010  013  020  026  026  014  000 
 008  004  006  014  019  013  010  006  006  008  006  002  003  010  012  010 
 000  006  018  021  008  000  000  002  008  009  002  000  000  006  016  022 
 000  012  026  020  002  000  000  000  006  007  006  008  018  028  034  034 
 002  019  022  013  002  000  000  002  000  000  002  016  032  044  047  038 
 009  019  016  008  004  000  000  000  000  000  000  010  022  029  032  024 
 007  009  012  009  005  000  000  000  000  000  008  007  000  000  004  009 
 000  004  012  010  002  000  000  004  008  023  017  000  000  000  000  009 
 006  004  006  006  000  000  000  002  022  026  008  000  000  000  010  014 
 014  002  000  002  000  003  012  016  016  007  000  000  004  006  008  008 

Celda51

 000  016  036  027  010  002  000  003  002  000  002  005  012  017  010  002 
 000  014  038  030  014  007  003  000  000  000  001  016  028  023  010  000 
 000  025  043  022  010  004  002  002  000  000  006  027  034  024  012  006 
 004  037  044  017  002  000  000  002  002  000  012  029  026  014  003  006 
 022  038  031  004  000  001  004  005  006  009  017  021  020  018  011  000 
 028  047  030  002  002  014  020  021  018  025  031  021  005  012  014  002 
 026  050  036  008  012  028  031  024  022  032  033  017  008  000  010  010 
 033  057  045  023  027  037  028  016  018  030  026  014  008  000  007  018 
 052  078  068  042  037  035  014  005  012  024  018  011  009  006  014  035 
 055  081  070  035  027  025  008  004  018  019  005  000  000  010  032  045 
 032  052  038  002  005  010  000  000  017  008  000  000  000  011  036  034 
 005  031  036  007  010  012  000  000  020  004  000  000  000  023  028  017 
 001  008  032  016  014  016  000  004  022  002  000  000  012  024  020  008 
 007  000  028  018  012  018  002  008  020  002  000  004  011  013  015  005 
 010  001  022  008  002  019  016  013  016  008  002  002  003  008  010  000 
 006  000  012  000  000  020  028  016  015  017  010  002  004  008  004  000 

Celda52

 000  000  010  020  039  032  016  016  019  020  016  009  000  002  008  016 
 000  000  008  022  025  016  005  004  007  014  015  006  000  004  022  027 
 000  000  011  014  011  011  004  001  002  010  018  020  018  022  033  020 
 006  006  018  012  009  010  005  004  005  012  016  026  032  030  020  000 
 002  013  021  013  008  004  004  009  017  024  018  022  022  011  000  000 
 000  011  012  005  004  005  014  026  033  034  022  013  000  000  000  000 
 009  008  000  000  003  007  020  028  022  013  002  000  000  000  002  020 
 019  010  002  000  000  007  017  016  001  000  000  000  000  002  028  036 
 030  020  016  012  001  000  010  010  000  000  000  000  009  037  047  030 
 034  023  019  018  014  003  000  000  002  003  004  020  038  050  038  018 
 024  016  010  011  011  004  000  000  009  024  030  027  029  032  017  010 
 012  008  000  000  000  000  001  020  031  027  024  013  012  022  009  007 
 004  001  000  000  000  000  006  030  029  020  019  013  012  019  004  003 
 000  000  000  000  000  004  026  030  024  015  009  010  010  008  002  000 
 000  000  000  000  011  025  038  034  023  013  010  007  013  005  000  000 
 000  000  007  019  022  026  035  030  018  016  020  023  025  016  008  002 

Celda53

 022  027  016  002  000  000  000  011  012  006  018  024  020  016  032  036 
 021  009  000  000  000  000  000  012  022  015  016  024  029  026  014  030 
 000  000  000  000  000  000  000  014  026  016  005  014  026  032  026  016 
 000  000  000  000  006  014  014  018  023  018  009  015  025  024  024  018 
 000  000  000  016  028  028  028  027  034  030  021  021  018  008  011  014 
 000  000  017  037  037  029  034  036  043  036  019  011  004  000  000  009 
 031  034  041  045  040  029  030  028  029  020  011  001  000  000  000  013 
 038  040  043  039  031  019  011  011  017  013  009  006  004  009  016  025 
 024  025  029  021  009  002  000  005  020  014  009  009  014  023  028  028 
 012  009  011  008  002  000  000  008  014  000  000  002  016  021  023  019 
 005  000  002  000  004  007  006  003  009  000  000  000  012  007  006  008 
 006  006  003  003  010  014  009  002  002  000  004  004  010  006  003  006 
 007  012  014  011  010  010  008  008  015  021  022  020  008  009  002  000 
 000  007  012  012  004  002  006  010  026  029  025  026  021  024  015  010 
 000  006  009  008  006  004  008  010  022  017  008  011  019  031  026  026 
 005  009  010  007  012  013  016  015  007  008  000  000  009  032  028  029 

Celda54

 023  005  003  010  020  019  007  006  006  002  000  000  002  018  023  012 
 038  018  004  009  019  021  010  004  004  000  000  002  019  027  024  016 
 038  033  017  016  022  028  024  011  005  000  000  016  031  023  015  015 
 025  038  025  013  013  020  019  000  000  000  000  021  019  000  000  008 
 014  028  032  015  003  010  014  000  000  000  005  020  012  000  000  009 
 014  014  024  022  010  000  000  000  000  000  008  015  008  000  000  006 
 019  016  007  024  021  000  000  000  009  014  023  021  009  002  000  002 
 022  016  010  022  030  003  000  000  017  031  023  011  006  004  002  000 
 020  015  016  024  028  000  004  014  020  030  022  002  000  000  000  004 
 012  013  016  011  014  002  004  018  011  013  029  014  010  010  012  015 
 000  003  006  000  000  011  012  013  008  000  030  036  021  026  022  018 
 002  000  000  000  000  018  024  004  006  001  020  048  032  014  016  011 
 002  000  000  000  000  026  026  002  008  012  008  042  048  009  012  013 
 004  003  002  006  020  040  030  012  014  018  014  027  051  028  016  022 
 025  020  013  012  031  038  025  014  013  017  018  027  044  040  013  013 
 031  025  017  014  029  025  017  009  007  009  015  027  035  033  017  000 

Celda55

 006  014  016  019  022  017  006  001  000  000  000  007  038  071  085  013 
 009  013  014  006  016  018  002  000  000  000  010  045  056  065  071  011 
 013  008  002  000  012  021  008  008  016  020  038  054  046  051  063  014 
 003  000  000  000  014  029  032  028  033  034  038  038  028  041  058  013 
 002  000  000  000  038  059  054  038  030  030  025  020  013  032  048  003 
 004  000  014  038  060  061  048  032  024  024  020  014  009  030  050  000 
 010  019  032  038  039  035  028  019  011  012  012  013  013  030  046  000 
 014  028  027  016  017  024  025  018  007  000  002  004  005  024  044  002 
 016  030  026  012  018  029  024  016  010  000  000  000  000  020  042  004 
 018  022  030  023  026  029  018  011  012  000  000  000  000  022  043  000 
 015  021  031  033  032  023  006  004  009  002  000  000  007  031  049  006 
 014  022  028  031  029  011  000  000  004  008  005  013  017  033  048  007 
 018  021  021  023  026  007  000  000  002  014  019  021  012  021  040  000 
 018  017  014  011  016  008  000  000  002  018  022  012  002  014  036  000 
 008  006  003  000  008  012  003  001  005  019  016  003  004  026  045  011 
 000  004  000  000  004  013  007  000  006  019  008  000  002  038  051  000 

Celda56

 000  000  000  005  024  002  001  008  000  000  000  002  001  004  004  004 
 000  000  002  001  014  000  000  005  002  002  004  001  004  006  000  001 
 001  003  006  000  000  000  009  008  006  011  010  009  012  009  001  000 
 003  006  006  000  000  000  024  017  019  020  010  010  016  011  008  008 
 002  004  004  002  006  010  033  033  031  019  007  006  015  008  010  014 
 000  000  002  010  022  028  032  034  030  011  008  006  014  006  009  012 
 000  000  001  005  012  012  017  028  026  008  009  012  014  007  008  005 
 000  001  001  000  004  000  013  024  023  011  008  014  012  006  002  000 
 002  004  003  000  002  002  013  016  018  013  003  005  004  005  002  000 
 002  002  001  001  004  000  008  018  024  012  000  002  000  002  006  002 
 001  002  004  004  003  000  000  016  029  014  000  004  006  004  000  000 
 001  004  008  006  000  000  000  012  026  014  000  006  006  002  000  000 
 000  000  000  000  000  000  000  013  021  012  005  008  003  000  000  000 
 003  006  015  024  031  034  042  057  051  037  040  046  036  034  031  031 
 008  020  044  063  072  078  089  094  079  069  077  078  065  066  068  071 
 000  000  000  000  000  000  008  011  001  000  012  014  001  000  000  000 

Celda57

 000  004  008  008  018  024  004  000  000  000  008  008  000  000  006  016 
 000  008  015  007  004  000  000  000  000  000  010  002  000  000  000  008 
 002  013  021  002  000  000  000  000  000  004  006  000  000  000  000  010 
 010  016  016  000  000  000  000  000  000  000  000  000  000  000  006  018 
 012  004  010  000  000  000  000  000  000  000  000  000  000  000  020  035 
 005  000  006  005  000  000  000  000  000  000  000  000  004  019  037  047 
 000  000  004  007  000  000  000  000  000  000  001  009  018  027  041  046 
 000  004  012  002  000  000  000  000  006  016  017  015  018  030  041  040 
 000  001  004  000  000  000  000  008  024  022  014  008  011  025  028  027 
 000  000  000  000  000  000  011  032  025  012  005  000  004  018  020  021 
 000  000  000  000  000  006  028  029  010  002  000  000  000  018  019  017 
 000  000  000  000  002  015  022  009  000  000  000  002  004  017  021  015 
 000  000  000  000  002  016  016  000  000  000  000  000  004  014  019  014 
 034  036  038  040  047  058  054  044  044  046  044  042  045  051  054  053 
 073  076  079  082  090  096  089  083  086  087  086  086  090  090  095  096 
 000  000  000  000  006  011  005  000  000  000  000  001  004  002  009  013 

Celda58

 014  000  000  008  006  006  018  020  020  012  005  012  012  006  000  000 
 010  008  008  016  012  016  025  014  018  024  008  016  013  004  000  000 
 012  014  016  020  018  023  030  017  017  027  006  002  001  000  000  000 
 016  014  015  022  025  025  021  004  006  020  006  000  000  000  000  000 
 032  024  020  025  033  028  013  003  006  012  000  000  000  000  000  000 
 040  029  024  025  030  024  008  006  007  002  000  000  000  000  000  000 
 037  027  021  015  016  022  012  006  001  000  000  000  000  000  001  000 
 029  019  013  008  002  016  014  007  000  000  000  000  000  004  015  016 
 020  010  003  000  000  007  014  008  000  000  000  001  000  004  016  024 
 020  014  006  000  000  001  009  006  000  000  000  006  008  005  007  014 
 020  016  004  000  000  003  002  004  006  004  013  021  015  002  004  000 
 016  012  006  000  009  012  008  009  017  012  014  019  010  003  000  004 
 010  011  012  012  010  004  002  009  017  010  006  004  002  004  005  012 
 047  044  046  041  031  027  027  038  045  037  034  032  032  038  042  050 
 085  078  078  073  063  062  061  072  075  066  064  066  066  068  070  075 
 005  001  006  008  001  000  000  011  013  004  000  000  000  000  000  005 

Celda59

 002  000  000  000  000  027  034  015  015  022  012  003  009  014  006  004 
 002  000  000  000  007  040  036  010  008  018  015  012  016  016  005  005 
 002  000  000  000  021  048  037  008  000  004  018  024  022  018  010  000 
 000  001  000  000  025  046  041  013  002  000  018  030  026  016  012  004 
 000  002  006  007  023  041  046  017  002  010  033  036  025  012  008  010 
 000  002  010  014  028  048  049  013  000  026  042  029  014  008  005  012 
 000  002  010  018  041  059  041  002  011  036  025  005  004  006  008  019 
 009  006  013  025  048  043  009  000  021  030  010  000  006  016  026  037 
 021  016  018  033  043  011  000  002  025  026  010  006  015  026  033  041 
 024  026  022  029  033  010  000  012  031  022  013  014  024  031  031  035 
 014  024  019  011  020  010  018  032  038  026  022  022  030  035  030  031 
 004  014  012  000  017  000  010  029  030  021  022  025  032  034  027  024 
 009  014  014  000  004  016  014  024  021  013  019  027  033  030  016  012 
 045  047  050  048  037  051  068  071  056  048  058  066  065  053  034  027 
 070  070  080  094  102  118  128  115  092  086  095  100  091  073  061  058 
 002  000  000  000  000  014  031  026  007  000  009  020  017  004  000  000 

Celda60

 002  004  009  017  018  016  019  020  015  020  030  030  027  021  020  019 
 004  005  012  010  006  006  011  023  024  020  027  025  023  020  026  034 
 003  008  013  000  000  007  020  028  026  012  011  015  013  017  027  026 
 002  006  004  000  000  009  032  032  024  012  004  011  005  004  008  000 
 004  000  000  000  000  008  033  030  022  014  004  008  016  002  000  000 
 012  003  006  007  011  016  024  024  016  012  008  012  022  010  000  000 
 026  022  018  018  018  019  022  010  003  006  017  022  022  011  000  000 
 039  028  018  019  020  020  020  008  000  004  022  028  018  010  003  000 
 037  024  018  021  020  016  014  012  012  018  032  029  020  011  005  000 
 032  026  023  020  012  004  003  008  016  023  031  031  029  019  008  004 
 032  030  018  010  000  000  002  002  008  014  022  025  022  016  012  014 
 026  023  003  002  002  002  007  005  000  004  016  022  018  012  008  008 
 022  024  002  004  012  016  020  010  000  005  017  018  010  005  008  005 
 039  044  030  030  040  045  047  041  035  034  045  036  021  018  028  030 
 072  073  057  049  056  061  061  062  065  066  072  058  047  051  060  057 
 016  021  010  000  000  000  000  000  000  000  008  002  000  007  014  009 

Celda61

 015  008  006  007  008  009  019  014  004  004  001  003  021  029  016  014 
 024  012  008  007  002  002  011  004  006  000  008  013  025  020  002  002 
 026  020  020  013  005  006  011  004  010  011  019  018  017  014  002  006 
 008  014  014  012  008  009  012  013  016  022  026  020  012  013  014  015 
 000  000  000  000  001  003  006  012  012  019  022  021  016  021  022  016 
 000  000  000  000  000  000  008  007  002  006  012  021  020  019  015  009 
 000  000  000  000  000  000  010  006  004  003  005  017  014  007  000  006 
 000  000  000  000  002  003  007  006  003  009  010  013  006  000  000  008 
 001  002  002  005  008  009  009  014  012  020  023  014  000  000  000  008 
 004  004  002  001  006  012  018  029  030  027  025  015  010  005  003  007 
 010  006  001  000  008  017  023  032  032  018  011  012  010  011  006  003 
 012  015  014  010  008  022  023  021  014  003  000  008  000  003  002  000 
 006  016  020  018  017  024  020  013  003  000  000  006  000  000  000  000 
 025  026  030  033  037  036  030  021  010  012  017  019  014  014  018  018 
 047  043  044  048  054  050  046  045  040  041  046  043  042  044  048  050 
 001  000  000  000  004  000  000  003  002  002  004  000  000  000  000  000 

Celda62

 018  020  024  028  033  025  020  009  006  004  010  024  020  012  016  008 
 006  013  022  031  034  031  023  010  004  006  015  018  004  000  006  026 
 008  008  009  019  023  023  017  008  002  006  013  003  000  000  000  032 
 010  004  002  016  017  007  001  000  000  005  001  000  000  000  002  027 
 008  008  012  026  020  004  000  000  000  003  000  000  000  008  024  033 
 006  012  017  025  015  006  002  000  000  001  000  000  004  017  033  029 
 005  008  009  016  007  006  014  016  007  000  000  001  012  023  031  020 
 010  002  004  014  006  005  014  022  018  009  006  021  024  024  024  011 
 011  006  008  015  005  001  000  007  016  018  019  030  023  013  011  005 
 008  006  014  011  001  000  000  000  006  016  019  021  009  002  004  007 
 003  004  014  014  000  000  000  000  000  012  016  012  005  002  008  015 
 002  002  007  010  003  000  000  000  005  012  017  019  019  016  018  024 
 003  001  000  002  007  004  000  001  013  028  029  029  030  028  024  029 
 021  021  021  021  024  027  026  031  044  057  054  042  040  040  040  043 
 052  054  052  054  054  059  060  058  061  067  061  042  041  042  046  048 
 002  005  001  000  000  009  012  005  006  016  017  000  000  000  000  000 

Celda63

 004  014  010  008  010  004  006  007  013  023  012  008  007  033  052  000 
 024  018  014  014  012  004  001  015  015  018  010  010  015  035  044  000 
 045  013  006  008  008  002  000  016  015  012  016  006  004  024  043  007 
 047  018  000  003  005  006  002  007  014  008  015  019  004  018  042  000 
 026  020  006  006  002  010  010  000  008  008  008  022  013  020  045  000 
 011  014  018  008  003  004  010  008  000  008  004  014  016  026  046  000 
 010  000  022  014  002  000  002  013  018  011  001  007  011  030  051  000 
 003  000  014  026  005  000  000  010  018  012  000  009  012  026  052  000 
 002  006  002  025  012  000  003  004  004  001  000  014  012  017  044  000 
 007  018  022  015  010  004  003  008  000  000  001  011  007  013  042  000 
 014  018  020  014  000  006  004  005  004  000  004  000  000  014  054  000 
 021  014  009  008  006  000  008  004  005  000  000  000  000  018  068  000 
 020  013  008  006  010  008  005  009  000  000  000  000  000  033  088  015 
 033  030  030  028  030  034  030  036  024  020  016  022  036  089  116  040 
 043  042  045  048  052  056  058  064  054  057  060  066  085  115  114  048 
 000  000  000  000  000  000  000  007  000  000  000  000  015  039  046  000 

