Celda0

 000  000  000  000  002  001  000  000  000  000  000  000  000  000  000  001 
 000  000  000  000  006  001  000  000  000  000  000  000  000  000  000  002 
 000  000  000  000  012  000  000  000  000  000  000  000  000  000  000  004 
 000  000  000  000  014  000  000  000  001  003  002  000  000  000  000  008 
 001  001  000  000  010  000  000  000  001  004  001  000  000  000  010  021 
 000  000  001  000  002  000  000  000  000  004  001  000  000  009  016  013 
 000  000  002  002  000  000  000  000  000  004  005  000  009  015  011  008 
 000  001  002  002  000  000  000  000  000  009  013  011  014  010  006  008 
 001  002  000  000  000  000  008  013  016  017  015  011  011  009  006  004 
 002  002  000  000  000  006  014  019  016  010  009  009  010  010  005  002 
 000  000  000  002  011  024  021  014  010  008  008  007  007  008  002  000 
 000  000  000  005  030  035  023  016  008  006  006  003  003  004  000  000 
 000  000  000  003  034  029  018  018  012  005  003  005  004  000  000  000 
 000  000  000  003  027  014  003  007  007  002  000  004  005  002  000  013 
 003  006  008  004  020  011  000  000  000  000  000  007  002  007  012  021 
 003  006  010  004  012  010  001  000  000  000  000  010  012  009  013  012 

Celda1

 002  002  001  000  000  000  002  000  000  000  000  002  003  001  000  000 
 006  006  003  000  000  000  004  000  000  000  000  003  007  004  000  000 
 014  014  007  000  000  000  004  003  000  000  000  004  014  010  000  000 
 020  019  008  000  000  000  000  006  000  000  000  004  014  013  006  003 
 026  019  007  000  005  008  005  006  002  004  010  018  016  010  012  011 
 013  012  005  000  000  008  011  006  004  002  004  010  010  012  009  008 
 007  007  002  000  002  003  005  003  000  000  000  005  009  010  004  000 
 005  000  002  008  012  002  000  000  000  000  000  004  014  010  000  000 
 000  000  008  027  014  003  000  000  000  000  002  015  017  006  002  011 
 000  000  026  031  001  000  000  005  008  010  023  027  012  001  006  030 
 002  013  036  014  000  000  000  009  013  024  030  017  006  006  024  039 
 007  022  024  000  000  000  005  019  023  024  017  008  012  024  041  029 
 011  018  010  000  000  002  011  028  021  007  003  011  025  032  026  008 
 014  007  005  004  004  002  011  022  008  000  008  021  024  013  003  000 
 005  000  002  000  000  002  006  016  010  005  007  010  010  002  000  000 
 000  000  001  000  000  003  002  008  015  009  000  002  014  010  000  000 

Celda2

 000  000  000  000  000  000  000  000  000  000  006  006  000  000  000  000 
 000  000  000  000  000  000  000  000  000  001  015  013  000  000  000  000 
 000  000  000  000  000  000  000  000  000  011  035  025  000  000  000  000 
 000  000  000  000  000  000  000  000  000  030  054  030  000  000  000  000 
 009  010  010  012  014  013  008  000  000  050  083  050  021  024  019  012 
 007  000  002  007  012  012  008  002  000  064  092  044  012  010  014  026 
 008  008  004  009  010  008  004  000  001  072  093  031  000  000  008  038 
 014  026  014  006  000  000  000  000  002  071  086  026  000  000  000  034 
 038  041  016  005  000  000  000  000  000  066  082  020  000  000  021  044 
 043  026  008  007  006  000  000  000  002  062  080  020  000  004  039  042 
 023  004  000  000  004  006  011  017  016  058  072  019  000  014  038  031 
 001  000  000  000  000  000  012  016  014  047  055  017  004  021  029  022 
 000  000  000  000  000  002  005  002  002  037  044  018  017  026  024  022 
 002  000  000  000  004  009  004  000  002  038  052  037  032  026  019  022 
 002  006  008  011  016  012  009  006  004  042  068  049  025  021  035  054 
 000  004  017  017  010  006  008  004  000  049  085  049  015  027  062  077 

Celda3

 000  004  004  003  003  003  003  002  000  000  000  001  002  001  000  000 
 000  010  011  008  008  009  008  004  000  000  001  004  004  001  000  000 
 000  019  028  020  018  022  017  004  000  000  002  008  008  000  000  000 
 000  022  044  036  028  030  022  006  000  000  000  006  008  000  000  000 
 010  018  046  050  039  030  022  015  017  018  017  012  010  000  000  000 
 036  032  044  048  040  024  022  023  012  001  000  000  000  000  000  000 
 056  052  044  038  032  028  030  024  006  000  000  000  000  000  000  014 
 058  062  048  024  008  026  038  026  006  000  000  000  000  000  022  028 
 040  050  045  030  008  008  038  034  013  000  000  000  000  000  034  030 
 023  024  032  027  015  002  028  038  016  000  000  000  000  019  033  018 
 017  011  024  026  023  025  027  019  008  000  000  000  013  029  014  004 
 018  019  016  027  036  042  034  006  000  000  000  015  032  016  004  011 
 021  018  002  018  034  036  028  016  000  000  016  028  023  008  014  044 
 032  023  002  006  018  019  016  018  014  002  024  030  018  011  031  054 
 065  043  025  020  018  014  008  008  019  022  018  026  026  017  029  033 
 074  048  039  033  022  014  001  000  007  028  026  009  025  026  024  020 

Celda4

 000  000  001  004  001  000  000  000  000  000  003  004  001  000  001  003 
 000  000  004  010  001  000  000  000  000  000  008  009  003  000  004  008 
 000  000  014  018  000  000  000  000  000  007  016  018  008  004  012  018 
 000  000  017  013  000  000  000  000  000  014  022  024  018  017  032  023 
 014  028  017  000  000  000  000  004  009  021  032  046  055  055  043  008 
 017  010  000  000  000  000  000  000  000  016  034  046  043  027  000  000 
 004  000  000  000  000  004  006  000  000  027  042  032  028  018  000  000 
 000  000  000  000  000  014  014  014  030  047  035  014  014  018  010  009 
 000  000  000  000  010  037  046  047  053  045  017  000  004  024  036  038 
 000  000  000  022  047  069  067  056  046  025  011  002  012  054  069  035 
 000  004  029  053  068  069  052  033  017  002  000  008  048  076  052  000 
 033  042  048  053  051  035  014  000  000  000  000  027  060  053  009  000 
 056  038  025  023  016  000  000  000  000  000  017  046  040  018  000  000 
 040  014  006  003  004  000  000  000  000  020  046  040  017  006  000  000 
 009  000  000  000  000  000  000  000  008  040  040  016  006  000  000  000 
 002  000  000  000  000  000  004  014  031  039  022  007  004  000  000  012 

Celda5

 002  000  000  000  000  000  001  003  004  003  000  000  000  000  003  004 
 004  000  000  000  000  000  002  006  010  008  000  000  000  000  008  008 
 003  000  000  000  004  004  000  012  022  017  000  000  000  000  022  008 
 000  000  000  007  020  012  001  011  025  018  000  000  000  023  050  009 
 000  000  008  044  057  025  014  020  024  002  000  000  000  065  053  002 
 000  002  027  043  026  000  000  010  008  000  000  000  039  047  008  000 
 006  027  031  016  002  000  000  012  000  000  000  037  052  001  000  000 
 027  032  025  013  000  000  000  012  004  000  020  058  022  000  000  006 
 020  018  024  022  016  000  000  010  023  012  033  030  000  000  000  032 
 006  010  025  014  015  004  000  007  040  034  021  004  000  000  005  024 
 000  014  026  003  000  000  003  014  046  031  005  000  000  000  003  000 
 000  026  022  000  000  000  004  034  047  018  000  000  003  014  000  000 
 013  039  011  000  000  000  006  034  024  004  002  017  032  018  000  000 
 028  045  000  000  000  004  032  022  008  003  008  030  036  019  004  008 
 042  034  000  000  006  038  030  014  020  022  025  028  007  000  002  027 
 044  014  000  000  035  039  020  020  052  049  039  013  000  000  011  050 

Celda6

 001  000  000  000  003  001  000  000  002  006  001  000  000  000  000  001 
 000  000  000  000  008  000  000  000  008  014  001  000  000  000  000  002 
 000  000  000  000  014  000  000  000  022  026  000  000  000  000  000  000 
 000  000  000  004  008  000  000  000  038  030  000  000  000  000  004  000 
 000  004  022  018  000  000  000  024  063  028  000  000  004  033  043  027 
 000  013  022  006  000  000  002  040  049  000  000  000  010  044  018  000 
 000  018  012  000  006  014  017  046  034  000  000  000  030  035  000  000 
 038  008  000  001  022  029  024  037  012  000  000  000  034  023  000  000 
 032  000  000  006  030  030  022  014  000  000  000  021  034  002  000  000 
 003  000  000  041  026  016  012  000  000  000  006  046  031  010  008  014 
 000  000  031  049  007  000  004  000  000  000  056  067  032  022  014  008 
 000  022  066  033  004  000  002  010  023  038  087  067  027  018  009  002 
 004  060  062  010  002  000  000  004  022  045  068  030  000  000  000  000 
 043  055  028  000  000  000  001  000  007  025  024  001  000  000  000  000 
 052  018  000  000  000  000  010  014  028  023  000  000  000  000  000  014 
 034  002  000  000  014  008  004  022  041  024  010  000  000  006  018  051 

Celda7

 001  000  000  000  007  006  004  008  007  002  001  002  000  000  006  000 
 000  000  000  000  016  014  010  019  018  006  002  005  000  000  014  000 
 000  000  000  000  028  030  024  040  038  013  007  013  000  000  031  000 
 000  000  000  000  030  044  036  051  044  012  012  021  000  000  042  000 
 014  016  024  022  049  087  091  090  057  013  012  020  000  000  046  000 
 000  000  006  010  064  118  109  081  042  019  007  006  000  000  052  000 
 000  000  000  007  082  128  095  044  013  006  000  000  000  008  064  002 
 000  000  000  015  097  123  064  003  000  000  000  000  000  022  080  009 
 008  008  009  024  109  118  039  000  000  000  000  000  000  031  093  008 
 024  026  020  025  097  086  008  000  000  000  002  008  011  045  101  010 
 013  019  018  009  072  068  006  000  002  021  036  041  033  049  102  012 
 006  000  006  009  049  060  018  000  034  053  051  042  025  026  085  000 
 009  000  000  014  053  063  037  029  045  043  021  011  005  006  078  000 
 013  005  002  025  047  059  050  035  024  014  002  000  006  003  066  000 
 013  004  006  030  031  046  054  025  000  000  010  000  017  013  048  000 
 025  012  006  026  019  042  052  007  000  000  024  018  013  010  033  000 

Celda8

 001  002  004  000  006  010  000  000  000  000  000  014  023  008  000  000 
 000  000  000  000  002  006  000  000  000  000  004  017  017  000  000  000 
 000  000  000  000  000  000  000  000  000  002  000  006  012  001  000  018 
 001  002  007  011  008  000  000  000  002  000  000  000  010  016  023  035 
 004  009  018  020  014  008  004  002  000  000  000  000  012  030  032  024 
 002  005  010  011  010  010  012  014  011  005  000  000  010  034  038  024 
 001  002  000  000  001  010  017  021  026  029  025  016  008  026  035  022 
 002  003  002  000  000  004  010  015  021  026  026  025  024  025  024  021 
 000  001  004  006  004  002  000  003  000  004  010  019  025  016  016  032 
 000  000  004  013  014  006  000  000  004  000  000  008  013  010  010  041 
 001  002  006  010  008  000  000  000  006  004  006  006  004  006  008  036 
 000  000  000  000  000  000  000  000  017  021  011  008  002  002  003  026 
 000  000  000  000  000  000  000  015  026  021  008  006  002  000  000  021 
 000  000  000  000  000  000  011  024  022  014  004  002  001  000  000  018 
 000  000  000  000  010  014  022  021  011  004  000  000  002  002  000  013 
 001  003  008  015  022  024  018  018  006  000  000  000  002  001  000  002 

Celda9

 000  000  002  000  000  000  000  002  019  008  000  000  020  015  000  000 
 000  006  009  006  000  000  000  000  020  008  000  000  017  010  000  000 
 014  010  004  002  002  002  006  007  018  010  000  000  008  006  010  017 
 022  014  004  002  010  015  016  013  010  005  000  000  014  016  021  019 
 006  004  004  010  024  020  011  002  000  000  002  019  028  014  004  010 
 000  000  004  025  026  014  003  000  000  000  008  029  021  004  000  006 
 002  000  018  027  009  000  000  000  000  004  010  024  022  000  004  007 
 012  024  032  013  000  000  000  000  000  010  004  010  021  010  010  010 
 039  036  020  000  000  000  000  006  000  010  006  002  018  027  010  006 
 041  018  000  000  000  000  000  004  004  008  006  000  018  036  015  008 
 032  006  000  000  000  000  000  004  014  020  010  004  024  039  022  012 
 028  010  000  003  006  004  004  008  012  010  006  006  027  035  027  014 
 028  015  000  002  004  005  008  006  002  000  000  005  026  033  027  012 
 032  018  000  000  002  006  010  004  000  000  000  017  031  029  018  010 
 036  024  004  002  002  004  006  002  000  000  016  033  032  022  012  007 
 037  036  012  006  006  004  000  000  004  010  030  033  027  026  020  012 

Celda10

 000  008  019  016  005  000  000  000  002  063  095  041  014  036  076  075 
 002  013  012  000  000  000  000  000  013  074  088  027  008  036  071  058 
 015  007  001  000  000  000  000  000  022  060  062  025  000  032  054  040 
 004  000  000  000  000  000  000  000  022  022  046  036  008  024  042  028 
 003  000  000  000  000  000  000  008  017  006  040  046  013  020  036  025 
 006  001  012  014  004  000  006  022  004  000  042  048  016  021  038  038 
 013  014  018  021  014  008  020  024  005  000  042  050  028  042  055  043 
 009  010  000  004  008  010  023  010  006  000  036  062  058  062  041  014 
 000  008  000  000  000  000  016  007  011  004  030  079  078  043  003  000 
 008  007  000  000  000  000  011  007  006  008  035  099  064  017  000  000 
 015  006  000  004  008  004  006  012  000  014  042  081  045  000  000  000 
 014  008  006  014  018  016  012  015  004  010  011  051  034  000  000  004 
 007  012  016  020  021  022  026  021  008  000  000  021  034  012  001  037 
 000  006  015  017  018  020  023  016  004  000  000  000  041  044  039  043 
 002  002  013  008  010  013  010  003  001  006  006  000  052  086  056  016 
 016  019  012  006  006  008  003  000  000  010  018  023  089  106  037  000 

Celda11

 056  031  022  016  006  000  000  000  000  021  030  012  004  030  032  018 
 027  002  000  000  000  000  000  011  016  029  014  008  000  024  038  022 
 010  000  000  000  000  000  010  030  036  032  012  005  004  007  034  027 
 006  000  000  000  000  010  028  032  031  029  027  028  030  016  014  028 
 006  000  000  000  000  034  036  024  012  012  030  050  059  044  006  016 
 016  000  000  000  012  044  023  018  012  012  016  035  054  057  035  000 
 000  000  000  000  040  039  011  018  031  028  016  009  015  031  046  045 
 000  000  000  042  056  031  012  016  032  031  016  002  000  000  025  056 
 000  000  022  057  045  021  013  017  010  008  003  001  000  000  004  023 
 000  025  042  046  040  019  009  006  000  000  000  000  000  006  004  004 
 024  053  039  047  050  018  008  000  000  000  000  000  000  002  000  000 
 064  058  039  056  043  006  004  000  000  000  000  002  000  000  000  000 
 067  048  037  042  024  000  000  000  000  000  000  000  000  000  000  004 
 046  038  020  016  011  004  000  000  000  000  000  000  000  000  011  048 
 032  041  014  000  004  014  015  000  000  000  000  000  000  004  034  054 
 022  040  009  000  008  012  010  000  000  000  000  000  008  037  040  023 

Celda12

 002  000  000  000  004  012  014  018  026  012  001  000  008  000  000  021 
 008  000  000  007  012  000  000  000  001  000  000  006  016  000  000  016 
 014  007  000  004  011  002  000  000  000  000  000  022  026  000  000  006 
 018  010  006  002  006  003  000  000  000  000  007  031  018  000  000  006 
 021  008  010  009  004  002  000  000  000  011  028  025  002  000  000  018 
 016  001  006  020  014  006  004  004  007  012  021  008  000  000  002  021 
 023  000  000  026  033  018  008  007  001  006  016  006  000  000  005  020 
 061  034  000  018  046  034  016  006  000  000  015  012  000  001  004  010 
 040  038  021  000  036  042  033  016  000  000  016  019  004  002  000  000 
 000  016  036  029  004  032  048  030  000  001  034  035  012  000  000  000 
 000  016  048  052  028  004  044  036  008  020  043  031  008  000  000  000 
 020  026  044  053  050  024  015  034  026  037  045  020  000  000  000  000 
 060  042  034  046  060  056  025  014  036  046  040  014  000  000  000  000 
 070  026  014  030  051  065  056  017  020  048  039  012  000  000  000  018 
 038  002  000  006  024  038  044  032  000  032  042  020  000  000  010  031 
 006  000  000  006  000  002  018  036  036  008  029  024  002  000  018  030 

Celda13

 032  000  000  016  034  006  002  034  071  052  033  004  000  008  053  048 
 016  000  014  025  004  000  000  037  052  013  000  000  002  063  068  031 
 014  016  031  014  000  000  014  034  032  000  000  000  033  076  046  022 
 035  053  032  000  000  007  030  018  006  000  000  001  059  048  018  004 
 057  056  007  000  000  022  028  005  000  000  002  051  047  010  010  000 
 046  026  000  000  012  025  014  000  000  016  056  061  023  000  002  000 
 032  007  000  000  028  012  000  003  016  053  057  033  007  000  000  000 
 006  000  000  020  025  000  000  016  052  056  019  001  000  000  000  000 
 000  000  020  036  008  000  000  037  057  036  002  000  000  000  000  000 
 000  010  030  023  002  000  035  044  031  030  008  000  000  000  000  000 
 000  020  021  010  014  027  035  010  012  030  014  000  000  000  000  008 
 011  028  011  006  024  034  020  000  008  030  012  000  000  000  000  032 
 032  043  033  033  034  023  019  009  018  020  008  000  000  000  000  046 
 036  046  043  036  025  019  023  022  015  010  008  002  000  004  031  053 
 037  034  021  007  006  012  024  022  009  007  009  000  000  000  044  038 
 036  032  020  010  003  004  014  017  010  011  000  000  000  008  046  021 

Celda14

 016  002  000  000  024  017  015  034  025  008  006  000  000  002  049  086 
 018  010  011  016  038  038  051  046  019  008  003  000  000  018  079  083 
 020  014  013  012  023  049  069  040  031  024  012  002  006  061  081  029 
 006  008  015  009  012  059  061  017  020  018  013  024  044  086  064  000 
 000  000  012  013  019  069  046  003  005  002  004  029  070  082  049  012 
 000  000  000  006  033  064  041  012  004  000  002  038  063  053  032  029 
 000  000  012  011  029  038  039  017  002  000  012  047  025  012  014  023 
 000  000  037  035  009  022  040  014  000  000  027  031  000  009  022  000 
 000  029  060  024  006  034  032  000  000  000  025  005  000  000  020  000 
 000  047  039  004  023  048  010  000  000  015  024  000  000  000  008  000 
 030  053  012  001  025  024  000  000  000  022  020  000  000  000  000  000 
 050  027  000  000  017  018  000  001  014  021  012  003  002  016  019  007 
 044  014  000  000  008  014  000  004  010  000  008  010  010  029  024  022 
 019  008  002  000  010  014  008  002  000  000  019  029  020  015  000  018 
 017  022  012  003  006  009  010  002  000  004  040  026  001  000  000  012 
 014  024  014  014  005  002  005  000  000  023  026  006  000  000  000  044 

Celda15

 054  034  014  023  013  037  048  004  000  000  030  029  000  000  026  000 
 039  025  018  028  010  030  044  005  000  013  040  027  000  004  037  012 
 000  000  004  024  004  020  047  014  013  032  045  034  017  018  052  024 
 000  000  010  006  000  016  058  033  016  022  024  014  003  007  055  022 
 000  000  023  003  000  012  064  041  004  001  010  007  000  000  062  018 
 026  022  046  029  026  023  068  049  008  002  004  000  000  008  081  018 
 027  022  044  026  021  027  081  069  031  029  035  029  018  025  086  008 
 000  005  027  012  010  021  068  062  035  032  036  026  015  013  074  000 
 000  005  038  032  022  011  046  054  029  012  004  000  000  005  069  000 
 000  020  057  045  026  009  036  066  024  000  000  000  000  023  085  017 
 000  040  049  023  012  008  028  066  026  000  000  009  023  048  093  024 
 004  045  033  005  000  002  015  056  032  000  006  015  022  038  073  010 
 025  067  042  018  012  009  001  044  041  006  000  002  000  012  052  000 
 057  083  043  024  020  022  015  038  044  012  002  000  000  009  047  000 
 070  059  018  002  006  016  019  047  055  025  019  022  018  019  053  008 
 061  015  000  000  000  000  006  040  046  027  030  024  020  017  055  013 

Celda16

 004  008  012  014  013  012  011  020  010  004  000  000  000  000  003  000 
 002  002  002  000  000  004  010  023  011  007  000  000  000  000  004  007 
 000  000  000  000  004  009  024  025  011  006  004  000  000  000  000  006 
 000  000  000  000  017  028  031  019  011  009  011  012  012  008  004  009 
 000  000  000  000  028  035  018  006  006  009  013  016  018  016  012  014 
 000  000  000  000  032  030  006  000  000  006  012  016  020  020  015  012 
 000  000  000  000  028  022  002  000  000  000  010  017  020  018  013  006 
 000  000  000  000  020  010  000  000  007  014  011  010  009  006  004  000 
 000  000  000  000  010  002  000  000  014  025  019  000  000  000  000  000 
 000  000  000  000  006  000  002  007  018  028  020  000  000  000  000  000 
 000  000  001  003  007  001  007  016  026  033  020  000  000  000  000  002 
 001  004  010  016  021  016  016  018  020  025  014  000  000  000  005  012 
 001  003  006  008  010  008  006  008  014  022  013  000  000  002  011  015 
 000  000  000  000  004  000  000  004  016  021  011  000  000  006  013  013 
 000  000  000  000  008  002  000  008  022  025  011  000  000  000  000  000 
 000  000  000  000  015  005  005  017  031  024  004  000  000  000  000  000 

Celda17

 030  048  022  003  006  008  004  000  006  017  022  015  023  036  027  022 
 018  052  032  000  006  010  009  006  006  014  006  006  028  038  023  017 
 005  044  038  006  004  008  006  006  011  016  008  006  031  041  019  006 
 008  026  042  018  000  000  000  002  020  024  019  018  038  041  017  000 
 014  005  038  026  001  000  000  001  024  021  015  016  026  026  016  000 
 008  000  029  032  005  000  000  007  022  008  000  001  010  018  018  004 
 001  000  019  038  013  000  000  009  017  003  000  004  012  018  016  010 
 000  000  010  043  022  000  000  011  010  000  000  004  016  022  014  010 
 000  002  002  038  025  000  000  020  020  012  010  011  023  029  017  009 
 001  010  006  023  026  002  005  028  027  016  016  023  028  021  011  008 
 010  013  003  005  029  014  011  029  025  012  022  030  016  007  016  017 
 014  010  000  000  032  024  014  030  026  012  019  011  001  002  031  023 
 012  007  001  000  032  036  019  026  026  014  012  002  003  011  030  017 
 006  002  002  000  028  046  028  027  025  010  014  021  024  025  026  021 
 000  000  000  000  016  050  041  038  031  017  029  040  022  013  010  017 
 000  000  000  004  002  046  054  047  029  017  025  018  000  000  004  010 

Celda18

 027  021  008  000  000  000  002  000  001  000  006  023  090  077  008  000 
 012  002  000  000  002  004  000  000  000  000  002  031  064  042  008  006 
 000  000  000  000  000  000  000  000  000  000  012  029  034  038  029  018 
 000  000  002  006  000  000  000  000  000  001  021  011  018  046  042  012 
 006  012  012  004  000  000  000  000  000  035  029  011  001  049  052  000 
 012  017  012  005  006  014  012  008  030  064  024  011  000  036  057  000 
 008  003  006  010  018  024  022  026  071  064  020  002  000  014  046  000 
 011  000  002  013  017  014  018  045  086  032  005  000  000  000  026  000 
 009  003  003  006  003  000  010  065  057  008  000  000  000  000  014  004 
 008  001  000  000  000  000  032  068  012  000  000  008  012  006  027  057 
 000  000  000  000  000  000  055  054  000  000  000  000  002  012  051  088 
 006  000  000  000  000  020  069  025  000  000  000  000  001  015  045  070 
 012  011  000  000  000  047  062  000  000  000  004  016  022  024  028  048 
 010  012  001  000  005  053  030  000  000  000  015  029  029  026  016  020 
 000  000  000  002  020  032  000  000  000  015  016  009  013  018  012  000 
 000  000  002  022  043  021  000  000  010  028  007  000  000  007  008  002 

Celda19

 016  038  014  012  027  006  000  000  000  000  008  023  040  038  020  006 
 017  032  025  027  019  000  000  000  010  032  039  044  038  021  012  011 
 013  027  032  018  000  000  000  000  056  068  049  037  026  014  015  024 
 003  016  032  006  000  000  000  044  081  064  034  024  020  018  019  027 
 000  007  030  000  000  000  033  066  067  043  017  012  018  018  014  017 
 000  000  028  005  002  039  056  053  045  023  000  000  000  002  000  004 
 000  000  036  034  054  068  057  045  032  005  000  000  000  000  000  000 
 000  010  068  090  081  063  048  031  006  000  000  000  002  000  000  004 
 012  067  111  091  055  035  021  002  000  000  000  004  014  026  028  026 
 065  081  078  044  030  024  011  000  000  000  008  018  031  041  034  024 
 071  042  026  031  032  026  008  000  000  000  003  003  008  016  010  000 
 043  015  003  026  034  024  007  000  001  000  000  000  002  016  012  000 
 035  000  000  024  032  016  002  002  007  003  000  000  000  012  011  004 
 032  002  000  026  034  009  000  000  012  009  000  000  000  008  002  002 
 024  016  004  032  036  002  000  000  015  015  000  000  006  011  002  000 
 012  027  020  041  031  000  000  000  012  015  004  000  005  006  000  000 

Celda20

 007  010  010  001  000  000  009  032  052  050  018  010  016  020  027  030 
 018  018  014  008  003  006  016  026  043  058  049  018  016  033  031  033 
 022  020  013  008  009  018  026  032  034  040  046  044  028  028  033  036 
 014  012  008  004  004  013  024  030  024  011  017  040  046  022  020  037 
 002  000  000  000  002  012  012  012  004  000  001  025  040  037  018  020 
 000  000  000  000  004  011  000  000  000  000  014  029  032  042  041  014 
 000  000  000  000  000  003  000  000  000  014  039  038  032  040  046  034 
 000  000  000  000  000  000  000  000  002  033  043  030  028  034  039  038 
 020  010  003  000  000  000  000  000  024  043  025  010  012  024  028  034 
 021  012  002  000  000  000  000  018  041  034  007  000  007  018  015  029 
 001  000  000  000  000  000  016  041  036  017  001  002  006  021  004  020 
 000  000  000  000  000  010  040  037  016  002  000  000  002  018  010  007 
 000  000  000  000  013  049  048  020  009  000  000  000  002  016  014  000 
 000  000  000  000  048  073  044  020  011  004  000  001  017  028  014  000 
 000  000  000  024  072  067  030  016  012  012  017  024  043  036  010  000 
 000  000  012  057  063  036  010  000  004  016  028  030  034  017  006  001 

Celda21

 032  028  020  011  000  002  016  020  018  012  000  000  000  040  039  009 
 039  033  025  012  000  000  014  020  018  006  000  000  015  042  014  000 
 030  022  018  008  006  020  038  032  009  000  000  005  034  020  000  000 
 030  024  020  013  019  040  041  024  007  000  000  031  042  009  000  000 
 028  030  024  022  029  030  012  000  000  000  010  055  043  016  013  010 
 011  032  032  034  034  020  004  000  000  000  048  063  040  026  027  032 
 005  022  038  042  034  016  002  000  000  012  057  041  025  026  024  035 
 028  005  028  040  037  022  000  000  000  035  048  016  014  020  007  012 
 038  030  004  022  036  028  004  000  014  059  048  008  010  022  010  000 
 039  039  025  000  020  024  010  018  042  061  036  006  013  023  003  000 
 027  024  022  018  000  006  015  044  063  049  020  002  012  016  000  000 
 009  004  012  028  023  000  015  056  069  048  018  002  010  012  000  000 
 006  014  022  028  030  028  025  041  060  052  022  000  004  012  008  007 
 012  033  037  025  025  044  051  021  032  052  034  008  006  013  016  014 
 008  028  032  022  026  046  055  040  002  030  042  030  018  013  014  016 
 010  010  010  015  030  048  036  036  022  000  034  046  030  013  014  024 

Celda22

 009  014  000  000  006  016  010  000  008  024  017  003  000  000  016  064 
 008  015  001  000  006  017  012  018  031  030  009  000  000  000  034  064 
 010  024  008  014  013  004  001  022  055  054  040  020  000  000  044  052 
 012  032  014  010  012  005  013  041  050  041  032  026  014  008  047  042 
 020  036  022  008  010  018  044  046  032  021  008  008  011  020  063  057 
 041  048  033  012  009  036  053  032  020  016  000  000  006  018  053  047 
 038  035  018  004  016  045  041  019  014  002  000  000  000  012  046  038 
 012  005  000  004  026  037  023  007  006  000  000  000  000  031  051  036 
 000  000  002  013  026  026  016  002  000  000  000  000  005  052  039  020 
 000  003  008  016  024  027  017  000  000  000  000  006  042  052  019  012 
 001  010  012  020  029  026  007  000  000  000  000  020  051  033  009  012 
 009  014  012  019  024  018  000  000  000  000  002  035  031  006  004  009 
 012  010  010  018  020  007  000  000  000  000  006  022  006  000  006  007 
 008  008  011  015  013  000  000  000  000  000  022  014  000  002  012  009 
 012  012  012  008  004  000  000  000  006  037  051  026  017  018  024  014 
 022  015  008  000  002  002  000  000  017  056  053  028  025  034  037  022 

Celda23

 044  000  000  000  000  000  000  031  040  030  028  007  000  000  043  000 
 028  000  000  000  002  000  000  032  047  030  014  000  000  000  046  000 
 016  012  010  013  016  010  008  043  048  025  010  000  000  002  052  000 
 014  023  022  000  002  006  013  046  031  016  012  000  000  008  059  000 
 034  033  013  000  000  000  000  024  016  012  013  000  000  013  064  000 
 035  032  021  016  009  000  000  013  010  012  009  000  000  024  078  011 
 023  016  018  022  028  022  006  000  004  008  004  000  000  036  070  000 
 022  017  013  000  008  017  015  006  000  000  000  000  000  034  066  000 
 025  032  019  002  000  002  006  006  002  000  002  007  000  022  062  000 
 027  030  014  013  012  011  010  009  005  000  006  006  000  020  067  005 
 024  018  000  000  008  014  018  018  010  003  007  000  000  031  085  012 
 010  009  004  005  000  000  002  008  007  005  002  000  000  048  093  008 
 000  000  002  008  004  000  000  000  000  000  000  004  017  070  096  012 
 005  008  002  002  002  000  000  000  000  000  004  024  039  074  089  015 
 004  011  015  008  000  000  000  000  000  000  018  038  036  054  070  009 
 016  019  021  017  012  006  000  000  000  004  037  037  014  030  054  000 

Celda24

 000  000  000  000  021  008  014  027  030  015  000  000  000  001  000  000 
 000  000  000  000  023  014  022  026  019  008  000  000  000  000  000  000 
 001  002  000  000  024  024  034  032  011  000  000  000  000  000  000  000 
 003  007  012  009  035  047  050  034  009  000  000  000  000  000  000  004 
 004  010  020  024  049  052  034  014  002  002  006  002  000  000  006  007 
 003  007  016  022  042  036  012  005  006  000  005  012  012  010  008  007 
 000  002  007  014  029  023  005  000  002  006  001  008  017  013  000  000 
 000  002  006  012  023  017  009  008  006  002  008  008  005  005  000  000 
 002  004  010  014  020  010  007  006  008  004  004  011  000  000  000  004 
 002  004  008  012  015  006  000  000  000  000  002  006  000  000  004  008 
 001  002  003  006  012  006  000  000  000  000  005  007  006  007  007  004 
 000  001  003  005  012  004  000  000  002  000  004  003  001  002  002  002 
 002  005  009  008  007  000  000  000  005  002  008  008  000  000  000  000 
 003  006  012  010  002  000  000  000  006  005  013  011  000  000  000  002 
 002  004  008  007  001  000  000  000  019  022  018  007  000  005  008  004 
 001  002  000  000  000  000  000  002  027  025  010  000  000  002  007  002 

Celda25

 000  000  000  001  000  036  066  056  025  012  010  002  000  008  026  022 
 000  004  002  000  000  024  072  068  034  017  001  000  010  043  054  038 
 000  000  000  000  000  016  074  079  046  025  011  016  034  054  049  020 
 000  000  000  000  000  014  070  082  052  023  007  013  029  042  030  000 
 000  000  000  006  013  019  058  075  052  024  013  012  016  028  021  000 
 008  010  015  023  026  014  036  064  050  020  013  017  022  032  022  000 
 000  005  015  024  024  009  008  052  052  026  012  016  028  037  026  000 
 004  001  008  012  013  006  000  038  060  042  022  032  042  026  012  001 
 015  013  010  006  006  010  008  022  058  056  042  054  050  012  000  000 
 015  012  004  000  000  011  019  023  055  058  053  048  020  000  000  002 
 004  004  000  000  000  000  008  011  052  058  044  040  020  000  000  012 
 000  000  000  000  000  000  000  000  040  046  028  025  026  012  002  006 
 004  004  001  000  000  000  000  000  031  040  024  019  028  021  005  002 
 006  010  012  012  014  016  015  010  034  060  058  047  045  033  007  000 
 002  004  012  019  022  025  024  016  034  072  073  052  049  048  035  034 
 000  004  006  018  021  020  020  014  014  066  064  036  027  035  031  038 

Celda26

 013  012  020  047  054  033  018  018  031  027  006  002  002  000  004  008 
 030  024  024  051  033  024  022  025  042  035  028  020  007  000  000  003 
 012  012  020  037  008  003  005  013  042  032  028  022  010  003  000  000 
 000  004  015  008  000  000  000  012  026  002  000  004  010  010  004  001 
 000  000  002  000  000  000  000  022  026  000  000  000  005  006  004  010 
 000  004  003  002  000  000  000  039  028  002  006  010  008  000  002  015 
 000  010  017  009  000  000  015  054  023  010  018  018  010  002  002  011 
 006  019  018  000  000  000  037  038  004  005  014  004  002  006  011  007 
 013  022  019  000  000  000  044  016  000  007  004  000  000  013  027  024 
 010  012  008  000  000  018  046  009  001  004  000  000  000  023  038  036 
 024  016  004  000  004  045  041  005  000  000  000  000  006  031  026  020 
 010  000  000  000  023  052  023  000  000  007  010  010  008  015  007  000 
 006  000  000  000  036  040  002  000  000  014  010  012  008  002  002  000 
 000  000  000  011  048  034  000  000  015  012  002  000  000  000  000  004 
 028  018  010  009  042  021  000  002  019  008  003  002  000  000  002  014 
 035  021  010  014  042  015  000  000  010  002  000  000  000  000  011  020 

Celda27

 000  024  036  038  024  006  011  008  004  012  007  000  007  009  002  002 
 000  013  044  046  025  006  008  005  000  012  014  017  027  023  010  004 
 000  006  036  043  034  015  000  000  002  011  016  022  028  015  008  006 
 003  003  016  024  040  034  004  000  000  010  020  021  016  000  000  006 
 015  010  000  004  040  052  020  000  000  015  024  016  010  000  000  002 
 024  020  007  000  034  060  034  000  000  018  028  010  000  000  000  018 
 015  016  018  016  033  064  049  011  009  009  026  010  000  000  000  025 
 000  005  016  018  025  067  064  018  012  000  017  008  000  000  006  020 
 013  008  010  011  007  056  058  006  000  000  004  004  000  002  020  036 
 030  019  010  012  010  035  048  018  000  000  000  000  008  019  044  057 
 022  019  015  016  016  004  025  027  006  000  000  000  017  043  060  055 
 003  014  022  023  018  006  004  022  016  002  000  006  022  049  060  044 
 000  014  023  024  020  013  003  011  018  018  006  000  017  048  055  033 
 007  010  013  013  014  014  006  000  016  024  009  000  019  052  052  025 
 012  000  000  004  010  014  014  004  006  022  014  000  022  052  045  018 
 013  000  000  004  009  012  018  016  005  019  022  013  034  049  032  012 

Celda28

 000  008  048  051  029  009  002  000  000  026  028  020  006  001  006  011 
 012  046  059  028  003  000  000  007  034  043  021  012  008  009  012  018 
 020  067  054  022  004  000  003  037  058  038  016  016  020  016  010  009 
 039  068  035  016  002  000  016  038  041  020  012  018  018  013  010  006 
 049  050  003  000  000  007  030  029  030  018  004  009  008  012  021  018 
 036  016  000  000  000  039  046  031  025  022  004  007  014  027  029  022 
 028  002  000  000  018  038  023  012  015  018  008  000  009  025  009  000 
 016  001  000  018  023  015  008  003  006  010  006  001  008  008  000  000 
 037  039  048  045  027  008  001  006  006  004  002  004  010  000  000  000 
 056  051  049  043  042  046  042  032  020  015  017  019  011  000  000  010 
 040  030  028  028  030  041  048  044  034  026  031  027  018  008  010  024 
 026  020  019  017  018  020  026  032  032  024  021  012  005  000  002  023 
 013  012  012  010  012  014  008  015  022  020  009  000  000  000  010  029 
 007  008  010  012  016  016  010  000  000  004  002  000  000  000  030  046 
 004  005  007  015  024  020  012  000  000  000  000  000  000  006  064  056 
 006  005  006  016  028  027  010  000  000  000  000  000  000  045  080  047 

Celda29

 014  000  000  008  037  041  030  033  038  025  007  038  032  020  026  036 
 012  000  000  016  048  035  032  038  054  060  034  000  020  033  046  046 
 006  000  005  033  045  026  026  038  058  074  066  032  000  034  058  056 
 000  000  000  037  038  027  028  040  050  062  074  072  049  019  050  060 
 000  000  018  053  049  042  040  035  036  042  059  082  088  065  029  042 
 006  004  051  074  053  036  027  015  016  018  031  056  082  091  069  020 
 002  017  067  059  020  005  006  002  000  000  007  021  044  070  086  071 
 000  022  041  024  008  000  004  007  000  000  000  000  002  016  041  060 
 003  027  016  007  005  000  004  010  003  000  000  000  000  000  000  010 
 032  034  018  018  027  028  027  027  025  022  024  024  026  023  013  012 
 033  017  012  015  024  022  015  013  017  013  014  016  024  034  037  038 
 014  003  002  003  009  008  001  000  004  004  000  000  000  005  018  030 
 016  015  016  014  013  014  012  008  001  004  006  010  009  006  013  026 
 028  026  024  022  022  024  022  017  016  014  026  021  018  016  019  025 
 025  016  012  010  013  012  008  004  008  008  014  006  000  002  008  017 
 012  006  002  000  002  000  000  000  000  000  006  004  000  000  006  012 

Celda30

 028  012  002  000  005  003  000  000  024  052  035  016  023  036  027  018 
 028  008  002  008  012  002  000  000  032  048  026  009  020  019  004  000 
 031  006  000  012  020  008  000  000  032  042  026  014  006  000  000  000 
 039  010  000  010  020  012  000  002  030  032  019  018  011  000  000  000 
 041  022  010  010  015  012  000  004  030  029  014  014  012  000  000  000 
 020  028  024  018  018  011  000  003  028  032  017  012  010  000  000  000 
 026  006  024  028  026  016  001  002  020  030  026  019  012  000  000  004 
 052  018  004  030  033  024  013  006  012  025  032  028  016  002  000  000 
 034  042  022  010  029  028  026  020  017  029  035  030  016  001  000  000 
 031  054  060  041  011  017  034  042  029  027  028  024  014  002  000  000 
 042  058  080  090  069  028  022  048  036  022  025  022  012  004  000  000 
 036  046  066  084  088  074  040  018  022  025  034  030  015  006  000  000 
 036  038  038  044  061  078  074  043  001  016  040  041  021  008  007  002 
 031  038  034  030  037  053  068  074  063  030  018  040  032  016  012  005 
 022  022  026  018  011  012  026  048  067  064  034  014  032  030  020  005 
 012  001  000  000  000  000  000  004  020  045  060  040  002  030  032  014 

Celda31

 015  011  006  007  010  009  002  000  000  031  055  031  000  025  057  000 
 000  000  000  000  000  000  000  000  004  047  048  015  002  021  059  000 
 000  000  000  000  000  000  000  002  015  041  026  006  000  025  062  003 
 000  000  000  004  001  000  000  008  034  034  008  008  000  022  056  000 
 000  000  003  000  000  000  000  003  042  024  010  007  002  019  055  000 
 000  000  000  000  000  000  000  018  038  014  018  021  018  030  062  008 
 002  000  000  000  000  000  000  030  037  015  018  026  022  030  061  012 
 000  002  004  007  008  010  014  045  039  019  013  015  009  014  049  004 
 000  000  002  005  010  016  025  047  031  011  005  000  000  010  048  000 
 000  000  008  008  000  000  014  026  010  000  000  000  000  014  054  000 
 000  000  010  003  000  000  010  016  010  002  000  000  000  022  061  003 
 004  004  000  000  000  006  011  013  016  008  000  000  000  028  064  000 
 000  000  000  000  000  010  005  010  020  010  000  000  000  030  064  000 
 000  000  000  006  022  019  009  007  016  005  000  000  000  032  066  000 
 000  000  014  026  028  023  023  020  014  000  000  000  000  032  069  000 
 003  008  015  011  009  008  004  003  000  000  000  000  000  030  070  000 

Celda32

 000  000  000  000  000  000  008  008  031  023  007  004  004  005  001  000 
 001  002  002  000  000  006  015  012  026  018  004  009  014  010  000  000 
 001  002  006  011  014  015  016  012  011  016  000  007  012  008  004  000 
 000  002  008  018  020  016  013  012  002  014  010  004  003  004  010  016 
 001  004  012  019  018  014  012  011  004  010  020  009  002  002  012  022 
 002  004  008  010  008  008  008  007  007  020  035  016  010  008  013  016 
 000  000  000  000  000  000  000  006  016  031  031  012  012  018  024  018 
 000  000  000  000  000  000  000  011  026  028  012  008  020  030  032  026 
 000  000  001  002  002  002  008  019  024  018  010  021  039  035  025  021 
 000  000  000  000  000  007  018  020  007  001  007  032  037  018  006  008 
 000  000  000  000  000  010  021  008  000  000  006  022  013  004  000  000 
 000  000  000  000  004  017  008  000  000  000  014  012  003  000  000  007 
 000  000  000  000  017  022  000  000  000  002  020  011  000  000  000  006 
 000  000  000  000  023  025  000  000  000  005  018  006  000  000  000  003 
 000  000  000  000  024  022  000  000  000  011  010  000  000  000  011  013 
 000  001  011  026  050  034  010  006  015  024  006  000  000  009  019  011 

Celda33

 000  006  006  006  013  012  010  006  000  056  080  038  009  020  019  010 
 000  003  008  003  004  006  002  000  000  037  084  056  019  022  016  000 
 003  007  002  004  000  004  006  004  000  016  076  069  034  024  012  000 
 015  010  006  000  002  003  014  018  016  002  057  074  050  029  012  000 
 020  012  008  005  002  000  006  016  024  016  031  074  063  036  014  000 
 016  011  008  007  004  000  000  006  020  024  018  066  067  036  015  000 
 018  016  013  011  008  002  000  000  007  014  010  048  056  034  022  000 
 024  024  022  016  010  002  000  000  000  000  000  025  040  037  038  013 
 020  020  020  016  010  000  000  000  000  000  000  009  031  040  050  028 
 010  010  012  014  010  000  000  000  000  001  003  000  028  040  049  035 
 000  002  006  010  011  007  002  004  011  016  016  010  025  037  040  034 
 001  000  000  006  014  020  020  020  024  028  031  030  033  034  028  032 
 006  000  000  000  010  022  028  027  022  022  032  038  032  034  028  040 
 002  000  000  000  000  008  021  026  022  017  017  018  014  017  029  051 
 011  008  006  000  000  004  019  029  028  020  008  000  000  010  022  036 
 012  017  014  008  007  020  033  030  027  020  008  000  000  012  022  037 

Celda34

 010  004  000  014  044  022  016  019  016  010  004  000  000  000  009  016 
 000  002  006  025  044  019  013  020  023  022  022  024  024  020  006  004 
 000  003  013  040  048  023  013  012  010  010  014  018  024  028  026  021 
 000  000  004  044  040  021  012  004  000  000  000  000  002  006  012  020 
 000  000  010  041  025  012  003  000  000  004  005  002  000  000  000  006 
 000  000  024  041  017  002  000  000  000  016  026  016  014  008  004  012 
 000  004  043  048  023  006  000  000  000  037  035  008  006  008  016  029 
 000  016  054  048  029  016  013  010  032  062  031  004  000  002  024  035 
 002  027  049  033  022  008  010  018  055  066  029  023  016  013  028  019 
 010  029  038  019  012  000  000  002  042  041  017  024  027  020  014  000 
 024  032  030  014  003  000  000  007  028  026  012  002  014  012  000  000 
 036  037  029  014  000  000  000  018  022  020  018  002  004  003  000  000 
 052  043  024  012  000  000  002  030  028  025  024  014  006  001  000  004 
 064  047  020  002  000  000  012  026  023  026  027  017  006  002  009  036 
 050  038  012  004  000  002  022  023  023  027  020  002  000  002  024  063 
 060  040  007  004  000  006  028  024  023  024  008  000  000  004  053  067 

Celda35

 016  010  006  000  000  002  012  020  020  024  029  025  041  041  016  008 
 012  013  012  003  000  000  000  008  015  009  016  024  030  021  006  008 
 017  010  004  000  000  000  000  000  000  000  006  026  034  017  006  014 
 025  024  014  000  000  002  000  000  000  000  000  020  031  018  014  024 
 016  013  006  000  001  013  012  014  010  000  000  010  023  020  026  036 
 013  002  000  006  022  028  021  029  030  020  008  000  010  017  034  046 
 016  006  008  024  046  035  022  019  020  020  020  014  000  004  032  050 
 022  018  025  047  045  029  020  012  008  012  016  014  003  000  021  047 
 007  014  032  044  024  018  018  016  010  009  012  012  011  008  010  042 
 000  000  028  022  009  006  012  018  019  016  014  017  022  024  016  044 
 000  016  023  003  000  002  010  020  024  022  019  022  026  024  013  028 
 017  041  024  004  004  011  022  016  016  016  016  018  020  018  007  014 
 050  052  022  016  016  015  013  004  004  008  012  016  020  022  014  002 
 064  042  012  012  010  006  002  003  007  011  016  020  026  031  032  026 
 057  022  000  000  000  000  009  012  012  014  017  018  019  026  037  040 
 034  012  000  000  000  008  013  005  000  000  005  007  008  016  029  038 

Celda36

 008  007  007  017  030  028  010  000  000  000  000  000  000  066  068  029 
 010  007  010  020  028  024  007  000  000  000  000  000  030  068  046  016 
 014  006  011  024  028  020  002  000  000  000  000  000  049  064  034  012 
 021  008  010  022  028  018  000  000  000  000  000  006  064  054  028  014 
 026  007  005  017  027  020  000  000  000  000  000  029  066  035  020  014 
 028  002  000  014  026  021  002  000  000  000  000  048  055  020  010  011 
 030  000  000  014  024  020  006  000  000  000  010  055  043  016  006  006 
 034  007  001  012  020  017  007  000  000  000  032  051  034  016  006  001 
 037  015  003  008  014  010  004  000  000  015  040  038  024  014  006  000 
 052  037  022  021  016  000  000  004  012  028  035  032  016  006  004  006 
 046  028  018  025  022  017  012  019  026  028  034  033  011  000  005  010 
 038  033  028  022  019  024  024  030  035  034  037  025  003  000  006  006 
 024  028  042  042  025  020  023  035  044  039  032  015  000  003  004  000 
 017  014  045  062  039  015  018  037  043  029  019  014  015  017  008  000 
 034  020  039  068  048  007  012  038  036  018  016  017  023  020  018  018 
 039  030  024  054  052  014  012  041  032  016  016  013  015  016  020  029 

Celda37

 006  004  004  000  000  000  000  000  000  000  000  000  000  002  008  008 
 004  006  009  009  005  000  000  000  000  000  000  000  000  003  004  002 
 000  000  004  008  010  011  008  002  000  000  000  000  000  000  000  000 
 000  000  000  003  011  016  014  008  004  002  000  000  000  000  000  006 
 002  000  004  008  008  007  007  010  014  015  014  010  004  000  000  010 
 006  011  017  006  000  000  000  002  007  007  010  011  008  008  012  012 
 010  021  016  000  000  000  000  000  000  000  000  000  000  008  013  009 
 010  022  008  000  000  000  002  000  000  000  000  000  000  008  014  014 
 010  018  000  000  000  001  002  000  000  000  000  000  007  009  008  012 
 012  012  000  000  000  000  000  002  000  000  000  003  007  000  000  009 
 010  006  000  000  000  000  000  002  000  000  000  008  006  000  002  016 
 004  008  000  000  000  000  000  000  000  000  000  009  005  000  010  022 
 000  011  008  000  000  000  000  000  000  000  000  006  004  004  014  022 
 000  008  008  000  000  000  000  000  000  000  000  001  003  007  010  015 
 020  014  007  001  000  000  000  000  000  006  009  004  000  004  004  008 
 032  034  034  029  018  004  000  000  008  023  018  012  001  000  003  006 

Celda38

 006  000  000  000  000  000  000  000  000  014  036  047  029  000  024  023 
 000  000  000  000  000  002  007  014  018  015  014  023  030  016  000  017 
 000  000  004  012  000  001  007  014  022  024  024  032  044  048  036  012 
 000  000  011  023  007  000  000  002  002  012  023  035  048  058  059  052 
 000  000  013  024  008  000  000  005  008  002  000  000  014  031  048  066 
 002  004  012  014  008  000  000  002  014  006  000  000  000  005  028  051 
 006  012  012  007  006  000  000  000  010  008  000  000  010  000  005  024 
 017  022  016  010  005  000  002  002  002  005  000  000  012  009  009  014 
 025  027  020  015  008  003  004  006  004  001  002  007  008  006  007  006 
 021  011  004  004  002  000  000  000  000  003  011  014  012  006  005  002 
 011  000  000  000  000  000  000  000  004  014  015  010  008  010  011  012 
 010  000  000  000  000  000  000  006  023  026  019  013  011  010  007  000 
 016  000  000  000  000  000  000  015  019  016  013  013  009  006  002  000 
 019  008  000  000  000  000  002  010  012  014  006  002  002  002  002  000 
 017  010  000  000  000  004  004  003  008  016  012  000  001  000  000  000 
 012  009  000  000  000  012  008  002  008  013  012  004  000  000  000  000 

Celda39

 018  018  012  007  010  008  000  000  000  000  000  000  000  024  072  000 
 026  024  013  008  013  012  000  000  000  000  000  000  000  023  073  000 
 014  020  014  010  018  020  005  000  000  000  000  000  000  029  079  005 
 033  000  002  012  025  028  009  000  000  000  000  000  000  038  087  007 
 070  047  006  003  027  027  010  000  003  006  002  000  000  043  086  002 
 066  064  048  026  012  013  008  011  014  010  006  003  002  044  084  000 
 020  034  052  056  044  022  000  006  016  016  009  006  010  051  086  000 
 000  000  024  040  048  054  046  022  004  015  011  011  018  056  088  000 
 000  000  008  021  031  046  059  058  039  012  006  016  021  056  090  000 
 000  002  010  017  022  034  042  060  068  059  034  012  012  052  094  000 
 010  007  006  012  022  029  023  037  056  065  058  034  004  042  098  000 
 000  000  000  000  015  018  013  018  028  037  046  050  044  057  107  008 
 000  000  002  006  011  015  014  007  004  010  024  038  052  071  122  036 
 000  002  000  003  016  022  008  000  000  007  019  031  044  067  109  040 
 000  000  000  000  020  028  014  012  023  030  034  040  043  052  081  026 
 000  010  018  026  040  036  026  025  027  021  016  016  013  022  060  016 

Celda40

 002  007  021  037  059  034  020  016  037  035  020  008  012  025  011  000 
 003  007  014  028  033  011  003  007  043  027  018  014  025  025  006  000 
 001  000  000  006  010  000  000  010  030  000  000  000  019  014  004  000 
 000  000  000  000  005  000  000  022  025  000  000  000  018  006  000  000 
 000  000  000  000  000  000  006  028  010  000  000  000  018  005  000  000 
 000  000  000  000  000  000  032  036  005  000  000  002  015  006  000  000 
 000  000  000  000  000  010  043  030  010  010  006  000  014  008  000  002 
 000  000  000  000  000  024  038  017  000  004  004  004  019  009  000  000 
 000  000  000  000  016  044  043  016  000  000  000  000  018  004  000  000 
 000  000  000  000  036  058  046  014  000  000  000  000  022  008  000  002 
 000  000  000  000  045  058  046  016  000  000  000  000  027  012  000  014 
 000  000  000  006  045  042  041  023  000  000  000  015  035  021  027  040 
 006  016  034  041  052  024  030  024  000  000  011  037  028  027  041  034 
 009  022  046  051  033  011  010  012  000  000  022  013  001  022  028  010 
 003  007  012  008  001  000  000  000  001  014  020  000  000  020  024  007 
 000  000  000  000  000  000  000  000  000  018  017  000  000  014  016  011 

Celda41

 004  002  002  004  011  030  029  014  010  008  006  004  000  002  022  045 
 005  002  000  000  012  020  007  000  000  000  000  002  000  000  019  050 
 000  001  000  004  014  011  000  000  000  004  001  000  000  000  003  040 
 002  000  002  008  010  009  000  006  014  018  011  004  003  002  000  015 
 008  014  009  004  008  010  004  011  018  018  014  011  011  014  016  006 
 010  007  004  000  011  010  008  016  008  008  010  016  024  034  036  029 
 010  000  000  000  014  010  008  016  000  000  004  018  036  046  039  026 
 010  000  000  000  014  010  005  012  000  000  000  016  033  037  030  023 
 008  000  000  002  012  008  002  007  000  000  004  023  028  023  026  026 
 010  006  006  011  015  015  017  018  006  001  013  035  019  016  020  018 
 026  025  024  021  023  030  035  020  005  002  026  026  010  007  008  011 
 035  030  026  020  022  027  011  000  000  002  023  009  006  006  006  016 
 018  013  006  000  004  004  000  000  000  020  022  006  004  012  016  024 
 003  008  000  000  004  000  000  000  021  042  014  004  006  001  014  023 
 006  011  000  000  002  000  000  024  085  056  010  000  012  000  000  004 
 016  018  004  000  000  000  015  086  094  021  002  003  023  004  000  000 

Celda42

 066  044  004  000  000  013  033  024  018  016  004  000  000  020  058  044 
 066  048  015  000  000  022  036  020  005  000  000  000  003  037  046  022 
 064  063  034  000  000  026  026  003  000  000  000  007  036  049  039  021 
 058  085  058  005  003  027  009  000  004  010  015  033  052  045  028  020 
 040  090  075  014  009  028  000  000  029  038  018  029  042  028  013  010 
 033  071  068  018  016  034  010  017  051  032  010  018  023  018  010  006 
 025  053  044  010  022  048  036  040  049  026  014  013  010  015  016  004 
 014  028  022  002  030  064  053  045  038  018  012  012  006  008  014  001 
 009  008  012  013  061  102  074  038  024  014  012  013  010  001  006  000 
 005  000  018  048  104  123  074  024  012  022  020  003  002  002  002  000 
 014  016  043  066  101  103  044  010  015  038  021  000  000  001  002  003 
 028  028  031  042  080  080  020  000  016  042  013  000  000  000  000  008 
 032  019  000  032  076  076  021  000  028  037  005  006  002  000  002  020 
 024  014  000  021  068  078  030  003  033  043  014  004  010  006  005  023 
 008  014  008  002  060  086  033  000  037  054  026  006  010  010  016  021 
 000  001  006  000  061  089  024  000  042  066  038  006  000  003  019  014 

Celda43

 018  010  004  000  000  014  010  000  000  000  000  004  008  014  024  033 
 006  012  012  012  010  010  004  000  000  010  017  016  014  015  020  024 
 006  015  022  030  032  026  014  012  022  031  028  020  016  016  014  014 
 010  010  018  026  029  023  014  012  022  018  010  004  008  012  012  013 
 004  000  000  000  000  000  004  005  007  000  000  000  006  000  008  014 
 000  000  000  000  000  000  006  010  004  000  000  000  010  004  010  015 
 000  000  000  000  001  003  006  008  006  001  002  006  017  023  030  024 
 000  000  000  011  010  006  002  000  000  000  007  014  025  039  041  030 
 000  002  009  004  001  000  002  000  000  000  014  024  026  039  036  025 
 004  010  004  000  003  007  006  004  000  006  028  025  016  023  026  019 
 014  009  004  000  005  016  004  004  005  018  029  011  004  011  027  020 
 019  007  006  010  008  016  001  000  006  013  008  000  000  018  033  014 
 015  000  000  006  004  006  002  000  000  000  000  000  005  020  023  001 
 010  000  000  000  000  000  002  000  000  000  000  000  014  022  015  000 
 000  000  000  000  000  000  004  000  005  008  004  000  012  022  012  000 
 002  000  000  000  000  004  012  011  019  016  014  007  005  018  006  000 

Celda44

 034  025  008  027  044  032  034  037  020  006  006  004  005  016  018  020 
 020  014  008  000  026  044  055  044  015  000  000  000  010  022  015  005 
 012  014  016  012  004  040  060  050  020  000  002  013  026  024  009  001 
 018  025  030  033  030  031  046  052  030  004  007  027  030  012  002  007 
 020  027  032  039  044  034  024  047  044  021  024  032  021  005  003  019 
 018  020  022  027  035  034  015  028  058  040  032  027  012  006  014  030 
 026  027  024  022  024  026  017  000  056  064  035  016  004  006  019  029 
 032  037  036  032  027  024  023  007  035  075  054  011  000  004  020  028 
 023  026  028  030  030  028  028  019  004  060  060  032  006  003  018  026 
 008  002  002  010  018  020  021  022  017  029  043  044  026  014  019  016 
 000  000  000  006  001  004  006  014  022  025  007  027  044  038  022  002 
 000  000  000  012  001  000  000  002  008  018  006  000  052  062  020  000 
 000  000  007  012  000  000  002  002  000  017  012  000  038  071  021  000 
 000  000  024  017  003  000  003  006  003  020  010  015  008  056  029  004 
 000  002  035  013  006  006  010  012  006  017  000  011  004  026  038  042 
 000  021  032  011  010  016  021  018  005  005  000  000  008  000  036  068 

Celda45

 023  026  028  026  019  014  016  018  027  034  016  010  000  000  004  006 
 007  007  004  001  005  015  027  036  043  041  020  015  012  007  001  004 
 002  000  000  000  000  016  028  034  036  029  021  024  030  033  026  016 
 010  012  010  006  008  017  022  020  017  014  014  020  028  035  035  032 
 024  026  028  022  017  020  014  015  016  014  014  015  016  014  012  014 
 032  024  024  020  017  016  013  019  023  020  016  012  005  000  000  000 
 030  013  011  010  012  010  013  023  018  015  006  000  000  000  000  000 
 025  000  000  006  008  003  005  010  000  000  000  000  000  000  000  023 
 020  000  000  000  000  000  003  004  000  000  000  000  000  011  040  050 
 005  000  000  000  000  000  000  000  000  000  000  010  026  063  064  041 
 000  000  000  000  000  000  004  002  012  024  024  021  039  063  039  017 
 000  000  000  000  004  022  035  046  045  028  009  000  030  040  012  007 
 000  014  024  038  050  051  049  044  016  000  000  000  037  031  008  009 
 028  054  055  058  048  030  019  007  000  000  000  028  050  028  011  010 
 061  062  053  043  014  000  000  000  000  000  011  047  041  016  008  004 
 064  043  037  019  000  000  000  000  000  002  017  034  014  003  006  001 

Celda46

 006  005  000  000  000  008  010  005  007  014  016  006  000  000  000  000 
 000  000  002  000  000  000  008  008  006  016  023  008  000  000  000  004 
 008  004  004  000  000  000  012  012  008  017  024  009  000  000  004  012 
 033  034  030  020  012  015  032  015  000  012  020  010  000  000  000  005 
 021  027  030  032  036  038  029  004  000  005  022  014  002  000  001  004 
 003  002  011  024  040  042  031  022  020  018  024  008  000  000  002  003 
 010  014  018  022  019  020  025  038  056  062  046  022  007  002  000  000 
 039  037  023  008  000  000  000  023  042  050  048  045  044  040  030  021 
 045  028  012  002  000  000  006  017  018  014  026  034  037  038  040  041 
 021  005  000  000  006  010  009  014  020  012  006  008  014  020  024  024 
 004  000  000  000  016  022  018  012  024  019  002  006  015  018  011  004 
 000  000  000  019  041  038  038  036  039  020  004  010  021  012  004  008 
 011  014  020  050  060  043  036  041  039  022  006  000  004  000  002  030 
 016  026  040  055  046  021  011  021  026  023  000  000  004  007  030  054 
 010  020  036  031  014  006  000  008  004  000  000  000  018  040  055  030 
 004  006  018  006  000  000  000  002  000  000  000  000  046  056  035  002 

Celda47

 007  034  033  030  028  019  016  016  006  000  000  000  000  020  063  016 
 024  036  017  002  002  000  013  018  003  000  000  000  000  036  068  010 
 021  016  010  004  000  000  010  016  000  000  000  009  020  044  063  003 
 004  006  014  015  006  000  000  006  000  000  010  033  026  042  063  008 
 001  008  030  028  006  000  000  000  008  016  039  042  030  051  072  022 
 005  021  033  013  000  000  004  020  036  039  039  038  039  058  067  023 
 008  025  030  010  000  002  035  049  045  035  030  032  035  043  044  009 
 018  008  012  015  016  029  045  036  025  021  021  023  025  031  030  000 
 034  017  000  021  036  036  024  011  002  003  010  017  020  030  031  000 
 017  018  034  072  073  043  016  006  004  008  010  013  016  026  032  000 
 006  023  069  090  070  042  028  016  004  007  010  010  008  022  037  000 
 026  062  081  065  038  032  034  030  022  014  010  001  000  018  043  000 
 062  069  059  035  020  023  024  020  017  017  023  024  020  013  041  000 
 048  032  022  010  008  016  012  009  004  005  025  026  026  020  044  007 
 000  007  012  002  004  011  000  000  000  004  022  006  000  002  037  009 
 000  004  020  007  000  006  000  000  000  002  022  002  000  004  036  000 

Celda48

 000  000  000  000  005  012  006  010  012  024  013  001  006  018  019  027 
 000  000  004  008  023  027  019  032  045  045  031  024  031  037  039  052 
 002  004  009  008  007  017  024  040  041  032  025  024  031  035  033  033 
 001  002  002  000  000  017  034  034  015  010  006  000  006  012  007  008 
 001  003  008  012  008  012  037  034  009  000  000  000  004  013  000  000 
 003  007  014  019  016  004  028  030  016  002  000  000  000  016  000  000 
 001  002  002  002  005  006  011  020  020  016  000  000  002  025  016  012 
 000  000  000  000  000  004  008  006  018  021  000  004  020  041  025  016 
 000  000  000  000  000  003  003  013  026  027  013  017  028  033  016  014 
 000  000  000  000  000  008  010  020  030  034  026  019  015  008  003  002 
 000  000  000  000  000  010  028  033  032  031  019  009  004  000  001  009 
 000  000  000  002  006  024  043  037  027  021  010  004  004  002  008  025 
 001  002  006  009  010  026  038  023  010  010  013  011  013  012  022  039 
 001  002  006  008  007  020  027  012  006  014  021  016  016  013  018  033 
 002  004  007  008  008  022  024  004  003  020  028  010  002  004  008  025 
 003  007  012  014  014  021  014  000  000  020  030  012  000  000  007  024 

Celda49

 034  020  000  000  000  000  038  074  037  000  002  017  024  002  000  000 
 044  012  000  000  000  018  033  028  014  000  006  008  000  000  000  000 
 010  000  000  000  011  019  012  007  012  016  004  000  000  000  000  000 
 000  000  000  010  016  010  002  000  010  021  009  000  000  004  000  000 
 000  000  003  018  016  012  007  008  013  012  008  004  011  016  009  000 
 000  000  019  023  017  025  028  030  033  023  013  015  005  000  000  000 
 010  008  029  027  026  031  019  017  016  003  000  004  000  000  000  000 
 014  014  033  037  037  023  000  011  012  000  000  000  000  000  010  018 
 022  030  049  050  044  019  008  000  006  000  000  000  008  010  020  022 
 020  042  051  041  030  014  022  027  016  006  006  011  017  017  005  003 
 020  033  033  022  011  007  014  024  020  012  008  008  009  007  000  000 
 027  020  020  016  014  006  013  006  008  010  010  006  000  000  000  000 
 031  015  018  018  013  012  011  001  009  018  018  010  000  000  000  000 
 025  014  017  018  004  010  008  003  008  015  015  009  000  000  000  002 
 021  012  011  009  006  004  010  005  000  000  000  002  002  002  004  006 
 025  014  008  000  008  008  007  002  000  000  000  000  003  007  006  006 

Celda50

 000  000  000  002  067  084  013  000  044  069  043  002  000  000  014  000 
 000  000  000  000  062  080  011  000  045  064  036  000  000  009  007  000 
 000  000  000  000  055  078  017  002  048  052  019  000  008  018  004  000 
 000  000  000  000  050  074  023  013  050  041  010  008  022  017  001  000 
 000  000  000  000  046  066  026  022  051  038  017  018  017  008  000  000 
 000  002  002  000  039  059  028  032  054  039  022  018  010  006  000  000 
 000  005  013  012  029  052  034  042  060  037  018  020  023  031  024  026 
 014  012  020  024  028  050  044  053  058  030  016  036  045  038  027  030 
 016  013  018  022  018  049  045  046  049  026  022  045  040  022  010  004 
 005  012  018  023  023  043  035  043  048  026  030  048  032  012  004  000 
 000  012  016  018  020  028  028  044  051  030  034  047  024  008  000  000 
 000  006  006  008  008  011  032  063  060  027  034  043  011  000  000  000 
 000  000  002  006  002  006  046  080  059  018  031  040  003  000  000  000 
 000  000  000  004  004  010  050  067  037  006  021  031  004  000  006  018 
 006  004  001  000  000  004  041  058  038  012  022  018  004  006  017  027 
 010  010  004  000  000  000  033  054  044  030  024  016  004  014  023  031 

Celda51

 000  000  000  002  010  019  016  010  013  002  001  001  000  014  000  000 
 000  000  006  010  024  021  004  000  003  000  000  000  000  008  000  000 
 000  000  001  010  024  009  000  000  000  000  000  000  000  001  000  004 
 000  000  000  009  013  000  000  000  000  000  000  000  000  000  000  020 
 000  000  006  008  002  000  000  000  000  000  000  000  000  000  003  024 
 000  006  017  002  000  000  000  000  000  000  001  002  000  000  011  023 
 029  047  049  030  028  028  016  000  000  015  001  000  000  000  042  053 
 031  037  036  024  028  025  010  000  000  022  000  000  000  032  069  060 
 001  006  016  000  000  000  000  000  000  011  000  000  011  070  068  040 
 000  000  016  000  000  000  000  002  020  012  002  012  056  079  053  020 
 000  000  010  000  000  000  000  050  050  040  025  032  061  063  035  007 
 000  000  006  000  000  011  054  084  048  034  023  035  049  039  016  002 
 003  011  020  018  021  028  070  065  014  012  024  050  044  019  009  006 
 027  034  034  018  012  022  050  020  000  006  036  060  034  013  000  016 
 038  036  024  006  000  016  023  000  000  014  054  035  016  008  006  019 
 038  024  016  009  010  019  000  000  010  042  039  008  000  002  013  027 

Celda52

 000  029  027  013  009  008  006  002  000  000  008  004  021  022  031  064 
 011  031  022  008  000  000  000  000  000  001  035  030  043  048  040  039 
 021  018  008  000  000  000  000  000  000  031  066  052  046  050  050  030 
 021  003  000  000  000  000  000  002  020  043  054  032  021  029  036  030 
 013  000  000  000  003  010  016  022  026  022  023  016  004  012  018  020 
 008  002  017  025  024  014  008  010  008  000  015  022  008  006  003  006 
 043  041  039  027  010  000  000  003  000  000  014  026  007  000  000  000 
 043  025  012  004  004  006  004  003  000  000  010  026  007  000  000  000 
 016  000  000  002  012  022  022  012  002  000  000  020  008  000  000  000 
 000  000  000  016  025  014  009  000  000  000  000  014  008  000  000  000 
 000  000  000  022  012  000  000  000  000  000  000  011  007  000  000  000 
 006  008  009  020  000  000  000  000  000  000  000  007  010  000  002  000 
 010  019  016  014  000  000  000  000  000  004  006  002  014  014  017  016 
 012  012  014  006  000  003  008  008  008  019  030  025  022  024  014  018 
 017  001  004  000  000  000  000  008  017  025  028  020  006  017  005  014 
 016  000  000  000  000  000  000  012  016  018  009  005  003  022  024  018 

Celda53

 066  046  034  006  000  000  000  000  000  000  016  018  006  006  011  003 
 046  050  047  014  000  010  014  003  000  007  012  012  004  006  009  000 
 010  038  052  033  012  008  006  000  000  007  018  014  000  000  006  000 
 008  010  040  054  042  004  000  000  000  004  021  016  000  000  002  000 
 014  000  018  056  062  014  000  000  001  004  022  016  000  000  000  000 
 013  016  008  034  060  032  000  002  005  000  016  017  000  008  006  000 
 000  012  014  002  036  046  024  007  000  000  004  020  004  000  000  000 
 000  000  002  000  002  036  042  024  002  000  000  018  014  000  000  000 
 000  000  000  000  000  008  034  034  008  000  000  010  022  004  000  000 
 006  004  000  000  000  000  011  024  008  000  000  004  028  026  006  000 
 008  010  004  000  000  004  000  000  000  000  000  002  024  034  024  007 
 006  013  005  000  004  015  016  002  000  004  010  002  012  028  034  024 
 014  022  010  004  008  008  016  014  000  000  016  010  010  024  036  032 
 016  027  016  010  003  008  011  020  022  010  015  025  038  050  049  033 
 017  034  025  020  016  022  014  020  032  038  029  036  039  046  046  028 
 018  035  027  025  026  023  012  012  024  038  040  025  022  038  032  000 

Celda54

 000  000  012  000  000  000  000  000  000  000  000  045  065  034  022  008 
 000  000  013  006  000  000  000  000  000  000  035  065  045  012  002  008 
 000  000  013  008  000  000  000  000  004  032  046  047  020  004  000  000 
 000  000  004  006  000  000  000  014  032  023  021  026  005  000  000  000 
 000  000  000  007  013  000  014  019  005  000  010  014  000  000  000  000 
 000  000  000  021  039  032  010  000  000  002  000  000  000  000  000  000 
 000  000  003  047  047  011  000  000  000  011  003  008  012  030  045  042 
 000  000  029  042  022  000  000  000  012  027  023  028  036  036  025  002 
 000  009  042  036  005  000  000  006  022  025  016  009  002  000  000  000 
 002  023  042  025  006  006  015  020  019  014  010  001  000  000  000  000 
 002  018  026  008  000  004  016  010  005  000  000  000  000  000  000  000 
 011  014  015  004  002  012  011  000  000  000  000  005  000  000  000  000 
 018  010  005  004  010  010  000  000  000  000  002  014  000  000  000  000 
 014  004  000  006  014  004  000  000  000  000  003  015  000  000  010  018 
 000  000  000  008  015  005  000  000  000  000  000  013  004  017  036  029 
 000  000  000  016  019  010  003  000  000  002  007  019  016  025  027  006 

Celda55

 000  007  024  010  000  000  000  000  000  000  014  000  000  014  044  000 
 006  014  025  003  000  000  000  000  008  014  004  000  000  014  048  000 
 010  025  018  000  000  002  005  006  011  013  008  002  002  013  047  000 
 002  018  018  008  008  004  004  000  000  000  000  000  000  021  065  020 
 004  012  010  008  017  017  000  000  000  000  000  000  005  040  071  017 
 010  014  005  000  006  018  004  000  000  000  000  003  012  042  060  000 
 030  015  000  000  000  003  000  000  000  000  000  014  008  031  060  000 
 000  000  000  000  000  000  000  000  000  000  002  019  010  030  062  000 
 000  000  000  000  000  000  000  000  000  000  000  019  021  045  080  016 
 000  000  000  000  000  000  008  018  019  015  011  015  020  052  076  000 
 000  000  000  002  015  033  044  024  014  009  012  024  020  042  076  000 
 000  000  007  030  038  035  029  013  008  004  009  030  027  050  078  005 
 000  011  027  033  019  004  004  000  000  000  009  022  012  034  067  006 
 022  024  023  014  000  000  002  000  000  000  006  014  010  030  060  000 
 014  002  006  002  000  000  002  000  000  000  000  010  011  032  063  000 
 000  000  000  000  000  000  002  000  000  000  002  016  012  030  064  000 

Celda56

 002  006  012  016  013  003  002  000  000  020  028  010  000  000  013  019 
 001  002  004  006  002  000  000  000  005  022  024  008  000  009  014  007 
 000  000  000  000  000  000  000  012  026  038  028  004  001  015  008  000 
 000  000  000  000  000  002  022  038  047  045  022  004  002  016  006  004 
 000  000  000  000  000  015  034  042  045  031  010  001  002  019  016  014 
 000  000  000  000  007  026  027  026  022  006  000  000  008  027  027  022 
 000  000  002  008  021  026  016  012  012  003  000  002  021  032  033  023 
 001  002  008  013  020  016  008  004  002  002  008  018  026  027  031  021 
 003  008  017  020  015  014  011  006  000  000  018  026  015  010  020  014 
 002  006  014  018  016  017  015  010  004  000  020  023  010  010  020  015 
 000  000  000  002  006  009  010  007  002  000  019  016  008  012  016  009 
 000  000  000  000  000  002  006  000  000  000  016  016  008  010  008  000 
 000  000  000  000  000  000  006  000  000  000  010  018  010  002  000  000 
 002  005  011  015  019  020  020  016  021  030  039  043  032  020  019  018 
 007  018  038  048  054  052  050  052  058  065  073  073  064  058  061  064 
 000  000  000  000  004  001  000  000  000  000  005  006  003  000  000  000 

Celda57

 022  014  000  000  010  015  000  000  000  000  000  000  000  004  000  000 
 016  018  000  000  008  010  000  000  000  000  000  000  000  000  000  000 
 008  016  004  000  004  006  000  000  000  000  002  000  000  000  000  002 
 005  006  000  000  002  004  000  000  000  004  008  008  004  000  000  002 
 018  010  000  000  005  004  000  000  006  015  009  017  021  016  004  000 
 017  014  012  010  015  008  004  003  011  021  016  016  020  020  018  010 
 012  011  014  012  004  000  000  003  012  020  012  000  002  010  020  024 
 012  014  015  009  000  000  001  001  012  015  004  000  000  004  018  024 
 006  012  010  002  000  000  008  013  020  014  000  000  000  000  005  008 
 003  000  000  000  000  009  024  025  022  008  003  002  000  000  000  000 
 002  000  000  000  004  017  027  022  010  001  000  002  000  000  000  000 
 000  000  000  000  005  013  018  011  002  000  000  000  000  000  000  000 
 000  000  013  015  010  007  010  008  002  002  002  000  000  000  000  000 
 022  034  052  057  043  030  021  023  026  024  028  030  031  030  028  032 
 068  077  087  085  064  054  048  054  056  047  050  056  060  062  065  070 
 002  008  018  020  004  000  000  009  011  002  000  000  000  000  000  000 

Celda58

 002  004  002  000  000  000  032  055  045  034  032  017  007  019  026  028 
 001  000  000  000  000  000  028  054  040  032  040  028  010  015  023  020 
 000  000  000  000  000  000  014  044  040  038  050  036  016  022  021  016 
 000  000  000  000  000  000  000  030  040  050  062  040  018  027  028  017 
 000  000  000  000  001  006  014  039  036  050  069  042  017  028  034  020 
 004  001  002  000  000  000  019  048  025  032  068  050  020  026  035  023 
 020  015  010  004  000  000  024  035  000  006  064  063  030  026  031  024 
 024  021  018  010  000  000  030  030  000  000  062  074  040  028  028  022 
 010  014  015  012  003  000  025  028  000  000  060  076  047  033  030  019 
 000  000  000  002  004  002  013  026  000  000  052  072  051  038  031  011 
 000  000  000  000  000  000  002  028  000  000  040  070  050  036  026  004 
 000  000  000  000  000  000  000  031  003  000  031  071  048  024  018  004 
 000  000  000  000  000  000  000  032  013  000  023  074  051  014  008  002 
 039  045  046  044  046  054  056  074  066  050  066  113  091  046  033  028 
 077  084  088  088  091  102  113  126  121  101  113  149  123  077  068  067 
 000  000  000  000  000  000  000  010  016  000  009  048  040  007  000  000 

Celda59

 025  007  011  020  027  014  000  000  036  052  017  000  001  007  012  010 
 018  000  002  013  016  008  001  006  054  052  014  001  010  012  003  000 
 013  001  000  000  000  000  008  025  059  044  015  004  006  002  000  000 
 010  002  000  000  000  000  010  028  034  023  013  000  000  000  000  000 
 008  002  000  000  000  000  010  014  006  012  010  000  000  000  000  000 
 010  000  000  000  000  012  022  008  000  000  006  000  000  000  004  024 
 013  000  000  000  008  037  025  007  002  000  000  000  000  000  028  034 
 012  000  000  002  023  027  006  000  000  000  000  000  002  022  024  006 
 004  000  000  000  008  012  004  000  000  000  000  000  006  027  020  001 
 000  002  005  000  000  000  006  001  000  000  000  000  006  016  009  002 
 000  012  018  000  000  000  006  004  000  000  000  000  010  008  000  000 
 002  020  023  004  000  000  002  000  000  000  000  000  018  012  000  000 
 004  020  024  006  000  000  000  000  000  000  000  004  029  028  011  008 
 024  032  033  019  012  012  015  020  028  036  041  045  061  053  032  031 
 067  070  071  059  051  056  064  072  072  069  067  067  076  069  052  054 
 000  003  011  008  000  000  004  006  003  000  000  000  011  012  000  000 

Celda60

 000  000  000  000  000  000  009  021  005  002  004  009  012  029  034  016 
 000  000  000  000  000  016  026  012  000  000  010  018  014  017  026  000 
 000  000  000  006  012  028  020  000  000  000  003  010  008  003  022  000 
 000  004  007  014  010  010  010  000  000  000  000  000  006  002  009  000 
 018  025  010  001  000  002  005  000  000  000  000  000  000  000  000  000 
 032  011  000  000  000  000  000  000  000  000  000  001  000  000  000  000 
 016  000  000  000  000  000  000  000  000  000  000  000  000  000  000  001 
 000  001  004  001  000  000  000  000  000  000  000  000  000  000  001  014 
 000  000  001  000  000  000  000  000  000  000  000  000  004  012  017  017 
 000  000  000  000  000  000  004  010  014  015  013  010  015  018  011  002 
 000  000  000  000  002  016  021  028  028  024  019  012  011  006  000  000 
 000  000  000  000  010  022  020  015  012  008  006  006  002  000  000  000 
 006  006  008  008  010  015  006  000  000  000  000  000  000  000  000  000 
 032  036  040  040  036  040  030  023  020  020  020  019  020  025  035  050 
 057  062  065  062  062  066  059  056  057  060  064  066  068  075  088  096 
 000  004  006  000  000  005  001  000  000  000  000  000  000  006  011  011 

Celda61

 014  023  017  010  009  000  000  000  006  016  025  023  000  028  038  000 
 000  008  012  000  000  000  000  000  000  000  000  000  000  002  023  000 
 000  000  012  000  000  000  000  000  000  000  000  000  000  000  000  000 
 000  000  012  000  000  000  000  000  002  000  000  000  000  006  012  006 
 000  000  009  000  000  000  000  002  000  000  000  000  006  019  024  026 
 000  000  004  006  002  016  020  016  010  002  002  024  036  023  017  024 
 004  002  000  016  008  011  008  004  007  019  044  058  037  012  008  015 
 023  023  012  011  000  000  000  008  022  047  068  051  027  015  014  015 
 020  018  008  000  000  000  018  040  050  063  059  030  021  019  020  016 
 000  000  000  000  000  028  046  045  044  046  028  010  006  010  016  018 
 000  000  008  022  033  049  034  016  021  019  000  000  002  014  024  024 
 000  006  023  036  034  028  005  004  020  020  000  000  012  035  036  028 
 012  032  032  027  019  007  002  000  014  017  005  002  022  034  022  014 
 064  069  058  044  042  038  042  049  056  047  037  041  050  047  027  027 
 094  089  079  068  071  074  079  087  087  080  074  079  080  069  052  055 
 007  008  008  000  000  000  004  008  004  000  000  008  013  007  000  000 

Celda62

 000  000  011  023  020  010  008  005  005  010  010  013  015  021  013  000 
 000  014  032  029  014  010  012  010  004  008  006  007  024  029  008  000 
 014  042  042  022  011  013  015  010  002  001  002  008  029  019  000  000 
 020  048  040  018  016  019  014  006  000  000  000  008  022  010  000  000 
 019  030  040  034  018  009  004  000  000  000  000  010  016  006  000  000 
 027  016  028  040  026  009  002  000  000  000  001  009  012  006  004  008 
 025  028  019  022  019  014  010  000  000  002  009  013  007  004  010  014 
 013  016  018  004  002  014  022  010  000  006  020  020  008  005  011  014 
 006  002  008  014  006  004  028  026  006  008  017  014  004  007  015  016 
 012  005  009  015  018  006  017  031  018  006  010  016  010  009  020  022 
 026  020  016  010  015  016  006  022  020  010  013  020  013  011  019  021 
 025  023  015  006  009  020  028  031  006  004  026  030  011  008  025  022 
 012  015  018  017  018  023  029  028  024  020  048  051  027  020  023  026 
 034  044  056  061  061  058  054  054  064  076  090  079  063  062  060  052 
 064  075  082  086  088  085  082  086  099  103  098  089  087  087  080  076 
 000  005  004  000  000  000  000  006  013  006  000  001  017  021  001  000 

Celda63

 000  000  000  000  000  000  004  001  000  004  016  024  009  032  071  006 
 000  000  000  000  006  008  002  006  013  013  014  006  000  033  077  009 
 000  000  000  000  000  000  000  011  018  008  000  000  000  044  085  011 
 000  000  002  000  000  000  000  010  015  000  000  000  004  054  088  005 
 007  016  010  004  000  002  001  005  015  002  000  000  010  056  085  000 
 023  023  012  012  011  011  007  006  014  009  012  023  024  050  078  000 
 015  006  000  007  012  009  010  013  015  011  020  028  022  036  068  000 
 012  004  000  006  014  016  019  021  018  014  019  017  006  022  063  000 
 013  009  009  012  018  022  024  022  021  021  010  010  000  025  070  012 
 016  015  020  024  025  030  028  022  014  006  000  000  010  042  083  024 
 014  022  035  041  041  036  030  018  004  000  000  002  022  058  080  012 
 026  047  056  050  039  027  016  006  004  010  020  038  042  056  064  000 
 030  043  044  035  018  006  000  000  016  035  051  053  035  041  058  000 
 045  040  039  037  022  014  012  026  052  064  062  052  043  045  069  022 
 062  061  064  057  036  037  043  060  077  066  053  050  050  049  070  032 
 000  015  035  029  000  000  000  012  019  006  000  000  000  000  027  000 

