Celda0

 000  000  000  000  001  002  001  001  000  000  000  000  000  000  000  000 
 000  000  000  000  002  006  004  002  000  000  000  000  000  000  000  000 
 000  000  000  000  004  013  010  001  000  000  000  000  000  000  000  000 
 000  000  000  000  008  018  012  000  002  006  000  000  000  000  000  000 
 002  002  000  000  014  019  009  000  006  014  004  003  003  006  009  012 
 004  007  008  001  016  021  006  000  010  016  000  000  004  008  005  001 
 001  004  012  014  021  033  020  014  019  009  000  000  010  011  006  001 
 000  001  010  018  017  032  019  008  007  000  000  003  015  011  006  003 
 000  000  004  012  008  018  016  000  000  000  000  006  016  008  000  000 
 000  000  000  003  006  000  016  005  000  000  006  014  014  006  000  000 
 000  000  000  000  011  010  006  012  005  013  024  019  013  004  002  007 
 000  000  000  000  018  024  011  014  012  023  028  010  007  006  008  008 
 000  000  000  003  028  018  018  003  020  022  016  000  000  000  000  000 
 000  000  000  000  037  000  011  004  018  025  012  000  000  002  000  000 
 002  004  008  002  030  012  006  014  002  024  016  000  000  000  003  000 
 001  002  004  000  020  021  007  024  018  012  020  004  002  005  013  009 

Celda1

 004  004  002  003  002  000  000  000  001  001  000  000  000  000  000  000 
 009  009  005  006  004  000  000  000  002  002  000  000  000  000  000  000 
 018  017  010  013  007  000  000  000  000  002  000  000  000  000  000  003 
 023  020  012  016  006  000  000  000  000  000  000  001  000  000  000  012 
 036  034  024  021  002  000  000  009  016  015  007  000  001  000  000  014 
 030  033  013  004  000  000  000  016  014  020  024  018  008  003  000  007 
 032  032  004  000  000  000  005  016  007  006  014  018  018  014  011  006 
 028  032  004  002  004  004  014  019  009  003  005  008  013  015  014  014 
 022  030  010  002  000  000  018  022  011  006  005  004  004  006  010  014 
 025  026  011  002  000  000  024  019  003  000  000  000  002  006  012  024 
 034  029  017  005  000  000  029  017  000  000  000  000  009  015  020  038 
 024  021  017  007  006  006  024  013  000  000  000  005  016  012  016  034 
 015  022  016  000  000  002  022  010  000  003  004  004  004  001  012  019 
 010  024  018  000  000  004  024  012  003  005  005  001  000  007  014  008 
 008  020  018  000  000  010  025  007  000  003  004  000  003  015  014  000 
 011  022  019  001  000  010  027  007  002  002  009  008  011  018  012  000 

Celda2

 000  000  003  003  000  000  000  000  001  001  000  000  000  000  000  001 
 000  000  005  006  000  000  000  000  002  002  000  000  000  000  000  002 
 000  000  003  005  000  000  000  000  004  002  002  000  000  000  000  005 
 010  000  000  000  000  000  000  001  002  001  002  000  000  000  000  005 
 020  005  002  004  000  007  015  012  006  000  002  000  000  004  020  016 
 020  014  001  007  020  031  021  012  008  006  002  000  000  005  018  005 
 015  013  007  001  011  012  004  000  002  005  004  000  000  012  017  000 
 021  016  012  005  004  001  000  001  002  000  000  000  000  014  018  000 
 024  027  031  018  002  004  003  008  008  004  000  000  000  015  020  004 
 030  030  027  012  004  004  011  007  011  010  005  002  006  021  022  006 
 033  020  005  000  000  000  016  009  004  004  004  006  012  026  027  014 
 021  016  011  008  009  009  018  005  000  000  000  010  020  028  031  019 
 002  004  012  020  022  016  010  000  000  000  006  016  032  034  028  011 
 000  000  001  010  020  020  014  010  011  014  018  031  042  032  016  006 
 000  000  002  001  011  022  023  022  020  021  030  040  039  018  010  006 
 000  000  002  008  002  010  016  018  016  021  034  035  020  006  000  002 

Celda3

 000  000  000  004  005  000  000  000  000  000  000  005  008  006  001  000 
 000  000  000  010  009  000  000  000  000  000  000  010  018  016  006  000 
 000  000  002  026  012  000  000  000  000  000  001  021  034  030  016  000 
 000  000  013  042  010  000  000  000  000  006  010  032  043  028  018  002 
 006  000  019  053  013  004  000  000  013  039  063  104  105  071  042  021 
 000  000  019  053  014  000  000  000  037  060  085  118  098  057  047  034 
 000  000  027  053  007  000  000  000  061  078  104  119  072  028  024  024 
 000  000  036  060  008  000  000  013  074  072  088  087  031  002  000  000 
 009  003  040  066  005  000  000  059  092  059  062  064  015  000  000  000 
 012  013  042  067  000  000  008  108  107  058  062  050  011  000  000  002 
 014  019  047  059  000  000  027  126  100  052  065  063  027  016  012  010 
 018  023  054  061  012  006  049  131  092  037  044  050  025  018  012  012 
 014  024  058  056  020  017  066  136  084  020  016  022  004  000  001  004 
 008  019  042  026  004  017  074  120  058  002  000  013  004  000  000  000 
 008  010  009  006  000  018  074  087  044  000  000  007  005  000  000  000 
 004  000  000  000  000  017  064  060  034  006  000  013  017  010  005  000 

Celda4

 002  002  000  000  000  000  001  001  000  000  000  000  001  002  000  000 
 002  004  000  000  000  000  001  002  002  000  000  000  003  006  000  000 
 000  006  001  000  000  000  000  004  005  000  000  000  008  014  000  000 
 000  003  004  000  000  000  000  002  006  000  000  000  010  018  000  000 
 016  016  017  016  021  018  016  012  008  002  006  012  020  027  014  016 
 026  022  019  024  026  016  009  008  006  000  000  000  010  015  006  000 
 024  023  018  015  012  006  006  008  006  000  000  002  012  007  000  000 
 002  006  007  000  002  000  006  012  008  001  000  012  018  007  000  000 
 000  000  000  000  000  002  013  013  010  010  011  013  014  012  016  020 
 000  000  002  002  008  017  019  009  012  020  022  013  012  015  012  026 
 013  009  002  004  010  012  002  000  001  012  016  018  017  013  001  007 
 020  022  009  004  009  000  000  000  001  000  000  006  015  014  005  000 
 010  020  022  006  004  000  000  001  010  002  000  002  008  004  010  007 
 002  006  017  014  000  000  006  017  024  016  008  000  010  011  000  006 
 001  004  000  006  008  000  013  025  017  010  016  010  000  011  004  000 
 000  004  000  000  002  000  007  030  026  004  010  017  011  000  000  000 

Celda5

 000  001  002  002  001  000  001  001  000  000  000  000  000  000  000  000 
 000  002  005  005  002  000  004  003  000  000  000  000  000  000  000  000 
 000  005  009  008  001  000  010  010  000  000  000  000  000  000  000  000 
 000  008  007  006  000  000  014  016  000  000  000  000  000  000  000  000 
 016  016  006  000  000  000  006  010  000  000  000  000  003  009  009  011 
 000  000  000  000  000  000  000  000  000  000  000  000  014  019  005  000 
 000  004  004  000  000  000  000  000  000  000  000  010  032  024  004  000 
 000  012  008  000  000  000  000  000  000  004  008  031  040  019  008  008 
 020  027  015  007  012  017  017  018  012  005  023  044  033  005  004  014 
 036  036  025  024  030  024  020  018  014  008  035  047  017  000  000  000 
 014  014  012  013  014  008  007  010  011  012  043  041  003  000  000  000 
 000  000  000  000  000  000  000  000  008  017  048  034  004  001  000  000 
 000  005  011  006  000  000  000  000  002  025  045  022  003  000  002  004 
 013  024  023  015  016  015  007  000  000  029  033  004  000  000  002  008 
 004  015  012  006  006  005  000  000  015  038  023  000  000  000  002  012 
 010  019  008  000  000  000  000  000  034  037  007  000  000  000  006  010 

Celda6

 000  001  003  002  000  000  000  000  000  000  000  000  001  000  002  003 
 001  004  006  004  000  000  000  000  000  000  000  000  003  002  003  004 
 004  009  012  006  000  000  000  000  000  000  000  000  007  008  002  002 
 008  010  008  003  000  000  000  000  000  000  000  000  008  010  000  000 
 017  010  000  000  007  005  000  000  004  010  018  027  029  019  009  008 
 006  002  000  000  013  006  000  005  004  000  007  018  024  020  018  024 
 005  006  004  009  015  000  000  010  012  000  000  009  005  006  008  012 
 013  019  012  016  013  004  001  017  018  003  002  008  000  000  000  004 
 018  011  000  002  000  004  005  015  012  000  002  004  000  000  000  011 
 002  000  000  002  002  000  000  004  008  002  000  002  000  000  003  022 
 000  000  004  004  001  000  000  000  004  004  002  004  000  000  006  016 
 004  006  004  006  002  000  000  000  003  004  006  008  000  000  004  013 
 009  007  002  000  001  000  000  000  004  007  010  008  000  000  001  006 
 012  012  010  008  010  012  011  006  009  016  012  002  000  000  001  000 
 017  019  015  013  015  020  024  024  021  022  010  001  000  000  006  002 
 008  005  000  000  000  006  016  022  018  010  002  000  003  007  016  006 

Celda7

 003  001  000  000  000  004  003  000  000  000  001  001  000  004  008  000 
 007  003  000  000  000  009  008  000  000  000  001  001  000  010  021  000 
 014  010  000  000  000  016  014  002  000  000  000  000  000  024  048  000 
 016  016  000  000  000  014  014  008  000  000  000  000  002  034  064  000 
 008  014  000  000  004  004  007  017  004  004  004  008  014  043  072  004 
 019  005  000  000  006  000  000  020  014  000  000  008  016  043  073  009 
 018  018  014  011  014  009  008  013  014  000  000  012  018  036  062  001 
 008  018  017  012  008  008  010  006  002  000  000  011  016  039  066  000 
 016  007  006  004  000  001  000  000  000  000  003  002  004  042  076  000 
 016  002  005  010  006  000  000  002  006  012  009  002  000  044  083  002 
 007  000  006  014  014  006  000  010  013  012  010  006  007  052  083  000 
 005  000  002  001  005  010  012  019  016  007  007  006  004  042  076  000 
 002  003  008  000  000  007  016  020  013  004  004  006  004  044  083  007 
 000  004  010  002  000  000  005  006  002  001  002  006  010  057  091  012 
 000  003  009  001  000  000  002  000  000  000  000  002  019  064  085  009 
 005  005  007  000  000  000  004  002  002  000  001  010  028  056  071  006 

Celda8

 000  000  000  000  014  025  023  020  026  008  018  012  000  005  016  011 
 000  000  000  000  014  024  032  011  016  009  004  018  005  005  013  008 
 000  000  000  000  012  018  034  022  008  015  004  016  014  008  014  014 
 000  000  001  002  011  016  031  026  000  020  024  004  016  016  020  018 
 000  000  000  000  010  016  024  020  010  010  026  014  009  030  026  008 
 001  002  000  000  007  016  018  016  021  012  014  019  005  034  028  000 
 003  005  004  000  006  015  014  020  026  020  006  022  018  022  031  005 
 002  004  009  012  019  023  017  024  022  018  009  014  016  000  030  018 
 000  000  004  012  021  021  016  019  012  012  022  000  009  002  023  026 
 000  000  000  000  017  021  014  012  007  008  024  002  011  013  011  029 
 000  000  000  006  031  028  015  009  012  010  016  010  010  016  004  028 
 002  004  010  014  034  016  004  000  007  002  008  014  000  009  004  018 
 003  006  010  006  014  000  000  000  008  002  000  010  006  000  000  000 
 003  006  008  000  004  000  000  000  006  000  000  004  014  000  000  000 
 001  002  004  000  000  000  000  000  001  000  000  004  016  000  000  000 
 000  000  000  000  000  000  000  000  000  000  000  004  013  000  000  000 

Celda9

 015  032  027  009  006  019  036  012  006  013  027  023  018  020  012  004 
 017  034  021  007  010  039  047  014  008  024  036  021  013  012  009  010 
 019  026  005  000  006  044  038  014  010  029  029  006  002  005  011  013 
 016  018  000  000  008  034  017  002  007  021  010  000  000  010  018  012 
 009  018  004  000  008  030  016  000  001  006  000  000  003  016  012  000 
 000  016  008  000  014  034  022  007  004  000  000  000  010  016  007  000 
 004  006  003  000  026  050  032  012  006  000  000  010  011  006  004  005 
 002  000  000  012  049  051  018  000  000  000  002  012  002  000  005  008 
 010  000  000  025  048  026  004  000  000  000  008  009  000  000  006  009 
 014  000  000  029  036  008  000  000  000  004  014  012  005  007  017  022 
 019  000  002  026  022  000  000  010  006  014  021  014  006  006  014  021 
 020  000  004  020  014  000  004  019  016  017  015  005  000  000  008  016 
 014  009  018  022  008  000  009  019  014  010  008  000  000  000  007  014 
 008  019  032  026  004  000  008  019  016  011  004  000  000  002  008  010 
 008  028  035  025  004  000  004  012  016  016  006  000  000  003  010  010 
 012  031  027  018  008  002  002  004  015  022  010  000  000  000  007  010 

Celda10

 000  000  002  009  008  002  002  009  012  014  018  008  000  000  000  000 
 010  012  015  009  002  006  006  002  006  004  003  002  000  000  000  000 
 018  022  026  018  006  004  011  005  008  010  006  000  000  000  003  006 
 018  025  026  021  012  003  010  010  008  012  012  008  006  004  003  003 
 007  019  015  014  015  010  005  010  009  000  000  002  007  010  010  006 
 006  006  000  000  012  016  010  010  006  000  000  000  012  017  018  014 
 010  004  000  000  002  008  014  020  012  000  000  001  014  012  006  006 
 006  000  001  004  000  000  011  019  016  012  005  000  015  012  000  000 
 001  000  000  002  000  000  016  010  002  008  013  010  007  008  000  000 
 013  012  010  006  002  003  016  010  000  006  014  017  010  000  000  000 
 013  016  018  020  018  014  014  008  006  008  012  012  010  002  000  000 
 006  000  000  002  002  001  002  006  008  002  000  000  000  000  000  000 
 008  000  000  000  000  000  002  006  006  000  000  000  000  000  000  000 
 006  000  000  000  000  000  009  008  000  000  000  000  000  000  000  000 
 004  000  000  000  000  000  013  010  000  000  000  000  000  000  000  010 
 005  000  000  000  000  004  013  010  000  000  000  000  000  000  000  027 

Celda11

 000  000  000  000  003  026  047  050  046  023  012  022  024  012  008  010 
 000  003  008  008  021  045  053  060  058  025  016  022  019  004  002  004 
 006  005  004  009  044  069  070  069  050  014  011  017  012  001  000  000 
 003  000  000  006  048  068  063  053  024  000  000  004  005  000  000  000 
 000  000  000  016  052  054  042  028  003  000  000  002  005  000  004  008 
 000  000  000  024  056  058  038  022  002  000  000  000  004  000  006  017 
 000  000  000  045  060  052  037  023  006  000  002  003  002  004  000  004 
 000  000  042  080  064  051  035  018  006  000  000  000  000  003  000  000 
 000  000  061  069  043  042  036  010  000  000  000  000  000  003  002  000 
 000  012  051  040  017  019  020  003  000  000  000  000  000  004  004  000 
 000  028  050  042  016  005  012  006  000  000  000  000  000  003  000  000 
 004  054  066  061  023  000  004  012  002  000  000  000  000  000  000  000 
 023  062  063  052  012  004  000  010  000  000  000  000  000  000  000  000 
 036  055  041  020  000  000  002  000  000  000  000  000  004  004  004  006 
 050  057  030  010  000  000  000  000  000  000  003  000  000  001  000  000 
 061  061  024  000  000  000  000  002  004  004  003  000  000  000  000  000 

Celda12

 012  008  002  000  000  000  002  022  028  014  000  011  014  007  004  006 
 009  007  000  000  000  000  000  011  022  018  004  000  000  000  005  013 
 000  000  000  000  000  000  000  002  012  014  008  000  000  000  008  011 
 000  000  000  000  000  000  000  000  008  010  005  000  000  000  006  020 
 002  000  000  000  000  000  000  000  010  008  000  000  000  000  000  028 
 016  008  002  002  002  000  000  000  014  008  000  000  000  000  000  031 
 008  008  004  004  005  007  008  005  011  010  000  000  000  001  004  027 
 000  003  000  000  000  004  008  006  003  010  004  000  002  006  004  018 
 000  000  000  000  000  000  000  002  002  006  006  006  004  004  000  010 
 000  000  000  000  000  000  000  008  013  006  006  013  007  004  000  003 
 000  000  000  000  000  001  003  014  020  022  014  014  004  000  003  002 
 000  000  000  000  001  004  006  014  017  022  020  004  000  000  000  000 
 000  000  000  002  010  008  005  014  021  014  017  008  000  000  000  000 
 008  010  008  006  009  006  002  014  023  006  004  004  004  002  003  006 
 003  005  002  000  006  004  000  010  020  004  000  000  004  007  010  018 
 006  000  002  003  011  007  003  004  011  001  000  000  000  002  008  031 

Celda13

 000  010  008  000  000  000  000  020  031  012  000  000  000  010  000  003 
 012  000  001  000  000  000  009  033  018  000  000  001  003  008  004  000 
 000  005  003  000  000  000  028  041  000  000  000  011  008  000  000  008 
 000  011  012  003  000  012  050  036  002  000  007  008  000  000  000  008 
 020  010  004  000  003  040  053  015  000  003  007  000  000  000  014  006 
 025  000  000  000  006  049  027  000  000  000  000  000  000  000  010  014 
 018  000  000  000  035  042  000  000  000  000  000  002  000  000  000  012 
 008  000  000  023  055  026  000  000  002  000  000  006  000  000  000  006 
 006  000  004  051  045  006  000  000  000  000  000  008  000  000  000  003 
 008  004  028  058  019  000  000  000  000  000  000  005  000  000  009  010 
 018  031  055  044  001  000  000  000  000  000  007  001  000  000  007  002 
 026  056  056  020  000  000  000  000  000  006  010  000  000  000  008  000 
 036  055  025  000  000  002  012  021  023  013  002  000  000  005  009  002 
 041  050  014  000  000  002  009  016  022  022  016  010  009  011  008  003 
 051  042  002  000  000  000  000  000  004  014  020  020  014  006  000  000 
 047  025  000  000  000  000  000  002  002  000  004  006  005  004  000  000 

Celda14

 008  007  003  000  004  007  000  006  007  002  000  000  007  017  014  000 
 002  009  008  004  006  010  002  000  002  008  008  004  012  014  006  002 
 005  004  010  008  008  010  002  000  005  010  016  010  011  006  002  006 
 015  008  002  004  006  007  004  007  015  005  000  000  004  003  000  000 
 008  012  004  000  000  000  005  018  022  006  000  000  004  003  000  000 
 005  001  006  006  002  000  000  021  024  005  000  000  005  004  000  000 
 015  000  000  006  011  015  012  006  013  004  000  004  008  004  002  000 
 016  006  001  004  003  017  024  014  000  000  004  012  012  004  003  000 
 007  005  006  011  008  004  009  010  006  000  001  015  015  004  004  002 
 000  002  012  015  010  000  000  000  006  005  000  013  017  003  000  004 
 001  000  017  016  004  000  000  000  004  011  008  005  014  002  000  005 
 000  000  016  016  002  000  000  000  005  013  016  006  000  000  002  020 
 006  007  010  014  004  000  000  004  007  004  008  004  000  000  014  042 
 005  008  004  009  006  000  002  007  000  000  000  000  011  023  041  038 
 000  000  001  001  002  000  004  006  000  000  000  003  030  050  040  016 
 000  004  000  000  000  004  016  004  000  000  000  026  047  042  030  022 

Celda15

 002  011  010  002  000  000  008  010  004  000  001  020  025  040  061  005 
 005  014  007  006  006  000  010  014  002  004  001  018  022  042  064  000 
 006  002  000  004  006  000  006  016  006  000  006  006  010  040  072  000 
 000  000  008  000  000  000  000  013  013  004  000  000  000  034  077  000 
 000  000  018  001  000  000  011  020  018  005  000  000  000  028  078  000 
 000  001  020  000  000  010  031  022  014  002  000  000  006  040  089  012 
 000  000  007  000  012  036  028  006  000  000  000  001  008  043  084  009 
 006  004  000  004  030  036  010  000  000  000  001  008  003  033  074  002 
 000  000  004  024  037  022  003  000  000  000  004  014  009  037  075  001 
 000  002  018  032  020  006  000  000  000  000  004  012  011  044  080  000 
 012  021  026  018  006  000  000  002  006  007  006  006  006  044  084  000 
 039  033  014  007  004  004  008  012  015  014  010  004  002  043  084  000 
 044  018  002  001  003  006  012  010  010  008  006  004  003  045  088  003 
 024  008  000  000  002  004  008  002  003  002  002  001  000  044  089  003 
 005  005  010  010  001  002  010  007  008  008  004  001  004  058  103  015 
 011  002  014  017  004  004  013  013  012  014  014  014  020  072  105  015 

Celda16

 000  000  000  000  000  002  000  000  000  000  002  007  007  000  000  004 
 000  000  000  000  001  007  000  000  004  006  002  003  002  000  006  014 
 000  000  000  000  008  016  000  000  005  010  007  005  000  000  002  010 
 000  000  000  000  008  018  004  000  015  020  013  002  000  000  000  006 
 002  004  005  006  013  014  004  006  018  011  000  000  000  002  008  010 
 000  000  000  000  008  008  000  008  020  003  000  000  000  010  014  006 
 000  000  000  000  008  010  000  004  024  003  000  000  008  017  018  001 
 000  000  000  000  005  014  000  000  020  007  000  000  012  022  017  005 
 000  000  000  002  009  017  007  008  022  017  010  008  014  027  023  015 
 000  000  000  000  006  008  004  004  014  010  000  000  006  027  024  011 
 000  000  000  000  010  002  002  010  018  008  000  000  002  026  028  020 
 001  001  000  001  011  000  000  015  021  005  000  000  002  022  026  026 
 001  004  010  012  019  008  000  014  025  006  000  000  002  022  024  026 
 001  004  009  012  017  012  011  009  028  014  005  002  002  029  031  019 
 001  002  004  007  017  014  016  009  029  020  006  008  010  037  029  008 
 000  000  000  000  012  008  015  008  020  022  000  004  011  033  018  002 

Celda17

 014  030  016  008  011  010  003  004  017  022  008  000  000  000  001  008 
 013  026  008  000  006  010  007  014  022  014  000  000  004  002  000  004 
 008  018  008  000  000  002  008  025  026  007  000  000  004  008  004  002 
 006  009  010  000  000  000  006  028  028  007  000  000  000  014  016  006 
 011  006  013  007  008  006  002  022  024  013  000  000  000  018  028  012 
 010  010  022  019  016  014  006  010  019  020  006  000  000  018  032  013 
 002  006  013  010  004  006  000  000  015  024  011  000  000  014  026  018 
 002  000  006  012  007  015  016  006  012  024  012  000  001  009  017  021 
 007  000  004  022  029  028  036  032  028  035  019  012  017  015  012  016 
 000  000  002  028  025  004  012  021  016  021  015  017  020  015  009  006 
 000  000  000  022  022  012  000  000  000  007  014  012  009  000  000  000 
 004  000  000  010  014  012  012  000  000  000  013  013  011  002  000  000 
 010  000  000  004  010  008  015  012  006  004  004  012  014  004  000  000 
 008  000  000  004  012  008  014  016  000  000  000  012  016  007  000  000 
 002  000  000  002  012  008  012  016  000  000  000  013  018  008  000  000 
 000  000  000  000  012  011  010  014  002  000  000  012  022  008  000  000 

Celda18

 004  000  000  000  004  009  012  004  000  000  000  000  000  000  000  040 
 002  000  000  004  006  007  006  000  000  000  000  000  000  000  004  042 
 000  000  001  009  008  002  000  000  000  000  000  000  000  000  014  038 
 001  000  000  008  008  000  000  000  000  000  000  000  000  001  026  041 
 004  000  000  004  006  000  000  000  000  000  000  000  000  014  034  040 
 000  000  000  002  002  000  000  000  000  000  000  000  000  020  040  040 
 000  006  006  002  000  000  000  002  000  000  000  000  000  024  048  044 
 011  004  009  005  000  000  000  000  000  000  000  000  000  032  051  044 
 014  001  000  000  000  000  000  000  000  000  000  000  000  037  044  036 
 008  004  000  000  000  002  006  002  000  000  000  000  006  038  036  030 
 004  002  000  000  002  009  000  000  000  000  000  000  016  044  041  033 
 002  000  000  000  000  000  000  000  000  000  000  012  059  071  055  034 
 000  000  000  000  000  000  000  000  000  000  003  052  084  073  045  020 
 000  000  000  000  001  000  000  000  000  006  028  063  059  037  016  009 
 001  008  013  015  010  003  000  000  000  005  033  039  026  019  005  007 
 004  009  007  000  000  000  000  000  000  011  029  027  023  021  011  008 

Celda19

 062  051  009  000  000  000  000  008  015  009  000  000  000  000  000  000 
 062  052  008  000  000  000  000  010  017  007  000  000  000  000  003  004 
 057  051  014  000  002  004  006  016  017  000  000  000  000  000  005  002 
 061  049  012  000  000  000  006  017  013  002  000  000  001  001  000  000 
 056  036  000  000  000  002  006  002  002  000  000  000  000  004  001  006 
 048  023  000  000  000  010  012  002  000  003  000  006  010  014  023  022 
 036  012  000  000  000  004  010  008  009  011  016  019  022  022  025  010 
 034  011  001  000  001  001  004  017  031  031  020  009  002  000  004  000 
 030  012  007  011  021  030  024  034  041  017  000  000  000  000  000  000 
 030  024  011  018  025  027  015  011  017  006  000  000  000  000  000  000 
 029  026  008  000  004  012  000  000  000  004  004  004  000  002  002  000 
 020  018  006  000  006  011  000  000  000  005  010  010  006  000  004  002 
 012  012  002  000  009  006  000  000  000  008  002  008  012  002  000  000 
 012  018  014  014  011  000  000  000  010  008  000  000  012  004  000  000 
 012  015  011  009  005  000  000  002  010  008  000  000  004  000  000  004 
 013  009  007  006  000  000  004  010  009  001  000  000  000  000  000  012 

Celda20

 010  006  008  008  007  004  005  008  003  000  000  000  000  000  002  031 
 009  004  000  000  000  008  014  014  015  013  008  000  000  000  015  036 
 002  000  000  000  000  016  021  010  006  004  000  000  000  000  028  042 
 000  000  000  000  006  020  015  004  000  000  000  000  000  002  037  038 
 012  013  013  021  021  014  008  002  000  000  000  000  002  024  053  030 
 018  022  027  028  015  004  003  006  004  004  007  008  011  047  064  033 
 004  006  009  005  000  000  002  012  000  000  000  000  003  049  055  023 
 000  002  000  000  000  000  002  010  000  000  000  000  016  045  033  002 
 000  000  000  000  000  002  004  000  000  000  000  008  049  041  014  000 
 000  000  000  000  006  012  000  000  000  000  000  037  057  014  000  000 
 000  000  002  004  010  012  000  000  000  000  004  042  037  000  000  000 
 000  003  013  019  019  007  000  000  000  000  010  040  030  000  000  005 
 001  010  010  008  005  000  000  000  000  000  014  038  025  002  000  006 
 006  008  000  000  004  000  000  000  000  000  022  039  020  002  002  004 
 013  004  000  000  006  000  000  000  000  000  032  041  014  000  003  001 
 018  004  000  000  006  000  000  000  000  002  042  052  023  008  000  000 

Celda21

 026  000  000  000  000  000  001  001  001  000  000  000  002  008  010  004 
 013  000  000  000  000  000  000  000  000  000  001  002  000  002  004  010 
 004  000  000  000  000  000  000  000  000  000  004  007  004  000  000  008 
 000  000  000  000  000  003  004  004  006  009  020  026  021  013  008  020 
 000  002  008  005  007  009  013  016  020  021  030  037  031  027  024  025 
 017  020  019  006  006  014  013  014  019  022  030  032  019  015  017  014 
 016  011  006  000  007  018  007  009  016  020  029  022  004  000  000  000 
 000  000  000  000  002  020  008  009  017  019  022  012  006  002  000  002 
 000  000  000  002  002  011  016  018  018  015  009  004  010  014  017  030 
 000  000  000  002  007  002  016  023  020  011  004  000  002  006  012  042 
 000  000  000  000  003  010  019  021  018  010  003  003  000  000  004  041 
 008  008  001  000  006  020  031  028  013  004  000  000  000  000  014  044 
 001  002  000  000  015  028  030  020  010  000  000  000  004  015  038  048 
 000  000  000  000  020  028  019  008  008  002  000  003  034  052  051  044 
 000  000  000  004  017  029  027  007  000  000  000  027  062  060  038  027 
 000  000  013  022  018  021  026  010  000  000  000  040  061  040  014  007 

Celda22

 000  010  006  002  004  008  020  004  002  011  019  034  031  015  008  014 
 016  023  016  006  010  023  036  025  028  038  040  033  020  008  000  002 
 027  031  018  008  004  025  047  045  041  042  040  036  027  016  008  008 
 024  013  010  006  002  031  057  043  024  017  018  023  026  024  024  026 
 010  000  006  014  016  047  055  015  000  000  004  004  007  012  025  030 
 008  007  016  025  036  052  032  000  000  004  008  000  000  006  024  021 
 002  010  027  040  047  041  016  000  000  016  019  009  009  017  025  015 
 016  022  040  052  039  028  024  018  017  037  037  028  027  021  022  013 
 047  051  058  048  021  014  019  025  025  039  034  023  024  020  013  007 
 063  063  048  026  014  012  014  021  024  026  015  003  001  006  008  007 
 057  038  014  008  008  010  010  012  017  017  008  000  000  000  005  019 
 040  010  000  000  002  003  006  009  014  018  018  012  000  000  016  021 
 030  010  000  000  000  000  006  013  015  016  018  023  020  010  012  021 
 031  014  002  000  000  002  012  015  013  014  012  016  023  020  004  016 
 019  004  000  000  000  007  015  012  010  010  004  002  006  012  010  009 
 005  000  000  000  000  009  011  009  006  003  000  000  000  000  005  004 

Celda23

 018  019  034  032  011  003  012  011  005  014  022  025  026  065  087  001 
 006  010  033  033  020  014  006  012  012  015  018  022  016  045  076  000 
 010  011  028  026  016  020  016  017  026  019  006  004  000  036  077  001 
 027  022  028  023  008  012  020  032  044  023  004  000  000  038  080  000 
 032  028  028  027  014  011  013  029  038  018  010  006  010  048  079  000 
 022  025  024  034  028  022  012  013  016  000  002  018  032  058  080  008 
 012  018  020  032  029  024  016  002  008  000  000  013  023  042  073  016 
 008  015  017  018  016  010  014  012  006  003  000  010  009  028  058  005 
 004  004  005  000  010  000  004  012  020  024  021  006  004  036  062  000 
 004  002  000  000  006  000  000  008  022  022  026  024  018  046  066  002 
 018  014  006  000  004  006  006  017  024  016  016  020  025  050  070  012 
 017  018  018  012  004  012  013  020  023  010  006  008  014  039  063  012 
 012  004  016  020  012  011  011  011  008  000  000  000  002  025  050  002 
 022  013  008  014  013  005  007  006  004  000  000  000  000  021  049  000 
 024  020  002  002  005  002  000  000  000  000  003  003  000  021  051  000 
 016  019  005  000  002  001  000  000  000  004  013  005  002  032  065  013 

Celda24

 001  002  000  000  013  006  004  008  004  018  000  000  005  024  014  001 
 002  004  008  006  007  010  000  014  018  005  000  000  008  020  012  004 
 003  008  015  015  008  010  009  014  022  019  009  004  011  014  011  008 
 001  004  010  014  015  018  017  008  006  006  008  009  018  017  010  008 
 000  000  000  001  008  010  007  000  000  000  000  000  020  023  013  004 
 000  000  000  000  000  001  000  000  000  000  000  000  019  026  012  003 
 000  000  000  000  003  002  000  000  000  010  016  009  016  028  004  003 
 005  010  014  010  000  002  000  004  010  021  018  012  008  031  000  008 
 004  009  017  016  007  000  001  002  004  010  003  004  000  026  010  009 
 002  004  008  010  008  004  002  000  000  006  000  000  000  021  020  015 
 000  000  000  000  001  000  000  002  007  013  005  002  000  016  028  018 
 000  000  000  000  000  000  005  011  012  005  000  002  004  008  032  023 
 000  000  000  000  000  006  013  016  006  000  000  002  015  011  027  027 
 000  000  000  000  000  005  011  010  001  000  000  006  010  010  022  026 
 000  000  000  000  010  004  002  002  000  006  010  003  000  000  012  020 
 000  000  000  002  016  008  000  000  002  006  010  001  000  000  008  012 

Celda25

 000  000  000  000  014  024  014  004  004  000  000  006  021  008  000  000 
 004  000  000  000  018  026  006  000  003  000  004  000  014  010  000  000 
 005  000  000  005  014  019  002  000  004  005  002  007  008  008  005  007 
 004  001  000  004  006  012  004  000  003  006  000  002  009  008  009  005 
 000  002  004  000  002  011  010  007  008  004  002  008  008  004  003  004 
 000  005  006  002  006  008  006  005  015  019  018  013  007  000  000  002 
 002  012  011  015  017  008  000  010  020  018  016  008  000  000  000  003 
 018  022  014  020  019  010  006  010  024  011  000  000  000  002  008  024 
 024  019  010  012  009  002  007  012  016  006  000  000  015  016  014  017 
 015  009  008  003  008  000  006  009  007  001  006  023  024  012  000  000 
 006  000  005  006  003  006  004  005  005  010  023  025  008  000  000  000 
 004  000  000  004  002  007  005  000  001  015  026  013  000  000  000  008 
 004  000  002  000  000  004  006  000  004  020  022  002  000  000  002  010 
 002  000  000  003  000  000  005  004  008  020  014  000  000  000  001  004 
 002  000  000  004  000  000  000  007  012  016  010  000  000  000  001  002 
 009  005  010  006  000  000  000  010  018  016  008  000  000  000  000  000 

Celda26

 011  013  000  000  000  000  000  000  000  030  044  032  027  018  010  009 
 010  010  000  000  000  000  000  000  002  045  046  022  011  004  007  014 
 005  001  000  000  000  000  000  000  008  038  029  011  004  000  008  015 
 000  000  000  000  000  000  000  000  021  036  022  014  010  019  031  029 
 000  000  000  000  000  000  000  008  048  051  033  020  018  032  035  022 
 000  000  000  000  000  000  000  043  073  056  033  014  013  032  024  004 
 008  012  006  000  000  000  015  069  067  039  019  008  002  030  020  000 
 027  018  006  000  000  000  040  074  049  026  014  004  002  020  018  000 
 008  000  000  000  000  002  066  072  038  025  017  008  004  006  012  000 
 002  000  000  000  000  028  075  050  016  011  003  000  000  000  008  002 
 000  000  000  000  000  044  061  028  010  010  000  000  000  004  010  009 
 008  002  000  000  000  040  050  022  014  014  000  000  000  009  012  008 
 012  005  000  000  000  029  038  023  020  018  002  000  002  012  013  007 
 000  000  000  000  006  038  056  044  031  017  004  002  016  024  019  007 
 000  000  004  018  030  067  080  055  029  014  008  018  031  031  019  008 
 000  000  000  015  038  059  053  019  003  005  011  025  031  021  008  003 

Celda27

 007  002  002  008  000  000  002  010  006  000  000  000  000  000  000  016 
 004  000  005  005  000  000  004  011  004  000  000  003  000  000  000  014 
 004  000  006  000  000  000  010  009  002  002  000  000  000  000  000  008 
 012  000  000  000  000  000  009  012  000  000  000  000  000  000  000  004 
 014  004  000  000  003  000  005  014  000  001  004  006  004  002  001  000 
 000  001  004  000  004  004  008  015  003  005  010  009  006  005  006  006 
 000  000  003  004  000  007  018  014  001  000  008  008  005  006  010  014 
 000  000  001  005  004  006  021  012  000  000  000  002  004  004  006  015 
 000  000  000  009  017  012  012  010  002  002  000  000  000  001  000  008 
 000  000  000  003  013  018  005  004  008  008  000  000  002  004  002  006 
 008  006  000  006  008  008  014  004  006  012  001  000  005  008  008  004 
 005  004  004  000  014  006  008  014  010  006  002  000  000  003  007  007 
 001  000  000  006  009  008  000  001  009  006  000  000  005  003  001  003 
 000  000  000  002  000  000  000  000  000  002  000  000  010  012  000  000 
 002  000  000  001  002  000  000  005  006  000  000  000  008  017  006  000 
 001  000  000  000  000  000  000  002  008  000  000  000  002  015  014  008 

Celda28

 022  008  000  000  005  000  002  006  008  015  058  060  024  010  006  001 
 021  012  002  000  002  006  001  008  010  013  047  042  010  000  000  004 
 013  011  009  000  000  008  000  000  000  006  040  033  009  004  002  006 
 006  004  010  006  000  002  000  000  000  016  044  032  011  010  010  007 
 004  002  008  008  000  000  000  000  000  037  065  042  016  009  010  008 
 014  022  024  016  008  008  006  001  006  059  063  026  000  000  010  008 
 028  027  014  006  004  004  002  004  025  068  049  008  000  000  010  008 
 022  012  002  002  004  002  000  003  037  064  034  003  000  000  005  003 
 011  006  007  012  014  012  008  008  042  050  021  005  007  004  000  000 
 014  012  012  014  011  010  010  012  041  035  014  001  000  000  004  015 
 013  013  006  000  000  000  000  014  041  027  006  002  000  000  018  047 
 004  010  007  000  000  000  000  024  047  025  004  000  000  013  045  064 
 001  005  007  000  000  000  002  040  050  015  006  000  019  046  059  049 
 000  004  008  005  005  008  020  051  042  005  002  002  036  060  047  018 
 000  004  012  012  007  010  028  049  028  002  004  006  038  053  030  009 
 013  015  024  018  005  004  025  035  013  004  016  020  033  046  028  010 

Celda29

 001  011  028  024  017  020  014  005  000  000  018  043  041  022  002  000 
 002  014  021  009  006  012  009  001  004  024  038  031  024  022  009  000 
 007  021  017  000  000  006  008  024  044  052  034  012  010  018  014  007 
 014  028  012  000  000  009  020  047  061  042  022  010  010  006  008  013 
 012  015  000  000  000  010  035  054  041  008  006  006  003  000  000  016 
 001  000  000  000  020  033  045  041  024  000  000  000  000  000  000  019 
 000  000  001  034  052  037  028  022  014  000  000  000  000  000  000  016 
 000  006  047  079  057  025  010  008  008  000  000  000  004  006  004  006 
 006  045  088  081  029  015  014  017  016  012  019  029  030  030  028  020 
 037  070  081  045  012  017  025  026  020  024  038  041  032  026  022  018 
 060  060  045  024  000  010  020  017  011  019  026  012  002  001  000  002 
 051  024  016  020  010  006  000  000  000  007  008  000  000  000  000  000 
 018  000  000  014  017  012  002  000  000  000  000  000  000  000  003  010 
 001  000  000  010  020  014  004  000  000  000  000  000  002  000  003  009 
 000  000  000  006  018  017  007  000  000  000  000  000  000  004  005  002 
 012  010  004  000  014  017  011  004  000  000  000  000  000  006  014  006 

Celda30

 000  000  000  002  006  004  006  013  010  000  000  000  000  000  000  000 
 001  001  002  010  009  000  002  018  014  000  000  000  000  000  000  000 
 002  003  006  013  010  006  005  022  016  000  000  000  000  000  000  000 
 011  000  000  004  005  000  006  017  014  000  004  011  011  000  000  000 
 019  004  000  000  002  002  003  009  010  000  000  000  002  002  000  002 
 024  009  000  004  000  000  004  010  008  002  000  000  000  000  000  009 
 027  020  012  008  008  002  003  012  007  000  000  000  000  000  000  010 
 025  034  027  009  005  002  004  013  004  000  000  000  003  007  009  021 
 019  034  032  002  000  000  002  010  000  000  000  000  000  006  012  023 
 008  017  026  008  000  000  003  009  000  000  004  000  000  000  006  011 
 003  000  014  012  000  000  012  014  006  007  015  008  004  000  008  009 
 005  006  002  009  005  008  017  014  009  014  019  012  012  010  015  013 
 012  010  002  000  006  017  020  008  002  008  008  000  003  008  017  014 
 011  010  006  001  000  018  026  012  002  004  001  000  000  000  010  010 
 000  000  004  013  014  016  027  014  000  001  000  000  000  004  020  027 
 000  000  002  016  018  008  020  012  000  000  000  000  002  014  041  051 

Celda31

 006  014  008  000  004  007  000  000  000  014  018  004  002  043  072  017 
 000  008  010  010  000  004  000  000  009  016  013  002  002  045  064  005 
 000  009  010  013  008  000  000  000  014  024  018  009  010  041  056  000 
 000  010  008  010  012  000  000  000  014  030  028  014  015  035  051  000 
 015  014  000  004  016  000  000  006  015  030  030  008  004  025  050  002 
 024  013  002  000  019  004  002  011  017  028  028  009  000  022  049  002 
 018  005  012  013  018  012  008  014  014  024  026  009  000  025  050  001 
 025  012  020  022  014  017  010  009  010  021  024  008  000  026  049  001 
 026  016  014  013  010  011  004  000  004  019  018  002  000  026  048  000 
 012  004  000  000  003  002  000  000  010  018  012  000  000  027  048  000 
 006  001  000  000  002  002  000  000  016  024  019  012  010  031  052  004 
 002  000  000  000  001  004  008  013  025  035  035  022  022  037  059  011 
 004  000  000  009  010  012  024  037  039  041  035  012  014  034  059  013 
 007  011  023  037  031  027  036  040  034  030  018  001  000  028  055  012 
 024  032  048  051  036  029  021  017  011  010  004  000  000  030  046  000 
 035  032  036  031  018  016  010  001  006  000  000  000  000  028  048  000 

Celda32

 002  004  010  012  021  009  002  000  006  004  000  000  000  011  008  005 
 001  002  003  002  009  000  000  000  008  004  000  000  003  016  009  006 
 000  000  000  000  008  000  000  000  014  009  004  003  009  010  000  002 
 000  000  000  000  009  000  000  006  019  002  000  004  005  000  000  005 
 000  000  000  000  012  000  000  010  011  000  000  000  000  000  003  010 
 000  002  005  006  010  000  000  008  000  000  000  006  000  000  010  015 
 001  004  012  013  000  000  000  002  000  000  006  010  000  000  010  010 
 000  002  005  002  000  000  003  000  000  002  028  019  004  000  006  012 
 000  000  000  000  000  000  006  002  004  022  029  004  000  000  000  010 
 000  000  000  000  000  000  012  006  006  015  010  000  000  000  000  004 
 000  000  000  000  000  010  010  000  005  010  002  000  000  005  014  014 
 000  000  000  000  008  015  002  000  009  010  004  006  013  019  028  034 
 000  000  000  000  022  014  000  012  025  022  022  030  032  031  032  032 
 000  000  002  012  040  025  022  039  037  025  023  027  029  025  019  014 
 000  000  005  014  045  030  031  042  032  020  019  021  021  013  003  000 
 000  001  004  007  039  024  027  037  027  018  015  010  010  010  000  000 

Celda33

 016  011  006  006  001  000  000  012  024  019  009  000  000  000  000  000 
 012  011  000  000  002  008  012  016  018  018  010  000  000  000  000  000 
 006  004  002  001  003  014  022  014  000  010  015  004  000  000  000  000 
 004  000  002  004  007  012  012  012  004  000  016  013  002  000  000  000 
 006  005  007  007  010  008  000  002  011  012  009  016  008  000  000  000 
 007  004  003  006  011  005  000  000  001  009  010  009  010  000  000  000 
 002  000  002  012  007  000  000  000  000  000  000  000  006  000  000  000 
 002  000  000  014  006  000  000  000  000  000  000  000  000  000  000  000 
 004  000  000  008  002  000  000  000  000  002  000  000  000  000  000  007 
 005  004  004  004  000  000  002  009  006  000  000  000  000  000  000  023 
 015  019  014  009  009  012  020  027  016  009  004  007  008  000  000  024 
 037  035  022  014  014  016  018  017  008  010  013  016  014  003  000  025 
 032  029  022  014  016  020  010  000  000  000  007  006  002  000  000  027 
 010  008  007  004  010  016  009  004  000  000  002  000  000  000  000  036 
 000  000  000  000  004  010  000  009  008  000  000  000  000  000  004  044 
 000  000  000  000  000  006  006  006  008  000  000  000  000  000  020  057 

Celda34

 000  000  000  014  022  029  020  006  002  004  006  016  018  006  000  000 
 000  000  005  022  018  022  018  002  003  009  008  010  014  008  000  000 
 000  000  030  030  008  027  033  021  014  010  007  000  004  010  005  000 
 000  018  065  038  020  035  043  018  010  008  012  004  000  006  012  000 
 000  033  050  004  001  018  030  014  000  002  020  017  016  006  016  025 
 000  039  034  000  000  015  020  018  012  015  029  019  024  022  025  025 
 000  038  024  000  004  022  029  038  036  029  026  009  008  016  013  004 
 019  051  033  020  038  050  050  048  033  017  007  000  000  000  002  000 
 052  064  041  029  040  045  036  028  017  007  000  000  000  002  000  001 
 061  050  021  012  021  022  014  013  018  014  008  002  000  004  005  004 
 036  016  000  006  016  019  016  016  018  012  008  007  004  003  008  004 
 028  006  000  014  020  020  018  018  020  012  000  003  004  002  008  007 
 022  000  004  020  026  025  023  021  018  012  000  000  000  001  006  007 
 032  016  026  041  039  033  032  025  011  004  000  000  000  002  000  002 
 042  025  035  042  031  029  030  011  000  000  000  000  000  000  000  000 
 047  027  030  025  011  016  020  000  000  000  000  007  004  000  000  000 

Celda35

 000  000  000  000  000  000  000  000  009  001  000  014  021  025  027  022 
 000  000  000  000  000  000  002  012  028  028  038  043  037  030  021  013 
 000  000  000  002  025  029  039  048  051  046  049  040  027  018  008  002 
 014  024  022  029  050  042  036  034  028  024  022  010  006  009  008  004 
 031  028  018  003  025  013  002  000  000  004  002  000  000  002  008  007 
 012  000  000  000  014  016  012  008  008  006  000  000  000  000  000  000 
 000  000  000  000  007  018  017  016  018  009  000  000  000  004  000  000 
 000  000  000  000  012  017  016  018  020  009  000  000  002  004  000  000 
 004  006  013  025  034  023  017  019  016  008  004  000  002  002  000  000 
 012  018  022  037  031  020  006  010  014  011  008  000  000  000  000  000 
 011  017  018  024  010  008  001  000  016  021  010  000  000  000  000  000 
 006  010  010  011  004  006  008  002  018  029  017  008  010  008  001  000 
 002  000  005  011  010  014  019  022  030  037  025  017  021  018  008  006 
 004  006  007  011  011  013  018  023  027  030  024  018  012  008  000  004 
 008  014  010  008  007  003  008  012  014  013  015  012  000  000  000  000 
 014  017  006  004  013  008  002  006  006  000  008  010  000  000  000  017 

Celda36

 015  014  014  002  000  000  021  023  012  012  022  030  027  041  031  000 
 000  000  000  000  000  013  023  016  016  028  033  028  030  025  023  000 
 000  000  000  000  001  028  036  026  030  038  036  026  023  008  004  006 
 004  004  000  000  013  053  053  033  028  032  029  014  004  001  000  009 
 010  008  000  000  033  075  061  024  009  020  023  007  000  000  000  000 
 002  000  000  000  045  078  050  012  004  014  022  005  000  000  006  002 
 000  000  000  000  053  068  035  000  002  007  017  006  000  000  005  006 
 000  000  000  028  068  052  033  002  000  000  012  008  004  000  000  005 
 000  000  008  067  068  029  024  014  000  000  008  010  006  000  000  002 
 000  000  049  084  055  016  009  018  001  000  004  010  002  000  000  000 
 000  018  076  085  048  025  016  007  003  000  004  006  000  000  000  002 
 002  045  085  071  032  012  006  000  001  000  002  004  000  000  000  008 
 019  073  081  042  008  000  000  007  012  008  000  000  000  000  003  019 
 052  094  062  009  000  000  000  024  024  020  008  000  000  008  011  022 
 077  092  034  012  000  000  011  023  017  018  018  009  000  011  012  015 
 088  081  028  027  024  013  004  022  016  010  024  028  018  004  002  009 

Celda37

 000  002  004  000  009  014  012  010  000  000  000  000  000  011  021  009 
 000  000  000  000  001  012  012  012  000  000  000  000  000  024  036  022 
 000  000  000  000  000  010  016  011  000  000  000  003  023  047  040  018 
 012  000  000  000  002  006  021  010  000  000  000  010  042  040  011  001 
 018  006  000  002  004  003  019  011  000  000  001  016  031  007  000  000 
 012  015  004  000  001  000  008  013  002  000  002  010  010  000  002  011 
 002  018  010  001  004  000  000  012  012  000  000  005  000  000  022  039 
 006  017  017  010  013  008  000  005  020  010  008  016  016  023  041  030 
 007  016  021  017  012  012  006  000  023  021  018  025  025  024  020  008 
 000  012  019  015  004  012  022  026  036  027  013  018  012  001  000  000 
 009  014  015  010  002  004  020  028  026  013  004  014  016  005  000  000 
 018  016  003  000  007  003  000  004  004  002  000  005  020  015  000  001 
 027  010  000  000  012  010  000  000  001  002  002  000  020  023  002  003 
 020  000  000  000  011  015  005  004  006  001  000  000  016  026  008  002 
 010  000  000  000  002  018  017  010  006  000  000  000  009  024  011  005 
 012  004  000  010  010  012  023  015  002  000  000  000  000  021  016  006 

Celda38

 000  000  018  026  012  002  010  015  008  013  016  024  030  032  046  046 
 012  010  023  020  000  001  004  026  036  043  041  040  038  030  024  027 
 007  001  007  016  000  004  021  047  055  047  026  015  014  013  006  013 
 000  000  000  018  014  022  033  044  041  017  000  000  003  000  008  010 
 000  000  006  042  052  036  018  017  020  008  000  000  004  004  011  013 
 016  022  037  058  047  015  002  000  009  004  003  008  008  009  008  001 
 027  029  027  033  022  001  000  000  002  004  008  018  014  007  005  000 
 002  001  000  014  016  004  000  000  000  005  009  022  019  006  002  004 
 000  000  000  006  011  006  000  000  002  008  006  018  021  008  000  001 
 000  004  002  004  009  009  004  003  003  007  003  012  020  012  000  000 
 000  012  005  002  011  012  004  004  000  008  007  014  020  015  003  002 
 004  014  004  002  012  010  000  004  005  016  023  028  028  019  007  006 
 014  013  000  002  014  015  008  008  006  019  029  028  023  015  006  004 
 008  001  000  005  026  027  013  006  001  014  022  016  010  004  000  000 
 009  000  000  012  032  024  002  000  000  011  019  015  014  003  000  000 
 006  002  002  018  030  015  000  000  004  009  014  013  016  006  000  000 

Celda39

 015  006  006  006  000  000  000  002  002  002  000  000  006  022  043  000 
 006  000  005  003  000  000  000  000  000  000  000  000  010  039  058  019 
 005  000  007  000  000  000  004  004  004  000  000  002  014  035  049  015 
 000  000  006  000  000  000  002  010  012  000  000  002  017  029  035  000 
 010  008  008  004  008  012  010  013  014  001  002  011  016  023  034  000 
 004  008  008  006  006  010  010  010  011  009  017  024  017  022  035  002 
 000  002  000  000  000  001  002  004  016  029  033  022  014  021  039  008 
 000  000  000  000  000  000  003  011  025  034  025  010  006  014  033  004 
 000  000  001  004  002  002  007  017  025  026  013  002  002  011  031  002 
 000  000  002  010  010  004  007  015  021  017  005  000  000  014  032  003 
 003  006  007  013  017  012  011  020  024  011  000  000  000  017  032  005 
 011  015  019  027  033  027  025  031  026  009  003  001  007  019  029  003 
 010  017  023  033  037  031  029  028  014  006  008  014  020  025  030  005 
 006  011  019  026  026  017  014  013  005  002  003  016  016  019  026  005 
 010  019  016  016  015  004  002  007  000  000  000  008  003  008  020  000 
 008  026  020  010  012  005  000  005  000  000  000  000  004  014  024  000 

Celda40

 001  003  005  002  028  010  011  020  012  000  000  000  004  010  003  000 
 003  006  010  006  019  008  010  018  014  002  000  000  002  008  004  000 
 003  008  018  016  000  000  012  018  014  006  006  006  002  003  002  000 
 003  008  018  019  007  000  016  021  008  003  010  012  005  002  002  000 
 002  004  008  010  008  007  029  026  000  000  007  016  010  002  002  000 
 000  000  000  000  004  011  029  015  000  000  004  019  016  002  000  000 
 000  000  000  000  000  004  013  004  000  000  002  018  019  003  000  000 
 002  002  000  000  000  004  004  001  001  005  008  011  017  008  000  000 
 000  000  000  000  000  001  002  005  011  014  012  006  008  008  000  000 
 000  000  000  000  000  000  007  011  010  009  000  000  000  000  000  000 
 000  000  000  000  000  000  008  006  004  006  002  000  000  000  000  000 
 000  000  000  000  000  000  004  004  003  005  007  000  000  000  000  002 
 000  000  000  000  000  002  001  003  002  008  011  000  000  000  000  005 
 001  000  000  000  000  004  008  002  000  008  012  000  000  000  000  000 
 000  000  000  000  006  006  001  002  002  002  006  000  000  002  000  000 
 000  000  000  000  006  006  004  000  002  000  000  000  000  006  000  000 

Celda41

 000  000  000  000  000  004  010  000  000  000  000  000  000  000  042  056 
 000  000  000  000  000  004  006  000  000  000  000  000  000  027  053  039 
 000  000  000  000  000  000  000  000  000  000  000  000  011  055  049  015 
 000  000  000  000  000  000  000  000  000  000  000  000  037  063  022  000 
 000  000  000  004  006  000  000  001  000  000  000  000  051  046  000  000 
 000  000  000  004  004  000  000  000  000  000  000  010  053  039  000  000 
 000  000  006  003  000  000  000  000  000  000  000  027  065  045  008  006 
 000  000  005  002  000  000  000  000  000  000  000  045  077  054  020  012 
 000  000  000  000  000  000  000  000  000  003  006  054  072  037  006  005 
 000  000  000  000  000  000  000  000  000  000  007  059  058  026  000  002 
 000  000  000  000  004  000  000  000  000  000  029  065  049  018  000  004 
 004  000  000  000  008  000  000  000  000  002  053  065  038  016  004  006 
 006  004  006  007  013  004  003  000  000  023  062  053  023  010  002  003 
 000  000  000  005  015  004  000  000  006  035  053  035  012  004  000  000 
 000  000  001  006  006  000  000  000  010  031  036  026  010  004  000  000 
 000  000  006  008  001  000  000  000  017  024  025  014  004  003  001  000 

Celda42

 038  021  018  007  000  012  016  000  000  000  004  013  005  000  000  008 
 020  018  017  006  000  008  017  004  000  000  006  015  004  000  004  015 
 006  012  018  010  000  003  018  016  000  004  000  012  004  000  007  013 
 000  008  014  008  000  001  021  027  004  000  000  002  006  010  012  010 
 002  010  007  000  000  006  028  032  008  000  000  000  000  017  023  013 
 007  013  002  000  000  011  029  026  008  000  000  000  000  012  028  021 
 013  014  000  000  000  009  024  019  008  003  004  000  000  004  024  021 
 012  014  006  008  008  006  018  014  007  006  006  000  000  011  021  012 
 004  010  002  005  010  011  010  011  010  008  003  001  012  025  015  000 
 003  008  003  004  008  010  006  012  025  027  021  021  028  023  006  000 
 006  004  004  008  007  002  002  010  028  028  018  014  010  000  000  000 
 007  004  003  006  004  000  000  008  026  022  006  000  000  000  000  000 
 003  003  000  002  002  000  000  008  019  018  008  000  000  000  003  010 
 000  000  000  000  000  000  000  008  014  014  011  003  003  003  018  024 
 000  000  001  000  000  000  004  009  014  017  018  022  015  012  013  020 
 000  000  004  000  000  000  012  016  023  023  017  018  001  005  000  017 

Celda43

 028  023  006  000  012  014  002  002  000  000  004  009  000  000  002  037 
 022  014  003  001  004  015  010  000  000  000  006  016  005  004  005  046 
 013  011  000  000  000  010  012  002  000  003  015  030  010  005  000  045 
 011  008  000  000  000  002  009  012  015  026  020  021  000  000  000  048 
 008  004  000  000  000  003  018  038  041  026  015  000  000  000  008  058 
 010  000  000  000  008  017  031  041  027  002  000  000  000  000  023  056 
 011  003  000  002  015  014  014  018  009  000  000  000  000  012  035  042 
 008  008  002  002  013  016  014  010  000  000  000  000  000  020  044  038 
 004  008  007  007  012  016  014  004  000  000  000  000  000  018  038  034 
 000  008  011  016  018  016  010  000  000  000  000  000  002  018  018  028 
 000  012  018  021  020  008  002  000  000  000  000  000  017  020  002  011 
 002  016  020  019  014  000  000  000  000  000  003  007  030  029  014  000 
 018  022  021  013  008  000  000  000  008  006  002  009  038  031  015  006 
 018  015  014  006  004  000  000  009  018  001  000  012  036  019  004  004 
 002  002  000  000  004  006  005  008  006  000  000  016  040  016  000  002 
 004  000  000  000  006  010  006  000  000  000  000  022  047  021  004  006 

Celda44

 092  075  018  022  020  013  002  017  025  014  012  022  018  008  000  000 
 083  056  000  002  006  008  008  007  022  018  000  000  004  012  017  014 
 061  034  000  000  000  004  003  000  014  014  000  000  000  014  022  016 
 046  012  000  002  000  000  000  000  012  012  000  000  006  022  013  004 
 034  000  000  010  000  000  000  000  019  020  008  007  015  015  000  000 
 025  000  000  010  000  000  000  011  027  019  004  005  009  008  000  000 
 013  000  000  006  000  000  002  012  021  011  000  000  002  003  000  007 
 009  000  000  004  003  000  000  006  019  012  000  000  000  004  000  004 
 014  000  002  000  004  000  000  000  016  016  000  000  000  008  006  000 
 026  006  010  008  000  000  000  000  010  018  005  000  000  008  009  000 
 033  026  001  005  000  000  000  004  002  013  012  004  009  009  004  000 
 026  038  016  000  000  000  007  011  014  003  011  014  004  000  000  000 
 010  032  024  000  001  007  014  014  006  002  004  014  006  000  000  000 
 003  018  020  016  002  010  009  004  000  000  004  010  003  002  002  002 
 010  014  002  016  020  006  002  000  000  000  010  012  005  003  000  000 
 018  012  000  000  030  030  002  004  009  012  018  019  015  012  009  006 

Celda45

 016  015  009  013  014  000  022  020  000  000  000  000  000  018  022  008 
 018  018  013  002  002  000  018  026  000  000  000  000  003  013  026  012 
 006  014  011  003  000  000  012  026  004  000  000  004  008  010  025  021 
 000  013  010  004  000  003  002  018  010  000  000  005  008  008  019  026 
 000  009  016  011  000  005  004  006  012  000  000  009  011  010  014  026 
 000  000  020  022  010  004  008  008  013  004  002  016  020  014  013  025 
 018  014  017  028  016  004  009  015  019  009  006  024  033  020  017  017 
 013  012  008  030  023  008  010  019  018  013  008  028  041  022  016  002 
 000  000  000  032  024  004  010  018  013  013  012  027  038  013  007  000 
 000  003  006  025  027  012  011  011  006  008  013  022  029  010  008  014 
 002  018  024  021  025  026  020  009  007  011  016  016  020  016  013  029 
 006  020  028  024  022  033  024  010  005  021  019  014  011  020  020  022 
 010  017  011  014  004  028  025  000  003  023  013  003  004  024  026  020 
 012  019  010  002  002  014  030  010  010  023  007  000  004  033  038  023 
 013  020  016  002  012  008  021  024  019  019  002  000  015  049  044  011 
 018  020  019  018  022  030  024  021  026  016  003  008  034  058  027  000 

Celda46

 000  000  005  026  034  014  000  006  010  007  017  021  022  014  008  011 
 003  001  004  026  030  016  008  005  006  003  021  026  020  015  012  019 
 011  014  013  029  020  012  018  008  000  000  026  026  011  010  019  022 
 015  012  015  029  020  006  014  008  000  003  029  024  008  014  028  025 
 018  006  010  020  016  008  004  002  000  006  031  026  006  010  020  012 
 020  006  003  010  013  012  013  012  008  004  024  025  011  010  012  004 
 016  007  003  009  013  016  021  023  024  018  012  013  006  004  002  000 
 010  010  010  021  019  017  018  011  016  014  002  000  000  000  000  000 
 006  016  023  029  016  004  010  008  000  000  000  000  000  000  004  001 
 011  022  027  019  002  000  000  004  000  000  000  000  000  017  026  022 
 031  026  026  015  000  000  000  000  000  000  000  004  031  043  039  022 
 031  026  026  016  000  000  000  000  000  000  017  033  034  031  021  009 
 014  013  003  000  000  000  000  000  002  025  034  023  011  011  011  004 
 006  000  000  000  000  000  000  008  017  030  024  006  002  008  012  008 
 000  000  000  000  000  010  024  020  014  019  015  004  002  007  014  008 
 000  000  000  000  021  040  028  016  015  012  014  009  010  005  010  008 

Celda47

 006  022  024  008  008  008  002  000  000  000  000  000  004  025  032  000 
 018  008  021  016  006  004  000  000  000  004  000  000  000  030  038  000 
 028  020  002  018  012  000  000  000  000  014  006  000  004  024  041  000 
 020  020  001  000  020  000  000  000  005  020  016  010  021  033  044  003 
 000  000  000  000  018  012  000  000  016  019  018  021  021  030  045  015 
 000  000  000  000  008  015  004  009  014  007  014  025  016  014  033  010 
 000  000  000  002  012  012  010  009  002  000  007  022  022  022  030  000 
 000  011  012  008  008  004  006  010  005  004  003  013  022  032  035  000 
 006  020  021  009  000  000  002  012  020  018  014  000  016  040  042  000 
 020  024  016  004  000  003  004  015  025  017  009  002  004  040  050  000 
 013  012  008  001  002  008  006  010  020  014  000  003  002  031  052  000 
 011  006  002  004  010  011  003  004  014  016  004  004  010  028  048  000 
 004  007  006  013  014  005  000  000  008  020  017  008  012  021  044  000 
 002  000  003  007  003  000  000  000  004  023  027  012  008  012  038  000 
 003  000  001  001  000  000  006  007  008  017  026  012  000  007  036  001 
 005  002  002  004  006  008  017  016  010  004  016  018  000  008  035  002 

Celda48

 000  002  006  006  000  002  008  004  000  002  002  000  000  006  000  000 
 001  003  007  009  008  002  004  008  000  006  010  012  012  012  005  000 
 000  000  000  001  004  004  000  006  007  001  009  012  010  008  002  000 
 000  000  000  000  000  002  006  002  006  010  008  006  002  000  000  000 
 000  000  000  000  000  005  010  008  002  013  006  000  000  000  000  000 
 000  000  000  000  001  012  004  006  002  006  004  000  000  002  006  008 
 000  000  000  000  000  012  008  000  000  000  001  004  003  005  014  012 
 000  000  000  000  000  006  007  000  001  001  000  001  006  000  000  000 
 000  000  000  000  002  005  004  004  008  000  000  000  002  000  000  000 
 000  000  001  000  002  008  006  008  007  000  000  000  000  000  000  000 
 002  004  008  006  000  009  010  006  002  000  000  000  000  000  000  006 
 001  003  007  008  006  007  009  004  000  000  002  002  002  004  009  015 
 000  001  004  006  003  002  004  000  002  005  000  002  004  008  012  017 
 000  000  000  000  003  004  000  000  000  010  002  000  000  006  010  011 
 000  000  000  000  002  006  004  001  000  006  002  000  001  012  010  005 
 000  000  000  000  000  000  000  006  010  006  000  000  002  013  012  008 

Celda49

 000  000  008  007  000  000  000  012  023  023  022  004  000  000  007  010 
 000  000  008  006  000  000  000  023  019  019  014  000  000  000  010  020 
 000  000  006  006  000  000  013  022  007  016  010  000  000  000  011  022 
 000  000  002  001  000  000  031  022  006  007  002  000  002  005  010  017 
 000  006  004  000  000  022  036  016  009  005  000  003  014  015  013  008 
 011  006  002  002  011  028  018  004  001  006  007  015  021  010  008  010 
 002  000  000  000  014  012  006  005  007  000  003  011  008  000  009  023 
 000  000  000  002  005  002  000  007  014  004  000  004  005  002  015  028 
 000  000  004  000  000  000  000  008  018  009  000  004  009  012  017  020 
 000  004  004  000  000  000  001  006  018  012  000  006  021  022  014  009 
 010  008  002  000  006  017  013  008  013  014  007  013  023  022  013  008 
 018  014  010  016  026  023  014  010  018  023  014  010  016  020  009  004 
 017  016  016  022  025  012  004  000  010  013  005  004  012  018  011  000 
 010  014  016  017  011  000  000  000  009  012  007  009  014  012  010  006 
 005  006  009  007  000  000  000  000  006  013  014  020  023  015  008  008 
 007  000  000  000  000  000  000  002  009  014  019  022  025  019  010  008 

Celda50

 006  008  007  009  015  025  028  018  015  014  010  016  010  000  000  005 
 016  018  020  024  021  020  012  008  010  008  004  014  018  000  000  000 
 017  000  004  012  011  004  000  002  017  012  011  023  017  000  000  004 
 014  000  000  012  010  000  000  008  018  009  015  022  007  000  006  012 
 003  000  001  016  016  002  000  010  012  002  006  012  008  012  014  008 
 005  004  010  019  013  007  004  008  007  002  010  017  018  013  009  000 
 021  026  030  032  026  020  012  004  002  006  012  017  014  003  000  000 
 020  018  024  027  024  021  018  015  012  016  009  004  010  010  000  000 
 014  005  011  014  004  000  002  007  012  011  000  000  004  012  008  004 
 012  010  012  004  000  000  006  004  000  000  000  000  000  012  017  017 
 007  008  008  001  000  000  006  006  000  000  000  000  000  012  020  022 
 006  004  001  002  005  012  014  012  006  002  000  004  004  004  015  020 
 004  004  004  010  015  018  023  025  022  019  016  019  018  008  002  016 
 008  004  004  011  013  007  005  004  002  006  008  015  014  017  012  011 
 010  006  007  013  010  003  000  000  001  002  006  005  002  011  018  016 
 009  006  006  005  002  004  002  006  012  011  008  000  002  000  002  004 

Celda51

 005  000  004  019  018  002  000  000  000  000  015  048  059  018  002  006 
 006  008  014  012  002  000  000  000  000  004  043  062  046  000  000  000 
 010  011  010  002  000  000  000  000  000  000  055  074  033  000  000  002 
 008  001  002  000  000  004  000  000  000  000  045  072  036  000  000  023 
 000  000  000  000  003  000  000  000  000  004  037  056  034  005  010  025 
 000  000  013  021  015  006  000  000  000  020  044  057  041  021  016  018 
 002  006  020  021  013  016  014  009  004  026  052  063  056  032  012  008 
 010  008  008  012  004  014  028  031  024  041  068  072  050  011  000  000 
 008  006  000  008  014  004  013  026  028  057  091  077  032  000  000  000 
 001  000  000  000  016  016  000  000  014  070  099  061  010  000  000  000 
 004  000  000  000  010  010  000  000  013  076  082  024  001  000  001  001 
 006  000  000  007  006  000  000  008  038  072  052  000  000  000  002  006 
 007  000  000  005  000  000  000  028  057  054  034  000  000  002  006  006 
 006  000  006  004  000  000  007  046  056  031  021  009  000  010  009  008 
 017  011  006  000  000  000  010  039  037  012  010  022  014  004  006  009 
 008  011  011  006  000  000  018  038  033  006  005  023  020  007  005  007 

Celda52

 018  008  008  002  024  044  017  007  016  016  007  014  014  012  020  023 
 013  006  015  029  033  039  026  009  006  004  000  012  016  012  012  016 
 016  007  010  022  020  013  024  016  000  000  000  008  018  020  009  006 
 022  012  008  009  009  000  015  022  004  000  004  012  016  022  014  006 
 015  010  010  010  014  014  000  020  015  000  010  010  005  020  023  010 
 010  002  008  012  014  016  010  008  022  011  004  001  000  020  032  013 
 014  008  006  005  002  004  007  002  017  015  006  000  000  016  034  015 
 016  015  004  000  000  000  006  006  002  011  013  004  000  010  026  018 
 016  018  006  000  000  002  008  011  004  000  016  014  002  004  014  016 
 010  018  010  000  000  000  000  002  004  000  012  022  016  014  012  013 
 002  017  014  000  000  000  000  000  000  001  004  028  034  023  018  026 
 004  014  016  007  006  002  000  000  000  010  020  037  040  022  018  033 
 008  014  022  021  016  018  014  010  011  035  043  043  039  023  024  038 
 012  014  017  016  006  015  024  025  027  055  055  045  040  033  040  047 
 014  014  008  012  012  010  016  026  031  058  059  049  046  037  048  044 
 010  010  008  012  013  015  016  016  028  049  057  045  034  028  029  008 

Celda53

 030  027  024  030  028  032  034  018  018  026  015  022  044  042  000  000 
 016  017  019  029  024  017  022  023  019  044  036  022  027  007  000  000 
 004  013  020  025  017  012  011  020  022  044  029  002  000  000  000  000 
 008  020  025  022  019  022  024  018  018  020  014  000  000  000  000  011 
 011  020  021  018  025  035  036  018  012  000  000  000  000  000  015  050 
 006  010  013  017  028  039  037  016  008  000  000  000  000  022  052  048 
 000  004  014  024  037  048  041  017  005  000  000  000  008  039  046  028 
 004  010  026  039  049  050  027  000  000  000  000  014  035  037  029  017 
 014  024  045  050  044  020  002  000  000  006  024  052  055  038  024  019 
 021  042  052  037  012  000  000  000  000  025  043  058  053  029  016  001 
 037  047  038  015  000  000  000  012  030  037  029  029  022  000  000  000 
 039  034  022  000  000  000  004  042  051  014  000  002  004  000  000  000 
 032  011  006  000  000  000  025  053  034  000  000  005  004  000  006  013 
 019  000  000  000  000  012  044  037  014  000  000  012  006  002  014  020 
 008  000  000  012  012  034  044  023  011  011  013  016  002  003  012  010 
 000  000  000  028  040  053  036  019  030  028  018  002  000  000  018  005 

Celda54

 000  000  003  031  049  033  009  007  015  014  013  010  006  006  001  006 
 000  004  032  043  031  008  001  012  010  013  014  015  008  010  010  004 
 009  050  049  026  003  001  003  011  008  007  017  020  014  016  015  012 
 061  067  033  021  010  005  011  011  012  011  012  011  008  008  010  012 
 054  028  000  008  022  017  015  019  019  008  002  003  002  000  005  008 
 018  002  006  002  017  018  012  027  018  006  000  006  004  000  000  000 
 006  000  006  018  000  009  012  030  013  008  006  014  009  000  000  003 
 010  022  019  008  004  000  008  022  001  000  005  014  002  000  000  008 
 018  016  017  004  000  003  008  008  000  000  001  005  000  000  000  010 
 010  004  000  000  000  004  010  000  000  000  007  004  000  000  000  008 
 005  008  000  000  008  010  000  000  000  006  015  011  003  000  000  006 
 005  012  003  000  010  015  010  000  000  012  019  008  002  000  000  008 
 006  013  004  000  012  007  012  010  003  008  017  012  000  004  005  015 
 012  010  007  000  010  016  006  012  005  000  011  016  001  005  012  020 
 015  013  018  007  000  022  002  005  004  000  005  016  010  000  005  011 
 008  015  023  010  002  016  013  000  004  006  002  009  012  000  000  000 

Celda55

 010  009  017  027  025  020  016  016  008  006  000  013  010  018  038  000 
 016  024  031  037  022  015  006  012  004  006  004  000  011  028  044  000 
 020  024  026  022  004  004  004  008  004  003  010  010  005  030  048  000 
 011  016  022  016  000  002  005  003  004  007  012  016  012  033  053  004 
 004  008  021  016  002  000  003  000  005  013  012  014  012  033  059  010 
 000  000  016  019  009  000  001  000  002  018  014  010  011  030  058  007 
 000  000  008  022  018  006  000  000  000  022  022  000  004  023  052  001 
 004  004  000  019  023  010  000  000  000  022  027  002  000  016  048  000 
 013  008  012  012  016  008  000  000  003  015  022  007  000  013  046  000 
 010  004  007  006  004  008  003  003  011  004  008  012  000  012  042  000 
 009  012  004  004  000  005  005  009  008  000  000  015  011  017  047  006 
 014  016  007  001  000  000  000  010  014  000  000  014  020  027  051  009 
 029  015  000  000  000  001  000  000  018  004  000  004  020  042  056  004 
 027  000  000  000  009  008  007  000  016  020  000  000  013  055  068  001 
 011  000  000  002  028  007  008  008  009  028  014  014  011  059  074  000 
 000  000  000  000  032  020  002  010  006  027  023  014  018  055  072  000 

Celda56

 001  003  006  004  000  000  003  005  009  010  008  008  015  017  006  008 
 002  006  012  012  005  000  008  007  000  003  006  007  018  015  004  004 
 000  000  002  004  006  004  009  004  000  000  000  002  014  008  002  000 
 000  000  000  000  000  004  005  000  000  002  002  003  011  004  000  000 
 000  000  000  000  000  006  002  000  000  004  008  000  004  002  000  004 
 001  002  003  002  002  004  002  000  000  006  004  000  000  002  002  010 
 001  003  007  009  008  005  003  000  000  002  000  000  000  005  014  016 
 001  003  007  010  009  006  004  002  000  003  000  000  000  010  024  016 
 001  002  002  000  000  000  001  002  000  004  000  006  012  024  027  006 
 000  000  000  000  000  000  002  006  004  000  004  007  016  023  015  000 
 000  000  000  000  000  000  003  004  002  000  006  012  008  005  001  000 
 000  000  000  000  000  000  000  000  000  000  004  012  008  002  002  004 
 000  000  000  000  000  002  000  002  002  001  000  006  007  008  010  011 
 007  016  035  048  052  057  059  065  066  062  060  059  059  068  079  072 
 014  035  076  104  112  121  124  120  123  124  124  126  128  137  141  126 
 000  000  000  000  001  008  008  000  000  000  000  001  002  012  019  008 

Celda57

 007  000  000  000  000  000  004  012  013  013  014  023  028  018  006  002 
 005  000  000  000  000  000  005  015  014  011  017  033  035  010  000  000 
 004  000  000  000  002  002  008  012  011  011  027  044  032  000  000  000 
 004  000  000  000  004  006  011  019  017  015  027  033  015  000  000  000 
 006  003  005  006  006  005  014  027  026  018  018  016  008  000  000  000 
 008  005  006  008  004  000  012  025  020  012  013  011  004  000  000  004 
 006  002  000  000  002  004  006  018  024  020  008  001  000  000  000  005 
 002  000  000  000  002  015  018  012  016  024  015  002  000  000  003  000 
 000  000  000  000  009  024  020  016  005  016  018  009  003  006  008  006 
 000  000  002  010  020  029  015  010  010  010  014  014  006  006  006  004 
 000  000  003  013  023  025  011  003  004  003  011  012  006  004  008  000 
 006  004  005  009  011  014  004  000  000  002  011  011  006  001  002  000 
 012  009  004  005  008  010  000  000  000  008  014  010  008  005  005  002 
 068  068  066  062  061  063  053  057  065  082  078  068  064  061  061  067 
 118  120  122  122  122  127  120  126  132  140  129  120  119  119  116  118 
 000  000  000  000  000  007  002  000  005  011  003  000  001  005  003  000 

Celda58

 007  006  004  002  001  009  009  012  013  002  000  000  001  000  000  000 
 008  007  000  000  000  011  020  011  004  000  000  000  004  005  007  006 
 013  010  000  002  005  012  021  013  000  000  000  004  009  005  006  013 
 014  010  000  003  009  018  026  008  000  000  000  002  002  000  002  007 
 007  006  004  010  012  020  021  002  000  000  000  002  000  000  006  015 
 004  000  003  012  021  022  012  000  000  000  000  000  000  000  008  016 
 004  006  004  009  022  024  010  000  000  001  006  010  009  004  002  010 
 000  000  006  009  014  018  011  000  000  000  003  008  012  011  004  001 
 003  006  006  005  007  012  012  006  000  002  002  002  002  006  004  000 
 006  008  007  005  007  006  010  009  000  000  000  000  000  000  000  000 
 000  002  004  002  002  001  006  009  002  000  000  000  000  000  000  000 
 000  003  006  002  004  002  002  006  002  000  000  000  000  000  000  000 
 000  002  007  002  004  002  000  000  000  002  004  004  000  002  002  000 
 072  074  083  082  085  081  076  066  058  056  058  059  061  064  056  051 
 123  126  136  136  134  128  128  128  128  128  128  127  127  123  116  114 
 000  000  010  011  008  000  000  000  000  000  000  004  008  005  000  000 

Celda59

 004  011  002  006  000  000  016  052  044  014  004  014  016  010  012  016 
 000  010  003  000  000  000  012  066  064  021  006  003  009  006  013  021 
 016  008  000  000  000  002  032  085  074  012  000  000  008  004  008  019 
 016  020  008  000  000  008  046  083  064  009  008  012  012  002  005  014 
 010  006  012  016  019  027  045  060  042  012  018  029  023  010  008  012 
 014  000  007  022  030  036  040  046  035  018  020  027  030  032  027  018 
 014  011  000  004  014  030  036  052  047  022  021  030  027  041  046  036 
 012  014  000  000  010  018  032  054  047  022  027  038  029  028  034  037 
 009  008  000  000  018  034  034  041  031  015  023  031  020  015  014  019 
 004  002  000  000  020  042  046  040  024  005  006  018  018  014  010  000 
 000  000  000  003  043  048  040  041  023  006  010  020  016  009  012  003 
 000  000  000  034  072  058  042  031  014  004  019  026  012  000  010  014 
 000  000  009  063  083  043  022  027  008  000  022  030  008  000  002  020 
 052  062  090  136  124  062  050  067  061  055  055  057  033  026  018  023 
 118  128  151  177  144  090  088  107  099  092  090  096  080  076  078  080 
 000  003  024  043  027  000  000  017  010  000  000  010  005  000  000  002 

Celda60

 010  004  012  023  022  015  018  018  018  035  051  027  005  001  000  000 
 020  011  022  031  023  016  016  018  010  025  039  007  000  000  000  000 
 028  026  032  032  021  021  019  021  013  020  026  000  000  000  000  000 
 030  038  033  023  015  016  018  030  025  002  000  000  000  000  000  006 
 027  042  032  013  006  000  004  030  026  016  000  000  000  014  013  032 
 019  040  030  004  002  011  016  028  013  008  006  000  000  042  055  043 
 014  024  025  001  002  024  030  020  000  000  000  000  003  069  073  039 
 027  003  015  010  008  026  031  008  000  000  000  000  028  077  061  012 
 024  018  005  014  012  012  011  000  000  000  000  007  040  056  036  005 
 009  012  010  008  010  000  000  000  000  000  014  033  029  034  024  001 
 000  004  002  000  000  000  000  000  000  022  048  038  012  022  023  005 
 000  001  000  000  000  000  000  000  014  050  064  033  012  012  024  012 
 004  000  000  000  000  000  000  020  039  065  061  023  011  017  028  016 
 017  011  024  042  068  084  074  072  098  102  079  046  040  050  055  042 
 076  063  070  093  105  118  122  115  144  130  095  074  073  079  078  068 
 006  000  006  016  010  000  000  000  041  040  012  000  001  007  006  000 

Celda61

 000  000  000  046  074  058  027  018  026  011  000  000  000  000  010  020 
 000  000  013  064  074  043  016  009  007  000  000  000  016  010  000  026 
 000  033  052  062  057  038  014  001  000  000  002  019  029  019  012  018 
 043  080  062  055  058  039  011  000  000  005  012  014  012  006  012  005 
 063  076  045  041  052  033  006  001  009  010  006  000  000  000  000  004 
 050  047  020  015  021  010  000  002  006  003  000  000  000  000  000  000 
 024  012  008  005  009  009  007  004  000  000  000  000  000  000  006  000 
 000  000  002  006  008  012  016  010  000  000  000  000  000  000  008  004 
 000  000  000  004  014  018  016  009  000  000  000  000  000  000  005  010 
 000  000  000  000  020  022  008  000  002  002  000  000  000  000  000  008 
 000  000  000  000  018  021  002  000  004  008  000  000  000  000  000  000 
 002  000  000  000  013  018  006  000  002  008  000  000  000  000  000  000 
 000  000  000  000  004  014  008  002  004  006  000  000  000  002  009  006 
 029  032  043  050  046  038  020  015  030  038  035  037  038  041  041  042 
 065  066  073  080  084  082  074  068  086  086  076  074  072  072  070  075 
 000  000  005  000  000  000  000  000  021  020  006  000  000  001  000  000 

Celda62

 001  016  021  011  007  002  014  000  001  007  005  000  011  006  000  000 
 021  013  007  007  010  002  005  000  000  000  003  000  006  014  004  000 
 028  009  000  000  000  000  000  004  004  002  000  004  000  016  008  000 
 021  004  000  000  000  000  000  002  010  010  004  000  000  006  009  000 
 008  000  000  002  000  000  001  000  006  012  008  000  000  000  008  000 
 000  000  000  003  005  000  000  000  000  009  006  000  000  000  010  017 
 000  000  000  000  006  000  000  000  000  012  007  000  004  008  018  018 
 000  000  000  000  000  000  000  000  006  027  026  014  011  007  006  008 
 000  000  000  000  000  000  000  006  021  033  014  000  002  004  000  000 
 000  000  000  000  000  002  012  018  018  012  007  003  004  004  000  000 
 001  000  004  012  016  016  021  010  005  000  000  012  014  002  000  000 
 010  011  010  012  012  008  002  001  000  000  000  014  022  000  008  011 
 005  016  008  000  000  000  000  000  002  000  000  010  026  013  004  014 
 032  027  024  021  024  032  035  034  041  038  041  034  042  040  031  038 
 078  074  079  078  080  079  082  084  092  088  086  082  083  087  078  072 
 000  000  008  010  009  002  000  000  006  004  000  000  004  018  015  000 

Celda63

 000  000  000  000  025  028  000  000  000  021  030  006  009  038  066  000 
 000  000  000  000  014  026  004  000  000  014  034  022  011  038  065  003 
 000  000  000  000  003  020  016  000  008  023  041  041  027  043  065  011 
 000  000  000  000  003  014  023  020  024  030  035  037  025  033  051  006 
 000  008  012  030  035  030  023  022  017  006  008  028  026  026  042  000 
 014  022  021  027  023  010  000  012  020  007  004  021  025  032  048  000 
 005  006  004  002  008  000  000  003  020  012  004  012  020  042  058  000 
 002  000  000  000  000  003  000  000  016  017  005  002  016  051  069  000 
 000  000  000  000  000  012  011  008  004  018  008  000  010  054  077  000 
 000  004  005  004  013  027  020  012  004  013  014  000  003  050  080  000 
 000  008  013  012  010  012  006  002  007  007  015  001  000  044  079  000 
 013  018  012  011  006  003  004  004  011  009  015  009  010  051  082  005 
 008  007  003  008  010  006  010  012  014  014  017  017  015  053  086  013 
 040  042  041  038  049  047  040  042  042  046  045  049  046  079  102  029 
 080  087  084  080  091  083  070  071  074  074  074  079  078  099  107  042 
 000  005  002  000  013  009  000  003  007  000  000  007  008  028  047  000 

