Celda0

 000  000  000  000  000  001  004  002  000  000  002  004  001  000  000  001 
 000  000  000  000  000  002  010  006  000  000  004  010  004  000  000  001 
 000  000  000  000  000  003  024  016  000  000  004  022  013  000  000  000 
 000  000  000  000  000  002  030  021  000  000  000  026  023  004  000  000 
 000  000  000  000  000  004  030  020  000  002  010  027  028  011  002  000 
 003  006  008  002  000  006  031  019  001  004  008  023  031  016  003  000 
 003  008  016  019  010  004  032  022  000  000  000  014  028  012  000  000 
 001  004  013  024  026  014  026  026  004  000  000  014  031  014  000  000 
 000  001  006  017  027  024  025  029  007  000  000  017  029  011  000  000 
 000  000  000  008  016  018  020  031  002  000  000  022  027  006  000  000 
 000  000  000  001  002  002  004  019  000  000  000  028  032  015  006  002 
 000  000  000  006  000  000  002  021  000  006  008  030  044  020  008  004 
 001  001  000  003  000  000  000  024  006  000  007  029  042  012  000  002 
 001  001  000  000  000  000  002  028  009  000  000  019  031  012  000  000 
 000  000  000  000  000  000  001  028  010  000  000  015  018  010  000  001 
 000  000  000  000  006  011  005  024  012  000  001  015  008  007  007  002 

Celda1

 000  000  000  001  002  000  000  000  000  000  000  000  000  000  000  000 
 000  000  000  002  004  000  000  000  000  000  000  000  000  000  000  000 
 000  000  000  004  009  000  000  000  000  001  000  000  000  000  000  000 
 000  000  000  005  010  002  000  000  000  000  000  000  000  000  000  000 
 000  001  006  015  018  007  004  004  005  007  010  008  000  000  000  004 
 000  000  004  014  017  005  000  000  006  013  010  002  000  000  001  024 
 000  000  007  017  009  000  000  002  010  009  001  000  000  000  029  039 
 000  003  016  019  001  000  000  000  007  002  000  000  001  014  046  039 
 002  015  031  017  000  000  000  006  008  002  002  002  012  033  046  029 
 004  023  031  006  002  000  000  012  019  008  006  006  015  036  034  015 
 005  023  020  000  002  008  009  026  024  005  002  006  021  031  021  008 
 010  014  008  000  000  004  010  027  016  002  004  012  021  015  008  000 
 014  003  000  000  000  000  010  025  009  004  009  014  009  000  004  010 
 011  000  000  000  000  004  018  020  003  003  004  004  001  000  002  017 
 008  000  003  000  000  013  025  015  000  000  000  000  000  000  006  017 
 007  005  002  007  008  019  022  010  001  000  000  000  000  000  004  010 

Celda2

 000  002  002  000  000  000  000  000  000  003  007  006  001  000  000  000 
 000  005  004  000  000  000  000  000  000  010  018  014  001  000  000  000 
 000  010  006  000  000  000  000  000  000  024  040  028  000  000  000  000 
 000  010  006  000  000  000  000  000  000  036  052  031  000  000  000  000 
 013  013  006  000  000  000  004  012  016  044  049  024  000  000  012  028 
 018  011  004  000  000  002  008  016  015  022  039  021  000  000  016  024 
 023  018  012  007  004  005  010  018  014  002  032  022  000  002  012  009 
 020  020  018  014  012  010  011  011  004  000  026  024  004  006  009  004 
 012  015  017  018  024  026  016  002  000  000  018  024  010  006  004  000 
 007  010  014  018  024  028  018  004  002  000  004  018  012  010  010  010 
 006  006  012  015  013  010  009  010  016  012  000  000  010  024  032  030 
 002  002  006  010  004  000  002  010  017  012  000  000  007  049  063  057 
 000  000  004  000  001  000  002  004  002  000  000  000  007  071  094  060 
 000  000  004  000  002  004  002  000  000  000  007  028  048  116  106  039 
 000  000  003  000  000  000  000  000  000  000  024  048  071  115  080  018 
 000  000  004  000  000  000  000  000  002  020  034  048  056  067  030  010 

Celda3

 000  001  005  005  003  000  000  000  000  001  003  006  008  006  002  000 
 000  002  010  010  008  002  000  000  000  002  010  016  020  015  004  000 
 000  000  012  018  021  012  000  000  000  003  024  039  044  031  006  000 
 000  000  000  012  032  027  000  000  000  004  031  052  056  035  004  000 
 038  034  014  000  024  032  012  000  008  039  055  054  042  024  004  000 
 028  029  022  006  000  016  024  024  026  047  047  031  014  008  010  014 
 000  004  011  014  008  000  024  041  048  042  028  008  000  000  014  032 
 000  000  002  016  030  040  052  047  042  046  028  000  000  000  005  032 
 004  000  013  028  043  057  058  039  031  034  022  002  000  000  000  015 
 021  025  032  045  050  052  042  035  026  012  000  003  010  000  000  000 
 041  037  030  032  033  030  029  034  037  024  002  000  026  008  000  000 
 044  031  017  010  009  017  026  038  038  034  036  034  036  007  000  000 
 024  018  006  002  001  018  032  024  022  030  050  057  043  026  016  002 
 013  018  010  000  000  021  024  003  009  026  045  055  054  045  033  016 
 006  012  006  002  010  024  022  005  020  039  034  036  042  041  036  035 
 010  004  000  012  025  025  027  034  036  026  010  008  016  022  025  033 

Celda4

 000  000  000  002  000  000  000  001  001  000  000  000  000  002  002  002 
 000  000  000  004  000  000  000  002  002  000  000  000  001  006  004  004 
 000  000  006  006  000  000  000  004  001  000  000  000  005  012  007  006 
 000  003  014  004  000  000  000  006  000  000  000  000  012  012  006  010 
 000  024  032  010  002  000  005  012  000  000  000  016  029  022  013  019 
 020  029  017  000  000  000  006  000  000  000  011  031  034  024  017  023 
 035  023  006  000  000  000  006  000  000  007  025  032  031  019  011  014 
 044  026  000  000  000  002  006  000  000  022  030  030  027  013  006  007 
 040  032  000  000  000  008  013  010  021  029  025  024  020  010  011  012 
 019  024  004  000  000  012  022  025  023  015  011  012  007  007  020  021 
 000  000  006  015  023  025  025  026  023  015  012  010  005  010  021  019 
 000  000  000  036  050  042  025  020  026  021  010  002  006  020  023  010 
 000  000  000  040  058  054  031  021  031  022  003  000  008  029  026  012 
 006  011  019  033  040  055  048  032  031  018  001  000  013  030  024  014 
 038  046  050  034  009  042  058  042  028  014  006  008  016  024  019  015 
 050  066  070  060  047  043  039  037  026  011  006  008  015  024  019  016 

Celda5

 001  000  000  000  000  000  001  001  000  000  000  000  000  000  000  000 
 002  000  000  000  000  002  002  000  000  000  000  000  000  000  000  000 
 004  000  000  000  006  006  001  000  000  000  000  000  000  000  000  000 
 008  000  000  004  016  015  002  000  000  000  000  000  000  000  000  000 
 020  011  016  033  039  014  000  001  010  019  023  026  024  019  016  024 
 019  007  011  030  019  000  000  000  008  016  016  014  010  008  017  042 
 007  000  006  019  002  000  000  008  021  011  000  000  000  000  013  043 
 000  000  008  014  000  000  002  027  027  002  000  000  000  004  023  041 
 008  005  014  004  000  000  011  034  014  000  000  000  000  006  028  029 
 018  015  007  000  000  003  031  026  002  000  002  000  000  010  016  011 
 017  014  000  000  000  022  038  011  000  006  010  008  004  013  012  004 
 004  004  000  000  003  041  031  001  000  006  010  018  023  021  008  000 
 002  000  000  000  020  042  016  000  001  000  004  014  018  013  005  000 
 004  000  000  000  032  030  007  000  006  006  000  000  000  000  000  000 
 004  000  000  004  039  015  000  004  013  017  004  000  000  000  000  000 
 006  000  000  025  031  001  000  010  022  021  004  000  000  002  000  000 

Celda6

 000  000  000  000  000  001  002  000  000  000  001  002  002  000  000  000 
 000  000  000  000  000  002  006  000  000  000  002  004  004  000  000  000 
 004  002  000  000  000  004  012  000  000  000  008  010  008  000  000  000 
 010  006  000  000  000  003  011  000  000  000  016  017  008  000  000  004 
 040  036  026  020  014  008  001  000  000  004  022  018  005  001  015  043 
 056  046  032  024  021  018  010  001  000  008  018  010  002  016  036  044 
 050  032  018  008  008  014  016  018  024  033  026  008  001  027  043  030 
 034  004  000  000  000  006  012  020  027  028  020  020  022  036  036  028 
 014  000  000  000  006  008  009  014  016  006  000  004  015  021  030  036 
 000  000  000  000  012  012  014  016  012  000  000  010  006  007  029  041 
 000  000  000  008  008  006  012  010  002  000  000  011  005  014  041  040 
 000  000  000  016  014  008  004  000  000  000  000  004  007  031  052  040 
 000  000  006  015  019  022  006  000  000  000  000  000  015  037  038  022 
 000  000  016  022  033  032  009  005  009  015  012  010  033  034  026  016 
 000  012  020  024  035  023  002  004  014  019  022  032  046  032  016  000 
 000  026  021  021  029  008  000  000  004  009  020  039  031  021  012  000 

Celda7

 001  003  000  000  000  000  000  000  000  003  004  003  003  007  009  000 
 004  006  000  000  000  000  000  000  001  008  008  006  006  017  024  000 
 009  012  000  000  000  000  000  000  004  015  015  008  008  035  052  000 
 013  009  000  000  000  000  000  000  010  023  020  004  006  044  066  000 
 044  022  006  000  006  016  020  019  039  056  057  043  050  090  101  033 
 024  011  010  012  014  015  011  001  020  040  041  029  043  076  076  020 
 008  000  008  016  019  018  015  006  018  042  033  016  028  048  044  000 
 010  004  006  004  005  009  014  016  018  033  031  026  026  033  035  000 
 031  018  018  015  010  004  005  012  017  025  022  027  028  031  035  000 
 029  010  016  025  024  015  010  018  034  037  020  011  018  030  042  000 
 017  004  001  012  018  018  018  039  066  058  046  027  008  026  048  000 
 016  001  003  000  002  003  012  056  073  052  050  046  042  055  069  021 
 002  000  006  000  000  000  016  060  055  022  021  026  033  047  059  022 
 000  000  010  000  000  000  038  058  032  000  000  006  010  022  035  008 
 000  000  010  000  000  022  052  048  015  000  000  001  001  008  024  000 
 000  000  004  000  004  044  060  038  008  000  000  000  000  005  026  000 

Celda8

 000  000  000  003  010  014  012  020  008  000  000  016  006  006  009  002 
 000  000  000  000  005  005  008  011  001  000  000  014  012  008  007  004 
 000  000  000  000  004  000  000  000  000  000  000  014  018  008  004  009 
 000  000  000  000  000  000  000  001  000  000  005  022  022  006  006  019 
 000  000  000  000  000  000  000  007  007  010  014  024  020  008  009  016 
 000  000  000  000  000  000  006  014  004  002  008  024  026  015  011  011 
 000  000  000  000  000  002  010  010  002  000  006  024  024  013  010  006 
 000  000  000  000  011  009  009  008  006  008  011  019  014  002  004  004 
 001  002  004  010  024  012  004  008  008  008  002  012  015  007  004  010 
 002  004  008  010  021  008  003  008  009  002  000  006  017  016  014  018 
 003  006  010  005  007  000  000  008  010  002  008  011  021  021  013  007 
 002  005  009  005  000  000  000  010  012  002  008  018  027  019  006  003 
 002  005  008  006  002  000  000  013  014  005  006  021  026  009  000  000 
 002  004  004  001  000  000  000  010  017  008  005  018  015  001  000  002 
 000  000  000  000  000  000  000  008  019  012  007  016  012  000  000  002 
 000  000  000  000  000  000  000  015  024  012  004  014  015  000  000  000 

Celda9

 010  014  000  008  018  028  016  000  000  000  000  000  000  000  002  006 
 015  022  011  012  023  030  016  000  000  004  003  000  000  000  000  009 
 026  034  020  012  022  019  011  003  000  004  006  000  000  000  002  010 
 027  023  011  001  008  002  000  000  000  000  003  000  000  000  007  007 
 016  013  010  004  004  000  000  000  000  000  000  000  000  000  004  002 
 009  006  008  009  006  000  000  000  002  000  000  000  002  011  008  000 
 002  003  009  019  024  018  024  026  022  014  006  003  019  025  020  014 
 005  012  021  032  033  021  026  033  032  025  016  011  018  014  000  002 
 018  022  022  026  025  014  012  017  018  016  016  017  010  002  000  000 
 021  017  015  019  018  010  002  000  000  008  019  026  022  008  002  008 
 004  004  012  017  011  008  004  000  000  008  024  032  028  024  022  022 
 006  011  014  010  005  010  006  001  002  008  021  020  017  014  012  019 
 009  016  016  006  007  014  006  002  003  008  010  002  004  001  001  021 
 012  012  009  008  015  019  002  000  000  002  003  000  000  000  004  027 
 012  005  002  010  020  018  004  000  000  000  000  000  000  000  010  027 
 009  005  000  010  017  013  006  002  000  000  000  000  000  000  016  025 

Celda10

 000  000  000  000  000  000  000  002  023  034  038  040  030  005  012  020 
 012  004  000  000  000  000  011  030  034  039  037  032  017  000  002  036 
 014  005  000  000  004  015  023  042  031  031  029  024  017  006  000  043 
 004  002  000  000  008  016  019  033  015  013  014  018  024  028  015  032 
 000  006  009  009  006  006  015  020  002  000  004  012  022  028  019  011 
 000  009  014  009  004  004  013  008  000  000  001  004  008  010  006  000 
 004  004  008  008  010  016  013  000  000  000  004  000  000  000  000  000 
 000  000  004  010  018  018  011  000  000  000  004  000  000  000  000  006 
 004  010  025  036  030  010  001  000  000  004  001  000  000  002  010  018 
 018  024  034  035  021  010  000  000  003  012  003  000  004  008  013  010 
 018  013  021  023  012  010  008  000  003  013  006  000  000  002  007  001 
 016  008  009  014  004  000  003  004  001  009  002  000  000  000  000  002 
 019  020  010  008  002  000  000  000  004  007  000  000  000  000  000  014 
 012  016  012  002  000  000  000  000  002  003  001  002  003  008  014  022 
 003  001  004  009  011  007  004  004  003  000  000  000  008  017  018  015 
 003  000  002  013  022  027  028  027  018  002  000  000  000  004  004  006 

Celda11

 025  010  016  049  053  039  045  045  022  002  000  000  000  000  004  015 
 042  025  036  061  051  037  044  033  004  000  000  000  000  000  000  007 
 050  033  036  044  032  026  028  013  000  000  000  000  000  000  000  026 
 048  042  040  033  027  022  013  000  000  000  000  000  001  011  038  053 
 044  050  050  043  033  020  003  000  000  000  000  006  022  035  046  041 
 045  065  067  051  031  012  000  000  000  000  008  021  028  020  015  013 
 053  078  061  033  020  006  000  000  000  002  024  030  010  002  000  011 
 063  070  048  028  014  002  000  000  000  010  028  018  000  000  002  010 
 056  055  044  032  012  000  000  000  000  016  022  010  000  000  007  010 
 025  044  048  036  010  000  000  000  009  021  015  003  000  000  006  007 
 000  038  056  040  009  000  002  012  022  020  007  000  001  000  000  000 
 000  022  060  050  017  002  010  022  021  006  000  000  004  000  000  000 
 016  000  052  061  030  008  012  027  020  000  000  002  004  000  000  000 
 026  019  032  060  040  017  014  026  018  000  000  004  002  002  006  003 
 020  024  015  048  048  028  021  024  010  000  000  008  002  003  006  000 
 016  022  006  030  054  043  030  023  002  000  005  006  000  003  002  000 

Celda12

 038  060  066  069  075  066  030  012  021  012  000  000  010  032  024  015 
 028  038  044  054  067  064  041  014  012  014  000  000  001  032  024  010 
 033  030  030  035  040  039  038  038  036  031  014  012  010  016  010  004 
 037  032  026  022  020  026  043  056  056  046  033  028  026  014  000  000 
 022  022  022  022  022  028  038  046  048  048  045  038  032  026  018  012 
 001  008  014  018  022  024  024  026  030  036  038  036  033  030  030  033 
 004  000  000  002  004  007  010  013  015  015  017  022  024  024  026  030 
 004  000  000  002  002  000  004  008  007  004  005  012  018  020  022  022 
 002  000  000  000  005  002  004  008  007  008  014  018  018  020  023  025 
 001  000  000  004  010  010  002  000  004  015  028  028  021  019  024  026 
 000  006  007  008  012  011  004  002  005  024  018  020  018  020  023  020 
 000  014  014  007  008  010  009  012  014  018  000  000  009  020  021  013 
 004  020  013  004  010  010  006  014  014  006  000  000  002  012  013  009 
 002  014  010  004  008  013  010  006  006  000  000  000  003  005  006  009 
 000  008  014  010  006  013  014  000  000  000  000  000  008  005  006  014 
 000  000  014  019  014  014  010  000  000  000  000  002  009  008  004  013 

Celda13

 011  000  003  027  012  000  000  014  026  014  000  000  000  000  000  000 
 016  018  024  027  004  000  000  016  022  004  000  000  000  000  000  000 
 023  040  038  023  002  000  001  010  006  000  000  000  000  000  000  014 
 031  052  041  021  010  003  010  004  000  000  000  000  000  000  000  021 
 035  048  035  021  020  016  006  006  012  022  027  025  020  020  031  044 
 045  038  023  018  022  024  013  004  002  003  009  011  012  021  040  042 
 032  024  008  007  014  022  018  008  007  011  002  000  000  008  025  019 
 019  011  000  000  000  009  013  012  018  020  006  000  007  015  006  004 
 024  018  010  000  000  000  000  014  030  030  014  014  025  018  000  000 
 026  028  032  028  016  002  000  002  023  032  034  042  037  008  000  000 
 016  025  040  048  046  044  037  020  000  015  044  062  046  012  000  002 
 008  026  029  042  052  056  056  050  038  018  022  050  052  031  014  007 
 007  032  035  031  041  048  053  061  070  068  044  010  038  042  026  012 
 010  040  043  024  030  034  042  052  064  072  074  062  034  020  018  012 
 012  032  033  010  019  027  032  038  045  052  064  069  056  033  010  000 
 010  014  028  012  007  021  028  030  034  041  048  048  048  050  045  027 

Celda14

 011  034  020  021  026  000  000  000  000  000  021  022  006  000  000  000 
 028  028  010  014  012  000  000  000  000  004  021  005  000  000  000  000 
 034  024  012  011  001  000  000  000  000  009  018  000  000  000  000  002 
 025  020  018  010  000  000  000  000  009  022  009  000  000  000  003  030 
 034  037  041  014  003  002  007  016  037  032  012  005  006  012  036  047 
 037  051  045  018  014  018  021  027  037  018  010  014  021  028  044  038 
 017  025  011  000  002  010  012  017  019  002  004  017  031  034  028  016 
 008  013  004  000  000  004  001  008  010  002  007  030  035  024  016  006 
 008  006  000  000  006  010  006  009  012  010  021  034  021  006  006  005 
 006  000  000  000  011  014  012  016  014  013  024  024  004  000  004  004 
 003  000  000  000  014  016  018  020  013  010  017  008  000  000  005  012 
 000  000  000  005  015  018  024  023  010  010  014  004  000  006  015  017 
 004  001  006  016  023  026  029  017  003  006  008  000  000  016  022  007 
 008  013  024  030  025  026  025  005  000  000  004  002  007  020  022  008 
 000  020  040  042  032  027  021  000  000  000  006  009  014  016  017  008 
 005  012  036  039  038  039  028  000  000  000  013  023  032  029  024  012 

Celda15

 000  012  015  006  007  048  055  030  004  000  002  002  000  003  028  000 
 008  028  020  021  035  067  050  014  000  000  010  013  000  001  027  000 
 026  021  014  020  035  058  043  013  009  011  026  031  009  000  023  000 
 029  016  012  010  014  032  022  006  012  023  037  034  011  006  025  004 
 029  017  012  008  003  026  022  008  005  010  020  015  002  006  032  011 
 018  014  013  011  006  018  019  008  005  013  022  014  000  002  032  009 
 005  006  005  001  000  014  012  002  002  013  024  018  000  004  040  013 
 007  005  000  000  000  019  009  000  000  009  020  020  008  019  048  015 
 001  000  000  000  011  029  014  006  000  004  016  018  020  034  045  007 
 000  000  000  004  018  028  012  008  004  003  016  017  024  040  041  000 
 010  004  004  009  018  022  009  010  016  019  025  017  019  038  040  000 
 024  022  016  014  022  024  017  016  022  021  012  003  014  036  040  000 
 010  012  012  015  026  028  023  016  012  007  002  000  012  032  040  000 
 000  000  000  009  020  020  011  006  002  000  000  002  015  030  039  000 
 000  000  000  012  019  017  006  005  004  002  002  014  022  033  042  004 
 006  008  013  027  034  028  016  016  014  016  020  032  029  035  046  011 

Celda16

 001  002  006  007  005  000  000  023  028  014  001  008  018  012  010  007 
 000  000  002  006  012  020  020  029  024  012  000  002  022  022  006  004 
 000  000  000  006  018  031  034  027  013  004  000  000  024  034  006  000 
 001  002  003  008  016  026  031  030  022  008  000  000  018  038  012  000 
 001  002  002  004  006  008  013  022  028  028  020  004  008  034  018  000 
 000  000  000  003  004  002  002  014  020  028  026  014  000  028  026  005 
 000  000  000  000  000  000  002  017  016  018  024  025  016  018  030  015 
 000  000  000  000  000  000  007  022  015  009  020  034  036  022  024  022 
 000  000  000  003  010  010  019  024  016  012  022  034  041  037  025  019 
 001  002  006  011  028  025  022  017  017  021  020  024  030  034  032  019 
 003  006  012  013  029  018  014  011  023  021  008  010  013  018  024  027 
 001  004  009  013  024  002  000  003  020  018  008  006  004  005  015  026 
 000  000  000  008  016  000  000  004  020  019  005  008  008  011  028  023 
 000  000  000  010  010  001  000  000  022  028  009  004  010  015  026  011 
 000  000  000  013  020  012  020  024  040  036  012  000  003  005  012  000 
 000  000  000  020  033  018  024  033  044  033  013  006  007  008  018  010 

Celda17

 002  010  004  003  011  010  008  008  000  000  000  000  001  000  019  022 
 000  017  010  004  008  010  004  010  007  000  000  002  010  005  016  024 
 000  023  014  000  013  011  000  002  015  001  000  000  000  000  004  023 
 000  024  022  005  008  002  000  000  018  008  000  003  000  000  000  012 
 000  020  030  015  001  000  000  005  018  004  000  006  005  000  000  000 
 006  008  032  023  000  000  003  021  028  014  006  009  013  005  005  006 
 007  002  020  026  001  000  017  015  002  000  000  008  011  000  000  008 
 002  002  000  018  017  016  018  002  000  000  000  006  007  000  000  012 
 006  000  000  004  028  031  020  000  000  000  004  006  002  000  000  017 
 005  000  000  000  026  035  021  000  000  000  010  008  001  000  000  015 
 020  010  002  000  016  032  021  000  000  002  020  009  000  000  004  012 
 028  019  003  000  004  030  024  000  000  004  026  010  000  000  012  014 
 024  021  012  000  000  024  031  014  000  000  021  018  000  000  016  020 
 012  018  025  024  008  004  030  032  014  006  015  030  026  023  024  019 
 004  014  030  044  040  018  018  047  050  034  033  055  050  031  024  011 
 010  013  026  046  052  041  020  055  063  032  019  039  042  018  017  011 

Celda18

 004  003  004  018  014  020  026  028  026  016  000  000  000  000  000  000 
 000  000  000  015  005  001  000  003  013  019  012  002  004  000  000  000 
 000  000  002  016  002  000  000  006  000  004  010  009  015  004  000  000 
 000  000  002  016  004  000  000  006  007  000  000  000  005  000  002  016 
 002  000  000  013  008  000  000  000  006  000  000  000  003  000  012  032 
 010  008  012  024  017  007  004  000  003  000  000  004  015  021  032  040 
 014  010  015  026  013  008  011  018  022  016  012  015  039  042  036  027 
 010  006  010  015  000  000  006  018  024  019  012  010  037  027  012  002 
 011  000  002  008  000  000  000  010  010  008  006  008  025  006  000  000 
 010  002  002  000  000  000  000  007  002  000  000  007  014  000  000  000 
 006  004  004  000  000  000  002  006  000  000  000  006  010  000  006  017 
 004  000  002  000  000  000  006  008  000  000  000  008  012  006  018  024 
 002  000  000  000  000  000  004  008  000  000  000  012  014  012  015  012 
 002  004  005  000  000  000  000  004  000  000  000  019  016  009  015  009 
 004  008  016  014  006  002  000  000  000  000  002  028  018  006  010  005 
 009  017  012  018  016  010  002  000  000  000  008  040  025  008  006  000 

Celda19

 000  006  002  012  056  058  042  024  006  000  002  004  004  004  000  000 
 000  000  000  000  056  070  052  021  003  004  000  004  010  002  000  000 
 000  000  000  000  050  074  058  028  001  000  000  003  012  000  000  000 
 021  014  006  000  035  069  063  034  007  000  000  006  011  000  000  000 
 040  043  037  019  010  056  068  040  010  000  001  015  012  000  000  006 
 033  038  042  038  019  034  065  047  014  000  005  023  016  000  000  008 
 017  019  026  034  032  017  053  052  022  000  000  019  018  001  000  004 
 000  010  020  024  024  014  036  054  031  003  000  008  016  012  010  006 
 000  010  022  023  020  013  020  052  038  004  000  008  016  016  015  006 
 011  011  010  012  014  013  003  044  040  012  006  021  027  025  015  002 
 023  008  000  002  010  014  004  023  036  026  024  022  026  024  010  002 
 019  009  006  010  018  023  015  000  028  041  036  028  024  013  004  004 
 004  002  004  012  022  028  026  014  017  044  039  031  030  014  000  000 
 000  000  000  008  014  018  022  026  022  031  035  036  031  013  000  000 
 000  000  002  007  006  006  010  017  017  013  026  041  036  016  008  005 
 000  010  006  000  000  000  004  007  011  010  010  038  048  036  024  018 

Celda20

 000  000  006  020  023  018  005  000  000  000  000  004  005  009  008  000 
 000  000  000  018  026  019  002  000  000  000  000  000  000  006  010  000 
 000  000  008  023  027  012  000  000  000  000  000  000  000  006  006  000 
 000  008  025  033  024  000  000  000  000  004  000  000  003  012  006  000 
 012  018  032  033  011  000  000  000  002  008  000  000  012  035  023  017 
 016  013  030  030  004  002  000  000  016  023  016  018  036  052  026  021 
 004  008  024  022  000  000  000  004  033  038  031  034  044  039  003  004 
 000  002  009  008  000  000  000  013  036  041  033  028  025  010  000  000 
 000  000  000  000  002  004  002  011  027  032  021  010  010  006  004  000 
 000  000  000  000  014  020  006  004  024  034  020  004  000  002  006  008 
 001  006  010  014  033  033  005  000  018  028  020  010  004  000  000  000 
 006  013  030  045  056  047  026  025  030  021  011  012  006  000  000  000 
 002  012  033  045  047  042  034  036  037  025  012  012  002  000  000  000 
 001  013  027  020  012  011  010  010  013  013  010  007  002  004  004  000 
 001  010  024  022  012  004  000  000  004  000  000  000  006  014  025  024 
 018  022  020  016  015  005  000  000  006  000  003  006  013  015  019  028 

Celda21

 001  000  024  022  010  007  015  019  022  024  024  026  037  048  046  044 
 000  000  018  024  016  006  003  008  008  006  006  016  032  041  041  046 
 000  004  019  016  016  012  004  002  002  006  016  028  036  038  038  040 
 001  012  011  009  018  014  000  000  000  002  016  030  036  034  032  030 
 006  014  006  008  024  012  000  000  003  007  014  017  018  022  028  030 
 014  011  004  016  033  009  001  003  000  004  022  022  008  006  020  031 
 010  008  015  031  028  000  000  009  013  006  020  026  012  000  004  012 
 000  004  019  027  007  000  000  012  010  016  030  035  015  000  000  000 
 000  005  019  017  000  000  006  017  003  009  025  028  002  000  000  001 
 007  009  015  008  000  000  010  014  000  002  015  013  000  000  000  010 
 002  000  006  004  000  000  009  007  000  006  020  010  000  000  000  016 
 000  000  000  000  000  000  001  000  000  014  020  002  000  000  002  019 
 000  000  000  000  000  005  000  000  002  020  012  000  000  000  012  022 
 000  000  000  000  000  004  000  000  006  016  002  000  000  000  020  026 
 018  014  010  008  006  000  002  004  010  008  000  000  004  013  037  044 
 030  028  029  030  029  028  030  035  033  026  022  027  036  048  062  061 

Celda22

 044  036  026  023  037  046  032  005  000  000  016  026  030  029  019  010 
 056  057  048  042  043  036  026  008  000  002  010  029  042  028  005  002 
 042  048  053  051  045  037  013  003  000  000  008  028  048  037  010  000 
 029  036  046  046  036  024  012  000  000  000  007  025  048  044  017  000 
 030  037  043  041  032  022  016  010  000  000  000  017  044  046  024  006 
 032  037  042  036  034  029  026  026  024  020  010  000  026  041  030  018 
 019  034  038  028  032  038  041  046  052  055  050  032  000  022  028  026 
 007  037  033  022  027  036  040  045  054  061  060  052  035  012  018  022 
 015  041  027  019  019  019  020  024  034  044  048  050  046  036  035  033 
 026  037  018  012  011  006  006  010  018  028  036  040  036  032  035  039 
 028  028  010  000  000  000  000  004  007  008  016  022  024  025  032  036 
 026  024  012  000  000  000  000  004  004  002  000  000  008  020  030  028 
 020  018  013  003  000  000  000  006  005  001  000  000  000  014  035  029 
 020  014  012  010  003  000  000  008  007  000  000  000  000  024  047  035 
 040  031  027  030  022  015  017  031  029  020  020  020  022  043  051  026 
 050  034  027  026  011  005  010  020  016  012  022  030  033  051  048  020 

Celda23

 011  016  025  040  041  028  016  016  018  024  035  035  023  033  046  013 
 000  000  013  034  030  016  012  016  020  020  025  015  010  029  043  012 
 000  000  017  030  018  011  017  016  016  008  001  000  000  023  036  005 
 000  000  022  031  023  016  016  005  001  000  000  000  000  024  036  000 
 002  010  024  028  026  019  006  000  000  000  000  000  000  022  040  000 
 016  020  026  027  024  018  004  000  000  000  009  006  005  026  044  002 
 025  026  031  030  020  014  008  000  000  008  010  003  010  033  044  005 
 022  022  030  032  022  018  016  000  000  010  016  001  001  019  030  000 
 020  009  018  026  024  025  022  005  000  010  020  012  000  013  030  000 
 034  027  016  012  015  018  017  010  010  016  021  014  000  014  034  000 
 035  033  032  024  007  000  000  010  022  025  024  014  002  020  042  000 
 020  010  011  015  014  002  000  002  022  026  025  018  009  032  052  000 
 016  001  000  002  014  022  024  019  018  015  018  018  012  040  062  000 
 028  018  014  029  030  044  054  053  042  027  019  010  006  038  067  000 
 024  027  036  057  051  050  057  058  052  044  035  024  012  031  066  000 
 018  024  041  051  040  033  036  038  039  037  032  028  023  041  075  010 

Celda24

 000  000  000  024  031  007  009  014  020  012  008  010  014  017  027  014 
 001  002  002  022  030  002  000  004  012  003  000  004  007  007  011  000 
 000  000  000  021  030  002  000  002  013  004  000  000  000  000  001  000 
 000  000  000  024  030  000  000  003  016  007  003  002  000  000  000  000 
 000  000  000  024  032  000  000  004  020  008  000  000  002  005  006  010 
 000  000  000  020  030  000  000  008  022  006  002  001  000  002  008  014 
 001  002  001  016  024  000  000  012  027  006  004  006  000  000  000  000 
 003  006  007  013  018  000  000  010  036  016  003  000  000  000  002  000 
 003  006  008  005  016  002  010  010  045  032  005  000  000  001  000  000 
 000  000  000  000  016  001  006  006  039  024  000  000  009  007  002  000 
 000  000  000  000  018  002  000  000  032  020  000  000  008  000  000  000 
 000  000  000  011  027  004  000  000  028  018  000  002  010  000  000  000 
 000  000  000  012  020  003  004  002  023  014  000  002  012  001  000  000 
 000  000  000  017  021  000  002  002  018  009  000  002  011  000  000  000 
 000  000  000  024  028  000  000  000  014  008  000  000  004  000  000  002 
 000  000  000  030  031  000  000  000  012  008  000  000  000  000  000  006 

Celda25

 009  006  015  032  044  044  034  038  052  028  000  018  035  006  006  008 
 000  000  000  010  026  038  038  016  027  036  009  011  036  018  000  000 
 000  000  004  000  006  028  036  023  000  032  020  002  025  028  004  002 
 000  000  002  000  000  013  024  020  000  018  028  000  005  030  024  016 
 014  014  010  005  004  010  016  018  010  002  032  000  000  022  036  028 
 016  014  011  012  014  011  010  017  028  028  047  014  004  004  034  037 
 000  000  000  000  007  006  006  018  036  040  044  021  016  000  019  044 
 000  000  000  005  000  000  007  021  032  028  024  020  029  022  001  046 
 000  000  000  006  000  000  008  020  021  015  009  022  031  042  030  031 
 000  002  004  002  000  000  016  012  011  008  002  016  013  037  037  008 
 000  000  000  000  000  004  020  004  004  006  000  012  015  011  022  009 
 000  000  000  000  000  012  020  000  000  002  000  002  024  000  009  010 
 000  007  003  000  000  014  020  000  000  000  000  000  026  004  008  015 
 002  010  000  000  000  008  018  000  000  000  000  000  026  010  006  017 
 007  006  000  000  000  000  012  000  000  000  000  000  024  012  000  012 
 010  002  000  000  000  000  003  000  000  000  002  005  020  010  000  008 

Celda26

 014  019  009  009  012  010  005  000  000  000  010  050  032  008  006  000 
 007  006  000  000  000  002  006  007  004  000  008  054  035  006  004  000 
 008  002  000  000  000  000  000  002  004  004  008  050  033  004  000  004 
 010  000  001  003  000  000  000  000  000  002  013  041  022  004  000  003 
 016  001  000  005  002  000  001  002  005  012  029  049  019  001  002  006 
 031  011  000  002  004  000  008  016  018  021  044  059  031  026  024  024 
 046  023  003  000  000  008  012  014  012  012  041  053  027  030  026  017 
 053  028  008  000  000  014  014  002  000  000  033  038  011  012  014  010 
 048  030  010  000  002  016  014  000  000  000  035  031  005  000  004  012 
 036  034  012  000  006  014  008  000  000  000  035  029  007  000  001  014 
 014  034  018  006  010  008  000  000  000  008  037  028  010  005  006  019 
 000  022  028  022  018  006  000  000  000  018  042  028  012  003  008  018 
 006  002  034  036  026  010  002  004  000  020  041  025  012  012  013  014 
 022  012  030  041  029  018  004  011  012  019  032  017  007  015  026  024 
 025  028  030  033  029  024  003  003  006  018  031  010  000  014  033  030 
 022  030  016  014  028  032  008  000  000  016  035  021  016  026  045  031 

Celda27

 000  014  010  000  000  000  005  010  015  022  016  024  056  047  015  008 
 000  007  002  000  000  000  006  014  020  021  019  009  050  052  016  002 
 004  000  000  000  000  004  000  006  012  012  010  004  030  046  023  012 
 010  000  000  000  000  010  000  000  006  010  009  008  005  038  036  023 
 014  003  002  000  000  009  002  000  013  019  012  016  006  027  045  033 
 027  014  012  012  012  016  006  000  020  032  014  022  023  027  041  036 
 018  010  012  018  020  015  006  002  035  051  025  026  031  023  029  034 
 008  006  014  018  015  008  000  001  059  064  026  024  030  025  010  030 
 015  015  016  018  017  014  008  012  066  045  005  007  017  023  014  018 
 020  015  011  018  026  024  020  022  051  024  000  002  000  012  018  007 
 013  011  012  016  020  017  016  021  032  010  002  008  008  004  015  010 
 012  012  018  015  010  008  012  020  023  004  000  008  016  011  010  007 
 017  018  018  018  016  016  019  028  028  021  012  001  019  020  004  004 
 015  010  008  008  014  019  024  035  033  027  023  016  022  020  000  005 
 015  009  006  002  000  000  010  024  017  013  018  024  027  020  004  010 
 007  004  002  000  000  000  007  007  000  000  007  024  031  025  016  014 

Celda28

 019  030  024  024  024  007  002  003  009  004  002  006  009  006  000  007 
 014  022  019  027  024  008  002  005  006  001  000  002  002  000  001  001 
 024  022  011  015  006  002  003  009  006  002  000  000  000  000  000  007 
 024  022  012  010  002  002  012  015  010  011  010  006  001  000  000  008 
 021  011  006  012  014  008  009  004  000  001  002  005  008  009  004  004 
 019  001  000  016  024  016  003  000  000  002  000  000  000  000  000  000 
 020  000  000  027  030  010  000  000  006  005  002  000  000  000  000  000 
 024  003  015  042  035  012  008  016  020  008  004  002  000  000  000  000 
 026  012  024  036  026  015  020  031  022  008  000  002  004  006  010  019 
 024  028  027  021  025  024  027  032  020  011  002  002  011  023  033  041 
 018  038  021  011  029  030  021  016  006  006  006  010  018  032  039  034 
 004  042  030  021  032  028  016  003  000  000  008  017  028  029  028  022 
 000  042  050  033  027  017  012  002  000  002  007  006  020  025  016  013 
 002  032  062  038  012  005  004  004  008  000  000  000  020  024  004  006 
 013  010  057  049  014  000  000  007  014  002  000  000  020  032  010  004 
 016  007  035  050  019  000  000  014  022  007  000  000  017  034  020  008 

Celda29

 016  019  020  022  022  023  031  041  041  036  035  038  043  049  046  038 
 000  008  010  008  005  002  012  024  025  020  023  028  035  027  014  006 
 000  002  008  008  000  000  011  020  015  004  001  011  009  002  000  000 
 008  006  009  010  006  002  008  018  014  006  005  010  002  000  000  000 
 012  008  000  001  012  026  031  027  005  000  003  010  004  000  000  006 
 015  010  000  000  004  022  033  031  024  012  000  004  005  004  010  014 
 015  016  001  000  004  010  009  009  016  024  023  010  000  009  022  017 
 010  016  006  000  004  014  011  006  000  010  023  026  020  011  018  020 
 016  004  003  000  004  014  012  011  010  004  012  022  030  032  028  010 
 032  022  012  008  007  008  010  012  015  008  000  003  016  028  034  028 
 030  028  025  022  018  008  006  012  010  005  002  001  004  011  019  026 
 016  018  022  022  018  012  012  023  013  004  000  000  004  016  020  000 
 008  011  020  023  020  018  026  034  018  015  016  013  002  008  024  012 
 009  014  019  020  019  020  022  021  010  013  018  020  014  004  015  012 
 014  016  010  005  008  012  008  002  003  013  014  010  008  005  004  007 
 014  010  000  000  000  004  008  008  011  009  000  000  008  011  004  007 

Celda30

 025  010  006  006  000  000  006  009  008  006  004  018  030  046  038  020 
 006  004  007  004  000  000  006  002  002  010  010  007  017  029  021  013 
 000  004  010  004  000  004  008  000  000  005  014  016  020  020  012  004 
 000  002  006  006  006  011  015  008  006  000  006  016  022  024  018  000 
 008  006  000  010  023  028  030  022  023  016  006  006  016  020  021  009 
 011  012  012  027  039  030  030  025  023  021  018  013  013  012  017  016 
 011  011  015  033  035  019  018  011  006  012  017  018  022  030  030  026 
 012  003  005  019  016  008  008  004  000  000  004  008  018  027  025  023 
 006  006  008  013  016  012  000  000  001  006  000  001  015  018  013  006 
 010  000  003  011  023  019  000  000  005  014  008  005  014  013  006  000 
 028  020  010  004  023  020  000  000  010  015  012  009  008  008  002  000 
 016  029  035  032  029  008  000  001  014  018  016  007  002  007  002  000 
 000  008  024  032  028  014  000  000  010  024  024  007  002  010  004  000 
 004  008  005  004  012  014  010  000  000  022  026  012  014  016  000  000 
 005  008  009  006  000  000  010  020  024  021  015  014  022  018  000  000 
 010  007  004  006  002  000  008  027  040  040  032  025  012  003  000  000 

Celda31

 018  016  022  024  014  008  008  010  012  014  016  018  020  037  071  012 
 015  010  001  012  006  000  000  000  002  010  017  020  022  039  071  017 
 009  007  000  008  005  000  000  005  017  027  033  036  037  053  078  029 
 000  002  008  010  005  004  012  029  034  030  032  034  038  053  070  029 
 000  004  008  003  000  002  017  030  024  018  018  019  020  032  045  013 
 006  004  000  000  002  008  014  015  010  010  012  011  008  012  024  000 
 015  000  000  000  007  014  014  012  012  007  000  000  000  004  023  000 
 008  000  000  001  011  014  012  008  012  006  000  000  000  008  029  006 
 000  000  000  003  012  018  021  013  000  000  000  000  003  020  041  010 
 000  000  000  004  019  029  032  016  004  000  000  008  012  030  041  000 
 000  000  000  010  023  028  026  008  000  000  000  014  018  028  037  000 
 000  000  002  014  019  022  018  000  000  000  000  017  020  022  030  000 
 005  010  004  007  021  029  012  000  000  000  004  019  021  023  030  003 
 000  008  008  000  019  029  004  000  000  000  006  019  022  024  030  004 
 010  002  000  002  011  019  000  000  000  002  009  021  016  017  028  000 
 018  010  000  001  005  006  000  000  000  008  016  016  001  010  030  000 

Celda32

 001  001  000  032  030  000  000  000  010  010  000  000  000  000  000  006 
 000  000  000  029  028  000  000  000  012  012  000  000  000  000  000  006 
 000  000  000  024  035  000  000  000  018  018  000  000  000  000  000  005 
 000  000  000  022  048  006  000  000  020  024  000  000  000  000  000  002 
 001  001  000  021  057  012  000  000  016  026  000  004  007  004  000  000 
 003  004  003  014  059  018  002  006  018  030  010  006  003  000  001  005 
 002  004  004  003  060  030  008  009  011  026  005  000  000  000  000  020 
 004  008  008  000  058  042  000  000  002  025  004  000  000  000  006  027 
 006  012  014  000  052  048  000  000  000  023  009  000  000  000  014  036 
 006  014  023  012  040  048  000  000  000  023  020  000  000  000  021  043 
 004  010  022  018  020  048  000  000  000  025  031  002  000  000  026  041 
 000  000  000  000  004  056  010  007  000  025  036  002  000  000  032  037 
 000  000  000  000  000  065  024  010  003  020  038  008  007  010  036  033 
 000  000  000  000  000  066  032  000  001  011  044  023  010  010  030  028 
 000  000  000  006  006  058  032  000  000  002  047  032  004  002  025  033 
 001  002  002  000  000  054  030  000  004  002  042  037  000  000  027  041 

Celda33

 009  000  000  000  000  000  000  000  000  000  006  006  013  010  002  009 
 006  000  000  000  000  000  007  011  010  006  007  008  005  010  000  003 
 001  000  000  002  009  014  019  022  020  018  020  018  009  004  004  000 
 000  000  000  018  030  030  022  016  014  020  024  023  016  006  005  002 
 002  000  011  029  037  030  018  011  008  010  012  012  013  012  021  019 
 015  010  014  024  027  016  006  007  006  006  002  000  002  009  031  023 
 026  015  009  015  020  014  000  001  003  002  000  000  000  004  025  012 
 024  012  007  009  014  016  002  002  004  004  002  002  002  000  018  009 
 024  011  007  010  014  013  005  001  007  008  008  009  006  000  016  016 
 024  010  010  013  014  005  002  000  003  008  012  017  018  014  020  018 
 017  004  006  007  009  002  000  004  010  010  014  017  022  028  026  013 
 011  000  001  000  007  002  002  002  020  021  014  012  013  020  018  006 
 006  000  000  000  008  001  000  001  024  027  012  010  006  003  000  000 
 002  000  000  006  014  003  000  000  026  028  004  004  000  000  000  006 
 009  007  009  027  021  009  001  000  020  030  009  000  000  004  014  021 
 015  013  022  038  016  008  006  004  008  022  013  000  000  010  016  014 

Celda34

 015  018  008  000  024  040  014  000  000  024  036  021  017  037  059  045 
 002  001  000  000  016  042  018  000  000  032  042  015  009  034  052  037 
 000  000  004  000  006  037  016  000  000  039  046  018  011  032  038  020 
 006  012  015  013  002  026  014  000  001  044  046  018  014  030  031  016 
 019  016  019  023  017  009  010  000  008  050  048  012  010  033  034  016 
 020  014  014  021  024  009  000  000  016  058  050  006  003  034  038  018 
 012  012  012  019  026  016  000  000  026  062  050  004  001  030  036  020 
 004  012  016  022  027  023  010  002  036  069  049  003  002  029  034  023 
 001  008  016  020  020  020  016  008  041  066  040  000  002  030  042  033 
 000  006  014  013  008  010  012  004  035  060  034  000  002  036  042  026 
 000  006  013  010  004  009  014  009  028  054  031  000  000  033  044  034 
 000  008  006  006  011  020  026  024  022  040  032  004  000  024  041  036 
 000  010  000  001  014  025  030  029  014  022  035  015  000  016  038  032 
 010  006  000  000  006  015  022  025  014  004  035  022  000  012  036  030 
 018  010  004  003  002  005  014  022  018  006  025  016  000  016  035  029 
 012  011  015  016  012  008  012  015  016  010  006  001  000  026  038  026 

Celda35

 020  010  000  000  000  006  015  004  000  006  017  031  031  030  026  020 
 022  022  018  015  014  015  015  002  000  014  026  025  017  014  018  024 
 006  014  022  029  036  035  023  012  010  019  018  016  009  000  000  008 
 005  006  016  026  032  031  024  018  017  017  006  004  002  000  004  002 
 008  008  007  010  010  012  016  023  027  024  016  006  000  000  004  008 
 010  009  002  000  000  000  012  021  023  023  025  025  022  015  004  001 
 010  010  006  000  000  007  013  007  002  002  010  020  028  034  036  028 
 011  008  010  003  002  009  014  000  000  002  005  002  012  022  030  032 
 015  005  010  001  002  009  012  000  000  001  005  001  000  000  003  007 
 008  000  002  001  000  010  013  005  007  006  000  000  000  006  000  000 
 017  000  000  000  012  020  012  003  002  002  002  000  000  010  002  000 
 024  000  000  000  020  026  016  002  000  000  004  013  011  006  003  000 
 020  000  000  004  018  023  018  000  000  006  009  005  010  004  000  000 
 016  004  000  006  012  020  018  000  000  002  014  006  000  004  004  002 
 015  005  005  006  010  022  020  003  000  000  010  014  003  000  005  008 
 011  005  010  010  012  024  022  005  000  000  004  020  014  000  000  000 

Celda36

 019  012  006  037  026  000  000  014  032  018  000  005  023  031  025  015 
 028  024  008  018  028  007  000  003  026  030  019  017  028  025  020  016 
 020  024  022  013  021  014  000  000  009  032  040  028  020  008  006  011 
 000  006  018  020  011  012  004  000  000  027  044  037  018  000  000  004 
 000  000  002  008  000  006  010  000  005  029  040  034  020  004  002  007 
 000  000  000  000  000  001  016  006  007  027  034  028  018  010  006  010 
 017  006  000  000  000  000  014  014  012  021  030  026  016  012  011  006 
 028  025  022  018  013  003  001  012  013  018  030  034  020  008  006  005 
 014  024  034  036  032  027  015  000  006  018  032  042  030  009  000  000 
 002  012  020  026  033  042  044  034  014  010  028  047  044  025  013  010 
 000  004  000  004  018  032  041  046  044  027  016  050  057  034  015  020 
 000  003  003  002  006  011  013  026  042  042  024  042  055  034  012  002 
 000  003  005  008  003  000  000  008  023  034  033  034  034  026  022  016 
 000  003  006  005  000  000  000  007  009  020  030  026  017  004  014  026 
 002  000  010  005  000  000  006  016  011  010  015  014  012  006  000  022 
 000  000  010  013  000  000  006  026  017  000  000  000  000  004  014  017 

Celda37

 004  000  000  000  000  000  004  013  015  006  000  000  006  017  020  026 
 000  000  000  000  000  000  005  010  004  003  002  004  007  013  020  034 
 000  000  000  000  000  000  010  010  000  000  001  011  015  012  010  023 
 002  000  000  000  000  000  012  010  000  000  007  014  011  008  005  015 
 011  009  006  000  000  004  020  010  000  000  009  006  002  000  000  014 
 009  002  000  000  000  017  023  005  000  000  006  002  002  000  000  013 
 000  000  000  000  000  024  023  004  000  000  001  000  000  000  003  014 
 000  000  000  000  015  029  022  003  000  000  000  000  000  000  008  018 
 000  000  000  006  020  018  012  000  000  000  005  008  006  003  008  016 
 004  002  002  010  016  012  004  000  000  004  008  002  000  000  004  008 
 021  020  018  017  014  000  000  000  005  006  006  003  000  000  002  006 
 013  020  024  027  026  016  005  000  010  006  000  000  000  000  003  010 
 005  005  016  023  022  020  016  012  027  025  018  014  006  000  005  016 
 025  014  008  006  000  000  004  011  031  022  016  028  037  037  039  050 
 034  024  012  006  000  000  000  008  024  006  005  021  032  044  050  050 
 019  020  016  010  000  000  000  016  012  000  008  017  015  018  018  012 

Celda38

 032  027  024  019  012  009  016  021  022  028  033  033  022  005  000  000 
 043  035  031  030  025  018  017  013  007  008  014  014  014  016  020  020 
 035  026  018  017  018  016  010  007  007  007  004  000  000  006  016  022 
 028  011  000  000  002  008  006  000  006  006  002  000  000  000  001  009 
 024  002  000  000  002  004  006  002  006  006  000  000  000  000  000  006 
 018  000  000  000  007  001  006  010  011  011  000  000  000  000  004  013 
 012  000  000  001  004  004  004  010  009  008  000  000  000  007  013  009 
 010  002  005  004  000  006  004  002  002  000  000  006  015  020  013  005 
 010  007  004  000  000  007  008  000  000  000  000  006  013  010  004  002 
 009  011  006  000  000  007  012  000  000  000  000  000  000  000  000  000 
 012  014  007  000  000  006  010  000  000  000  000  000  000  000  000  000 
 016  015  005  000  000  003  004  000  000  000  000  000  000  000  000  002 
 018  009  000  000  000  001  000  000  008  002  000  000  001  006  013  018 
 037  014  001  000  000  000  000  001  018  012  000  000  005  012  015  014 
 030  022  020  023  026  024  022  023  030  012  000  000  006  019  016  010 
 008  010  014  023  032  037  042  046  038  021  010  006  000  015  020  021 

Celda39

 011  010  012  012  004  001  000  000  006  020  021  008  000  006  034  000 
 010  001  007  007  003  004  006  010  014  014  008  001  000  004  035  000 
 023  018  006  000  000  006  014  020  019  010  004  003  000  006  036  000 
 019  026  026  022  018  015  019  016  010  000  000  006  000  016  040  000 
 014  021  028  031  031  028  036  032  014  000  000  000  004  027  050  000 
 013  008  014  020  026  028  032  028  022  022  021  016  005  030  057  000 
 005  002  000  008  018  019  012  005  002  012  026  035  032  041  066  008 
 000  001  005  006  000  000  000  000  000  000  009  018  022  034  065  013 
 000  000  005  004  000  000  000  000  000  008  014  002  010  032  063  017 
 000  000  002  000  000  000  000  000  004  014  017  009  009  037  061  019 
 000  004  006  004  004  008  014  015  015  021  020  012  010  034  051  011 
 014  029  022  018  014  016  014  014  010  013  013  008  008  029  042  002 
 025  025  010  008  007  011  006  003  002  004  010  009  010  027  039  000 
 011  007  000  000  006  014  007  003  003  006  012  016  013  025  037  000 
 009  006  000  000  006  013  007  006  008  014  019  020  010  019  035  000 
 012  000  000  000  005  004  000  000  009  014  016  012  000  016  036  000 

Celda40

 003  004  003  000  000  061  040  008  007  004  032  036  000  000  027  038 
 003  006  006  002  000  070  045  012  014  009  020  032  006  000  019  034 
 001  003  006  006  002  070  051  017  020  010  005  032  014  000  004  028 
 000  000  000  002  002  068  052  002  006  002  000  032  022  000  000  023 
 000  000  000  000  000  060  048  000  000  000  000  028  027  000  000  016 
 000  000  000  000  005  044  034  000  000  006  010  022  030  002  006  011 
 000  000  000  008  014  032  022  005  000  004  008  017  033  013  012  017 
 002  006  014  020  015  020  013  001  000  000  000  010  033  020  012  021 
 003  008  018  018  004  009  010  000  000  000  000  008  036  022  003  015 
 002  004  008  006  000  006  017  000  006  009  004  000  034  032  008  008 
 000  000  000  000  000  000  024  006  010  010  006  000  026  041  016  007 
 000  000  000  010  014  005  023  015  007  000  000  004  014  041  024  007 
 000  000  006  020  024  010  018  018  002  000  000  014  019  040  035  019 
 000  000  004  014  018  006  012  026  002  002  004  013  016  043  053  032 
 000  000  000  000  010  011  002  040  022  022  020  016  013  045  055  026 
 000  000  000  000  006  020  016  052  038  028  030  022  018  044  037  008 

Celda41

 007  001  019  025  003  004  006  001  000  014  014  002  002  006  000  000 
 014  004  016  014  000  004  007  004  000  009  010  004  010  012  000  000 
 025  018  020  013  005  010  010  010  014  016  005  000  011  016  005  004 
 033  030  024  016  007  008  009  012  016  014  005  000  007  014  010  000 
 033  032  024  020  011  000  004  010  010  004  004  007  005  005  006  000 
 028  028  020  019  016  000  000  000  000  000  000  008  008  000  000  003 
 034  032  014  010  014  004  000  000  000  000  004  009  002  002  000  006 
 044  045  024  012  011  006  000  000  000  000  006  012  002  002  005  004 
 038  039  020  019  020  018  010  005  002  004  010  008  002  000  000  004 
 028  030  008  006  013  010  004  000  000  004  011  006  000  000  000  000 
 026  032  013  004  007  000  000  000  000  001  004  004  008  010  008  006 
 021  030  015  010  012  000  000  000  000  004  010  013  009  010  014  018 
 019  024  015  012  012  001  000  006  010  024  028  022  010  006  008  012 
 016  019  019  014  008  004  000  010  019  030  023  010  006  007  012  010 
 011  012  025  016  004  005  007  012  022  022  008  000  000  007  013  008 
 000  004  024  014  006  014  015  014  021  018  012  006  001  004  003  000 

Celda42

 000  007  016  018  015  012  010  008  012  010  000  000  004  034  040  020 
 003  008  010  008  009  009  008  010  017  016  008  004  010  030  033  016 
 005  001  000  000  000  002  002  008  017  022  020  018  024  031  019  014 
 000  000  000  000  000  000  000  002  008  018  022  020  023  029  027  032 
 000  000  000  000  000  002  005  006  006  012  016  013  012  025  034  044 
 002  008  008  006  005  004  004  006  007  012  016  010  000  022  032  033 
 014  006  002  000  000  000  000  000  002  010  016  012  000  024  037  021 
 017  005  000  000  000  000  000  000  002  005  010  014  008  014  034  018 
 012  000  000  000  004  000  000  002  005  006  010  016  016  004  022  014 
 006  000  000  000  006  000  000  003  006  008  010  014  014  009  018  011 
 004  000  001  008  013  007  010  014  014  012  010  012  014  012  022  013 
 016  010  006  013  016  012  016  022  024  021  016  016  016  012  012  007 
 012  010  011  017  015  011  015  017  021  022  019  018  019  012  000  010 
 008  011  015  016  014  014  016  015  014  016  012  009  011  010  002  008 
 008  008  006  005  017  021  014  014  013  012  008  004  004  008  004  000 
 000  001  000  005  024  015  004  007  011  005  004  006  008  008  002  000 

Celda43

 004  008  022  025  031  040  030  007  001  000  005  028  025  004  000  000 
 002  016  040  051  046  044  029  010  005  005  019  041  030  009  005  006 
 010  025  053  053  035  024  012  004  006  010  029  040  020  006  004  006 
 036  038  045  044  024  011  006  000  000  005  026  026  003  000  000  000 
 038  025  025  031  022  014  008  002  000  002  016  016  000  000  000  000 
 013  001  016  024  018  014  012  006  000  002  011  013  001  000  000  000 
 000  000  021  026  017  013  012  007  000  000  007  010  002  000  000  000 
 001  006  026  030  020  013  010  004  000  000  006  008  004  000  000  000 
 006  013  025  028  023  019  012  003  000  000  006  007  003  000  000  000 
 006  016  022  020  025  028  018  007  004  006  007  004  000  000  000  001 
 000  014  020  018  026  034  022  004  000  000  001  002  000  000  000  008 
 006  016  021  020  025  031  021  004  000  000  000  006  003  000  003  015 
 014  024  027  025  018  022  021  008  000  000  001  008  004  002  010  014 
 022  028  037  036  017  008  020  016  002  004  004  004  000  000  013  019 
 030  046  050  038  026  016  008  019  013  002  005  006  006  004  006  020 
 034  058  041  020  019  027  016  010  021  012  011  018  018  017  008  011 

Celda44

 006  014  008  014  000  007  009  024  016  000  000  000  000  000  013  014 
 015  024  021  002  000  000  009  017  008  000  000  000  000  007  011  003 
 011  013  012  002  000  006  010  006  000  000  000  000  000  011  010  000 
 003  000  000  005  005  000  014  008  000  000  000  000  002  014  008  000 
 002  000  000  006  014  014  014  008  001  000  000  000  004  010  003  000 
 000  000  000  004  010  015  017  010  002  000  000  004  011  009  001  002 
 000  001  005  011  015  017  020  018  011  004  005  008  012  015  016  022 
 005  013  016  014  016  018  024  022  018  008  004  010  022  030  031  028 
 008  015  009  005  007  016  021  014  010  005  003  020  032  037  031  020 
 011  012  002  000  001  008  003  000  000  004  006  023  029  024  014  010 
 016  009  000  000  000  005  000  000  000  000  003  015  019  010  004  004 
 015  004  000  000  000  000  000  000  000  000  000  008  012  008  009  012 
 009  002  002  001  004  004  000  000  000  004  002  004  006  002  006  012 
 012  000  000  000  004  000  000  000  009  016  014  008  009  003  000  004 
 016  002  000  000  001  000  000  000  012  011  014  014  013  010  008  000 
 020  008  002  002  000  000  000  006  011  004  002  006  004  000  002  002 

Celda45

 002  001  008  012  005  000  000  018  010  000  011  018  017  010  000  000 
 003  000  000  007  012  004  010  018  012  010  016  014  013  008  002  004 
 000  000  000  000  010  014  022  023  021  036  042  030  018  010  013  019 
 000  000  008  012  002  013  028  032  036  048  038  018  010  007  015  014 
 000  006  024  034  030  014  016  032  048  043  019  004  000  000  007  006 
 008  019  031  037  038  028  008  017  046  044  020  007  005  002  004  004 
 027  029  025  021  026  030  028  013  026  036  026  016  010  004  002  004 
 025  019  008  002  008  020  032  039  026  012  024  027  017  003  000  004 
 014  008  004  002  006  014  025  037  042  030  002  022  021  007  000  001 
 012  011  009  012  017  016  014  012  018  028  022  000  009  013  012  008 
 008  010  009  009  011  007  003  000  000  010  018  005  000  013  032  024 
 003  000  000  000  002  000  001  001  003  000  003  005  004  012  034  028 
 005  000  000  005  008  004  004  000  000  000  000  004  018  034  031  010 
 007  000  000  014  020  010  008  002  000  000  000  007  019  034  021  010 
 005  005  002  018  028  011  007  013  010  000  000  008  022  035  026  028 
 000  007  008  019  026  010  000  000  006  004  002  012  028  033  024  027 

Celda46

 000  000  000  012  014  017  029  035  032  029  032  034  026  008  015  024 
 000  000  000  014  005  002  014  005  002  006  017  030  038  038  029  018 
 008  006  009  023  006  000  008  000  000  000  006  000  014  029  036  034 
 000  000  010  017  000  000  003  000  000  000  004  006  002  000  002  009 
 000  000  011  008  000  000  004  000  000  000  000  008  010  002  000  004 
 000  000  010  003  000  000  006  000  000  000  000  006  014  000  000  003 
 002  003  006  000  000  000  004  002  000  000  001  006  013  000  000  000 
 004  004  004  000  000  004  003  002  000  000  003  008  007  000  000  000 
 006  010  008  000  002  008  002  000  000  000  000  001  001  000  000  008 
 006  012  012  002  004  009  000  000  000  000  000  000  002  000  006  016 
 009  008  010  006  006  006  000  000  000  000  000  000  004  006  004  004 
 014  010  008  005  006  004  000  000  000  002  003  004  002  002  004  002 
 018  026  014  000  000  003  002  004  010  010  010  009  006  002  002  000 
 014  033  017  000  000  004  009  010  010  003  000  000  000  000  002  002 
 024  020  012  000  000  004  013  011  008  002  000  000  000  000  000  002 
 025  010  000  000  000  008  010  003  000  000  002  006  006  000  000  000 

Celda47

 014  000  000  000  007  004  000  004  007  002  005  002  000  014  038  000 
 004  000  000  002  010  008  012  014  004  000  002  002  000  014  040  000 
 025  012  001  000  008  014  022  018  003  000  000  002  000  018  039  000 
 017  020  020  018  014  012  018  016  006  000  000  000  002  018  039  004 
 000  000  010  018  022  020  014  004  002  003  000  001  005  026  044  000 
 002  000  002  011  018  020  016  002  000  000  005  004  005  030  051  000 
 007  008  007  015  011  004  000  000  000  000  010  008  003  027  052  000 
 010  021  024  016  006  000  000  000  000  000  012  008  003  026  053  002 
 027  031  021  008  004  001  000  000  001  000  007  007  007  032  057  005 
 020  011  010  006  000  002  009  009  004  000  000  006  011  038  059  000 
 005  005  008  006  000  000  003  006  007  007  004  002  008  036  062  000 
 002  008  012  006  000  002  000  008  015  018  015  007  000  033  065  000 
 000  007  016  010  001  005  006  010  010  006  004  002  002  037  076  009 
 005  001  015  015  006  006  003  000  000  000  000  000  007  046  077  006 
 000  000  012  016  005  000  000  000  000  000  000  006  010  041  065  000 
 000  000  010  013  000  000  000  000  000  000  007  017  008  030  058  000 

Celda48

 001  000  000  002  002  022  020  043  045  025  023  022  021  027  018  007 
 002  003  000  000  010  017  010  028  054  025  014  016  010  000  012  012 
 001  001  000  002  026  009  000  019  068  024  004  003  000  000  022  021 
 000  000  002  004  020  000  002  004  071  036  000  000  000  000  036  029 
 001  004  008  002  013  000  012  001  054  049  006  000  000  003  038  037 
 004  008  012  004  006  002  018  014  027  054  020  000  019  028  036  040 
 002  004  006  005  003  006  018  026  010  044  030  016  029  033  014  032 
 000  000  000  004  004  011  012  023  014  028  040  043  026  018  006  022 
 000  000  000  002  006  012  008  017  012  011  049  050  010  002  000  014 
 000  000  000  000  002  010  006  014  014  000  050  056  012  000  000  008 
 000  000  000  000  003  004  000  006  010  003  043  057  020  002  002  000 
 000  000  000  000  006  002  002  000  014  010  030  058  031  004  008  000 
 000  000  000  000  003  003  009  003  017  014  011  057  042  000  010  008 
 000  001  004  004  002  004  016  015  014  012  000  050  050  008  010  013 
 000  000  004  008  009  004  019  022  013  014  002  041  055  025  010  010 
 000  000  000  000  000  000  018  023  005  008  000  034  061  036  002  000 

Celda49

 000  004  023  020  015  015  010  012  020  017  012  007  000  000  000  000 
 002  006  023  025  020  012  006  011  016  004  000  000  000  000  000  002 
 004  010  022  023  020  009  006  008  009  000  000  000  001  004  000  001 
 012  021  023  015  019  010  000  004  004  000  000  000  000  000  000  000 
 028  032  024  004  004  008  008  010  006  000  000  001  000  000  000  000 
 031  021  007  000  000  002  018  021  010  000  000  000  000  000  000  000 
 032  014  000  000  000  000  022  028  013  000  000  000  004  000  002  004 
 028  015  002  000  000  000  014  028  018  000  000  000  006  000  002  010 
 026  018  005  004  007  004  000  020  024  005  000  000  006  001  004  017 
 028  020  010  004  012  015  010  007  022  014  000  000  004  004  005  011 
 026  023  016  005  006  016  022  015  008  016  010  005  005  006  004  006 
 021  024  018  012  001  010  017  017  004  008  015  011  008  007  002  000 
 015  024  018  015  008  000  002  006  006  000  013  015  010  011  004  000 
 008  021  016  014  010  000  000  000  005  002  006  016  010  014  010  002 
 000  015  016  014  010  000  000  000  006  006  000  014  013  016  017  012 
 000  014  018  014  008  002  004  007  005  007  002  010  021  028  027  011 

Celda50

 000  000  009  020  020  000  000  010  011  000  000  004  008  010  010  008 
 006  010  019  018  001  000  000  011  012  000  001  004  010  017  019  012 
 011  018  014  004  000  000  000  012  015  006  010  010  014  020  018  008 
 014  018  008  000  000  000  004  013  021  010  014  012  010  012  011  005 
 012  016  008  000  000  000  002  013  020  009  012  012  006  002  000  001 
 009  014  010  000  000  000  002  013  018  011  000  008  007  000  000  000 
 013  016  012  001  000  000  008  013  011  011  000  001  006  004  002  000 
 024  021  016  008  008  008  015  012  005  006  000  000  002  004  002  000 
 020  011  011  007  006  006  012  007  002  002  001  000  004  008  008  002 
 008  004  007  000  000  000  006  000  000  001  002  000  007  014  020  026 
 006  004  002  000  000  002  008  000  000  002  004  000  004  014  024  031 
 005  004  000  000  000  006  008  000  000  008  002  000  004  012  018  021 
 001  000  000  000  002  010  008  004  008  009  002  000  001  000  002  006 
 000  000  000  000  009  010  004  006  010  003  000  000  000  000  000  000 
 004  002  001  007  007  004  000  006  012  003  000  000  000  000  000  000 
 001  003  009  009  003  000  000  002  010  002  000  000  000  000  000  004 

Celda51

 031  052  036  018  013  013  017  008  020  022  020  019  014  013  011  009 
 016  042  044  024  014  001  007  017  022  024  018  006  003  006  012  016 
 002  038  052  024  006  010  004  022  025  025  016  006  005  002  012  021 
 000  036  052  026  000  011  021  022  022  026  020  004  005  006  004  014 
 000  032  048  033  000  003  030  024  011  019  015  009  000  009  006  003 
 000  024  048  044  004  000  030  034  008  006  000  000  002  006  008  000 
 000  014  049  054  010  000  028  038  008  000  000  000  005  006  002  000 
 000  006  050  059  016  000  024  038  014  002  003  008  009  006  001  000 
 000  002  048  057  017  000  018  037  022  010  008  012  010  000  000  000 
 026  018  044  049  016  000  015  033  022  015  015  010  008  004  000  000 
 033  026  040  045  021  006  023  032  016  013  018  010  004  007  002  002 
 020  016  032  052  032  009  015  025  021  021  022  014  010  014  012  010 
 008  007  027  046  016  000  010  026  025  025  024  020  018  018  017  015 
 000  004  017  032  007  000  014  029  026  022  015  016  016  015  019  021 
 002  002  004  020  008  002  019  030  024  020  020  020  015  012  016  016 
 008  000  000  016  014  011  022  028  018  011  020  034  022  004  008  010 

Celda52

 020  014  008  002  000  000  015  018  008  000  000  000  000  000  000  000 
 030  024  010  002  000  006  024  007  000  000  000  000  000  000  000  000 
 033  026  010  004  010  019  013  000  000  004  006  006  000  000  000  000 
 020  011  003  005  012  014  004  000  006  018  010  011  004  000  000  000 
 006  004  000  004  011  006  003  004  014  021  002  002  002  000  000  000 
 000  002  008  011  011  004  000  000  010  012  000  000  000  000  000  000 
 000  004  014  014  000  001  000  002  008  004  000  000  000  000  005  010 
 004  013  004  006  001  000  002  013  009  002  000  000  000  000  004  013 
 008  014  000  000  000  000  004  012  006  004  002  000  000  000  008  012 
 000  014  001  000  000  010  014  006  000  000  000  000  000  000  011  012 
 000  004  009  000  012  024  009  000  000  000  000  000  000  005  014  012 
 014  009  004  012  014  010  000  000  000  000  000  000  003  016  014  003 
 019  018  006  010  020  002  000  000  000  005  000  010  017  018  003  000 
 017  016  011  002  014  004  000  000  000  006  011  009  013  007  000  000 
 008  008  008  003  003  004  000  000  006  001  010  012  007  000  000  000 
 000  000  002  003  000  001  000  000  000  002  000  010  012  000  000  000 

Celda53

 000  000  010  022  022  007  000  000  000  000  008  020  022  017  010  012 
 000  000  000  024  024  004  000  000  000  000  006  008  008  004  000  002 
 000  000  000  016  026  007  000  000  000  008  009  002  001  003  006  012 
 000  000  000  000  018  015  000  000  003  016  010  000  000  004  014  016 
 000  000  000  000  003  020  013  001  002  014  008  000  000  004  016  014 
 004  004  004  008  008  021  028  018  015  005  000  000  000  006  014  010 
 014  016  015  018  022  038  049  029  016  014  011  002  000  010  011  003 
 017  018  018  020  020  035  043  017  006  004  008  008  000  003  006  000 
 010  012  013  014  012  015  018  000  000  000  002  002  000  000  000  000 
 008  008  006  005  004  000  008  002  000  002  005  001  000  000  000  000 
 004  000  000  000  000  000  000  002  006  004  000  000  000  000  000  010 
 000  000  000  000  000  000  000  000  006  005  000  000  000  000  000  016 
 000  000  000  000  002  000  000  000  002  002  001  000  000  008  013  011 
 000  000  000  000  004  000  000  000  000  002  000  000  000  008  018  011 
 000  000  000  000  002  000  000  000  000  004  000  000  000  002  006  004 
 000  000  000  000  000  000  000  000  000  007  004  000  002  000  000  000 

Celda54

 016  013  002  000  004  012  008  000  000  000  006  011  010  004  000  000 
 009  012  009  006  004  008  004  000  000  000  002  006  008  006  004  004 
 000  002  003  007  013  006  000  000  007  002  000  000  004  008  009  010 
 000  000  000  000  009  006  002  000  014  001  000  000  002  005  007  012 
 000  000  000  000  014  000  006  007  002  002  000  006  010  000  000  010 
 000  000  000  000  014  007  000  007  005  000  007  006  006  008  003  000 
 000  000  000  007  013  006  002  002  012  014  002  007  003  002  014  010 
 000  000  000  009  014  008  005  000  004  012  012  000  005  013  010  022 
 000  008  012  014  006  004  004  000  000  001  014  020  008  013  015  002 
 014  021  018  012  006  000  000  000  002  014  015  022  022  008  011  004 
 031  028  013  006  006  000  000  000  010  018  012  008  016  018  006  000 
 028  019  007  008  014  008  004  000  012  014  006  000  000  008  012  012 
 021  020  012  014  014  002  002  000  008  011  004  000  000  000  006  018 
 006  018  020  017  012  000  000  000  003  002  000  001  002  002  002  008 
 000  010  022  017  008  002  000  000  001  000  000  005  011  009  001  006 
 000  004  020  018  006  007  010  005  000  000  002  014  023  008  001  003 

Celda55

 000  000  004  006  000  000  000  000  000  000  012  016  002  024  056  000 
 000  000  000  003  000  000  000  000  000  000  012  018  008  028  057  002 
 000  000  002  006  000  000  000  000  000  000  012  023  021  042  065  011 
 002  000  006  010  000  000  000  000  000  001  029  040  034  050  068  015 
 006  000  005  008  000  000  000  000  000  014  033  035  028  041  056  005 
 004  002  000  002  000  000  002  006  008  017  023  024  016  031  050  000 
 000  000  000  000  002  004  010  016  013  012  018  022  014  030  055  000 
 020  008  000  000  006  010  015  015  010  008  015  020  012  032  060  000 
 011  010  009  014  025  019  011  008  006  008  013  016  009  034  064  000 
 000  006  023  032  025  012  002  003  006  008  010  011  004  034  068  000 
 000  004  022  024  019  012  006  004  004  008  008  006  001  035  072  000 
 008  008  010  004  002  009  010  006  000  004  006  004  000  037  075  000 
 021  012  000  002  000  000  004  006  006  002  003  005  003  039  076  000 
 011  014  010  000  002  002  000  004  012  012  004  004  007  043  079  004 
 004  002  011  016  014  006  001  007  008  011  010  002  008  044  079  004 
 008  001  008  018  024  022  012  004  006  000  004  001  004  048  081  000 

Celda56

 000  000  000  000  000  000  018  026  000  000  000  030  064  038  000  000 
 000  000  000  000  000  004  019  018  000  000  002  024  060  033  000  004 
 000  000  000  000  002  012  020  009  000  005  008  010  055  032  003  004 
 002  003  002  000  003  011  007  000  000  010  010  000  052  036  012  000 
 002  003  003  001  007  011  002  000  000  005  006  000  046  042  021  007 
 000  000  000  000  009  012  003  004  003  003  007  006  036  048  030  014 
 000  000  000  000  008  010  000  001  000  004  011  010  022  053  036  012 
 000  000  003  004  004  010  003  000  000  003  012  010  008  054  039  014 
 000  000  000  002  001  007  004  000  002  006  010  010  000  050  041  018 
 000  000  000  000  002  005  004  000  000  000  000  004  004  038  042  024 
 000  000  000  002  007  008  005  000  000  000  000  000  000  024  042  027 
 000  000  000  004  009  005  000  000  000  000  000  000  000  017  044  030 
 000  000  000  000  003  000  000  000  000  000  000  000  000  015  048  034 
 004  008  013  011  008  006  009  015  022  027  028  027  028  043  078  064 
 006  014  029  036  034  035  040  044  048  050  054  066  079  095  117  096 
 000  000  000  000  000  000  000  000  000  000  000  000  000  010  036  029 

Celda57

 006  028  032  020  013  012  013  007  002  010  014  007  026  033  019  000 
 018  030  026  013  011  014  010  002  000  009  019  018  029  031  012  000 
 007  002  014  008  008  008  002  000  000  004  011  016  025  027  008  000 
 000  000  020  018  009  004  000  000  000  000  002  012  019  017  004  000 
 002  000  030  037  009  000  000  001  000  000  007  013  010  000  000  000 
 012  016  036  034  000  000  000  003  003  009  009  002  000  000  000  002 
 007  018  015  024  002  000  003  007  009  007  000  000  000  000  000  006 
 000  006  000  010  014  005  012  009  004  000  000  000  002  002  002  006 
 006  000  000  002  023  019  011  006  002  000  000  004  000  000  000  002 
 007  000  000  000  022  028  014  000  000  000  000  002  000  000  000  000 
 008  000  004  003  012  032  020  000  000  000  000  000  000  002  000  002 
 012  004  004  004  000  031  022  000  000  000  000  000  000  004  002  003 
 017  012  000  000  000  024  023  000  000  002  007  000  000  000  000  008 
 043  036  022  026  028  033  032  014  016  019  020  016  016  020  020  029 
 070  059  048  053  061  064  068  056  050  048  046  046  046  048  050  058 
 012  006  000  000  000  000  011  006  000  000  001  005  005  000  000  007 

Celda58

 000  000  010  006  003  002  000  000  008  000  000  000  000  000  000  000 
 000  004  008  000  001  002  000  000  003  000  000  000  000  000  000  000 
 000  005  010  002  000  000  000  000  000  000  000  000  000  000  001  000 
 000  003  010  003  000  000  000  000  000  000  000  000  000  000  000  004 
 000  004  006  000  000  000  000  000  000  000  000  004  002  000  000  000 
 004  015  006  000  000  006  005  000  000  000  000  000  004  004  000  000 
 012  017  002  000  000  010  006  000  000  000  000  000  006  010  000  000 
 011  010  000  000  000  013  004  000  000  000  000  000  004  013  000  002 
 006  002  000  000  001  012  000  000  000  000  001  002  000  012  000  004 
 000  000  000  000  004  004  000  000  000  000  002  003  000  006  006  000 
 006  008  008  004  001  000  000  000  000  000  000  000  000  000  011  004 
 010  011  010  002  000  000  000  000  000  000  000  000  001  002  006  004 
 016  002  000  000  000  000  000  000  000  000  000  000  006  010  002  000 
 035  018  016  018  018  016  016  022  030  028  029  032  036  036  036  039 
 058  042  043  048  050  050  053  059  065  060  061  063  064  066  070  076 
 009  000  000  000  000  000  000  003  005  000  000  000  000  000  000  001 

Celda59

 000  000  000  022  022  016  024  025  014  005  017  039  030  005  004  012 
 000  000  002  025  021  016  026  022  010  006  016  034  028  006  004  014 
 001  006  008  021  012  012  028  023  010  012  022  028  016  004  012  020 
 006  006  004  010  000  002  030  030  012  016  029  022  002  002  021  024 
 000  002  004  006  000  000  028  034  018  020  032  022  002  009  028  022 
 000  000  000  002  000  000  022  033  022  022  032  030  022  030  032  013 
 000  000  000  004  000  000  011  029  027  024  032  040  032  021  011  000 
 008  014  012  007  000  000  000  027  034  030  032  042  032  014  004  000 
 011  016  014  004  000  000  000  028  038  033  030  034  028  014  004  000 
 003  008  010  006  003  002  001  033  043  031  024  025  022  014  008  006 
 000  006  012  010  004  002  002  033  042  029  018  018  016  010  007  012 
 000  000  009  011  004  001  002  035  045  031  019  013  009  003  004  016 
 000  000  002  006  004  005  012  045  049  031  012  007  006  004  008  021 
 041  039  037  040  048  058  070  088  083  065  044  037  046  054  057  058 
 078  076  076  080  092  104  112  115  111  099  081  079  090  090  084  079 
 000  000  000  000  000  000  003  008  015  013  001  001  012  013  009  005 

Celda60

 000  000  002  006  008  006  002  000  000  000  000  000  010  004  000  000 
 005  000  004  006  004  006  008  008  000  000  000  000  000  000  000  000 
 009  000  000  000  000  000  004  006  006  000  000  003  000  000  000  002 
 010  000  000  000  000  001  000  000  004  008  005  003  002  000  000  003 
 008  000  000  000  003  000  000  000  000  000  000  000  002  003  000  000 
 000  000  000  004  003  000  000  000  000  000  000  000  000  004  004  000 
 000  002  006  000  000  000  000  000  000  000  004  000  000  002  010  010 
 000  008  012  000  000  000  000  000  002  002  006  000  000  002  010  016 
 000  007  007  000  000  000  000  000  000  000  004  000  000  000  000  006 
 006  004  000  000  000  000  000  000  000  000  004  006  000  000  000  000 
 016  007  000  000  000  000  000  000  000  000  004  007  000  000  000  000 
 024  010  000  000  000  000  000  001  006  004  006  005  000  006  012  011 
 023  008  000  000  000  000  005  008  006  002  005  010  012  018  020  018 
 049  033  030  032  037  039  042  042  038  035  041  048  044  046  046  048 
 071  066  064  066  069  072  070  072  070  070  076  079  071  068  068  070 
 001  002  000  000  003  007  000  000  000  000  006  010  004  000  000  000 

Celda61

 000  000  000  000  000  000  000  000  011  017  005  000  000  000  000  000 
 000  000  000  000  000  000  000  004  020  010  000  000  000  000  000  000 
 000  000  000  000  005  002  000  000  010  000  000  000  000  000  000  004 
 000  000  000  004  008  000  000  000  000  000  000  000  002  000  004  007 
 000  000  008  011  002  000  000  000  000  000  005  010  006  001  000  000 
 000  004  016  004  000  000  000  000  001  004  011  016  006  000  000  000 
 002  004  015  002  000  000  000  006  002  006  012  014  004  000  000  002 
 014  000  009  010  002  009  007  003  000  008  014  016  008  006  007  011 
 014  012  003  016  020  019  018  012  008  003  017  017  014  018  019  012 
 008  015  015  019  024  023  020  022  021  015  007  020  016  003  014  016 
 004  010  016  018  023  024  012  018  022  024  020  011  014  012  000  009 
 008  012  018  020  021  023  015  014  024  030  031  025  015  012  007  004 
 017  016  014  016  018  019  018  017  020  028  028  028  028  025  020  014 
 050  050  044  046  049  046  049  050  047  047  053  056  057  057  057  053 
 074  076  076  080  081  076  078  080  077  073  075  080  082  082  083  084 
 000  000  000  005  007  000  002  007  010  007  000  000  000  000  001  000 

Celda62

 000  004  016  018  012  013  015  004  000  000  000  012  016  000  001  007 
 000  012  020  024  022  019  011  000  000  000  004  014  017  003  004  012 
 009  017  021  022  015  012  006  000  000  000  004  011  016  011  008  009 
 004  011  012  010  009  012  008  000  000  005  005  006  016  018  014  008 
 000  010  012  007  005  012  012  002  002  000  001  006  020  023  014  007 
 000  006  012  010  004  004  010  012  004  000  001  015  026  019  010  006 
 014  011  009  012  006  000  002  018  014  001  006  022  026  015  008  014 
 014  002  000  012  008  004  010  023  020  013  014  025  027  013  010  024 
 004  000  001  010  008  008  027  030  023  020  019  027  029  014  009  019 
 010  006  010  012  009  020  030  017  011  018  019  022  025  019  014  016 
 018  018  015  013  017  029  028  011  008  012  015  021  027  025  019  018 
 013  016  012  010  021  028  025  016  010  007  017  033  036  026  016  016 
 008  002  003  011  024  024  019  014  008  010  025  039  030  013  004  005 
 042  033  035  052  062  056  046  040  037  041  054  057  042  027  022  027 
 082  080  081  093  094  082  072  069  069  072  076  073  063  054  050  055 
 000  000  003  014  014  004  000  001  005  009  011  009  006  004  002  006 

Celda63

 014  007  006  010  014  015  012  006  002  002  000  004  002  046  082  000 
 010  000  000  004  000  001  005  007  005  004  006  016  018  049  080  000 
 002  000  000  004  001  000  004  011  012  010  019  024  026  051  084  011 
 006  004  001  003  004  004  010  016  018  012  020  027  022  045  078  013 
 007  012  014  010  015  017  018  016  018  015  018  026  012  034  070  013 
 007  010  014  013  016  017  014  012  012  012  016  027  009  026  060  004 
 020  015  014  014  016  013  008  006  005  008  011  024  008  022  054  000 
 028  017  018  022  022  017  009  006  004  008  009  019  004  019  053  002 
 019  012  019  028  025  021  016  012  010  014  016  021  006  020  053  004 
 018  016  020  018  012  012  014  013  012  016  020  020  012  021  052  002 
 023  021  011  006  000  002  006  009  010  013  015  012  010  021  057  009 
 020  016  004  002  005  004  009  010  010  012  013  010  008  022  059  011 
 010  006  000  007  019  024  018  016  012  013  011  006  008  022  054  004 
 029  024  027  041  048  046  035  034  032  029  024  022  026  044  066  020 
 055  049  051  061  059  051  042  042  044  044  041  040  044  061  071  036 
 006  000  002  014  013  006  001  000  000  000  000  000  003  014  024  000 

