Celda0

 000  000  000  000  000  003  002  001  002  000  000  000  000  005  004  001 
 000  000  000  000  000  008  006  003  004  000  000  000  000  010  010  003 
 000  000  000  000  000  016  012  006  006  000  000  000  000  014  022  010 
 000  000  000  000  000  023  016  003  000  000  000  000  000  004  025  020 
 000  000  000  010  025  046  028  003  000  000  013  031  021  012  018  028 
 000  000  004  014  030  036  008  000  000  002  048  044  020  020  013  027 
 000  000  000  002  016  009  000  000  000  039  060  037  019  026  020  024 
 000  000  000  000  012  000  000  000  011  048  044  019  007  012  016  021 
 000  000  000  000  010  000  000  005  029  041  032  014  005  003  010  019 
 000  000  000  000  004  000  013  033  036  037  034  024  016  012  012  019 
 001  002  002  000  007  021  043  041  028  023  022  017  010  015  016  022 
 003  006  008  008  023  037  041  021  004  004  012  014  002  002  014  025 
 003  006  011  010  023  026  016  000  000  002  006  010  007  003  011  021 
 003  007  012  010  016  014  006  000  000  005  003  002  005  008  019  020 
 003  006  010  009  012  008  000  000  006  007  000  000  002  006  020  023 
 000  000  002  004  008  012  007  002  006  009  000  001  000  003  014  018 

Celda1

 000  000  001  001  000  001  002  000  000  000  000  000  001  000  000  003 
 000  000  002  002  000  003  005  000  000  000  000  000  000  001  000  006 
 000  000  002  000  000  008  012  002  000  000  000  000  000  002  000  008 
 006  006  000  000  000  012  014  004  000  000  000  000  000  000  000  004 
 018  021  012  012  012  020  008  000  002  004  005  015  024  022  012  006 
 024  019  006  008  010  006  000  000  004  010  012  010  005  012  018  022 
 031  027  012  009  003  000  000  000  008  008  010  011  006  000  010  016 
 036  031  015  011  004  000  000  014  012  002  002  009  012  006  000  000 
 029  025  013  008  008  008  011  020  002  000  002  016  021  009  000  000 
 016  019  017  002  008  010  009  008  000  002  017  026  021  005  000  000 
 014  013  018  000  000  003  001  000  004  020  031  027  015  002  000  003 
 020  014  006  000  000  000  003  004  020  032  026  013  003  000  000  002 
 012  010  000  000  000  004  012  015  023  022  006  000  000  000  000  000 
 000  000  000  000  002  007  009  009  012  010  000  000  000  000  000  000 
 004  000  000  000  000  000  000  000  008  011  004  002  000  000  000  000 
 006  000  000  000  000  000  000  003  016  012  000  004  004  000  000  000 

Celda2

 006  003  000  000  004  005  000  000  001  000  000  000  000  000  000  000 
 013  009  000  000  008  011  000  000  002  000  000  000  000  000  000  000 
 026  026  004  000  015  020  000  000  002  000  000  000  000  000  000  000 
 036  044  012  000  016  022  000  000  002  002  006  006  000  000  000  000 
 043  047  012  000  020  022  006  019  036  036  026  019  016  020  024  026 
 048  032  008  010  028  024  014  027  034  021  010  000  000  008  014  020 
 025  013  004  022  032  016  008  017  016  000  000  000  000  000  001  006 
 008  008  006  024  032  016  010  014  011  000  000  000  000  000  000  000 
 006  014  012  027  032  012  008  012  003  000  000  000  000  000  000  004 
 003  020  022  032  031  013  009  013  002  000  000  000  004  007  011  017 
 002  018  030  030  023  014  016  025  016  017  016  018  024  024  027  028 
 001  011  034  032  021  020  029  030  014  013  018  030  036  031  030  025 
 000  002  032  036  026  031  044  028  006  004  012  036  031  021  016  010 
 000  000  028  039  033  043  044  012  000  001  023  035  015  008  004  004 
 000  002  025  036  038  040  033  006  000  006  028  018  000  000  000  008 
 002  012  026  026  032  038  034  013  000  014  013  000  000  000  005  016 

Celda3

 002  001  000  000  000  001  000  000  003  002  002  006  004  000  000  000 
 003  004  000  000  000  001  000  000  006  004  006  014  010  000  001  000 
 000  012  000  000  000  000  000  002  007  004  012  026  019  004  006  000 
 000  016  008  000  000  000  000  004  002  000  014  028  023  015  012  000 
 023  028  021  007  012  012  006  000  000  000  010  021  022  023  014  000 
 028  032  014  000  000  008  010  006  000  000  006  012  016  021  015  007 
 016  020  010  000  000  000  004  008  003  000  006  008  007  010  015  022 
 005  008  008  009  008  003  000  000  000  002  018  024  017  012  013  023 
 012  010  018  032  038  024  002  000  001  009  023  024  018  023  029  023 
 021  014  018  027  029  022  016  018  026  028  018  008  008  010  016  010 
 022  014  007  000  000  012  032  046  055  048  032  012  000  010  016  000 
 018  013  006  000  004  021  040  053  047  041  037  032  020  000  012  010 
 008  012  017  022  032  040  040  030  017  010  011  018  026  027  017  006 
 008  014  022  032  042  045  038  024  007  000  000  000  006  026  036  027 
 016  012  010  023  038  035  034  032  024  010  000  000  006  010  024  034 
 010  000  000  028  032  022  023  028  032  029  021  008  003  018  015  018 

Celda4

 000  002  005  003  001  000  000  000  000  000  000  000  000  003  003  002 
 000  006  012  006  002  000  000  000  000  000  000  000  000  006  005  004 
 000  018  027  010  001  002  000  000  000  001  000  000  002  010  005  005 
 000  032  034  006  000  006  000  000  000  001  000  000  010  008  000  001 
 008  036  030  004  002  008  000  000  000  003  010  012  024  013  006  010 
 016  028  020  008  008  004  000  000  000  010  026  040  032  010  008  026 
 023  014  010  014  014  000  000  000  000  022  041  040  013  000  004  022 
 022  008  007  014  010  000  000  000  010  027  036  028  004  000  012  018 
 010  009  009  006  000  000  000  006  017  022  022  014  002  006  018  012 
 000  008  013  000  000  000  011  026  024  012  008  006  006  012  015  004 
 000  001  012  000  000  012  032  027  012  002  002  007  013  015  002  000 
 000  000  005  005  010  022  018  006  001  000  001  007  017  008  000  000 
 000  000  001  016  026  023  005  000  000  004  000  002  014  002  000  012 
 010  000  011  040  046  027  004  000  000  000  000  000  009  000  000  026 
 037  040  053  063  048  025  014  014  008  000  000  000  008  002  008  040 
 040  056  068  061  033  010  001  002  006  007  004  000  004  010  020  043 

Celda5

 000  000  000  000  000  000  000  000  000  000  000  000  000  000  001  000 
 000  000  000  000  000  000  000  000  000  000  000  001  000  000  001  000 
 000  000  000  000  000  000  000  000  000  000  002  002  000  000  000  000 
 000  000  000  000  000  000  000  000  002  004  008  002  000  004  000  000 
 013  012  009  004  000  000  000  002  000  012  013  000  000  010  001  008 
 024  024  021  021  018  015  016  015  017  037  032  017  008  006  002  010 
 006  006  010  016  014  012  006  002  024  051  040  027  017  004  004  005 
 000  000  000  000  000  002  000  000  030  044  019  008  004  005  008  010 
 000  000  003  000  000  000  000  000  037  038  004  000  000  007  021  027 
 000  000  008  002  004  004  009  029  057  036  002  006  018  018  033  042 
 008  024  030  024  016  014  022  056  062  032  014  018  024  021  034  037 
 027  038  029  014  008  011  023  049  042  019  014  017  012  014  030  021 
 042  036  013  000  000  004  011  023  019  000  000  003  000  006  016  002 
 049  036  008  000  000  002  000  012  018  003  000  000  000  000  002  000 
 056  030  002  000  006  003  000  005  014  008  002  002  003  007  006  010 
 044  022  002  005  020  010  012  023  018  003  002  009  022  018  019  024 

Celda6

 000  001  003  003  001  001  000  000  000  000  000  000  000  003  004  001 
 000  002  008  007  002  002  000  000  000  000  000  000  001  008  008  002 
 000  008  018  013  004  002  000  000  000  000  000  000  004  018  016  003 
 000  019  026  013  004  000  000  000  000  000  000  000  011  027  016  000 
 020  064  060  042  036  030  028  036  052  045  040  038  062  076  051  035 
 040  065  042  035  038  030  030  044  045  033  030  028  053  057  024  016 
 024  023  011  020  014  000  000  014  002  000  002  005  023  023  000  000 
 010  007  010  026  016  000  002  010  000  000  000  000  014  012  000  000 
 015  000  010  029  016  000  006  008  000  000  001  000  015  000  000  000 
 031  022  027  055  044  026  018  020  016  012  000  010  018  001  000  000 
 016  016  031  065  053  032  024  030  025  016  002  014  015  000  000  000 
 001  006  025  048  031  006  004  012  002  000  000  009  004  000  000  000 
 000  000  010  030  023  000  000  006  000  000  000  001  000  000  000  002 
 000  002  004  014  012  000  000  000  000  000  002  000  002  008  014  013 
 014  016  025  026  016  018  029  018  008  004  019  014  020  032  030  018 
 023  025  043  038  035  035  033  016  012  008  013  008  013  018  014  008 

Celda7

 000  000  000  000  000  001  000  000  000  001  003  002  001  003  007  000 
 000  000  000  000  000  003  000  000  000  004  008  004  001  008  018  000 
 000  000  000  000  000  006  000  000  000  008  015  006  000  016  042  000 
 000  000  000  000  003  004  000  000  000  006  016  004  000  024  058  000 
 030  026  022  018  027  018  013  024  033  030  018  003  002  035  076  013 
 008  008  016  020  023  011  010  030  023  012  000  000  000  037  072  005 
 000  000  000  000  000  000  000  018  004  000  000  000  006  043  069  000 
 000  000  000  000  000  000  000  014  000  000  000  018  027  045  065  000 
 000  000  000  000  000  000  011  008  000  000  008  025  015  030  061  002 
 000  000  000  000  000  022  049  027  015  007  022  027  012  032  068  008 
 000  005  008  010  014  055  064  032  030  034  046  039  024  052  080  016 
 000  013  007  010  024  051  031  001  012  030  049  033  022  057  082  019 
 007  019  006  006  022  026  010  000  000  013  024  010  004  042  066  002 
 016  029  018  016  021  015  003  000  000  012  013  000  000  038  066  000 
 027  041  030  028  023  023  028  026  022  010  007  000  000  030  064  000 
 025  034  018  018  018  026  040  030  029  026  021  018  016  033  066  003 

Celda8

 000  000  000  001  010  016  006  002  002  017  015  014  008  000  008  009 
 000  000  000  000  009  013  004  008  014  028  015  002  000  000  006  004 
 000  000  000  000  015  018  000  005  007  011  000  000  000  000  013  008 
 000  000  000  000  019  023  004  000  000  004  000  000  005  032  048  030 
 000  000  000  000  019  022  003  000  002  002  002  020  052  065  049  024 
 000  000  000  000  017  018  006  007  014  008  019  050  060  037  014  005 
 001  002  005  004  014  018  008  010  009  005  024  044  024  000  000  000 
 002  004  006  006  008  014  006  010  016  016  028  025  006  000  000  000 
 000  000  000  000  002  009  004  012  028  031  020  004  000  000  000  000 
 000  000  000  000  002  012  008  019  035  024  002  000  000  000  004  006 
 000  000  000  000  004  020  021  029  024  011  000  000  000  005  006  010 
 000  000  000  000  004  028  034  022  010  000  000  002  013  022  015  011 
 000  000  000  000  006  030  037  020  005  004  008  018  025  022  004  000 
 001  002  002  002  015  038  034  014  008  014  023  023  023  010  000  000 
 005  010  018  018  026  045  031  007  012  025  026  025  022  006  000  000 
 003  008  018  022  024  032  010  001  020  029  026  023  013  000  000  002 

Celda9

 000  000  000  000  000  000  000  004  017  014  004  000  002  002  000  011 
 000  001  008  000  000  000  000  004  012  012  010  003  002  002  006  030 
 006  009  016  004  004  003  000  004  010  012  016  010  005  008  012  030 
 022  026  034  025  026  024  016  006  011  016  014  006  000  013  018  014 
 016  022  027  017  018  019  017  014  021  018  001  001  012  015  012  003 
 003  006  008  000  000  000  000  008  019  007  000  000  024  016  000  000 
 000  000  004  000  000  000  000  001  008  000  000  011  033  011  000  000 
 002  007  004  000  000  000  000  001  008  008  013  029  030  005  000  000 
 000  003  000  000  000  000  000  000  014  028  034  024  013  002  001  002 
 005  000  000  000  000  000  000  008  037  046  026  004  000  000  000  001 
 010  005  004  000  000  000  006  037  055  039  009  000  000  000  000  001 
 012  000  000  000  010  019  034  054  053  028  010  006  000  000  000  000 
 007  000  000  000  014  019  034  049  038  021  016  014  007  004  005  005 
 002  000  000  010  002  000  026  039  024  018  014  016  016  014  012  014 
 002  009  009  000  000  000  040  040  021  020  016  017  020  016  015  024 
 013  011  000  000  000  010  050  047  024  022  016  012  014  012  016  032 

Celda10

 020  019  019  019  020  030  036  024  011  008  000  000  000  003  019  016 
 033  016  004  015  018  018  029  028  017  004  000  000  000  014  020  010 
 020  002  000  013  020  009  017  028  016  000  000  000  014  023  011  002 
 007  000  000  008  022  010  010  024  016  000  000  014  032  021  007  006 
 000  000  000  003  022  016  009  018  016  000  003  021  022  010  007  017 
 000  000  007  008  015  018  011  013  013  004  002  011  011  010  019  022 
 001  005  000  000  004  010  014  015  008  008  009  004  002  014  028  024 
 000  008  000  000  000  002  017  021  010  010  012  004  004  020  028  018 
 000  006  000  000  000  000  016  024  017  015  011  004  016  030  020  012 
 002  003  002  006  010  010  004  018  026  025  016  015  030  030  015  013 
 002  008  011  017  018  012  002  007  027  035  025  020  024  019  015  023 
 000  013  016  011  008  004  000  000  021  037  036  020  012  016  020  024 
 006  018  011  002  000  000  000  000  017  032  034  023  013  022  030  023 
 020  022  006  000  000  000  000  000  020  034  028  018  017  031  039  021 
 030  022  009  003  002  000  000  000  023  042  038  027  025  045  045  014 
 026  017  010  011  015  014  010  006  018  047  048  033  031  050  040  001 

Celda11

 000  000  008  034  019  005  008  012  016  024  029  026  014  013  023  012 
 000  000  017  026  010  000  000  000  000  010  021  025  025  029  033  017 
 000  002  016  008  002  003  000  000  000  000  004  010  020  044  043  022 
 013  020  012  000  000  000  000  000  000  000  000  000  011  044  040  038 
 025  020  014  011  010  005  002  002  003  002  000  000  010  039  044  044 
 013  006  008  010  006  005  011  011  007  003  002  002  008  042  053  046 
 012  009  002  000  000  000  008  000  000  000  000  008  013  048  053  030 
 010  014  006  000  000  000  012  000  000  000  000  015  021  045  042  026 
 008  011  004  000  000  000  008  000  000  000  014  018  018  022  028  022 
 013  006  000  000  000  000  000  000  000  017  026  019  016  006  015  018 
 024  015  012  006  000  000  000  004  022  027  019  014  016  015  010  012 
 019  008  006  000  000  000  010  027  029  016  008  008  011  015  014  019 
 008  000  000  000  000  006  033  030  019  012  008  012  012  012  009  018 
 000  000  000  000  000  028  034  018  017  021  016  015  012  009  004  010 
 000  000  000  000  014  033  022  011  018  022  014  010  004  002  002  007 
 000  000  000  011  025  022  016  011  015  015  006  004  000  000  006  013 

Celda12

 017  035  051  041  025  000  000  000  000  003  017  020  010  010  026  038 
 006  011  019  008  006  000  000  000  008  006  006  020  026  026  028  020 
 006  010  015  000  000  000  000  000  008  012  004  000  004  020  023  009 
 038  030  018  000  000  008  025  033  024  005  000  000  004  012  008  005 
 056  055  040  022  018  030  047  054  047  030  009  000  004  015  014  013 
 038  042  035  029  032  038  045  046  048  046  036  022  012  013  012  015 
 011  009  013  020  029  030  022  020  029  042  049  050  044  037  033  020 
 009  000  000  005  016  018  012  007  008  020  042  059  058  047  043  044 
 007  000  000  004  014  015  018  016  006  004  019  038  046  044  042  045 
 003  000  000  023  022  015  022  026  020  012  013  012  022  030  031  029 
 001  000  024  040  016  005  014  016  022  026  025  017  014  015  015  012 
 015  021  041  030  000  000  011  000  010  026  032  030  020  014  012  009 
 024  030  034  004  000  000  014  002  002  024  019  020  020  016  012  009 
 021  023  011  000  000  000  014  008  009  013  002  000  004  006  002  004 
 022  016  000  000  000  001  016  014  010  004  000  000  000  002  000  008 
 017  013  000  000  003  005  024  024  011  001  000  010  010  012  016  034 

Celda13

 036  021  010  017  016  003  007  013  003  000  003  025  029  011  012  015 
 023  022  020  026  018  002  005  007  000  000  012  037  024  002  002  006 
 010  019  020  022  016  008  010  009  004  006  024  035  008  000  000  004 
 019  023  011  008  008  012  016  015  012  017  027  021  000  000  000  002 
 013  008  004  003  004  011  017  014  012  022  030  016  000  002  004  000 
 013  008  008  009  008  018  021  009  005  018  028  019  008  006  001  000 
 002  002  007  015  015  012  012  008  002  010  024  026  018  006  000  000 
 040  026  006  008  008  004  012  016  007  008  024  033  025  004  000  001 
 047  041  030  020  014  008  004  012  009  012  028  033  023  004  000  000 
 026  027  028  032  044  052  046  028  017  026  034  022  013  006  000  000 
 008  010  016  029  047  043  046  042  038  039  027  008  006  010  004  000 
 005  004  008  016  020  005  010  025  032  022  001  000  004  016  012  001 
 008  010  015  012  003  002  002  000  006  002  000  000  002  018  016  010 
 014  027  036  034  020  008  012  011  006  008  008  005  000  013  014  010 
 023  040  048  045  040  037  039  036  030  032  036  038  035  033  028  013 
 043  040  030  030  036  040  036  032  027  030  038  044  044  044  050  045 

Celda14

 010  017  031  019  020  020  012  004  001  000  004  012  016  002  000  004 
 000  006  014  006  003  002  000  000  000  001  004  020  024  005  010  018 
 000  007  008  004  007  000  000  000  000  004  012  022  024  011  022  028 
 007  020  017  006  000  003  000  000  000  010  012  017  031  027  020  019 
 012  026  016  010  007  001  000  000  003  017  010  027  050  034  014  009 
 016  021  004  000  000  000  000  000  008  008  009  039  051  017  006  002 
 019  019  000  000  000  000  000  000  008  001  011  035  029  000  000  000 
 018  016  000  000  000  000  000  010  009  000  012  034  022  000  000  000 
 014  013  002  000  000  000  008  020  010  000  012  028  014  000  000  000 
 006  008  002  000  000  003  018  023  011  001  013  018  006  000  000  023 
 000  000  000  000  000  014  026  024  012  004  010  010  000  000  009  023 
 004  006  000  000  000  018  026  025  016  012  012  006  000  002  017  013 
 008  000  000  000  000  012  018  020  022  024  018  004  000  006  017  008 
 010  000  000  000  005  007  006  014  024  030  022  002  000  006  014  006 
 000  000  000  013  030  022  016  011  020  026  018  001  000  002  010  008 
 040  030  022  037  042  028  028  022  026  028  016  000  000  000  004  007 

Celda15

 020  022  006  004  006  024  034  013  010  010  010  012  017  039  072  013 
 026  025  010  003  002  022  018  000  000  000  000  000  004  032  058  006 
 030  030  013  006  007  019  005  000  000  002  005  005  016  029  045  001 
 023  026  018  016  014  011  000  000  005  022  023  022  028  030  044  007 
 017  015  012  012  008  001  000  003  025  025  016  017  021  022  041  008 
 008  000  000  000  002  004  005  005  017  010  000  002  000  008  035  000 
 004  000  000  003  012  015  011  004  008  008  000  002  000  009  042  000 
 008  000  004  020  018  016  012  007  000  007  010  011  008  011  046  000 
 023  019  020  029  022  014  012  007  003  005  014  015  011  009  040  000 
 036  027  026  033  026  016  010  005  002  002  016  014  000  000  036  000 
 020  017  022  024  014  007  006  004  002  010  023  007  000  003  044  008 
 006  014  017  008  000  000  000  001  006  020  020  001  000  023  064  019 
 000  016  022  008  000  000  000  000  004  014  004  000  006  045  068  019 
 002  018  025  010  000  000  000  000  000  006  000  000  008  037  047  003 
 010  022  026  010  000  000  000  000  000  007  003  000  004  029  043  000 
 016  026  022  006  000  000  000  000  000  010  006  000  000  028  047  000 

Celda16

 000  000  000  007  007  014  002  000  028  035  023  015  008  000  006  010 
 000  000  000  000  000  011  008  012  034  038  022  013  011  009  017  018 
 000  000  000  000  004  024  025  021  038  043  025  015  017  014  013  016 
 000  000  000  000  018  028  019  013  033  040  023  011  011  008  004  005 
 000  000  000  000  016  014  010  012  027  027  012  004  004  006  010  008 
 001  002  004  000  008  004  008  018  028  025  016  012  008  002  010  008 
 003  007  014  013  002  000  004  019  024  022  022  024  018  005  004  002 
 004  008  013  016  016  011  000  014  026  026  024  024  020  010  004  000 
 003  006  010  014  022  026  014  006  030  032  022  021  020  015  009  003 
 001  004  009  014  019  022  018  009  024  024  016  025  032  020  006  000 
 000  000  002  006  006  006  012  016  011  002  006  028  042  029  011  000 
 000  000  000  000  000  000  010  021  020  007  000  023  043  035  018  000 
 000  000  000  000  000  000  004  012  014  012  005  014  042  040  029  015 
 000  000  000  000  000  000  000  000  000  010  014  005  032  044  038  016 
 000  002  006  005  000  000  000  000  000  005  014  006  009  034  042  028 
 001  003  006  007  004  004  004  002  000  000  000  000  000  012  028  030 

Celda17

 011  000  000  000  000  020  057  045  024  021  011  004  005  009  015  023 
 010  000  000  000  007  031  054  040  024  018  006  001  002  005  010  008 
 016  016  016  020  024  036  053  041  022  016  008  000  000  000  004  002 
 011  015  020  025  026  030  048  036  016  014  011  000  000  000  008  007 
 000  000  002  006  010  017  031  022  012  011  008  000  000  000  012  011 
 000  000  000  000  000  008  014  014  012  009  002  000  000  003  022  020 
 000  000  000  000  000  008  010  010  010  006  000  000  004  016  030  023 
 000  002  000  000  000  011  015  011  007  006  003  000  006  022  026  009 
 000  001  000  000  000  012  018  011  005  008  008  000  006  022  024  006 
 000  000  000  001  006  009  015  010  006  008  006  002  008  018  018  006 
 000  000  007  002  000  002  011  013  010  004  000  006  014  016  010  004 
 000  000  008  010  005  005  011  014  010  001  000  010  021  012  002  000 
 014  010  002  007  005  009  012  008  006  004  000  012  024  014  002  000 
 009  014  012  010  006  012  011  000  000  007  008  012  018  010  002  005 
 000  000  000  004  011  024  021  010  010  032  038  032  021  000  000  008 
 017  008  012  013  010  010  002  000  016  049  046  032  024  022  024  039 

Celda18

 010  007  009  015  022  023  023  026  030  044  049  032  023  040  025  000 
 000  002  008  015  015  020  025  032  038  039  028  033  036  034  013  000 
 003  009  016  020  014  014  021  027  033  026  006  024  050  038  006  000 
 004  016  025  026  018  010  012  014  015  012  014  025  054  037  004  000 
 006  015  020  016  012  005  000  000  001  000  007  019  040  032  010  002 
 014  014  008  000  000  000  000  000  000  008  000  004  024  027  020  016 
 011  008  002  000  000  000  001  000  000  007  004  004  012  020  028  033 
 000  003  002  002  008  016  025  029  020  006  002  006  006  011  028  042 
 000  004  007  000  005  016  026  030  028  020  009  004  006  006  020  038 
 000  004  009  004  000  004  004  004  014  024  020  006  006  004  012  030 
 000  001  008  010  006  000  000  000  000  016  022  014  006  003  006  024 
 000  000  004  012  012  000  000  000  012  004  006  012  009  002  000  019 
 000  000  000  010  014  000  000  000  015  011  000  002  005  000  000  015 
 004  000  000  008  010  000  000  000  012  014  000  001  006  004  002  008 
 011  004  003  004  002  000  000  000  010  017  008  007  008  008  008  001 
 042  028  016  008  000  000  000  004  013  021  013  000  000  000  002  001 

Celda19

 000  007  021  024  014  012  018  018  017  010  000  000  002  008  014  012 
 000  014  020  012  002  007  024  030  019  001  000  000  000  005  008  005 
 001  008  000  000  001  017  040  038  012  000  000  000  002  002  000  000 
 002  004  000  000  010  038  052  035  003  000  000  000  005  002  000  000 
 004  004  004  007  026  049  050  021  002  000  000  000  002  000  000  000 
 019  019  015  008  025  039  028  002  000  000  000  002  000  000  000  011 
 025  014  009  004  017  026  016  000  000  000  000  000  000  000  000  022 
 034  008  000  000  012  019  014  000  000  000  000  000  000  000  002  023 
 035  012  000  000  006  012  011  000  000  000  000  000  000  005  006  014 
 032  017  004  000  000  006  006  000  000  004  000  000  000  004  008  011 
 034  024  008  000  000  000  000  000  002  014  005  000  005  010  018  027 
 039  029  004  000  000  000  000  000  004  018  010  000  004  015  029  033 
 038  027  002  000  004  012  016  016  022  029  013  002  002  016  022  011 
 026  020  006  012  020  015  008  010  022  022  007  006  010  021  016  000 
 007  014  014  024  030  014  000  004  018  007  000  004  021  027  016  005 
 000  010  022  032  030  011  004  015  017  003  002  012  024  020  010  008 

Celda20

 005  011  004  004  008  017  031  020  004  002  007  012  003  010  023  046 
 000  010  008  001  008  022  021  005  002  002  002  000  000  000  026  032 
 000  008  011  000  007  017  006  000  004  007  001  000  000  016  024  012 
 000  005  012  004  009  014  007  006  011  006  000  000  000  023  025  006 
 004  008  008  009  014  017  013  017  017  004  000  000  014  033  019  000 
 017  017  006  006  019  014  006  018  015  006  000  002  024  019  000  000 
 028  014  002  000  016  011  008  017  000  000  000  006  026  008  000  000 
 030  016  000  000  008  004  008  020  004  000  001  014  018  006  002  010 
 027  017  000  000  006  003  001  008  005  000  000  019  023  021  016  018 
 020  014  000  000  010  015  009  002  000  006  010  018  022  021  010  006 
 031  017  003  003  023  029  016  020  018  025  025  018  015  006  000  000 
 028  016  012  019  037  037  019  018  024  038  037  023  008  000  000  000 
 000  000  002  024  034  025  002  000  012  036  036  026  014  000  000  000 
 000  000  012  020  016  006  000  000  018  029  020  010  010  012  014  010 
 000  000  024  020  006  000  000  002  026  028  011  000  000  016  024  020 
 013  030  047  025  002  000  000  012  028  022  006  000  001  008  011  010 

Celda21

 037  014  003  006  019  023  017  010  006  007  016  027  032  039  054  050 
 012  000  000  000  001  004  004  001  000  000  005  016  025  034  045  030 
 000  000  000  000  001  000  000  000  000  003  011  010  018  023  025  004 
 000  000  000  000  000  000  000  002  008  007  009  007  008  010  002  000 
 000  000  000  000  000  002  005  012  014  014  010  011  009  004  000  000 
 000  000  000  006  007  007  015  011  008  011  014  012  004  000  000  000 
 000  000  019  018  014  012  017  003  002  003  002  004  004  000  000  004 
 016  019  030  010  007  017  017  004  000  004  004  004  005  006  004  018 
 024  026  015  000  001  020  013  010  006  009  011  014  006  002  001  020 
 012  019  011  000  009  026  006  012  017  023  025  022  006  000  000  014 
 006  001  000  000  010  030  010  003  014  019  018  009  000  000  001  008 
 006  000  000  000  011  024  014  012  015  011  003  000  000  000  008  014 
 000  000  000  000  016  016  012  022  019  004  000  000  000  007  018  025 
 002  000  000  008  033  019  009  023  023  001  000  004  013  020  027  033 
 010  006  013  038  049  026  017  021  016  002  000  007  027  029  028  033 
 006  006  016  051  049  032  030  024  006  000  002  019  036  028  026  025 

Celda22

 053  049  037  030  026  013  014  018  021  031  026  014  010  004  000  006 
 030  030  030  022  016  006  000  000  002  020  018  004  006  003  002  014 
 000  006  022  033  034  027  016  006  000  018  021  002  000  005  006  015 
 000  010  035  045  052  052  044  034  026  027  023  009  009  019  024  022 
 004  040  051  045  042  042  041  038  033  028  024  014  010  016  022  021 
 023  053  043  024  013  010  010  010  011  014  014  011  012  016  011  012 
 047  061  036  011  001  000  000  000  000  007  014  021  032  032  021  016 
 060  056  028  008  002  000  000  000  002  025  030  031  034  025  019  016 
 043  028  012  000  000  000  000  012  034  042  028  011  004  000  000  006 
 028  020  012  003  000  003  021  033  047  031  006  000  000  000  000  012 
 012  013  016  012  001  009  018  030  034  018  009  006  005  002  002  014 
 015  027  041  042  028  016  010  022  024  014  009  001  000  002  012  012 
 034  051  060  048  024  016  011  020  011  000  000  000  000  008  013  006 
 042  050  046  024  008  004  007  012  000  000  000  000  011  020  013  003 
 038  038  030  011  006  003  004  003  000  000  000  000  029  035  016  004 
 023  022  020  010  010  008  004  000  000  000  008  021  039  032  011  004 

Celda23

 018  025  014  000  000  000  000  000  000  006  006  003  004  032  052  000 
 023  015  002  000  000  000  000  000  000  000  006  012  016  042  058  000 
 010  000  000  000  000  000  000  000  000  000  004  014  020  048  066  000 
 008  000  000  000  000  000  000  010  019  022  014  002  010  046  074  000 
 021  028  037  038  033  030  042  049  042  040  032  016  000  034  075  000 
 025  041  047  046  042  046  058  048  030  023  020  019  018  036  079  005 
 033  041  024  021  024  041  038  020  008  006  012  024  038  067  105  036 
 035  030  006  005  013  027  012  008  012  022  034  044  052  073  091  033 
 035  021  005  004  012  016  010  020  034  044  048  048  044  046  058  017 
 029  007  002  000  006  014  022  031  034  028  024  021  018  016  036  007 
 020  002  000  000  005  016  017  010  001  000  000  000  000  000  026  000 
 006  002  000  002  019  024  008  002  000  000  000  000  000  003  031  000 
 002  000  000  011  030  024  008  000  000  000  000  000  000  009  040  000 
 007  009  004  014  019  002  000  008  011  008  006  006  000  010  046  000 
 004  006  004  010  014  000  000  006  018  018  009  000  000  010  050  000 
 000  000  000  006  008  000  004  012  002  000  000  000  000  017  056  004 

Celda24

 001  001  000  000  000  002  004  006  006  002  001  001  000  000  007  020 
 000  000  000  000  000  000  005  006  006  006  007  011  016  020  014  004 
 000  000  000  000  000  000  003  001  001  002  006  014  020  023  024  020 
 000  000  000  000  000  001  002  000  004  006  007  010  013  012  014  016 
 001  002  002  000  000  002  006  009  007  006  002  000  002  004  005  005 
 002  004  009  011  010  007  007  006  000  000  000  000  000  004  007  009 
 000  000  000  002  003  000  000  002  000  000  000  006  012  014  014  016 
 000  000  000  000  000  000  000  000  003  000  006  016  024  024  020  016 
 000  000  000  000  000  000  001  007  007  007  013  022  023  022  022  018 
 000  001  004  007  003  000  005  002  000  006  016  023  016  012  015  016 
 000  000  000  000  000  000  004  003  000  010  022  019  006  003  008  008 
 000  000  000  000  000  000  001  004  002  012  024  018  006  007  007  002 
 000  000  000  000  003  003  017  028  026  022  019  020  022  021  014  010 
 001  003  007  008  007  008  024  034  027  021  013  026  035  027  018  020 
 001  002  003  002  004  009  022  029  022  021  024  035  040  028  016  020 
 003  006  011  010  007  011  025  034  029  024  033  042  040  026  010  015 

Celda25

 028  027  023  020  015  007  000  000  024  033  016  001  000  006  025  048 
 028  034  026  021  017  004  000  005  030  032  014  003  000  003  014  020 
 024  025  020  023  022  008  000  006  026  028  014  008  006  004  010  014 
 009  012  018  026  024  010  000  004  024  026  012  010  012  007  002  004 
 001  011  030  031  016  004  000  008  030  027  008  006  016  014  002  000 
 009  020  038  030  007  000  000  018  036  026  004  002  016  018  004  000 
 018  015  028  023  008  010  006  023  038  026  002  000  014  016  005  000 
 015  008  018  026  008  004  012  026  034  024  004  000  011  014  006  002 
 014  011  012  023  014  000  004  019  027  021  008  003  015  020  012  008 
 014  014  019  036  027  008  000  010  021  020  012  006  020  026  014  007 
 003  002  010  029  026  016  011  001  018  023  017  012  026  029  013  010 
 000  000  004  023  029  024  033  030  024  022  016  017  028  022  005  010 
 012  016  014  032  053  048  038  041  040  038  018  012  026  020  010  011 
 024  026  025  039  060  046  020  026  036  036  030  017  019  014  012  016 
 020  018  017  023  037  028  000  003  014  013  020  022  021  010  004  012 
 019  020  016  008  022  026  006  000  007  008  001  008  010  008  002  002 

Celda26

 044  030  023  020  020  022  027  024  018  012  005  000  000  000  000  000 
 008  000  000  000  006  016  024  019  012  002  000  000  000  000  005  002 
 004  000  000  000  000  009  008  000  000  000  004  008  011  011  011  002 
 002  002  000  000  000  009  008  000  000  000  000  005  012  016  014  010 
 002  006  001  000  000  004  004  004  009  004  000  002  004  006  010  014 
 001  008  002  000  002  001  002  011  022  007  000  002  010  008  004  002 
 002  008  004  000  000  000  002  018  022  005  004  000  009  010  006  000 
 008  008  002  000  000  001  008  015  013  000  001  005  005  008  002  000 
 010  008  004  002  003  006  011  008  007  007  007  012  009  008  000  000 
 010  010  008  008  008  009  006  002  010  024  021  014  012  008  002  001 
 015  013  010  014  018  018  015  011  026  035  019  010  012  012  010  010 
 013  010  015  023  031  032  031  027  040  040  018  016  018  020  021  022 
 006  010  025  035  039  032  029  026  038  036  018  016  016  018  021  026 
 013  012  024  031  030  016  018  020  029  023  008  006  006  008  013  024 
 016  018  024  027  019  006  010  016  017  006  000  002  003  000  005  024 
 012  021  030  033  023  008  002  008  006  000  000  002  000  000  012  028 

Celda27

 004  007  026  033  024  009  014  025  017  007  008  013  012  007  000  002 
 007  003  021  030  018  010  024  029  012  001  000  001  004  006  003  000 
 002  000  011  028  018  012  028  033  012  000  000  000  002  009  008  001 
 008  006  003  022  018  011  022  032  016  001  000  001  005  010  006  004 
 016  021  024  028  016  006  010  024  024  012  006  003  006  004  000  006 
 006  016  026  022  009  005  009  016  024  020  010  004  000  000  000  008 
 000  007  013  004  000  006  020  023  014  016  015  008  000  000  000  008 
 001  017  010  000  000  009  024  011  000  004  016  018  005  000  008  015 
 009  032  018  010  012  006  017  011  000  000  010  021  016  008  013  015 
 027  046  025  023  032  029  014  004  000  000  004  018  019  016  020  010 
 044  050  023  021  031  034  028  020  011  005  005  014  015  014  018  015 
 053  046  021  022  020  018  014  016  022  024  016  018  014  008  008  012 
 047  038  027  028  016  006  002  011  025  028  021  009  004  002  001  010 
 037  032  028  019  010  008  012  020  025  016  016  006  000  000  003  018 
 031  024  014  002  000  010  017  018  022  011  014  010  000  000  007  029 
 022  004  003  004  000  008  014  015  023  014  016  016  010  000  006  030 

Celda28

 012  045  052  028  012  000  000  014  023  018  010  006  002  000  000  000 
 015  043  035  012  004  002  009  016  009  013  018  012  000  000  000  000 
 016  030  011  000  000  002  033  032  020  004  012  009  000  000  000  004 
 016  020  000  000  000  017  045  033  029  026  011  000  000  000  004  018 
 019  009  000  000  008  036  036  016  012  018  020  017  010  000  006  022 
 018  001  000  000  026  041  024  008  000  000  010  019  020  017  022  029 
 012  000  000  002  032  034  018  006  002  000  000  000  000  008  035  039 
 000  000  000  012  022  022  014  009  006  004  002  000  000  000  033  022 
 009  006  014  019  012  010  011  012  008  003  000  000  000  011  022  006 
 003  012  026  024  020  023  022  015  003  000  000  000  005  018  008  000 
 005  007  020  017  019  025  023  016  012  012  016  018  020  023  010  005 
 018  020  012  005  007  009  005  000  000  008  015  012  011  020  015  018 
 026  024  008  000  002  008  008  004  004  010  008  000  000  013  004  003 
 034  024  002  000  000  004  010  014  014  013  004  000  005  016  003  000 
 036  020  004  007  009  006  018  038  043  029  016  011  019  025  006  000 
 036  024  012  006  012  016  036  052  038  011  006  006  009  012  000  001 

Celda29

 003  009  021  044  036  024  032  030  018  004  006  032  033  017  016  012 
 004  012  013  030  026  018  018  014  010  014  028  039  022  008  000  000 
 003  008  006  024  028  014  000  000  000  009  039  030  000  000  004  006 
 011  000  000  020  024  009  000  000  000  023  032  010  002  000  000  010 
 012  000  000  017  020  002  000  000  014  035  015  000  002  012  014  004 
 000  000  000  012  018  001  000  004  038  032  001  000  000  008  014  012 
 020  006  000  004  011  000  000  025  042  018  000  000  002  006  004  004 
 012  012  011  008  000  000  004  036  044  016  000  000  005  004  001  000 
 000  000  007  012  009  006  015  035  032  014  006  006  006  002  000  000 
 000  000  000  000  000  000  019  026  015  008  007  006  006  007  000  000 
 000  000  000  000  000  000  016  014  004  002  002  000  002  007  000  000 
 018  015  008  000  000  012  026  015  006  004  002  000  000  000  000  000 
 008  010  005  000  004  032  035  026  028  027  026  023  016  006  000  000 
 000  000  000  000  012  033  023  017  022  018  020  022  022  022  020  021 
 000  004  008  012  024  026  010  009  010  002  000  000  000  006  018  032 
 010  019  022  022  033  027  014  011  002  000  000  000  000  000  010  026 

Celda30

 009  014  015  002  002  002  000  000  000  007  024  036  029  012  004  000 
 002  014  012  000  000  000  000  000  000  008  028  030  018  000  005  007 
 012  016  006  000  000  000  000  000  002  016  031  018  014  004  002  013 
 019  022  005  000  000  000  000  000  005  023  023  006  002  002  000  006 
 013  021  004  000  000  000  000  001  010  014  005  000  000  000  000  000 
 000  006  000  000  000  004  002  006  012  004  000  000  000  000  001  000 
 000  000  000  000  015  011  008  012  008  000  000  000  000  000  007  005 
 000  000  000  004  020  013  012  016  010  006  000  002  000  000  014  011 
 000  000  000  010  020  012  010  012  012  014  005  000  000  006  026  016 
 000  000  000  014  016  008  006  009  012  011  004  000  000  000  023  013 
 000  000  002  016  013  005  004  008  010  003  000  000  000  009  017  007 
 000  000  016  021  008  000  003  008  005  000  000  000  000  012  014  006 
 000  015  034  032  017  012  008  004  000  000  000  000  000  010  008  004 
 023  041  046  035  025  022  022  018  012  008  002  000  000  005  002  004 
 042  056  051  036  023  013  014  018  022  023  022  024  022  012  002  002 
 042  052  045  029  014  002  000  000  005  011  020  030  035  032  022  011 

Celda31

 002  000  000  010  007  002  000  006  000  000  000  000  000  035  065  010 
 004  002  000  016  007  000  000  000  000  000  000  000  019  049  063  010 
 000  000  000  016  005  000  000  000  000  002  004  014  030  044  054  008 
 000  000  008  016  000  000  000  006  000  000  000  018  024  032  045  004 
 000  000  021  024  010  012  011  009  000  000  002  024  020  025  040  001 
 000  008  030  023  006  017  024  021  013  008  018  032  012  016  037  000 
 005  012  020  014  006  001  012  016  018  022  030  023  000  014  039  000 
 002  002  006  006  006  008  003  000  000  007  013  002  000  013  044  000 
 005  000  001  002  002  004  000  000  000  000  000  000  000  015  048  001 
 006  004  001  000  000  000  000  000  006  004  000  000  000  029  055  009 
 000  000  000  000  000  000  000  005  013  007  001  001  007  029  050  009 
 000  000  000  000  000  000  000  007  012  012  002  003  003  026  043  000 
 000  000  000  000  000  002  002  002  008  014  007  000  000  022  046  000 
 001  000  000  000  013  013  000  000  008  013  003  000  000  022  051  000 
 000  000  000  017  039  028  020  022  025  015  000  000  000  026  056  000 
 002  000  011  040  049  033  027  034  028  012  002  002  004  035  063  006 

Celda32

 003  008  018  022  018  020  035  040  032  026  029  029  021  010  001  010 
 001  004  012  020  022  027  037  033  026  024  022  014  008  000  000  002 
 000  002  007  014  018  018  020  015  021  026  018  007  006  006  004  013 
 000  000  002  006  008  004  004  012  028  031  015  004  003  006  012  029 
 000  000  000  002  004  004  006  023  040  031  008  000  000  001  021  037 
 000  000  002  002  002  004  015  035  040  020  000  000  000  010  031  032 
 001  002  002  000  000  000  030  045  031  005  000  000  002  023  033  020 
 001  002  002  000  000  013  050  046  015  000  000  000  014  029  024  009 
 000  000  000  000  003  030  049  027  002  000  000  004  011  016  012  004 
 000  000  000  006  014  029  038  021  001  002  000  004  008  006  002  006 
 001  003  008  012  015  021  042  036  015  016  014  008  000  000  000  012 
 002  005  010  010  008  016  041  036  012  015  015  010  003  000  000  014 
 001  002  004  004  005  009  028  027  000  000  000  000  000  000  004  029 
 001  001  000  000  002  004  019  022  004  000  000  000  000  000  019  041 
 001  000  000  000  002  006  015  015  003  000  000  000  000  006  040  038 
 000  000  000  000  000  012  016  009  002  008  000  000  000  025  045  018 

Celda33

 022  027  026  016  013  026  013  004  003  010  000  004  009  012  014  012 
 014  024  025  022  016  032  022  005  002  013  019  020  027  032  036  039 
 020  018  018  016  014  021  011  000  000  020  035  030  031  038  034  038 
 031  015  011  012  010  002  002  000  005  031  040  024  016  017  008  009 
 024  006  004  012  013  003  000  002  015  033  035  018  004  000  000  010 
 010  005  011  020  020  012  007  010  021  028  031  016  000  000  002  024 
 006  013  024  026  021  016  014  015  020  022  026  016  000  000  017  051 
 000  006  018  012  009  006  002  000  008  013  017  011  000  005  042  049 
 006  012  004  000  000  000  000  000  008  004  004  010  016  037  050  026 
 016  015  000  000  000  000  000  001  008  000  000  020  046  055  027  008 
 022  014  000  000  000  000  000  000  008  000  000  034  063  036  004  000 
 022  012  000  000  001  008  008  002  006  000  005  043  048  024  001  000 
 033  014  001  000  000  000  000  000  005  005  014  034  032  013  003  004 
 032  009  002  000  000  000  000  000  011  014  013  022  023  006  004  012 
 012  000  000  000  000  000  000  000  015  016  006  016  020  005  004  014 
 000  000  000  000  000  000  006  005  004  015  012  018  020  007  008  021 

Celda34

 014  027  031  030  024  014  007  003  002  000  000  000  000  000  023  031 
 042  054  043  021  017  019  014  004  000  000  000  000  000  006  030  020 
 045  056  041  023  009  014  014  004  000  000  000  000  002  022  026  007 
 031  043  028  026  023  014  004  000  000  000  000  000  010  035  024  000 
 028  030  012  014  022  023  016  006  000  000  000  000  014  040  023  000 
 042  024  004  004  008  012  011  005  000  000  000  007  022  038  026  018 
 048  021  006  001  000  000  000  000  000  000  007  022  029  036  035  032 
 027  007  000  000  000  000  000  000  000  003  028  027  022  026  034  030 
 012  005  000  000  000  000  000  000  004  037  043  022  016  015  022  024 
 006  004  000  000  000  000  000  002  033  054  032  016  012  008  007  018 
 004  010  007  008  006  000  000  021  051  045  018  014  010  004  000  008 
 007  020  016  001  000  000  014  039  038  021  006  008  005  004  012  010 
 012  020  012  000  000  005  034  032  010  009  004  000  004  012  024  017 
 014  009  002  000  004  018  027  008  000  004  005  000  004  020  017  010 
 010  000  000  012  026  026  010  000  000  003  002  000  000  008  000  000 
 010  000  000  024  038  022  004  000  000  004  000  000  000  006  000  000 

Celda35

 006  000  000  010  006  005  012  016  019  008  005  006  007  010  014  024 
 000  000  004  012  006  000  000  003  000  000  000  000  000  009  026  023 
 000  000  007  008  002  000  001  005  000  000  000  000  000  016  028  016 
 000  002  003  004  000  000  004  010  000  000  000  012  019  026  021  010 
 000  000  000  002  004  003  013  012  000  000  002  013  017  013  008  005 
 023  022  025  025  023  025  026  014  004  000  000  000  000  000  005  012 
 027  020  018  017  012  014  014  006  004  000  000  000  000  007  017  030 
 013  000  000  000  000  008  010  000  000  000  000  000  002  017  031  031 
 009  000  000  000  000  011  010  000  000  000  000  000  020  038  036  021 
 012  000  000  000  000  008  004  000  000  000  000  011  041  048  034  015 
 010  006  000  004  006  004  000  000  000  000  000  018  039  039  024  009 
 000  008  006  000  001  000  002  006  004  000  000  018  032  034  015  000 
 010  000  010  003  001  004  008  006  004  004  007  018  024  033  015  000 
 009  003  006  010  005  012  008  000  000  008  020  017  019  032  018  005 
 000  002  000  012  013  006  000  000  000  012  022  012  008  034  026  009 
 000  008  015  012  008  007  000  000  000  023  011  000  000  033  032  000 

Celda36

 026  022  020  014  000  003  027  030  009  000  000  000  000  008  004  002 
 002  006  018  022  014  014  022  018  000  000  000  000  000  012  020  018 
 005  000  008  023  026  028  026  014  000  000  000  000  007  030  034  022 
 012  015  010  016  029  032  026  014  001  000  000  013  048  059  041  019 
 015  027  032  031  026  018  020  018  008  002  003  031  058  052  027  018 
 021  030  032  026  012  000  006  018  018  018  016  024  041  031  008  006 
 034  028  026  018  008  000  000  016  028  028  019  025  040  027  002  000 
 026  016  017  011  004  005  006  009  026  026  018  028  041  026  004  000 
 016  002  000  002  004  009  015  013  014  018  021  033  036  020  005  000 
 008  002  000  000  007  010  012  012  007  007  022  034  026  012  005  000 
 000  000  000  007  017  020  020  020  016  008  016  024  018  010  010  010 
 000  001  009  014  019  026  032  030  020  014  008  007  012  018  024  040 
 000  009  018  013  011  020  025  020  011  008  004  000  006  022  037  044 
 005  013  018  010  012  019  012  004  002  006  008  012  019  020  030  044 
 008  004  018  014  017  012  000  000  002  010  012  017  023  012  008  028 
 000  000  018  021  016  000  000  000  000  012  015  016  009  002  000  004 

Celda37

 023  016  015  019  037  026  018  012  004  000  000  000  000  005  012  012 
 016  000  000  011  026  009  004  001  000  000  000  000  018  027  008  000 
 006  000  000  012  012  000  000  000  000  000  000  016  042  028  011  000 
 000  000  000  010  007  000  000  000  000  000  006  043  041  011  006  006 
 010  006  006  007  000  000  000  000  000  000  029  041  011  000  000  003 
 002  000  001  002  000  000  000  000  003  008  021  017  000  000  000  013 
 000  000  000  000  000  000  000  007  017  015  011  008  000  000  015  031 
 000  000  000  000  000  000  000  032  036  021  013  009  005  007  018  019 
 000  000  000  000  000  000  033  044  033  024  018  012  003  000  007  012 
 000  000  004  000  004  033  046  029  016  013  002  000  000  000  002  009 
 013  022  018  012  027  054  043  015  003  004  000  000  000  000  000  015 
 038  023  010  006  041  057  033  016  006  000  000  000  002  001  006  033 
 021  000  000  007  048  042  012  006  005  007  012  014  012  010  023  043 
 017  000  000  027  045  016  000  000  005  019  029  020  012  012  026  026 
 015  000  002  041  029  002  000  000  014  034  022  012  004  004  010  004 
 006  008  028  036  012  000  001  009  028  028  005  000  000  000  000  000 

Celda38

 022  029  019  012  005  000  000  003  000  000  010  024  028  030  028  023 
 014  016  000  000  000  000  000  007  007  004  004  014  004  002  008  022 
 011  009  000  000  000  000  007  029  018  006  000  005  000  000  000  034 
 005  000  000  000  008  019  035  036  010  000  000  000  000  000  023  041 
 009  012  014  014  025  030  034  014  000  000  004  004  014  022  029  024 
 025  026  026  017  010  020  016  000  000  000  016  027  028  028  017  007 
 026  015  010  003  000  015  012  000  000  014  042  038  021  012  009  002 
 004  000  000  000  000  002  000  000  012  042  044  021  004  000  000  000 
 002  000  000  000  002  000  000  012  041  050  025  008  002  000  000  000 
 008  002  004  008  008  009  012  033  057  040  005  000  000  000  000  000 
 019  015  008  008  010  016  024  043  044  020  002  000  000  000  000  008 
 030  007  000  001  008  012  025  038  021  002  000  000  000  000  007  000 
 021  000  000  002  000  001  020  026  008  000  000  000  000  011  008  000 
 000  000  000  004  000  000  018  016  000  000  000  000  011  023  000  000 
 000  000  000  000  000  005  016  009  000  000  000  002  020  003  000  000 
 000  004  000  000  000  012  013  000  000  000  000  011  012  000  000  000 

Celda39

 021  022  033  049  046  029  017  012  002  000  002  014  018  039  063  007 
 038  048  049  049  034  010  000  000  000  000  015  023  020  033  064  011 
 046  041  039  028  004  000  000  000  000  017  035  018  018  047  081  028 
 029  013  010  000  000  000  000  000  015  037  025  008  020  063  076  025 
 012  000  000  000  000  000  002  016  028  018  004  004  028  047  041  002 
 012  000  000  000  006  022  026  024  013  002  004  017  025  028  029  000 
 003  000  000  002  019  017  010  003  000  000  007  026  024  028  034  000 
 000  000  000  004  002  000  000  000  000  000  008  021  018  032  044  000 
 000  000  000  000  000  000  000  000  000  000  006  008  008  034  054  000 
 008  009  000  000  000  000  006  004  000  006  006  000  000  029  061  000 
 007  000  000  000  000  000  010  005  002  006  004  000  000  024  067  000 
 000  000  000  000  002  004  002  003  006  004  000  000  000  027  074  000 
 000  000  000  000  000  000  000  000  006  000  000  000  000  038  081  001 
 000  000  000  000  004  000  000  002  000  000  000  000  002  048  086  002 
 000  000  000  000  008  012  004  000  000  000  000  002  008  048  084  000 
 000  000  000  000  010  020  008  000  000  000  002  007  000  040  082  000 

Celda40

 000  000  001  000  000  016  020  006  002  007  000  000  000  032  026  005 
 000  000  000  002  002  020  029  014  006  000  000  000  011  026  010  001 
 000  000  000  000  002  020  029  009  000  000  000  000  023  012  000  003 
 000  000  000  000  004  024  031  004  000  000  000  012  017  000  000  005 
 001  002  002  000  002  025  027  001  000  000  000  021  014  000  000  001 
 000  000  000  000  006  023  018  000  000  000  000  020  012  000  000  000 
 000  000  000  000  002  020  015  002  000  000  006  012  005  000  000  000 
 001  002  004  003  000  021  015  000  000  000  004  000  000  000  003  006 
 000  000  000  000  004  032  022  007  002  000  000  000  000  004  000  000 
 000  000  000  000  012  026  012  000  000  000  000  000  000  005  002  000 
 001  002  003  001  010  016  008  004  002  000  000  000  000  002  004  008 
 003  008  018  022  024  018  000  000  008  006  000  000  002  017  033  036 
 000  000  002  006  009  008  008  004  004  003  000  000  012  022  028  023 
 000  000  000  000  002  002  000  010  013  011  010  008  010  026  027  014 
 002  004  008  010  013  011  008  012  016  020  028  034  031  034  022  010 
 004  009  018  024  026  021  016  016  024  027  024  023  025  032  027  013 

Celda41

 000  000  000  000  000  006  014  012  004  007  014  022  020  007  013  026 
 000  000  000  000  005  006  003  002  006  004  005  018  018  006  015  030 
 000  000  000  002  006  000  000  000  000  000  000  016  025  009  012  025 
 000  000  000  004  000  000  000  000  000  000  000  017  036  022  012  016 
 000  000  005  003  000  000  000  000  000  000  000  008  040  040  022  013 
 000  007  010  000  003  006  006  004  003  002  000  000  036  050  032  015 
 002  008  007  004  000  006  012  013  014  014  011  006  029  046  036  022 
 003  000  001  008  005  000  000  000  005  010  010  008  021  032  039  034 
 001  000  001  017  015  002  000  000  000  003  010  012  011  018  039  042 
 000  006  017  030  019  009  008  006  002  000  006  011  008  014  036  043 
 013  010  009  009  002  000  007  013  009  002  000  000  009  034  045  044 
 026  012  000  002  002  004  010  015  018  014  006  002  023  039  028  026 
 014  012  013  015  021  026  024  018  021  022  020  014  016  020  004  014 
 000  003  016  030  031  023  016  010  012  014  020  018  000  012  004  004 
 002  000  010  021  019  014  008  004  002  009  022  025  012  006  008  000 
 004  000  014  021  011  012  022  018  008  010  022  032  032  028  039  029 

Celda42

 006  002  013  041  031  015  006  000  003  001  000  000  000  004  004  006 
 012  000  018  032  014  007  010  006  000  000  000  000  006  017  017  018 
 016  009  018  017  006  001  006  006  001  000  000  000  022  027  019  015 
 014  016  023  020  006  000  000  000  000  000  000  008  020  014  003  001 
 012  019  030  026  008  000  000  000  000  002  001  006  017  014  007  000 
 010  020  036  031  010  000  001  005  012  013  012  004  006  007  006  003 
 008  015  037  033  014  006  002  002  008  008  008  008  007  002  000  002 
 007  006  034  034  017  012  005  000  010  011  004  010  012  008  002  003 
 008  002  032  036  021  016  002  000  012  022  003  005  000  000  000  006 
 012  000  028  037  023  014  000  000  016  030  008  000  000  000  002  023 
 024  010  025  033  022  008  000  000  022  031  008  000  000  010  024  027 
 026  014  025  033  016  000  000  003  034  029  002  000  002  007  003  002 
 030  024  028  040  025  010  006  017  036  016  000  000  006  002  000  000 
 028  044  042  044  030  022  018  016  024  008  000  000  004  000  000  000 
 022  056  059  043  020  011  012  011  020  005  002  012  013  010  014  018 
 036  063  064  039  010  000  007  020  028  014  008  009  002  002  006  007 

Celda43

 005  014  022  022  006  000  000  000  011  026  002  000  000  026  035  004 
 015  013  010  008  010  004  000  000  018  015  000  000  000  010  034  018 
 008  000  000  000  000  010  006  000  019  006  000  000  001  000  030  034 
 000  000  000  000  004  008  009  002  015  006  000  002  004  000  021  042 
 000  000  000  009  015  004  005  010  018  010  004  008  011  010  005  041 
 001  004  009  020  012  003  004  012  021  012  004  003  008  015  014  036 
 006  014  019  016  002  000  006  018  018  012  005  000  000  010  018  026 
 007  012  020  014  000  000  009  028  018  014  010  004  000  000  006  004 
 015  014  010  007  000  002  019  025  008  005  006  008  003  000  000  000 
 025  015  008  000  000  008  022  016  000  000  004  008  008  004  000  000 
 013  000  000  000  000  006  020  012  000  000  000  002  002  004  004  002 
 000  000  002  000  000  005  019  008  000  000  002  000  000  006  014  017 
 000  006  014  013  008  011  022  006  000  000  008  010  011  016  021  022 
 003  021  029  015  005  005  012  001  000  005  021  030  017  011  013  015 
 015  020  017  005  000  009  016  005  008  017  035  029  005  002  006  004 
 006  006  008  006  013  032  028  013  004  008  027  018  009  008  009  000 

Celda44

 000  000  018  024  013  000  000  000  012  017  016  014  004  000  000  000 
 000  002  016  020  010  000  000  002  027  024  013  012  004  000  000  000 
 002  012  025  022  008  000  004  017  039  023  005  001  000  000  000  002 
 014  012  024  014  001  000  005  024  031  004  000  000  000  000  000  000 
 032  015  004  000  000  004  006  012  011  000  000  000  000  000  000  000 
 041  012  000  000  000  014  012  005  002  000  000  000  000  000  000  000 
 034  011  000  000  000  018  014  000  000  000  000  000  000  000  002  006 
 018  011  000  000  000  014  012  000  000  000  000  000  000  000  005  014 
 006  010  000  000  000  008  008  000  000  000  000  000  000  000  013  021 
 002  007  002  000  002  005  005  000  000  002  007  005  002  008  028  025 
 000  006  012  015  022  020  012  003  002  010  015  006  004  025  038  017 
 013  012  030  031  027  026  022  014  009  017  012  008  010  038  029  000 
 021  021  034  023  016  018  025  024  014  011  002  006  012  030  004  000 
 018  025  027  007  010  010  007  011  008  000  000  000  007  010  000  000 
 008  022  021  010  000  014  000  000  000  000  000  005  007  004  000  001 
 000  012  013  009  000  002  000  000  000  000  000  006  011  006  000  000 

Celda45

 000  014  039  038  019  009  008  013  024  012  000  000  000  000  000  000 
 000  004  029  035  034  030  014  004  016  004  000  000  000  000  000  004 
 009  012  018  025  036  040  021  002  007  000  000  000  002  000  000  006 
 006  012  019  024  022  030  022  008  006  000  000  000  000  000  000  009 
 001  001  003  010  010  012  014  013  012  001  000  000  000  000  000  012 
 002  000  000  006  006  006  004  007  014  008  000  000  000  000  008  010 
 010  010  007  000  002  006  000  000  006  007  000  000  000  004  014  008 
 015  010  008  002  000  002  000  000  000  000  000  000  000  008  012  006 
 014  004  002  000  000  000  000  000  000  000  000  000  009  012  006  003 
 015  006  004  002  008  008  000  000  000  000  000  004  022  020  003  000 
 006  002  002  006  012  008  000  000  000  005  005  000  023  026  004  000 
 000  001  000  008  006  000  000  004  013  022  025  017  008  020  009  000 
 000  006  000  000  000  000  000  012  022  029  026  022  012  002  006  007 
 000  006  000  000  000  000  000  010  020  014  011  010  008  002  000  006 
 002  000  000  000  000  003  000  000  002  000  000  006  008  008  006  000 
 000  000  000  000  004  014  003  000  000  002  000  010  012  010  010  006 

Celda46

 010  015  000  000  000  015  006  000  000  000  000  006  000  000  000  000 
 020  013  000  000  000  007  000  000  000  004  000  000  000  000  000  000 
 022  008  000  000  000  000  000  000  001  000  000  000  000  000  000  000 
 012  000  000  000  000  000  000  000  000  000  000  000  000  000  010  012 
 000  000  000  000  000  000  006  002  000  000  000  000  000  002  008  004 
 000  000  000  000  000  000  006  000  000  000  000  001  000  000  000  000 
 000  000  000  000  000  000  000  000  000  010  005  000  000  000  000  000 
 004  000  000  000  000  000  000  000  010  022  012  002  003  005  000  000 
 004  000  000  000  000  000  000  002  005  018  015  010  010  000  000  003 
 000  000  000  000  000  000  000  003  008  020  013  008  008  004  000  002 
 000  003  002  000  000  000  000  000  019  028  012  000  000  002  005  002 
 000  002  003  000  000  000  000  012  025  016  002  000  002  004  004  001 
 000  000  004  000  000  000  005  020  017  001  000  002  016  018  009  000 
 006  004  005  000  000  002  012  012  008  000  000  016  021  011  005  001 
 012  010  000  000  006  012  008  002  003  004  009  016  006  000  000  000 
 010  010  000  000  014  012  000  000  001  008  010  011  004  000  000  000 

Celda47

 000  000  000  002  012  012  000  000  000  004  002  000  000  032  082  000 
 002  002  006  010  005  000  000  000  006  007  000  000  000  030  083  000 
 008  004  002  000  000  000  005  011  004  001  000  000  000  031  085  000 
 000  000  002  000  000  007  024  014  002  000  006  001  000  030  087  000 
 000  000  000  000  004  020  016  000  000  000  010  000  000  032  091  003 
 000  000  002  005  013  014  001  000  000  002  008  000  000  042  101  009 
 000  000  010  012  007  001  000  000  000  006  004  000  000  052  100  006 
 000  008  015  004  000  000  000  000  002  014  010  008  006  054  094  000 
 008  017  006  000  000  000  006  013  020  029  021  017  012  049  092  000 
 009  006  000  000  000  002  009  014  019  021  013  011  009  042  090  000 
 000  000  000  005  005  009  014  010  006  006  005  005  007  039  090  002 
 000  006  009  008  008  010  008  002  000  003  006  002  005  036  087  001 
 002  012  009  000  002  002  000  001  004  007  006  000  000  031  084  001 
 002  007  008  002  000  000  000  004  011  009  002  000  000  032  084  000 
 000  000  006  008  000  000  000  008  012  006  000  002  003  035  087  002 
 002  005  007  007  001  000  000  008  008  006  004  002  010  048  099  014 

Celda48

 001  003  008  014  020  020  020  022  028  019  010  005  006  014  014  012 
 000  000  000  006  017  016  018  019  018  007  003  002  001  006  006  011 
 000  001  004  010  022  014  011  010  006  002  003  006  007  015  018  023 
 001  002  006  012  023  010  000  000  000  004  012  017  016  029  037  034 
 000  000  000  000  008  000  000  000  006  010  025  022  018  035  042  029 
 000  000  000  000  005  000  000  000  018  034  031  016  012  030  032  017 
 000  000  000  006  005  000  000  004  036  045  020  008  006  025  024  008 
 001  001  000  000  000  000  000  010  042  032  000  000  000  016  014  001 
 001  000  000  000  000  000  000  019  041  023  000  000  000  009  007  000 
 000  000  000  000  000  000  014  052  056  024  006  000  000  000  002  000 
 000  000  002  000  000  002  027  050  036  010  007  004  000  000  004  000 
 001  002  003  001  000  006  020  022  010  000  000  000  000  000  008  000 
 001  000  000  000  000  006  018  017  008  001  000  000  000  002  006  000 
 000  000  000  000  000  014  018  012  010  000  000  000  000  002  002  000 
 000  000  000  000  011  018  022  015  010  001  002  000  000  003  005  014 
 000  000  000  000  014  026  019  002  000  001  000  000  000  008  021  027 

Celda49

 018  023  028  023  014  018  021  018  013  012  020  030  038  038  050  038 
 021  030  037  035  023  013  008  000  000  008  011  016  028  035  041  026 
 025  027  033  030  024  009  000  000  000  000  000  000  014  021  012  002 
 027  024  021  010  007  012  011  006  001  000  000  000  006  008  000  000 
 021  018  011  002  000  007  020  025  020  009  001  004  004  000  000  000 
 014  012  006  000  000  001  008  014  018  017  011  002  000  000  005  010 
 002  000  000  000  000  008  003  000  000  006  008  005  000  000  008  016 
 000  000  000  000  000  013  003  000  000  002  008  010  012  013  010  010 
 000  000  000  000  000  017  011  010  014  013  011  013  020  021  013  007 
 000  008  003  000  010  036  035  024  016  004  000  011  019  013  010  008 
 000  008  008  002  010  031  023  002  000  000  000  013  004  000  001  005 
 000  002  012  012  014  024  014  000  000  000  002  016  002  000  000  000 
 000  013  023  016  010  014  004  000  000  000  000  006  000  000  000  000 
 009  026  024  015  009  000  000  000  002  006  000  000  000  000  000  000 
 028  024  009  004  000  000  000  006  025  010  001  000  000  000  006  002 
 028  014  000  000  000  000  004  025  023  005  002  003  008  019  024  018 

Celda50

 034  049  052  040  010  000  014  035  036  028  020  010  002  000  001  001 
 024  027  038  042  016  001  021  037  031  025  025  022  017  010  000  001 
 004  007  022  043  024  005  027  036  014  002  004  010  012  008  000  004 
 006  000  008  042  036  016  039  033  000  000  000  000  000  000  000  019 
 012  000  000  035  048  032  034  016  000  000  000  000  000  000  006  026 
 018  004  000  016  050  048  040  011  000  000  001  000  003  000  004  021 
 018  004  000  000  044  054  042  012  000  000  015  014  004  000  000  019 
 008  002  000  000  031  048  037  015  002  020  029  010  001  000  009  027 
 006  008  011  008  012  036  030  016  018  038  037  003  000  006  026  030 
 008  010  016  021  014  027  030  021  022  040  034  006  000  010  028  017 
 003  000  006  021  029  044  064  056  039  036  024  007  007  020  015  000 
 000  000  000  009  023  036  063  051  024  031  030  011  014  020  000  000 
 000  000  000  002  000  007  038  028  004  027  037  020  014  012  000  000 
 001  008  004  000  000  001  028  032  020  032  033  016  012  000  000  000 
 006  009  008  004  000  000  016  036  040  046  029  003  002  000  000  000 
 014  008  007  008  005  000  004  038  054  054  026  000  000  000  000  025 

Celda51

 000  008  010  013  033  043  020  007  000  010  024  016  014  013  006  001 
 011  025  020  020  034  029  000  000  000  017  023  013  005  004  000  000 
 038  043  028  027  030  010  000  000  000  014  015  012  001  000  000  001 
 055  047  028  023  008  000  000  000  008  005  005  009  004  000  000  004 
 050  031  006  000  000  000  000  016  014  000  000  004  008  003  002  007 
 036  022  000  000  000  000  014  041  027  010  007  008  014  004  000  002 
 026  014  000  000  000  007  055  050  022  012  012  013  012  000  000  000 
 021  002  000  000  000  049  057  025  002  000  000  000  000  000  000  000 
 008  000  000  000  029  062  035  006  000  000  000  000  000  000  000  001 
 000  000  000  008  061  055  010  002  000  000  000  000  000  000  000  016 
 000  000  004  048  068  032  000  000  000  000  000  000  000  000  002  023 
 000  000  026  054  046  008  000  000  000  000  000  000  000  000  004  010 
 000  023  035  028  019  000  000  000  000  000  000  000  000  000  006  000 
 010  035  015  002  009  000  000  000  000  008  001  000  000  000  007  000 
 027  022  000  000  004  000  000  002  006  004  000  000  000  010  006  000 
 034  005  000  000  003  004  000  001  000  000  000  000  000  016  002  000 

Celda52

 000  008  014  000  000  000  000  000  011  002  000  000  011  013  000  000 
 002  000  008  000  000  000  000  000  020  018  000  000  000  014  002  000 
 006  004  000  000  000  000  006  004  015  028  000  000  000  004  007  000 
 002  001  000  000  000  000  008  010  000  018  000  000  000  000  010  018 
 000  000  000  000  002  004  002  002  000  000  000  000  000  000  008  028 
 000  000  000  004  004  000  000  000  000  000  000  000  000  002  009  024 
 000  000  000  011  008  000  000  000  000  000  000  003  006  000  000  014 
 000  000  000  006  002  000  000  000  000  003  016  018  010  000  000  008 
 003  012  008  000  000  000  000  000  013  033  022  018  012  007  002  004 
 018  008  004  001  000  000  000  020  042  035  016  012  010  010  012  021 
 004  000  000  000  000  000  020  050  044  018  010  009  008  008  014  034 
 000  000  000  000  006  012  034  047  026  006  003  003  006  011  022  031 
 000  000  011  010  014  016  022  028  018  000  000  000  006  014  022  013 
 000  006  027  014  014  016  009  016  020  002  001  002  005  008  008  002 
 000  018  025  009  010  020  014  009  020  004  000  000  003  000  000  000 
 000  020  022  014  011  010  007  002  016  000  000  000  000  000  000  004 

Celda53

 000  000  000  014  025  026  006  002  000  005  002  008  011  010  009  010 
 000  000  002  018  022  011  003  006  012  012  004  001  003  006  009  010 
 000  004  014  010  002  000  000  007  014  012  006  002  003  006  005  002 
 008  002  013  010  000  000  005  013  002  000  000  005  008  006  000  000 
 018  000  000  006  008  010  012  000  000  000  000  001  006  002  000  000 
 018  000  000  004  014  020  002  000  000  002  008  001  000  000  000  000 
 011  002  005  004  004  008  000  000  000  012  010  000  000  000  000  000 
 004  008  017  006  000  000  000  000  008  022  008  000  000  000  000  008 
 000  001  014  008  000  000  000  000  010  025  010  000  000  000  010  010 
 017  007  000  004  010  002  000  002  000  014  013  000  000  000  008  006 
 026  020  010  000  012  012  000  009  009  000  011  010  000  000  002  004 
 012  010  014  018  016  012  003  001  008  012  002  004  001  000  002  008 
 002  003  010  016  016  006  000  000  002  013  012  000  000  006  006  014 
 004  008  010  013  015  010  000  002  008  002  008  006  000  006  009  018 
 002  008  012  015  015  012  004  000  012  004  000  005  010  008  009  016 
 000  003  007  009  008  008  009  006  008  006  000  006  016  019  015  019 

Celda54

 008  003  000  004  012  012  000  000  002  006  002  006  010  002  000  000 
 006  002  008  009  002  008  002  000  004  000  000  006  019  009  002  000 
 001  003  008  000  000  008  006  000  002  000  000  017  028  007  000  000 
 000  000  000  000  000  018  010  000  000  004  010  024  014  000  000  000 
 000  000  000  001  015  027  009  003  000  018  027  016  000  000  000  004 
 002  002  003  008  025  023  004  008  010  027  027  008  005  004  009  014 
 004  010  012  010  021  017  000  006  010  016  018  006  010  012  015  019 
 002  006  009  006  011  016  004  004  004  004  016  010  006  012  017  023 
 004  004  004  005  002  016  009  000  000  004  018  016  008  010  017  019 
 007  012  005  004  000  012  008  000  000  012  022  015  005  005  006  002 
 011  015  001  000  000  006  002  000  002  020  025  010  002  006  004  000 
 017  006  000  000  000  006  002  000  006  019  027  014  000  004  004  000 
 014  000  000  000  002  013  014  014  015  017  022  016  002  005  009  005 
 014  000  000  000  012  019  014  011  009  009  013  013  007  009  009  000 
 013  000  000  000  018  020  007  007  011  008  004  006  012  015  008  001 
 015  002  002  000  020  025  006  008  013  007  006  004  012  018  008  008 

Celda55

 002  005  008  009  003  004  012  021  006  000  010  014  015  058  099  016 
 001  004  007  009  007  008  020  019  007  001  008  024  018  042  072  000 
 001  006  008  008  006  008  012  002  000  000  007  024  016  032  067  000 
 002  006  009  008  003  000  004  000  000  002  013  027  007  024  067  000 
 003  009  017  015  006  000  000  002  004  012  027  029  004  022  074  006 
 010  016  022  015  006  004  002  005  009  020  028  017  004  031  088  015 
 015  018  019  006  000  004  008  014  017  020  016  004  006  047  098  019 
 017  016  013  001  000  002  010  013  013  014  008  001  004  052  088  008 
 010  005  000  000  000  004  008  004  004  008  002  000  005  047  074  000 
 000  000  000  000  000  010  010  002  000  005  000  000  014  049  073  002 
 000  000  000  000  001  016  016  005  002  000  000  008  022  044  068  000 
 000  003  000  004  010  024  024  010  007  004  006  022  018  036  068  000 
 006  003  008  009  011  022  025  010  004  003  016  027  013  035  073  004 
 002  005  013  005  002  012  020  000  000  000  024  030  016  045  082  012 
 004  008  010  000  000  010  019  000  000  008  032  027  015  045  076  009 
 014  014  011  008  009  014  012  000  002  020  030  020  015  044  071  010 

Celda56

 001  002  000  000  009  031  026  003  000  000  000  000  000  016  029  022 
 000  000  000  000  006  028  026  008  000  000  000  000  002  030  032  009 
 000  000  000  000  021  033  020  007  000  000  000  003  017  040  025  000 
 000  000  000  000  029  029  017  002  000  000  004  009  019  026  011  000 
 000  000  000  000  025  016  011  002  003  000  005  004  005  012  004  000 
 000  000  000  000  016  014  022  005  000  000  006  000  000  000  002  007 
 000  002  006  007  004  007  025  011  000  000  006  003  005  008  014  025 
 002  002  002  001  004  000  015  014  002  002  008  015  017  016  020  020 
 002  002  000  000  004  000  002  014  007  004  016  024  016  006  000  003 
 002  003  001  000  002  000  000  010  002  005  029  036  012  000  000  002 
 000  001  002  000  000  000  010  005  000  006  042  046  007  000  000  005 
 000  000  000  002  004  017  021  005  000  010  052  040  000  000  000  015 
 000  000  000  005  011  019  009  000  000  011  050  030  000  000  014  024 
 006  014  032  045  055  049  040  040  050  057  070  045  028  045  058  050 
 012  029  062  084  094  087  084  088  094  096  103  099  093  091  086  078 
 000  000  000  000  005  000  000  000  000  000  010  019  014  004  004  008 

Celda57

 016  002  000  000  000  005  014  013  008  000  000  004  019  035  029  018 
 004  000  000  000  017  024  004  000  006  000  000  000  024  027  011  007 
 000  004  001  019  030  013  000  000  002  000  000  006  023  010  000  000 
 000  013  028  021  007  000  000  000  000  000  002  016  015  003  000  000 
 000  031  033  000  000  000  000  000  000  000  010  018  010  000  004  009 
 018  030  012  000  000  000  004  008  006  004  012  013  010  004  004  010 
 020  014  002  000  000  010  021  006  001  000  010  006  008  006  002  008 
 000  001  000  000  000  020  015  000  000  000  008  006  007  003  000  002 
 000  000  003  000  000  018  010  000  000  000  007  007  005  002  000  000 
 000  002  009  002  000  016  015  003  008  008  007  000  002  010  003  000 
 010  011  006  002  005  021  022  006  010  008  004  001  000  017  016  008 
 017  008  002  006  013  025  021  004  001  000  000  006  013  025  021  008 
 014  006  008  010  014  017  010  000  000  000  012  022  015  012  012  000 
 040  040  044  039  036  036  028  025  030  042  060  056  041  036  032  024 
 072  072  072  064  061  064  060  061  068  076  085  075  067  068  064  064 
 005  002  002  000  000  005  000  000  000  003  005  002  000  000  000  000 

Celda58

 012  006  004  003  002  002  000  034  055  050  022  000  000  000  011  038 
 006  003  000  000  000  002  004  029  040  032  019  001  000  002  031  030 
 000  000  000  000  004  006  009  036  025  007  012  012  010  022  034  016 
 000  000  004  008  008  006  008  034  023  004  000  014  024  034  026  008 
 008  014  017  014  004  000  000  024  020  006  007  004  024  034  024  007 
 002  008  012  007  000  000  000  020  031  004  006  002  016  026  016  007 
 004  000  000  000  000  000  000  020  039  014  000  000  010  020  007  000 
 001  000  000  000  000  000  000  026  042  020  006  003  001  019  004  000 
 000  000  000  000  000  000  000  025  037  024  008  008  000  014  008  000 
 000  000  000  000  000  004  000  018  038  031  000  000  000  000  010  000 
 005  001  000  000  002  004  000  010  042  030  000  000  000  000  010  020 
 006  002  002  002  000  000  000  007  040  016  000  000  000  000  010  036 
 000  000  000  000  000  000  000  006  027  002  000  006  000  004  014  045 
 029  030  030  036  044  048  048  049  054  038  047  070  061  060  065  084 
 069  074  076  080  091  101  107  108  114  112  118  123  107  103  104  114 
 000  000  000  000  000  000  000  000  007  008  009  011  002  000  000  013 

Celda59

 025  012  008  002  000  006  005  000  000  000  000  000  004  013  001  000 
 011  008  012  012  006  000  000  000  000  000  000  010  004  004  002  004 
 007  000  000  000  001  000  000  000  000  000  009  014  001  000  004  020 
 004  001  000  000  000  000  000  004  008  006  006  012  002  000  006  030 
 004  004  000  000  000  000  009  014  014  013  010  008  000  000  007  030 
 006  004  000  000  000  000  000  000  002  008  012  007  000  000  004  020 
 006  004  000  002  002  000  000  000  000  006  010  010  010  014  010  007 
 000  004  002  006  006  000  000  001  010  012  012  013  018  020  018  011 
 000  004  003  006  012  002  004  017  022  012  007  006  010  013  014  012 
 001  007  006  014  028  020  012  015  016  002  000  000  004  001  004  008 
 020  024  017  021  024  009  002  005  009  000  000  002  002  000  000  000 
 039  019  004  003  010  007  002  009  008  004  009  009  002  000  000  000 
 034  004  000  000  007  012  016  022  015  015  014  008  000  000  000  000 
 059  028  028  030  039  054  067  057  042  045  045  040  036  034  033  036 
 095  079  080  082  090  103  103  080  066  073  072  076  078  080  085  090 
 008  000  000  001  008  021  022  005  000  007  000  000  000  000  000  001 

Celda60

 006  023  021  016  008  000  000  000  012  000  000  000  000  000  000  011 
 023  031  023  008  000  000  000  000  009  002  000  000  000  000  002  012 
 037  030  009  000  000  000  000  002  003  000  000  000  000  002  017  006 
 032  011  000  000  000  000  006  006  000  000  000  000  000  009  007  000 
 027  004  000  000  000  001  007  012  002  000  000  004  007  002  002  000 
 016  000  000  000  000  000  002  016  015  000  002  002  008  000  002  003 
 008  000  000  000  000  000  000  016  023  000  000  001  006  000  002  000 
 005  001  000  000  000  000  000  011  018  000  000  006  006  000  000  000 
 009  010  012  008  004  001  000  004  008  000  001  010  006  000  000  000 
 012  021  018  014  006  004  002  002  006  000  004  010  004  000  002  002 
 001  008  004  008  008  006  005  012  019  010  001  010  004  005  016  012 
 000  008  006  000  010  011  010  021  022  010  000  010  009  013  018  004 
 000  011  014  006  006  009  012  025  018  010  011  022  024  017  011  000 
 050  065  065  052  041  044  052  063  051  052  060  074  068  056  050  046 
 105  108  100  084  080  084  092  095  086  088  096  105  095  090  089  090 
 012  014  008  000  000  000  005  003  000  000  002  006  000  000  000  000 

Celda61

 001  000  000  000  000  004  010  014  022  022  014  012  014  017  018  024 
 000  000  000  002  000  008  013  018  030  028  020  018  013  010  014  026 
 000  000  000  002  004  005  010  016  030  021  016  015  009  002  011  015 
 000  002  000  001  007  000  004  016  028  016  016  012  006  000  008  007 
 004  004  000  000  006  004  007  020  022  010  010  008  008  007  004  004 
 000  000  000  000  005  012  020  019  010  000  000  002  008  012  010  007 
 000  000  000  006  007  021  024  007  000  000  000  004  010  013  012  009 
 000  005  007  003  008  021  016  000  000  000  002  012  017  016  012  010 
 000  009  010  006  010  015  009  000  000  007  012  015  018  016  014  014 
 001  009  014  015  007  004  005  000  005  014  018  015  010  008  008  010 
 010  010  018  011  000  000  006  003  008  011  009  004  000  000  000  001 
 002  000  012  006  000  000  008  003  012  016  007  003  000  000  000  006 
 000  000  005  001  000  006  006  000  010  015  005  004  000  000  000  009 
 047  051  050  044  047  059  051  045  049  047  034  033  030  033  039  055 
 093  096  094  093  098  102  088  087  092  088  081  081  080  081  084  097 
 000  002  000  000  005  009  000  000  004  001  000  001  002  000  000  013 

Celda62

 019  008  010  018  028  021  000  006  020  012  006  010  014  014  012  016 
 015  009  011  019  019  002  000  002  024  024  009  007  007  007  012  018 
 005  002  000  004  005  002  000  002  022  027  014  002  002  006  011  016 
 000  000  000  005  004  011  015  013  019  017  008  002  008  013  012  010 
 000  004  015  019  016  016  016  014  018  009  000  000  012  022  018  007 
 008  017  028  028  022  012  010  016  030  018  008  004  014  021  021  010 
 010  016  027  024  016  010  010  031  038  023  012  011  026  029  025  014 
 006  009  022  019  012  018  020  035  022  009  010  018  032  028  023  016 
 012  016  029  024  012  020  020  017  001  000  011  026  034  021  013  013 
 016  027  035  025  009  006  006  000  000  004  016  028  029  011  006  013 
 013  017  019  012  000  000  000  000  004  019  018  020  015  004  004  021 
 010  000  007  008  000  000  002  006  016  033  020  014  006  000  007  028 
 011  000  000  012  003  002  002  009  018  034  015  011  006  000  010  030 
 056  046  041  045  038  040  042  040  050  065  044  040  040  040  054  066 
 095  086  087  090  086  086  082  076  086  096  075  072  075  080  094  094 
 011  000  000  003  004  006  004  000  010  018  001  000  000  000  012  014 

Celda63

 020  011  009  009  010  009  005  000  006  022  023  019  023  049  070  012 
 012  000  000  000  002  001  000  004  018  023  017  020  027  046  061  005 
 014  004  000  000  002  000  002  017  032  024  016  025  026  036  054  000 
 012  011  000  001  005  004  008  031  039  024  021  030  022  030  052  000 
 008  012  006  002  006  003  011  033  032  016  016  020  013  032  059  007 
 004  008  010  009  005  000  010  026  016  005  008  010  009  038  066  013 
 000  002  015  016  000  000  014  026  011  004  012  014  010  036  058  001 
 004  000  016  018  000  000  018  026  010  004  011  012  009  036  060  000 
 009  014  027  014  000  000  019  021  009  008  008  006  004  034  063  000 
 014  021  027  010  002  003  024  009  002  010  010  004  000  032  068  000 
 021  018  013  008  009  009  018  000  000  009  014  007  000  033  072  001 
 021  009  004  006  013  013  003  000  003  008  014  015  011  041  075  004 
 014  004  002  000  003  006  002  006  019  014  015  020  010  035  071  005 
 041  035  036  034  032  035  040  048  061  048  048  050  039  064  093  027 
 069  068  070  072  072  074  076  080  090  077  075  074  071  092  103  043 
 000  000  000  000  000  000  000  002  017  008  000  000  002  027  044  000 

