Celda0

 000  000  000  000  001  003  002  000  000  000  000  000  001  001  001  000 
 000  000  000  000  002  005  005  000  000  000  000  000  002  003  002  000 
 000  000  000  002  006  007  008  000  000  000  000  000  006  008  002  000 
 000  000  000  007  013  007  003  000  000  000  000  001  009  010  000  000 
 001  002  004  014  017  000  000  000  000  000  001  017  019  011  000  000 
 002  004  005  007  008  000  000  000  000  006  021  030  021  012  006  000 
 000  000  000  000  000  000  000  002  004  008  023  025  015  011  008  003 
 000  000  000  000  000  000  000  005  016  009  010  010  004  002  004  008 
 000  000  000  000  000  000  004  009  016  010  007  008  006  003  000  014 
 000  000  000  000  001  007  015  018  018  003  000  006  010  008  002  013 
 000  001  004  008  018  021  017  015  009  002  000  004  012  010  010  016 
 001  002  006  009  017  015  007  003  000  002  004  003  008  010  014  014 
 002  004  008  010  013  003  000  000  002  004  003  000  001  010  016  014 
 000  001  004  008  006  000  000  000  004  004  002  000  000  006  018  016 
 000  000  000  000  000  000  001  004  000  000  000  003  006  001  016  016 
 000  000  000  000  000  000  005  000  000  000  002  000  008  012  021  012 

Celda1

 000  000  000  000  000  000  002  001  000  000  000  000  000  000  000  002 
 000  000  000  000  000  000  004  002  000  000  000  000  000  000  000  004 
 000  000  006  000  000  000  002  006  000  000  000  000  000  000  000  004 
 000  000  018  006  000  000  000  007  000  000  000  000  000  000  000  000 
 000  002  031  017  008  008  005  007  005  006  010  007  002  004  017  016 
 000  012  031  011  002  008  011  010  002  000  002  000  000  000  009  004 
 004  018  024  011  006  012  013  010  004  000  002  000  002  006  011  010 
 016  023  017  012  004  006  005  006  011  014  009  002  001  004  015  017 
 026  024  013  014  002  000  000  007  018  025  024  014  006  002  012  010 
 023  022  018  018  007  002  005  022  026  020  021  020  018  012  010  004 
 010  011  017  020  016  014  018  028  018  006  007  012  017  018  012  002 
 002  000  009  013  014  018  022  017  004  000  000  000  004  011  014  010 
 006  001  005  002  000  006  012  010  003  000  000  000  000  005  008  009 
 012  004  002  001  000  000  000  003  002  000  000  000  002  005  000  002 
 014  008  000  000  000  000  002  000  000  000  000  000  003  003  000  000 
 008  009  004  000  000  001  000  000  000  000  000  000  001  002  000  001 

Celda2

 000  000  001  000  000  000  000  001  003  003  001  000  000  000  000  000 
 000  000  002  000  000  000  000  000  004  006  003  000  000  000  000  000 
 000  000  002  000  003  004  000  000  002  009  006  000  000  002  004  000 
 000  000  000  000  011  009  000  000  000  003  006  000  000  004  015  002 
 020  022  018  012  016  011  000  002  004  006  009  002  000  004  021  010 
 007  014  018  018  012  004  000  000  000  005  015  014  016  012  013  013 
 006  006  008  011  012  006  000  000  000  008  012  006  011  011  006  015 
 012  009  008  004  002  002  002  003  002  010  015  004  000  000  000  016 
 008  008  012  009  004  002  004  009  016  019  013  000  000  000  005  015 
 006  006  006  013  016  014  008  008  013  012  002  000  000  006  009  008 
 002  010  004  008  017  018  010  002  004  000  000  000  003  007  002  000 
 000  009  011  005  006  010  008  002  002  000  001  000  001  009  007  002 
 008  009  010  008  002  000  004  006  003  005  010  012  010  011  011  007 
 007  009  006  001  002  000  000  006  006  012  014  022  025  019  015  007 
 000  002  004  004  000  000  000  002  002  010  014  018  020  018  012  006 
 000  005  009  010  012  014  013  008  001  008  012  002  005  010  012  008 

Celda3

 000  004  002  000  000  002  000  000  003  005  001  000  001  002  000  000 
 000  008  004  000  000  004  000  000  008  014  003  000  002  003  000  000 
 000  012  006  000  000  006  000  000  016  030  007  000  002  004  000  000 
 000  010  004  000  000  002  000  000  016  035  008  000  000  005  011  016 
 000  009  000  000  000  000  000  008  013  019  003  000  000  014  033  049 
 010  011  000  000  000  000  000  014  008  000  000  002  013  041  055  045 
 024  008  000  000  000  001  002  010  006  000  002  024  042  040  030  026 
 026  002  000  000  000  003  016  000  003  012  025  047  037  010  014  024 
 022  000  000  008  010  000  012  006  000  021  033  038  019  000  002  024 
 013  000  000  005  008  000  004  014  017  025  022  018  010  003  000  016 
 002  000  000  000  000  000  007  032  041  029  021  014  007  005  012  010 
 000  000  000  000  000  000  024  045  041  020  016  018  010  006  014  016 
 001  000  000  000  000  010  043  047  028  010  008  016  016  012  019  016 
 000  000  000  000  006  029  050  042  024  019  020  016  018  017  022  015 
 000  000  000  000  010  027  041  038  032  032  024  017  016  016  014  008 
 002  000  000  010  011  015  032  042  037  022  012  010  012  012  005  000 

Celda4

 000  003  005  001  000  000  000  000  000  000  000  000  000  000  000  000 
 000  007  010  002  000  000  000  000  000  000  000  000  000  000  000  000 
 006  015  016  005  000  000  000  000  000  000  000  000  000  000  000  000 
 017  018  014  006  000  000  000  000  000  000  000  000  000  000  000  000 
 038  020  007  005  000  000  000  000  000  000  000  000  000  000  000  000 
 020  001  001  006  000  000  000  002  000  000  000  000  000  002  000  000 
 014  000  001  006  001  000  000  001  001  000  000  000  000  008  000  000 
 024  008  002  001  000  000  000  000  000  000  000  000  000  014  011  009 
 031  016  000  000  000  000  000  000  000  000  000  000  004  021  018  008 
 028  016  000  000  002  000  000  000  000  000  000  004  007  016  014  002 
 012  010  000  002  003  000  001  000  000  000  008  004  005  011  012  002 
 006  000  000  004  004  000  000  000  000  006  018  000  000  006  008  000 
 015  006  000  000  004  000  000  000  000  009  016  000  000  001  000  000 
 016  016  010  000  000  004  005  000  003  013  010  000  000  000  000  000 
 011  018  021  014  001  000  012  006  001  009  007  000  000  000  000  002 
 000  006  013  016  016  009  006  010  007  009  007  001  002  004  004  004 

Celda5

 000  000  000  000  001  002  000  000  000  002  003  002  001  000  000  002 
 000  000  000  000  002  004  000  000  000  002  006  006  002  000  000  004 
 000  000  000  000  004  007  000  000  000  000  008  012  006  000  000  006 
 000  002  000  000  005  002  000  000  000  000  003  015  012  002  003  007 
 000  006  001  003  008  000  000  000  000  000  000  014  018  011  014  016 
 007  011  004  004  002  000  000  000  000  000  000  010  018  016  019  007 
 010  012  002  001  002  000  000  000  000  001  009  013  013  015  020  004 
 012  008  000  000  002  000  000  000  001  008  009  010  008  011  018  005 
 006  004  000  000  001  003  000  000  000  013  008  002  000  009  020  012 
 000  000  000  000  001  001  000  000  000  009  010  000  000  010  021  010 
 000  000  000  000  000  000  000  000  000  000  010  006  000  013  020  008 
 000  000  000  003  001  000  001  006  006  000  006  014  006  012  018  010 
 000  004  006  004  002  005  007  011  008  000  001  020  008  004  016  017 
 008  011  007  005  004  006  009  004  000  000  000  020  007  000  013  022 
 013  010  002  004  014  010  004  000  000  002  006  014  006  000  010  020 
 010  007  000  002  016  015  000  000  002  014  015  009  005  003  014  015 

Celda6

 003  001  000  001  002  000  000  002  003  000  000  000  000  002  001  000 
 006  003  000  002  004  001  000  005  004  000  000  000  000  005  002  000 
 008  006  002  002  006  003  006  010  000  000  000  000  001  009  001  000 
 006  004  004  004  003  001  009  012  000  000  000  000  000  007  002  005 
 003  000  004  006  000  000  004  012  000  000  000  000  000  004  012  018 
 000  000  006  008  000  000  000  009  006  000  000  000  000  004  022  022 
 000  000  004  006  000  000  000  004  004  000  000  000  000  000  020  020 
 003  004  000  002  002  000  002  002  000  000  006  018  014  002  006  020 
 004  000  000  000  002  000  001  005  004  008  029  017  000  000  000  018 
 000  000  000  000  000  002  010  003  010  016  017  000  000  000  004  012 
 000  004  009  004  000  000  020  021  015  013  002  000  000  004  008  001 
 002  003  001  000  000  003  033  035  007  002  002  008  012  012  009  002 
 006  000  000  000  000  022  029  018  001  000  000  008  014  012  008  003 
 006  000  000  000  012  011  004  004  004  001  004  001  000  002  004  004 
 006  000  000  004  010  004  000  002  005  004  006  000  000  002  000  008 
 002  000  000  004  006  000  000  002  001  002  005  000  001  008  004  006 

Celda7

 001  005  003  000  000  002  003  000  000  000  000  000  000  003  005  000 
 002  010  006  000  000  004  006  001  000  000  000  000  002  010  013  000 
 008  017  006  000  000  009  011  004  000  000  000  000  008  026  030  000 
 016  012  000  000  006  016  012  008  000  000  000  000  016  041  046  000 
 020  000  000  000  012  018  010  007  004  000  000  000  020  048  053  000 
 009  000  000  008  015  010  004  006  012  001  008  006  014  048  056  000 
 008  004  006  010  009  002  000  006  017  011  003  003  004  044  058  000 
 016  014  015  010  002  000  000  005  017  014  000  000  000  038  058  000 
 024  022  024  017  004  000  000  006  016  012  000  000  001  036  057  000 
 024  029  025  013  000  000  000  005  016  010  000  000  004  032  056  000 
 016  033  030  008  000  000  000  002  010  008  000  000  006  034  058  000 
 003  030  032  008  000  000  000  000  005  010  002  000  005  036  062  000 
 000  020  028  009  000  000  000  000  004  015  005  000  002  039  068  000 
 000  004  020  011  000  000  000  004  006  012  006  000  000  040  073  000 
 006  000  010  014  008  006  010  012  012  008  002  000  000  037  074  000 
 013  010  000  018  016  007  010  009  000  002  002  002  004  039  074  000 

Celda8

 001  002  002  002  008  006  000  000  000  000  004  006  000  006  019  016 
 000  000  002  006  018  008  000  000  000  000  003  004  002  003  015  021 
 000  000  000  004  012  002  000  000  000  005  001  000  002  006  016  018 
 000  000  000  007  014  000  000  000  000  008  003  000  003  006  011  016 
 000  000  000  006  016  000  000  000  002  009  002  002  006  003  001  008 
 000  000  000  002  012  000  000  000  000  007  000  001  009  000  000  000 
 000  000  000  000  006  000  000  000  006  002  000  000  008  000  000  000 
 000  000  000  000  000  000  000  005  004  000  000  000  006  000  000  000 
 000  000  000  000  000  000  007  008  000  000  000  000  004  000  000  000 
 000  000  000  000  000  000  010  006  000  000  002  008  007  002  004  006 
 000  000  000  000  000  003  006  000  000  002  013  014  005  001  007  010 
 000  000  000  000  002  011  006  001  000  004  016  015  008  004  004  000 
 000  000  000  000  011  013  002  004  008  009  012  012  010  006  004  000 
 000  000  000  000  018  019  004  006  012  017  014  008  008  004  000  000 
 000  000  000  006  028  025  010  010  010  012  010  002  002  002  000  002 
 000  000  000  003  023  020  006  006  002  004  000  000  000  002  002  003 

Celda9

 007  004  005  002  000  001  000  001  000  000  000  006  006  000  000  003 
 014  008  000  005  005  000  000  000  000  000  013  019  014  006  000  002 
 002  000  000  006  010  002  000  000  000  005  029  022  012  006  000  004 
 002  000  000  005  012  002  000  000  007  017  026  007  004  008  008  003 
 002  000  000  008  010  002  000  009  013  008  006  000  000  012  018  010 
 000  000  005  012  009  003  004  006  000  000  000  006  009  012  014  013 
 000  004  015  016  009  004  006  005  000  000  000  016  019  004  002  002 
 000  010  022  018  009  005  006  004  000  002  008  020  012  000  000  000 
 000  011  024  020  010  006  004  001  000  001  005  008  002  000  000  000 
 005  007  022  019  012  008  002  000  000  001  002  000  000  000  000  000 
 009  005  019  017  006  004  000  000  007  010  007  006  006  003  001  002 
 000  000  019  016  000  000  000  004  016  016  009  002  004  000  000  000 
 000  000  020  017  000  000  000  008  016  014  012  005  000  000  000  000 
 000  000  018  018  000  000  007  013  006  006  010  008  000  000  000  000 
 000  000  012  016  004  000  010  012  003  000  007  008  000  000  000  000 
 000  000  008  013  004  005  011  002  000  000  004  006  000  000  000  000 

Celda10

 006  013  016  009  014  021  020  018  012  011  012  001  000  004  008  008 
 012  016  014  004  008  015  012  014  018  023  019  006  000  002  000  000 
 006  007  002  000  003  004  000  000  008  018  014  009  002  000  000  000 
 004  000  000  000  002  000  000  000  000  007  000  000  000  000  000  000 
 000  000  000  000  001  000  000  000  001  007  000  000  000  000  000  000 
 005  000  000  002  000  000  000  000  000  004  000  000  000  000  000  000 
 000  000  000  002  000  000  000  000  000  000  000  000  000  000  000  000 
 000  000  004  007  004  002  000  000  000  000  000  000  000  000  000  000 
 000  000  009  006  003  006  002  000  002  000  000  000  000  000  000  000 
 000  002  006  005  003  000  005  006  006  002  000  000  000  000  000  000 
 005  004  000  001  008  001  002  002  000  000  002  004  002  000  000  000 
 004  002  000  000  010  006  000  000  001  000  004  005  001  000  000  000 
 000  000  000  002  009  004  000  000  003  002  001  000  000  000  000  014 
 000  000  000  004  006  001  000  000  002  000  000  000  000  000  007  031 
 000  000  004  005  000  000  000  000  000  000  000  000  000  000  006  029 
 000  002  009  002  000  000  000  000  000  000  000  000  000  000  000  014 

Celda11

 004  000  000  020  011  008  033  046  027  000  000  001  005  008  007  000 
 002  002  003  023  011  010  036  046  022  000  001  002  003  007  011  009 
 000  000  002  023  020  019  037  048  033  018  018  013  008  008  010  014 
 000  000  006  032  034  023  036  054  044  028  021  018  012  011  010  016 
 000  000  017  041  035  016  035  055  036  014  003  005  006  005  006  014 
 000  008  030  039  028  014  031  043  016  004  000  000  001  001  002  006 
 002  032  038  027  018  018  038  038  013  001  000  000  004  004  000  000 
 008  040  035  015  008  019  037  036  018  005  000  000  000  000  000  000 
 010  040  029  004  000  018  032  030  020  010  000  000  000  000  000  002 
 017  050  027  003  001  017  026  022  015  012  006  000  000  004  011  022 
 029  059  027  009  014  025  014  014  012  010  011  005  001  018  029  019 
 046  062  024  012  028  020  003  010  015  008  010  014  015  024  021  002 
 065  059  023  026  035  018  004  006  022  013  012  019  017  013  008  000 
 060  039  025  039  028  013  008  004  025  026  022  020  010  008  003  000 
 031  022  032  039  010  008  016  018  024  026  015  008  003  000  000  000 
 014  024  040  026  000  003  015  018  004  020  020  008  001  000  000  000 

Celda12

 000  000  002  012  022  024  012  006  014  018  011  006  006  007  006  002 
 002  002  000  006  014  022  021  012  022  030  015  008  004  000  000  000 
 010  000  000  000  000  004  008  011  030  038  011  004  000  000  000  000 
 017  008  000  000  000  000  000  009  032  030  005  002  003  006  008  006 
 019  016  008  002  002  005  010  017  022  012  000  008  019  026  026  018 
 010  014  017  018  018  017  018  014  004  005  006  012  026  030  028  026 
 000  007  018  024  020  012  008  005  000  000  018  021  012  010  008  014 
 000  010  019  018  010  003  000  000  000  000  022  018  000  000  000  000 
 014  017  014  007  003  004  002  000  004  010  018  010  000  000  000  005 
 022  010  004  004  009  014  010  006  006  012  010  000  000  000  009  010 
 008  000  000  003  012  016  014  010  008  006  000  000  000  004  005  000 
 000  000  000  000  003  006  008  008  006  002  000  000  000  003  004  000 
 000  000  000  002  002  002  004  006  006  004  004  007  006  000  000  000 
 000  000  004  013  010  006  008  014  014  011  014  016  015  009  002  003 
 002  011  018  016  008  008  014  021  018  012  012  014  012  011  009  008 
 006  018  019  005  000  002  008  008  008  008  008  006  002  004  004  002 

Celda13

 005  003  000  002  012  012  002  000  012  019  018  016  022  021  019  007 
 002  000  000  004  008  009  011  023  026  018  019  025  036  026  014  001 
 000  000  000  006  012  016  028  031  018  010  014  017  019  008  002  000 
 000  000  000  008  020  028  029  014  006  000  000  000  004  000  000  000 
 006  000  000  014  029  032  022  005  002  000  000  000  000  000  000  000 
 023  020  014  018  029  029  016  002  000  000  000  000  000  000  000  000 
 028  040  038  020  018  024  014  000  000  000  000  002  000  000  000  002 
 014  028  033  027  011  012  009  001  000  000  002  008  001  000  000  006 
 003  002  008  016  015  001  000  000  000  002  004  012  008  000  000  006 
 000  000  000  000  006  009  004  000  000  006  006  013  015  000  000  003 
 000  000  000  000  002  010  020  026  020  006  004  013  018  007  002  008 
 000  000  001  004  008  015  025  036  040  033  018  013  016  012  004  003 
 000  006  012  012  016  020  020  022  030  037  036  029  024  011  002  004 
 014  018  020  017  018  015  007  003  006  018  030  034  026  012  004  004 
 019  018  014  016  015  008  001  000  005  002  014  022  018  008  008  014 
 012  011  000  007  011  010  008  004  006  011  008  004  002  000  008  019 

Celda14

 000  000  000  006  008  002  000  000  000  000  002  004  007  011  007  000 
 000  000  000  008  014  009  005  006  004  000  000  008  013  009  002  000 
 000  000  000  007  018  016  012  007  007  006  006  015  016  004  000  000 
 000  000  008  021  030  024  010  002  006  010  008  014  013  000  000  000 
 000  002  013  020  018  011  006  007  008  012  010  010  012  004  002  000 
 000  004  015  010  000  007  011  012  010  008  010  010  014  006  008  011 
 002  009  017  010  006  002  016  014  006  002  010  016  016  006  005  008 
 006  008  015  011  009  008  015  012  005  004  004  009  008  003  000  000 
 010  006  012  010  000  006  013  006  002  004  006  006  000  000  000  000 
 008  005  009  012  006  004  007  002  001  000  000  003  000  000  000  000 
 008  003  007  010  010  008  002  000  001  000  000  000  000  006  004  008 
 006  006  008  007  006  006  002  000  001  000  000  000  000  017  018  006 
 006  002  003  006  002  000  000  002  002  000  000  000  008  026  018  003 
 002  000  006  008  000  000  000  004  002  000  000  002  021  020  006  001 
 006  000  009  011  000  000  000  004  002  000  003  013  008  005  000  002 
 018  019  019  005  000  000  000  007  005  006  012  004  000  000  002  004 

Celda15

 002  008  003  016  022  008  004  008  006  002  003  008  010  046  082  012 
 000  000  000  008  024  016  004  006  006  004  004  001  000  041  079  010 
 000  000  000  002  018  021  010  002  000  002  007  002  004  047  083  010 
 000  000  013  014  014  016  016  005  000  001  008  005  019  064  085  008 
 003  018  023  016  014  010  013  004  000  006  015  026  036  060  070  000 
 015  025  023  018  020  017  002  000  000  016  025  027  016  035  062  000 
 012  020  018  019  019  022  016  008  006  016  022  018  006  032  067  000 
 000  008  007  013  022  022  029  026  012  000  005  012  006  038  078  000 
 000  008  014  025  034  016  014  010  000  000  000  006  008  046  087  000 
 000  009  026  038  023  000  000  000  000  000  000  000  003  048  093  000 
 014  011  026  028  007  000  000  000  000  000  000  001  000  046  096  000 
 012  004  014  018  000  000  000  000  000  000  000  000  001  044  098  000 
 000  000  000  010  003  000  000  000  000  000  000  000  000  041  098  000 
 000  000  000  000  015  002  000  000  005  006  008  004  004  051  106  008 
 000  000  000  000  021  015  000  002  009  002  000  000  009  062  109  014 
 000  000  000  000  018  018  002  001  001  000  000  000  008  051  092  000 

Celda16

 000  000  000  000  016  014  003  000  000  002  000  000  000  002  002  003 
 000  000  000  000  012  009  002  000  000  000  000  000  000  000  001  004 
 000  000  000  000  004  000  000  003  004  000  000  000  000  000  002  008 
 000  000  000  000  000  000  000  004  006  000  000  000  000  001  006  008 
 000  000  000  000  000  000  000  001  005  000  000  000  000  007  009  004 
 000  000  001  000  002  000  000  000  002  005  006  000  000  007  008  002 
 002  004  005  003  000  000  000  000  000  007  011  004  000  004  006  005 
 000  000  000  000  000  000  000  000  000  004  010  006  002  001  004  007 
 000  000  000  000  000  000  000  000  002  003  004  005  004  000  000  006 
 000  000  000  000  000  000  000  000  000  000  000  003  004  000  000  006 
 000  000  000  000  000  000  000  000  000  000  000  000  005  002  000  006 
 000  000  000  000  004  008  004  000  000  000  000  000  004  006  004  005 
 000  000  000  000  009  008  000  000  000  000  000  003  004  007  007  006 
 000  000  000  000  010  008  000  000  000  000  004  006  002  004  008  009 
 000  000  001  000  008  004  000  000  000  005  018  013  007  004  006  008 
 000  000  000  000  003  000  000  000  000  013  017  008  006  006  007  003 

Celda17

 000  000  010  011  000  004  010  004  000  004  008  000  000  000  000  000 
 003  001  009  008  000  002  006  008  008  005  002  000  000  000  000  002 
 005  000  002  007  004  002  003  012  016  008  000  000  000  000  000  000 
 002  000  000  007  006  001  002  012  019  008  000  000  000  000  000  000 
 000  000  000  009  007  000  000  010  018  009  000  000  000  000  000  004 
 000  000  004  016  008  000  000  005  015  010  000  000  001  007  011  012 
 002  002  008  008  000  000  000  004  014  014  001  007  014  013  009  008 
 005  005  008  002  000  000  000  006  014  016  011  007  006  002  000  001 
 009  008  003  000  000  000  005  010  012  016  018  010  000  000  000  002 
 012  008  000  000  000  001  019  020  014  019  023  012  000  001  008  008 
 014  009  000  000  001  016  031  023  014  020  023  013  006  007  011  009 
 014  012  000  000  005  026  033  017  006  013  019  013  004  004  005  004 
 012  012  000  000  005  024  021  004  000  008  017  013  000  000  003  000 
 012  012  004  000  004  018  014  002  000  006  016  014  004  000  002  000 
 010  012  006  000  002  014  012  004  002  006  012  012  006  003  000  000 
 003  008  008  004  005  013  014  008  006  006  006  005  003  001  000  001 

Celda18

 000  004  004  000  000  000  000  000  000  000  000  000  000  000  002  010 
 004  003  002  004  002  000  000  000  000  000  000  000  000  000  001  011 
 004  004  006  010  008  000  000  000  000  000  000  000  000  000  002  020 
 004  007  010  010  010  000  000  000  000  000  000  000  000  000  010  033 
 010  012  008  008  008  000  000  000  000  000  000  000  000  006  029  036 
 014  011  008  011  010  000  000  000  000  000  000  000  000  018  027  024 
 008  007  012  019  009  000  000  000  000  000  000  000  002  010  016  020 
 001  002  008  011  000  000  000  000  000  000  000  000  000  000  014  032 
 000  002  008  008  000  000  002  003  000  000  000  002  000  000  021  054 
 007  013  014  005  000  000  000  000  000  000  000  001  000  004  040  070 
 010  015  006  000  000  000  000  000  000  000  000  000  002  026  066  067 
 003  002  000  000  000  000  000  000  000  000  000  011  028  055  073  048 
 000  000  000  000  000  000  000  000  000  000  000  030  044  056  054  023 
 000  000  000  000  000  000  000  000  000  000  016  047  041  033  030  016 
 000  000  000  000  000  000  000  000  000  004  033  050  032  022  030  028 
 000  000  000  002  001  000  000  000  000  000  028  038  029  033  044  037 

Celda19

 012  032  044  021  000  000  001  001  000  010  022  014  006  000  004  006 
 022  040  036  016  000  000  000  000  000  004  017  014  010  006  000  002 
 041  046  025  010  002  001  000  000  005  002  009  014  012  008  000  000 
 046  034  013  005  006  004  000  002  006  003  004  020  021  009  001  009 
 036  026  011  007  007  001  000  000  000  000  002  025  026  014  012  021 
 027  026  023  022  010  000  000  003  000  000  002  022  027  017  013  020 
 030  036  031  021  008  005  003  003  001  005  009  016  028  022  009  009 
 047  041  023  008  000  001  009  014  016  020  020  013  020  024  012  002 
 059  031  007  001  000  000  014  021  022  020  016  008  008  018  014  004 
 048  014  004  001  006  019  025  020  013  008  006  005  000  011  012  008 
 029  012  017  022  023  030  026  010  003  000  004  009  005  002  012  012 
 015  016  031  032  024  021  011  000  000  000  002  005  002  000  014  015 
 007  022  034  027  012  004  000  000  000  000  000  000  000  000  008  016 
 009  021  034  026  006  000  000  000  000  002  000  000  000  000  000  012 
 021  025  027  024  009  000  000  000  000  000  000  000  000  000  000  006 
 025  024  023  016  009  000  000  000  000  000  000  002  000  000  000  005 

Celda20

 002  014  016  006  000  000  000  000  000  004  004  000  000  000  000  000 
 002  006  012  007  000  000  000  000  000  000  000  000  000  001  003  001 
 008  016  016  005  000  000  000  000  000  000  000  000  000  004  008  008 
 025  031  024  014  002  000  000  000  000  000  000  001  000  000  000  002 
 032  026  014  009  000  000  000  000  000  000  000  002  002  000  000  000 
 019  006  000  000  000  000  000  000  002  000  000  002  004  000  000  002 
 002  000  000  000  000  000  000  000  000  000  000  006  007  000  000  000 
 000  000  000  000  000  000  000  000  000  000  000  014  012  003  000  000 
 000  000  000  000  000  004  000  000  000  001  006  022  014  006  004  002 
 000  000  001  000  000  008  000  000  000  002  011  023  014  007  008  007 
 001  000  000  002  000  002  000  000  000  000  010  023  016  009  009  007 
 002  000  000  002  000  000  000  000  000  004  018  028  017  010  009  010 
 006  000  000  000  000  000  000  000  003  013  032  035  015  006  006  010 
 008  000  000  000  000  000  000  000  010  022  038  035  009  001  000  004 
 009  000  000  000  000  006  012  007  009  021  032  024  000  000  000  004 
 013  005  003  000  000  005  015  015  004  018  034  024  000  000  000  004 

Celda21

 005  010  006  002  003  007  013  018  016  015  001  000  000  000  010  018 
 000  006  010  008  004  001  010  018  018  009  000  000  000  006  011  013 
 004  003  006  008  008  010  011  010  010  004  000  000  004  012  012  000 
 006  010  006  002  012  018  014  006  006  002  000  002  008  013  010  000 
 009  018  018  017  023  021  014  005  006  005  008  012  015  013  008  002 
 015  023  020  022  015  010  012  003  000  000  001  010  012  005  000  002 
 013  021  015  012  007  000  012  003  000  000  000  005  000  000  000  010 
 013  019  010  003  006  006  016  002  000  000  002  004  000  000  012  027 
 013  019  015  005  010  014  022  010  004  000  003  004  006  015  028  032 
 013  022  021  011  012  016  016  010  011  011  011  017  022  032  035  022 
 008  018  018  008  005  006  002  001  008  016  019  028  032  033  020  008 
 012  017  014  010  004  000  000  000  000  010  022  033  033  023  008  000 
 019  020  011  006  004  000  000  002  008  016  032  038  026  010  000  000 
 013  015  014  011  002  000  008  032  038  034  037  030  012  000  000  000 
 009  009  003  002  002  006  031  047  043  030  020  008  000  000  000  000 
 008  008  001  000  000  013  028  028  020  004  000  000  000  000  000  000 

Celda22

 012  026  026  011  000  000  000  009  010  012  009  000  000  000  002  002 
 005  000  000  000  004  014  014  004  010  012  004  000  000  001  002  000 
 000  000  000  000  006  032  043  033  012  004  001  000  000  004  000  000 
 000  000  001  014  024  028  028  034  025  010  004  008  011  010  002  000 
 000  000  017  032  022  014  003  001  015  020  018  015  010  004  000  000 
 010  022  047  040  012  002  006  000  000  016  024  018  006  000  000  000 
 023  039  044  024  016  017  011  000  000  010  020  026  026  016  004  000 
 038  040  025  010  008  012  010  007  006  020  021  017  028  036  034  024 
 032  026  016  005  000  000  000  009  018  026  018  007  008  024  041  044 
 012  003  000  000  000  000  002  011  019  019  011  002  000  004  018  032 
 000  000  000  000  000  000  008  015  017  011  006  000  000  003  000  007 
 000  007  016  018  016  010  007  013  012  000  000  000  000  006  006  006 
 003  010  019  024  021  013  004  011  010  000  000  002  006  011  012  010 
 000  004  005  008  010  012  011  011  007  002  007  014  011  008  004  000 
 000  005  002  002  008  017  021  014  011  014  023  024  018  012  000  000 
 004  012  009  007  010  016  019  015  008  015  024  023  019  015  008  002 

Celda23

 000  000  001  010  017  012  008  004  000  000  000  000  006  052  095  000 
 000  000  008  010  006  008  011  004  000  000  003  000  000  052  100  000 
 004  003  000  000  000  006  011  000  000  000  000  006  010  054  102  000 
 004  004  002  002  002  007  008  000  000  000  010  007  013  056  104  004 
 000  002  002  003  006  009  004  000  000  000  018  012  003  044  094  000 
 001  002  000  001  007  008  000  000  000  002  015  016  002  040  091  000 
 004  004  000  004  011  004  000  000  002  002  007  018  011  050  098  008 
 010  004  003  011  017  009  008  012  021  018  014  026  030  064  103  015 
 029  010  002  008  009  004  010  021  027  025  030  040  040  064  096  011 
 033  024  014  011  006  008  011  013  015  017  021  028  026  054  089  006 
 017  028  034  028  016  008  007  004  007  010  008  008  011  051  090  007 
 010  020  031  036  029  014  000  004  004  004  010  016  014  048  083  000 
 012  011  018  020  028  030  024  012  000  000  008  020  018  050  086  000 
 000  004  013  009  016  026  030  022  010  002  003  012  014  054  094  000 
 000  003  010  006  004  006  010  012  014  016  014  007  004  054  100  000 
 000  006  012  004  000  000  000  001  012  024  028  022  012  054  100  000 

Celda24

 000  000  000  000  000  000  000  000  000  012  008  000  000  000  006  003 
 002  004  008  006  000  000  000  000  002  011  006  000  000  004  006  002 
 002  004  009  010  009  010  014  016  012  013  008  005  008  013  013  006 
 001  002  006  009  011  014  018  022  024  028  029  029  030  028  024  015 
 001  003  008  011  012  014  015  020  025  032  031  026  020  018  016  014 
 000  000  002  008  012  014  017  018  020  021  012  006  000  000  000  002 
 000  000  000  004  008  010  017  017  014  011  005  001  000  000  000  000 
 000  000  001  000  001  007  017  016  011  009  006  007  010  008  002  000 
 001  002  002  001  002  011  016  013  007  008  008  010  010  006  002  000 
 000  000  003  008  013  017  012  007  002  002  003  002  000  000  000  000 
 000  000  002  011  022  020  011  005  002  000  000  000  000  000  000  009 
 001  002  004  008  018  013  011  008  004  002  002  000  000  000  010  021 
 002  004  007  004  007  002  000  001  000  000  001  001  004  010  018  023 
 002  004  004  000  004  002  000  000  000  000  000  002  008  012  016  019 
 000  000  000  000  002  001  000  000  004  001  004  008  012  013  013  015 
 000  000  000  000  001  002  000  002  012  014  012  014  012  012  013  011 

Celda25

 000  000  011  012  010  014  014  011  006  001  001  000  000  000  000  004 
 003  002  012  018  010  010  016  014  003  000  000  000  002  002  000  002 
 008  011  024  027  013  008  017  021  009  006  002  009  009  008  004  000 
 014  018  033  033  023  025  031  026  009  002  000  008  004  000  000  000 
 013  020  026  023  024  033  032  018  002  000  002  004  002  000  000  000 
 005  009  007  010  019  026  019  012  008  008  010  006  000  000  000  000 
 000  002  004  012  020  020  009  004  008  009  008  004  000  000  000  000 
 000  002  010  019  025  021  009  002  004  002  000  000  002  004  003  000 
 000  001  018  026  022  014  008  000  000  000  000  000  002  004  006  006 
 004  003  022  026  012  007  008  002  000  000  000  000  000  000  000  006 
 014  016  020  018  005  004  010  005  000  000  000  000  000  000  000  000 
 017  018  008  002  000  004  010  006  000  000  000  000  000  000  000  005 
 015  010  005  000  000  004  011  006  000  000  000  000  000  000  000  008 
 008  002  002  005  006  008  012  007  002  000  000  000  000  000  000  006 
 002  000  001  008  012  014  014  009  002  000  000  000  000  000  000  000 
 003  000  002  006  006  003  002  000  000  000  000  001  000  000  000  000 

Celda26

 003  000  000  000  000  000  000  000  000  008  030  032  030  045  044  028 
 000  000  000  000  000  000  000  000  000  014  024  030  045  046  027  011 
 000  000  000  000  000  000  000  000  000  020  017  024  052  050  018  004 
 000  000  000  000  002  000  000  000  013  029  026  033  049  044  022  010 
 000  000  000  000  004  000  000  000  022  047  041  039  039  032  025  018 
 000  001  002  002  000  000  000  010  049  064  045  030  024  023  024  021 
 000  000  000  004  006  002  006  023  062  064  039  022  021  025  022  019 
 000  000  001  006  006  004  006  026  052  051  034  026  026  020  012  016 
 004  004  008  008  002  000  004  026  041  038  029  026  019  004  003  014 
 011  012  010  004  000  000  010  031  037  032  026  020  007  004  000  010 
 006  010  006  000  000  000  014  030  031  027  026  020  005  008  013  013 
 002  005  000  000  000  002  020  032  031  025  022  020  008  004  010  011 
 011  000  000  000  000  019  032  041  040  030  024  018  010  004  002  000 
 012  000  000  000  016  036  037  043  042  032  023  010  005  007  004  000 
 006  000  000  005  035  036  030  035  033  027  015  002  000  012  010  006 
 000  000  002  026  036  024  023  032  030  024  009  003  000  016  017  010 

Celda27

 022  023  018  013  004  000  000  000  000  000  004  006  000  000  000  010 
 018  024  019  014  006  000  000  000  000  000  008  008  000  000  000  011 
 016  026  022  015  012  006  000  000  000  000  008  008  000  000  000  010 
 017  027  019  004  006  008  005  003  004  004  008  011  002  000  000  006 
 020  026  014  000  000  002  004  004  002  000  004  010  000  000  000  003 
 022  025  012  000  000  000  000  000  002  000  002  012  000  000  000  001 
 022  024  011  000  000  000  000  000  000  000  000  012  002  000  000  000 
 020  020  009  000  000  000  000  000  000  000  000  010  005  000  005  009 
 020  018  005  000  000  000  000  000  000  000  000  008  010  000  004  008 
 022  019  003  000  000  000  000  000  000  000  000  006  014  007  003  002 
 016  017  003  000  000  000  000  000  000  000  000  006  016  011  002  000 
 005  008  002  000  000  000  000  000  000  000  000  002  014  012  002  000 
 000  000  003  000  000  000  000  000  000  002  007  008  011  011  004  000 
 000  000  006  000  000  000  000  000  000  000  007  011  011  012  009  003 
 006  002  008  005  002  000  000  000  000  002  007  005  004  003  004  000 
 012  007  005  007  000  000  000  000  000  005  006  002  000  000  000  000 

Celda28

 020  012  010  004  002  014  016  022  018  026  037  017  000  000  000  005 
 017  007  004  006  010  026  022  024  028  034  037  005  000  000  000  004 
 017  008  000  005  016  028  021  014  018  021  022  002  000  000  000  000 
 014  010  000  000  016  021  011  001  002  007  011  005  006  002  000  000 
 012  012  007  008  013  010  004  000  000  004  006  000  002  000  000  002 
 014  016  010  010  011  009  001  000  000  005  005  000  000  000  000  027 
 012  018  014  008  006  006  000  000  000  008  006  000  000  003  023  043 
 008  013  014  010  007  004  000  000  000  021  014  008  020  046  048  036 
 008  005  012  015  011  004  000  002  015  038  029  030  057  068  041  020 
 000  000  008  018  014  002  000  000  019  039  038  049  066  048  018  012 
 000  000  006  018  014  000  000  001  021  038  040  042  033  007  002  008 
 000  000  006  016  012  001  000  011  029  042  037  018  002  000  000  000 
 000  001  007  014  010  003  008  022  040  049  031  004  000  000  004  010 
 002  000  004  014  014  010  016  032  045  042  014  000  000  000  005  018 
 000  000  002  020  028  022  026  035  031  018  002  000  000  000  004  020 
 000  000  009  039  043  023  019  018  012  012  002  000  000  001  004  016 

Celda29

 006  000  000  000  014  024  021  018  014  000  000  000  000  000  000  000 
 004  000  000  000  024  036  030  027  017  002  000  000  000  000  002  006 
 002  000  005  015  033  037  031  022  014  008  004  000  004  010  016  016 
 004  015  029  036  034  025  026  023  012  000  000  000  002  007  009  009 
 026  047  050  034  024  010  014  018  011  000  000  000  000  001  000  000 
 052  054  038  010  007  008  010  006  002  000  000  000  000  000  000  000 
 043  023  006  000  000  003  007  000  000  000  000  000  000  000  000  004 
 014  004  003  000  000  006  011  010  008  000  000  000  000  006  008  007 
 004  000  006  009  002  003  006  006  010  004  000  000  002  010  015  011 
 010  003  003  015  007  000  004  000  000  000  000  006  012  018  020  011 
 015  016  011  016  006  000  000  002  000  000  006  016  021  023  022  011 
 007  014  014  013  002  000  000  004  000  004  006  017  021  022  020  016 
 000  006  008  004  002  002  000  004  000  000  001  012  019  019  011  007 
 010  006  010  006  007  010  007  000  000  000  003  016  020  012  000  000 
 020  002  007  009  008  004  000  000  000  000  002  015  020  012  000  000 
 020  004  000  003  002  000  000  006  012  014  008  006  014  008  000  000 

Celda30

 007  013  004  000  001  000  003  008  009  013  021  014  006  006  008  012 
 002  006  003  000  000  000  000  004  010  011  015  006  000  000  000  006 
 011  000  000  000  000  004  010  004  007  005  003  000  000  000  000  002 
 008  004  000  000  000  007  016  014  002  004  000  000  000  000  002  012 
 000  006  016  021  020  012  010  018  010  002  006  008  008  008  014  023 
 004  014  026  034  036  034  025  023  011  000  003  008  012  017  023  023 
 008  013  018  026  028  031  030  021  008  000  000  002  008  012  015  016 
 004  005  011  019  014  012  009  008  007  000  000  005  008  002  005  011 
 006  002  010  012  000  000  000  000  000  000  000  000  002  000  010  026 
 002  000  008  009  000  000  000  000  000  003  012  006  000  000  014  035 
 004  002  002  003  000  000  005  002  000  004  010  017  022  027  038  037 
 014  012  004  000  003  000  000  000  000  009  005  018  036  050  051  032 
 008  010  009  006  007  000  000  000  008  026  030  034  041  038  028  018 
 000  000  000  004  010  006  006  013  034  047  042  030  020  010  004  006 
 000  000  000  003  017  020  030  037  045  033  004  000  002  000  002  008 
 000  000  000  020  031  031  033  033  026  009  000  000  008  008  002  005 

Celda31

 011  002  011  007  000  000  000  000  008  019  018  014  012  058  102  003 
 010  009  010  006  000  000  000  001  010  013  008  009  012  059  101  009 
 016  027  028  020  013  011  008  004  010  009  006  013  014  052  093  006 
 027  039  041  038  030  021  012  008  012  010  006  011  015  050  094  008 
 027  028  024  030  032  029  024  017  016  016  017  017  022  055  097  013 
 017  014  011  011  021  028  031  026  016  017  020  020  020  049  088  011 
 015  013  014  008  008  014  018  021  018  010  010  010  009  046  086  016 
 016  010  006  010  000  000  000  004  011  010  009  015  019  054  087  019 
 016  000  000  010  000  000  000  006  013  018  017  021  020  046  071  005 
 022  000  000  016  016  018  023  023  020  018  015  009  005  037  066  000 
 020  011  018  024  021  016  022  021  011  003  004  008  006  035  066  000 
 015  016  015  007  004  004  001  002  004  004  008  017  018  041  067  001 
 008  010  016  004  000  002  008  002  005  019  022  019  010  025  056  000 
 009  005  009  007  000  000  003  012  012  011  013  008  004  020  055  002 
 009  007  002  008  003  006  004  006  018  008  000  000  002  029  063  011 
 005  007  010  013  007  001  006  006  006  004  004  006  005  028  060  010 

Celda32

 000  000  000  000  000  004  002  002  015  016  010  011  011  012  013  010 
 000  000  000  000  000  003  008  010  017  014  005  008  010  012  011  010 
 000  000  000  001  006  004  010  020  024  019  010  006  001  003  004  006 
 000  000  000  006  014  016  016  025  026  020  008  001  000  006  006  000 
 001  003  007  010  010  012  010  017  020  013  000  000  000  007  008  000 
 003  007  012  008  002  002  004  005  016  011  000  000  000  006  010  000 
 001  002  002  000  000  001  000  000  008  006  000  000  000  004  013  000 
 000  000  000  000  000  003  000  000  000  001  002  000  000  002  014  004 
 000  000  000  000  000  001  000  000  000  000  007  008  000  000  012  012 
 000  000  000  000  001  000  000  000  000  000  010  018  008  006  019  021 
 000  000  000  000  000  000  000  000  000  000  012  025  023  023  024  014 
 000  000  000  000  000  000  000  000  000  008  020  027  024  019  009  000 
 001  003  008  012  010  008  008  011  017  019  018  018  018  013  004  000 
 001  003  007  010  011  012  014  020  027  021  014  008  010  012  010  005 
 000  000  000  000  000  000  004  016  018  010  006  003  010  019  024  014 
 000  000  000  000  000  000  002  011  004  000  000  007  026  032  022  000 

Celda33

 007  007  006  002  000  000  000  000  000  000  000  000  000  000  000  000 
 010  010  007  002  000  000  000  000  000  000  000  000  000  000  002  002 
 006  005  004  004  008  006  000  000  003  005  006  004  001  000  002  004 
 000  000  000  004  013  013  006  003  012  009  010  008  006  002  000  000 
 000  000  000  010  013  016  014  010  018  008  004  004  005  004  000  000 
 000  000  008  016  009  006  008  008  014  004  004  006  008  007  004  002 
 003  006  016  012  000  000  000  000  007  000  006  008  008  006  004  003 
 006  010  016  005  000  000  000  000  006  002  001  000  000  000  004  006 
 008  012  011  004  003  006  010  008  003  003  000  000  000  000  004  012 
 012  006  004  002  005  011  014  012  004  000  000  000  000  000  001  012 
 004  000  000  002  004  008  008  010  008  002  000  000  000  000  003  024 
 000  002  000  000  001  002  001  008  012  007  000  000  000  000  013  037 
 000  002  002  000  000  000  001  006  009  005  002  004  004  003  028  045 
 005  001  002  002  000  002  004  000  000  000  006  008  006  010  044  042 
 004  000  003  005  007  009  004  000  000  000  006  008  008  023  047  029 
 000  000  006  012  010  004  000  000  000  000  000  000  006  026  040  026 

Celda34

 000  000  016  040  034  017  026  037  029  019  007  007  004  012  018  002 
 002  006  030  050  034  020  035  037  018  008  004  006  006  000  012  009 
 004  011  039  053  032  024  036  026  004  003  007  000  000  000  002  012 
 000  017  045  050  026  018  023  011  000  000  008  000  000  000  000  007 
 007  029  052  048  020  010  013  006  000  000  007  003  006  008  001  000 
 015  036  054  043  015  009  012  003  000  002  007  002  000  000  000  000 
 013  037  053  034  009  011  009  000  000  006  005  000  000  000  000  000 
 015  046  057  027  003  009  002  000  000  006  000  000  000  000  000  000 
 028  061  060  020  002  008  000  000  000  002  000  000  000  000  000  005 
 039  062  049  011  004  005  000  000  000  000  000  000  000  004  027  041 
 044  049  030  002  000  000  000  000  000  000  000  007  026  048  055  044 
 045  038  020  000  000  000  000  000  000  002  015  027  040  044  027  008 
 038  026  011  001  000  002  009  018  024  029  032  025  018  006  000  000 
 021  014  005  000  008  022  028  030  031  030  022  009  000  000  000  000 
 009  012  007  007  020  030  024  019  018  018  012  008  006  004  000  000 
 018  027  026  020  021  016  002  002  008  012  013  014  014  011  004  000 

Celda35

 000  001  000  007  000  000  000  000  000  011  005  000  000  000  000  000 
 000  000  000  004  000  000  000  004  005  010  000  000  000  002  000  000 
 001  000  000  001  000  000  000  000  000  005  000  000  000  002  003  002 
 007  000  000  000  000  000  000  000  000  004  004  000  002  007  014  017 
 008  004  000  001  000  000  000  000  000  006  008  008  019  026  026  031 
 002  003  000  002  003  001  000  005  015  029  031  038  042  030  022  035 
 000  000  002  005  010  011  013  025  045  053  049  049  036  020  014  035 
 000  002  017  025  026  025  024  035  052  053  039  026  008  000  002  036 
 020  035  050  043  024  015  019  032  037  022  002  000  000  000  010  036 
 038  034  034  016  006  008  027  032  022  006  000  000  000  000  020  038 
 022  011  001  002  000  023  037  026  012  000  000  000  000  000  027  034 
 000  000  000  004  018  038  028  009  006  000  000  000  000  008  029  024 
 000  000  000  015  040  034  009  000  002  000  000  000  000  011  029  019 
 000  000  004  026  037  016  000  000  000  000  000  000  000  012  030  024 
 000  002  010  024  021  009  000  000  000  000  000  000  000  019  038  040 
 000  008  019  021  015  009  011  016  014  014  012  012  022  046  054  051 

Celda36

 000  006  029  047  031  004  005  007  004  008  004  000  000  002  012  017 
 000  017  032  029  015  002  002  002  002  008  006  000  003  012  014  011 
 010  023  027  020  012  006  000  000  000  009  010  001  004  016  012  002 
 026  039  040  030  023  016  006  004  000  011  023  021  018  016  008  002 
 046  057  051  038  030  019  012  014  017  025  039  038  028  023  014  009 
 053  053  034  020  013  008  007  008  010  012  027  029  016  014  012  007 
 049  035  009  002  000  000  000  000  000  002  020  028  010  000  000  000 
 040  018  000  000  000  000  000  000  000  004  016  024  012  000  000  000 
 027  005  000  000  000  000  000  000  007  008  012  018  016  007  015  023 
 018  000  000  000  000  000  000  000  010  012  014  023  031  029  028  032 
 011  000  000  000  000  000  004  005  011  023  038  046  042  032  025  015 
 002  000  000  004  004  007  023  030  035  051  056  042  024  015  010  000 
 000  000  006  011  020  030  032  037  039  047  036  012  004  009  010  000 
 016  031  042  038  037  037  030  022  021  019  009  002  002  008  008  000 
 036  042  042  028  020  021  015  003  002  001  004  004  005  009  008  002 
 041  033  020  002  000  008  008  000  000  000  011  013  010  008  007  000 

Celda37

 014  006  000  000  001  004  008  012  015  014  010  004  006  003  000  000 
 010  006  000  000  000  002  004  000  000  000  000  000  004  004  008  014 
 004  006  000  000  000  000  000  000  000  000  000  002  015  025  032  036 
 004  008  002  000  000  000  000  000  000  002  011  023  032  030  030  030 
 008  008  002  000  004  006  008  012  024  029  026  022  017  008  012  014 
 002  000  002  002  005  011  016  018  025  016  004  000  000  000  008  015 
 000  000  004  012  013  008  010  008  004  000  000  000  000  000  005  014 
 006  014  027  029  015  004  000  002  002  000  000  000  000  000  000  010 
 030  031  033  024  011  002  000  001  005  010  014  016  016  017  016  009 
 027  015  009  002  000  000  000  004  000  006  011  010  009  013  018  018 
 005  000  000  000  000  000  003  001  003  000  000  000  000  001  008  012 
 000  000  000  002  003  000  004  002  000  000  000  000  000  002  012  013 
 000  000  000  006  010  001  001  000  000  000  000  000  001  012  019  025 
 000  000  000  015  023  010  005  004  006  010  012  016  020  020  019  034 
 004  006  006  022  026  008  006  006  010  016  022  026  025  016  010  036 
 004  009  009  016  017  000  000  000  004  012  016  014  014  011  008  038 

Celda38

 000  004  018  032  025  013  004  000  003  006  008  006  011  010  000  000 
 017  027  038  027  008  002  000  000  002  000  000  000  002  006  000  000 
 042  038  033  016  000  000  000  000  004  002  000  000  000  004  000  000 
 025  020  010  005  002  002  000  000  000  006  004  000  000  002  000  002 
 000  000  001  000  000  000  006  010  010  008  008  001  000  000  001  004 
 005  000  000  000  000  000  000  006  010  004  003  000  000  000  002  008 
 012  014  010  000  000  000  000  000  000  000  000  000  000  000  004  012 
 014  022  016  000  000  000  000  004  000  002  004  002  001  005  016  029 
 009  020  016  000  000  000  003  011  009  008  012  018  026  034  039  041 
 014  017  012  000  000  006  024  029  019  015  016  020  028  035  030  024 
 013  017  019  013  018  028  030  020  010  009  009  010  013  012  010  008 
 020  030  031  026  025  024  014  007  006  004  002  000  002  004  000  000 
 038  037  024  017  014  010  008  012  015  008  004  001  000  000  000  000 
 044  026  022  018  016  012  012  021  016  008  005  007  010  010  009  013 
 041  018  022  024  023  018  016  021  011  009  010  015  025  031  037  034 
 040  016  014  014  013  014  012  009  004  008  018  031  038  043  047  044 

Celda39

 003  012  022  021  014  004  002  005  006  002  002  006  010  036  058  000 
 004  019  023  018  020  018  010  001  004  012  010  000  006  040  063  000 
 011  014  008  002  006  014  013  003  004  006  008  004  000  034  064  000 
 011  011  006  008  008  000  004  007  004  008  001  006  006  024  061  000 
 008  006  004  014  014  000  004  012  014  008  000  002  007  034  075  016 
 010  005  006  016  017  006  006  010  010  006  004  006  010  047  085  024 
 016  014  017  018  012  005  000  000  000  002  008  016  020  054  078  015 
 036  032  023  009  001  004  002  000  000  004  017  021  022  047  065  007 
 038  024  011  004  002  000  004  000  000  012  022  017  010  031  053  003 
 016  005  004  001  010  013  010  004  001  012  018  005  000  022  049  002 
 000  000  006  008  006  006  003  002  007  020  021  006  006  030  055  005 
 000  000  010  016  012  005  002  006  021  029  026  017  018  037  054  006 
 004  010  027  038  032  022  018  021  031  026  020  015  010  024  042  002 
 014  018  033  039  027  017  020  028  033  019  009  002  000  015  038  002 
 026  016  018  019  010  000  012  029  027  014  009  002  000  018  041  002 
 036  020  010  018  007  004  020  028  019  014  012  004  000  021  046  003 

Celda40

 000  000  000  000  000  000  007  012  002  000  002  023  035  022  000  000 
 000  000  000  000  003  009  013  010  002  004  013  027  023  000  000  000 
 000  001  004  008  015  015  006  003  007  012  014  012  006  000  000  000 
 000  000  003  007  015  008  000  000  014  012  002  000  000  000  000  004 
 001  002  006  010  018  011  008  006  016  014  000  000  000  000  007  015 
 001  003  007  010  021  014  015  014  019  016  002  001  000  001  008  012 
 000  000  000  000  008  000  000  000  007  008  000  000  000  001  001  000 
 000  000  000  000  006  000  000  000  006  006  000  000  000  000  000  000 
 000  000  000  000  007  000  000  000  000  000  000  000  000  000  000  000 
 000  000  000  000  010  000  000  000  000  000  000  000  000  000  000  000 
 000  000  000  000  008  000  000  000  000  000  000  000  000  000  000  000 
 001  002  001  000  002  000  000  000  000  000  004  004  002  000  000  000 
 000  000  000  000  000  000  000  000  004  008  012  010  004  000  000  000 
 000  000  000  000  000  000  004  004  006  008  006  001  000  000  000  000 
 001  002  000  000  000  004  012  008  005  002  000  000  000  000  000  000 
 002  005  010  010  010  013  009  003  004  001  000  000  000  000  000  026 

Celda41

 000  000  010  010  003  000  000  000  000  004  004  000  005  026  038  036 
 000  003  008  008  000  000  000  000  000  008  008  008  026  035  041  036 
 004  008  006  003  000  000  000  000  000  012  017  031  042  039  034  018 
 015  015  009  003  000  000  000  000  000  018  033  043  036  025  016  002 
 011  002  000  000  000  000  000  000  000  025  053  048  018  010  010  000 
 002  000  000  000  000  000  000  000  015  047  070  043  005  000  010  004 
 000  000  000  000  000  000  000  019  036  057  061  025  004  004  006  005 
 000  000  000  000  000  000  012  045  048  046  035  011  001  008  010  002 
 000  000  000  000  000  000  033  058  044  028  018  008  002  005  004  004 
 000  000  000  000  000  015  057  060  033  019  012  002  002  010  004  000 
 000  000  000  000  004  051  075  055  026  021  016  006  001  007  008  002 
 000  000  000  003  049  078  076  048  027  029  027  020  016  010  009  007 
 000  000  006  047  075  080  067  041  024  030  030  019  018  016  007  003 
 002  018  047  074  080  071  051  020  004  014  016  002  010  011  004  000 
 029  056  073  079  071  051  022  000  000  011  016  006  000  000  000  001 
 058  073  077  070  050  020  000  000  000  010  016  010  003  000  000  002 

Celda42

 027  027  024  014  007  002  000  001  006  004  008  012  011  006  004  007 
 013  004  009  007  005  000  000  006  010  002  000  004  007  010  018  028 
 000  000  011  009  004  006  002  004  010  004  002  006  013  024  032  038 
 000  000  016  013  000  002  004  006  013  009  005  011  022  026  026  021 
 000  000  018  014  000  000  000  005  007  006  006  014  022  018  010  006 
 000  000  014  014  000  000  004  002  001  006  015  018  015  007  000  002 
 000  000  011  012  000  000  014  015  015  023  030  020  009  004  000  000 
 000  000  012  012  000  007  034  039  030  031  032  019  010  007  004  002 
 000  000  016  018  013  033  055  046  025  022  022  013  010  006  002  002 
 006  008  019  024  029  045  051  032  012  009  007  002  000  000  000  000 
 008  012  017  027  032  033  027  013  002  000  000  000  000  000  000  000 
 004  008  015  024  023  018  016  014  004  002  000  000  000  000  000  002 
 006  004  011  011  014  014  016  020  012  001  000  000  000  002  007  001 
 007  010  008  003  004  014  020  022  014  000  000  000  000  004  011  000 
 006  010  012  004  004  018  021  014  008  000  000  000  000  004  011  000 
 006  008  014  009  007  017  012  001  000  000  000  000  000  006  007  000 

Celda43

 012  023  029  027  023  024  028  024  016  014  014  022  042  051  046  044 
 033  033  035  032  023  017  012  004  000  002  006  018  043  037  027  030 
 033  026  024  020  009  006  000  002  000  000  002  023  035  018  009  020 
 015  012  008  010  005  006  005  000  000  000  004  029  027  006  003  022 
 004  004  008  014  008  008  016  017  008  002  013  027  020  007  011  026 
 004  008  015  015  008  009  017  022  016  008  008  016  016  009  009  010 
 004  010  014  008  006  008  012  007  004  000  000  016  024  011  000  000 
 002  006  004  000  000  001  000  000  000  000  000  018  028  014  000  000 
 001  002  000  000  000  000  000  000  000  000  010  029  028  014  005  012 
 000  000  000  000  000  000  000  000  000  010  027  023  013  014  012  015 
 000  000  000  000  000  000  000  000  006  022  023  009  002  013  024  018 
 000  000  002  000  000  000  000  000  012  021  018  012  008  011  029  024 
 000  000  007  000  000  000  000  006  017  013  012  015  014  015  029  023 
 000  000  008  000  000  000  000  016  020  012  010  015  013  011  009  018 
 000  000  004  000  000  000  004  024  019  012  016  026  024  008  000  014 
 000  000  000  000  000  000  012  030  020  012  022  039  026  002  000  010 

Celda44

 036  024  007  000  000  008  006  000  000  005  012  014  013  012  005  000 
 027  016  003  000  000  008  004  000  000  006  016  020  013  010  008  002 
 025  016  007  006  003  004  002  000  000  004  018  022  016  002  000  000 
 030  018  006  008  007  002  002  003  003  002  017  015  009  004  000  003 
 027  014  001  004  005  004  004  002  006  008  015  008  000  000  004  012 
 017  016  002  000  000  002  000  000  000  002  004  004  000  000  002  018 
 012  020  005  000  000  003  002  000  002  003  004  001  000  002  011  028 
 007  022  012  002  008  007  006  006  008  014  013  014  011  014  025  026 
 013  020  022  022  016  010  008  007  002  010  008  008  010  015  016  005 
 016  012  021  020  006  006  003  000  000  008  014  002  000  004  001  000 
 008  000  012  022  004  000  000  000  000  004  019  006  000  006  006  009 
 002  000  000  015  013  000  000  000  002  002  016  010  003  017  024  022 
 000  004  003  002  016  007  000  002  010  008  008  016  022  031  029  018 
 005  006  012  002  010  014  006  012  012  010  004  029  032  022  013  002 
 020  007  012  006  000  014  017  018  006  010  011  035  025  006  004  000 
 030  017  012  013  000  006  026  028  007  002  011  030  017  002  000  000 

Celda45

 000  007  010  003  013  000  000  000  004  003  004  005  008  016  018  037 
 004  008  010  004  010  002  006  004  002  002  006  013  014  019  022  023 
 008  004  004  003  013  020  016  011  000  004  015  024  019  013  014  008 
 008  000  000  000  013  020  004  004  000  008  025  026  017  010  008  006 
 012  000  000  000  014  022  000  000  000  009  026  021  015  011  008  008 
 016  002  006  007  012  014  000  000  000  008  024  022  016  008  004  008 
 024  008  010  016  018  011  001  002  009  019  027  025  018  008  000  004 
 014  003  000  001  003  006  009  011  018  025  030  034  029  014  006  004 
 005  004  000  000  003  009  008  012  021  020  020  029  029  017  014  010 
 004  007  002  000  004  020  011  012  023  015  010  019  020  008  006  008 
 017  013  006  006  013  027  014  017  028  016  009  010  016  008  000  000 
 018  010  006  008  014  027  020  023  025  010  004  000  010  007  005  004 
 010  006  004  004  004  019  016  010  007  000  000  000  005  006  008  012 
 000  000  000  000  000  017  016  005  004  000  000  000  003  007  006  013 
 000  000  000  000  000  012  014  006  006  000  000  000  000  006  004  008 
 000  004  000  000  000  006  014  010  006  000  000  000  000  002  000  000 

Celda46

 034  010  002  000  000  000  003  004  001  002  022  039  035  027  026  018 
 021  012  000  000  000  000  001  011  015  013  021  027  011  002  008  004 
 009  014  006  002  004  004  012  020  021  022  011  016  004  000  000  004 
 006  018  015  009  015  017  016  016  011  006  004  001  004  000  000  000 
 008  026  028  020  020  018  011  005  008  000  000  000  004  002  000  000 
 013  036  034  015  009  006  005  002  006  000  000  000  005  007  002  007 
 013  026  013  000  000  000  000  000  002  000  000  004  002  009  007  015 
 002  008  004  000  000  000  000  000  000  000  000  002  000  006  012  011 
 003  000  002  005  008  008  006  006  004  002  004  001  000  000  010  008 
 007  010  024  026  012  006  006  012  019  016  002  000  000  000  000  000 
 006  013  019  005  000  000  002  004  002  000  000  000  000  000  000  000 
 001  005  000  000  000  000  004  003  000  000  000  000  000  000  000  000 
 008  000  000  000  000  002  004  000  000  000  000  000  000  002  010  020 
 012  000  000  000  000  003  006  003  002  000  000  004  009  025  027  025 
 009  000  000  000  000  000  006  015  012  000  002  010  014  022  020  013 
 000  000  000  000  011  015  007  016  014  000  006  016  016  007  014  007 

Celda47

 020  015  010  024  008  004  020  021  009  008  003  000  000  036  058  014 
 000  002  002  012  000  000  020  020  002  000  000  000  013  054  062  017 
 000  000  000  008  003  002  014  016  006  000  000  009  035  059  051  010 
 000  000  002  014  023  021  012  004  007  003  002  013  029  032  028  000 
 000  000  008  026  031  017  008  000  002  006  004  004  004  014  026  000 
 010  013  012  010  010  000  000  000  000  001  003  000  000  008  038  000 
 023  018  002  000  000  000  000  000  000  000  000  000  000  017  056  000 
 002  000  000  000  000  000  000  000  000  000  000  004  002  032  070  007 
 000  000  000  000  000  000  000  002  010  012  016  023  020  042  064  000 
 000  000  002  007  000  006  018  029  034  030  027  029  022  039  060  002 
 000  004  012  016  017  018  027  026  017  012  010  010  005  025  055  004 
 010  025  032  030  025  017  010  005  000  000  000  000  000  024  054  000 
 029  037  037  029  016  002  000  000  000  000  000  000  000  026  058  000 
 026  028  023  011  002  000  000  000  000  000  000  004  000  022  056  000 
 010  015  013  004  001  000  000  000  000  000  001  010  004  018  053  000 
 000  010  010  000  001  000  000  000  000  000  000  008  000  015  055  003 

Celda48

 002  006  013  019  020  014  006  002  004  000  000  000  000  000  019  053 
 000  000  002  006  012  011  006  002  000  000  000  000  000  008  050  065 
 000  000  000  000  003  002  004  000  000  000  000  000  001  037  071  069 
 001  002  002  002  006  000  001  000  000  000  000  006  023  056  075  056 
 001  004  010  012  006  000  000  000  000  000  010  030  039  056  057  026 
 000  001  004  002  000  000  000  000  000  012  041  037  032  037  024  010 
 000  000  000  000  000  000  000  000  019  047  042  024  021  017  002  002 
 000  000  000  000  000  000  000  030  057  047  019  010  013  006  000  000 
 000  000  000  000  000  008  046  066  059  022  001  000  006  000  000  000 
 000  000  000  000  022  072  083  066  037  005  000  000  006  000  000  004 
 000  000  004  028  084  095  073  043  020  008  003  001  005  000  004  004 
 001  006  020  040  085  062  039  020  012  010  010  008  006  003  004  000 
 005  014  030  034  051  022  013  002  000  000  002  004  002  001  002  000 
 008  018  030  024  022  004  005  000  000  000  000  000  000  000  000  000 
 004  008  011  007  003  000  000  000  000  000  000  002  003  000  000  000 
 000  000  000  000  001  000  000  000  000  000  010  008  006  000  000  000 

Celda49

 066  071  069  052  022  000  000  000  000  024  023  003  000  000  000  006 
 063  064  054  025  000  000  000  000  006  030  013  000  000  000  002  009 
 052  044  026  000  000  000  000  000  010  027  002  000  000  004  005  010 
 025  011  006  000  000  004  000  000  006  022  000  000  000  008  004  007 
 001  000  000  000  005  014  004  000  000  012  000  000  012  018  014  018 
 000  000  000  001  015  020  004  000  000  008  002  013  029  026  022  026 
 000  000  001  015  022  015  001  000  000  014  018  026  033  023  018  020 
 008  006  016  019  011  006  000  000  006  024  016  017  022  012  010  010 
 014  013  011  004  000  004  000  000  009  031  016  012  018  008  005  004 
 013  012  008  001  000  006  000  000  014  037  011  006  017  008  003  003 
 004  004  004  002  004  008  000  000  023  038  002  000  017  008  000  000 
 000  000  001  006  012  010  000  000  020  026  000  000  018  009  000  000 
 000  000  001  010  018  011  000  000  017  028  008  006  012  006  002  000 
 000  000  013  020  023  009  000  000  010  034  022  008  000  002  010  002 
 000  006  016  015  016  002  000  000  010  038  024  004  000  003  012  008 
 000  008  012  006  009  000  000  000  020  041  016  000  002  011  009  008 

Celda50

 012  017  021  010  000  008  006  000  000  000  000  000  002  006  004  000 
 017  022  019  004  000  002  005  000  000  000  000  000  006  008  006  009 
 016  013  004  000  000  000  010  001  000  000  000  006  012  011  015  012 
 014  014  008  000  006  010  020  002  000  000  006  013  015  013  009  002 
 018  010  010  007  014  018  014  001  000  000  010  022  015  006  000  000 
 020  010  007  015  015  010  002  000  000  000  006  026  024  004  000  000 
 008  002  001  018  014  006  007  002  003  009  008  020  025  008  000  000 
 000  000  000  020  022  008  010  008  010  017  016  008  018  009  000  000 
 000  000  000  022  024  004  001  002  006  010  007  001  009  002  000  000 
 000  000  004  023  023  004  000  000  000  000  000  000  002  000  000  000 
 000  000  010  028  022  000  000  000  000  000  000  002  000  000  000  000 
 000  000  014  036  024  000  000  000  000  000  003  008  006  004  006  006 
 000  000  011  036  026  000  000  000  002  001  004  006  005  005  006  003 
 000  000  000  023  030  006  000  000  007  003  000  000  000  000  000  000 
 002  005  000  004  032  020  002  007  007  000  000  000  000  000  000  000 
 013  010  015  010  025  023  008  010  005  000  000  000  000  000  000  000 

Celda51

 002  002  000  000  000  000  022  042  036  026  031  035  016  000  000  004 
 008  003  000  000  004  014  033  044  038  026  023  020  010  000  000  002 
 000  000  000  000  006  018  028  031  026  016  008  008  004  000  000  002 
 000  000  000  000  001  015  017  017  018  017  012  007  005  006  012  016 
 000  000  000  000  004  010  011  015  014  014  020  023  022  022  028  028 
 000  000  000  000  002  014  023  030  027  029  034  028  021  019  018  020 
 000  000  000  000  000  024  050  045  034  032  025  011  010  008  004  001 
 000  000  000  000  011  050  068  045  024  015  000  000  006  012  010  005 
 000  000  017  022  029  056  059  028  005  000  000  000  004  017  017  010 
 000  019  038  030  030  038  033  019  000  000  000  000  004  022  022  009 
 003  028  034  028  030  019  016  021  004  002  010  016  014  024  020  006 
 003  024  029  030  027  008  002  022  014  009  019  024  021  010  013  007 
 000  022  030  028  016  000  000  020  022  015  015  012  016  012  002  010 
 000  018  032  032  018  000  006  027  030  017  012  012  012  018  014  009 
 000  013  034  039  027  017  023  036  035  026  024  021  012  014  016  006 
 000  017  037  045  039  029  029  030  026  024  020  012  006  005  006  002 

Celda52

 032  024  000  006  004  000  026  030  012  001  010  018  012  000  000  000 
 027  022  000  000  000  000  021  028  016  012  009  012  012  000  000  000 
 018  010  000  000  000  000  011  030  023  012  008  015  014  000  000  000 
 017  000  000  000  001  003  000  030  030  012  006  015  008  000  000  000 
 024  020  022  026  028  020  007  024  037  019  013  010  000  000  002  016 
 019  020  025  030  026  018  006  014  044  034  020  010  006  011  024  037 
 004  008  012  009  004  002  000  006  048  042  014  004  006  019  032  018 
 002  005  002  000  000  000  005  008  040  046  016  000  004  020  015  000 
 006  004  000  000  000  000  014  018  025  039  023  003  005  013  000  000 
 006  004  000  000  000  012  020  016  002  025  024  010  008  008  000  000 
 006  004  000  000  004  012  013  008  000  008  016  012  012  006  000  000 
 008  005  000  000  003  000  000  000  000  000  000  010  016  010  000  000 
 010  004  000  000  000  000  000  000  000  000  000  008  019  015  006  010 
 010  002  000  000  000  000  000  000  000  000  000  016  034  028  019  028 
 005  004  000  000  000  000  000  000  000  000  010  042  045  033  030  037 
 000  006  000  000  000  000  000  000  000  002  022  033  025  021  028  031 

Celda53

 000  005  001  000  000  000  014  010  000  000  000  000  000  000  000  000 
 000  003  000  000  000  000  012  012  000  000  000  000  000  000  000  010 
 006  003  000  000  000  000  009  015  000  000  000  004  002  011  027  035 
 012  006  000  000  000  000  006  014  000  000  000  016  025  029  035  029 
 037  034  022  016  010  004  002  010  000  000  010  034  040  032  028  016 
 038  023  010  008  007  004  000  009  006  014  028  043  046  032  021  009 
 000  000  000  000  000  000  000  011  028  027  025  043  053  036  016  006 
 000  000  000  000  000  004  024  045  055  030  016  039  053  034  018  014 
 000  000  000  000  012  034  038  050  046  018  010  034  046  026  014  018 
 000  000  000  004  022  028  021  024  023  016  018  032  039  022  004  010 
 000  002  007  005  013  021  016  015  019  019  024  026  028  022  004  000 
 000  015  016  012  025  038  031  021  022  021  015  014  006  016  012  000 
 024  032  027  024  032  041  028  015  018  019  008  000  000  012  022  006 
 041  036  022  019  015  025  017  007  008  014  006  000  000  010  028  014 
 039  024  007  008  006  016  019  005  000  004  007  000  000  004  027  016 
 025  012  006  009  010  003  022  010  000  000  012  000  006  002  016  011 

Celda54

 000  004  014  021  020  017  013  007  012  004  011  017  014  006  011  008 
 022  033  040  035  021  014  016  014  013  009  011  005  002  004  007  006 
 035  032  031  031  026  018  018  013  006  005  006  000  000  000  004  002 
 015  009  013  023  026  016  015  011  008  009  002  000  000  005  011  002 
 008  005  006  012  018  005  004  009  013  016  011  000  000  013  019  000 
 006  006  002  000  014  014  000  000  003  004  004  006  004  007  019  004 
 002  006  010  005  000  015  004  000  000  000  000  000  008  000  008  008 
 011  016  012  011  002  010  014  000  000  000  000  000  000  000  000  010 
 020  018  008  000  000  010  021  005  004  004  000  000  000  000  000  005 
 012  010  004  000  000  010  022  004  000  000  000  000  000  000  007  006 
 002  003  002  001  000  000  016  008  003  001  000  000  000  000  010  013 
 002  002  001  007  012  000  000  010  012  010  000  000  000  007  006  008 
 000  000  001  008  018  016  000  002  017  019  006  000  001  004  009  000 
 002  000  000  000  004  012  011  000  016  026  016  008  008  000  006  001 
 000  000  000  000  000  000  006  006  013  031  023  000  000  000  008  015 
 000  000  000  000  000  000  003  014  015  027  020  000  000  000  014  020 

Celda55

 001  010  008  000  000  000  000  002  003  002  000  004  000  018  057  001 
 002  010  008  000  000  000  000  007  002  000  000  002  000  022  058  000 
 000  012  011  000  000  000  000  006  000  000  000  006  002  021  058  000 
 000  010  012  000  000  000  001  004  000  000  000  007  003  022  059  000 
 000  004  009  004  000  006  006  003  000  002  002  000  002  026  064  000 
 000  000  008  012  002  002  007  002  000  000  000  000  000  028  066  000 
 000  000  008  014  009  002  000  000  000  000  000  011  014  037  075  009 
 010  009  014  007  007  004  000  000  000  000  011  033  014  034  078  014 
 024  020  009  003  002  002  002  000  010  020  037  038  006  023  066  000 
 022  026  006  006  008  005  001  001  008  014  021  018  000  021  064  000 
 006  026  020  015  016  012  006  000  000  000  007  014  000  027  066  004 
 004  022  034  018  004  003  002  000  000  000  008  020  004  031  069  010 
 002  018  036  016  000  000  000  000  000  000  008  024  010  031  065  004 
 006  022  031  013  000  000  000  000  000  000  007  030  016  033  061  000 
 017  024  027  011  001  004  004  000  000  000  007  038  025  037  060  001 
 013  018  022  009  001  000  000  000  000  000  007  046  034  042  064  008 

Celda56

 000  000  000  000  004  003  001  000  000  000  024  006  000  000  000  000 
 002  004  006  006  008  003  000  000  000  006  029  002  000  000  000  001 
 001  003  006  006  001  000  000  000  003  018  031  000  000  000  001  009 
 000  000  000  000  000  000  000  001  012  032  031  007  009  016  018  020 
 000  000  000  000  000  002  000  002  016  036  017  006  012  018  020  019 
 000  000  000  000  002  001  000  002  028  027  008  000  000  000  004  009 
 000  000  000  004  013  006  002  006  029  012  006  000  000  000  004  010 
 000  001  005  010  013  006  004  007  023  005  004  002  000  000  014  018 
 000  001  004  006  004  001  004  009  024  007  002  002  008  014  025  017 
 002  004  006  004  001  000  003  010  020  001  000  000  008  018  015  006 
 003  006  008  005  003  002  000  006  011  000  000  000  005  005  000  000 
 001  002  002  001  002  000  000  008  007  000  000  000  009  000  000  000 
 000  000  000  000  000  000  000  009  002  000  000  000  008  000  000  000 
 003  008  018  024  026  026  028  036  026  026  032  040  045  039  040  035 
 008  019  041  056  060  062  066  075  067  070  076  081  082  081  082  082 
 000  000  000  000  000  000  000  007  000  000  000  000  000  002  000  000 

Celda57

 004  007  009  005  006  000  000  006  024  028  007  002  014  010  000  008 
 008  011  011  010  008  004  008  010  008  018  004  005  020  010  000  010 
 016  016  015  017  016  014  013  008  000  014  007  006  020  012  000  012 
 027  022  016  015  016  011  010  005  000  010  010  006  019  018  007  017 
 028  019  010  007  011  005  002  000  000  005  009  007  024  024  012  017 
 016  005  000  000  005  000  000  000  000  000  009  010  027  028  016  016 
 005  000  000  000  004  000  000  000  000  000  011  014  024  024  018  016 
 005  000  000  000  002  000  000  000  000  000  012  016  019  017  018  015 
 003  002  000  000  002  000  000  000  000  001  016  025  025  016  014  012 
 000  000  000  000  000  000  000  000  000  002  022  030  027  011  004  011 
 000  000  000  000  000  000  000  000  000  003  027  030  020  000  000  012 
 000  000  000  000  000  000  000  000  000  011  030  023  014  003  000  012 
 000  000  000  000  000  000  000  000  002  027  037  012  004  008  008  012 
 026  022  020  022  029  042  050  053  057  085  083  058  049  048  047  046 
 079  079  080  082  088  094  100  104  109  129  118  100  100  098  099  096 
 000  000  000  000  006  004  000  000  002  020  014  000  000  000  005  005 

Celda58

 019  009  017  024  026  017  009  008  000  000  000  000  000  000  000  000 
 022  006  003  016  021  018  011  002  000  000  000  000  000  000  000  000 
 018  004  000  003  013  014  012  006  000  000  000  000  003  000  000  000 
 019  002  000  005  007  002  004  005  006  004  000  000  010  000  000  002 
 019  005  002  000  006  006  000  000  004  008  000  000  012  001  000  011 
 016  000  000  000  005  008  002  000  000  002  003  000  004  003  007  030 
 014  003  000  000  006  007  002  000  000  000  004  006  000  000  021  036 
 008  004  000  000  006  008  002  000  000  000  001  002  000  000  027  040 
 005  005  003  003  009  007  000  000  000  000  000  000  000  000  028  038 
 010  011  015  012  009  001  000  000  000  000  000  000  000  008  027  037 
 018  017  017  008  000  000  000  000  000  000  000  000  000  012  023  038 
 022  020  014  002  000  000  001  003  000  000  000  000  007  011  015  038 
 023  024  015  001  000  000  002  004  000  000  000  000  015  003  004  032 
 053  055  049  038  038  042  044  044  038  036  038  058  057  043  034  049 
 099  100  091  077  074  082  085  083  081  086  094  113  097  092  093  107 
 012  020  016  005  000  000  000  000  000  000  000  014  000  000  000  014 

Celda59

 000  027  038  037  036  024  015  008  006  012  010  003  000  000  000  000 
 008  034  029  020  033  031  014  002  000  008  015  007  000  000  000  000 
 015  037  021  005  024  034  017  002  000  004  018  010  000  000  000  000 
 025  036  018  002  012  029  022  006  000  003  014  012  000  002  002  000 
 035  033  023  012  007  016  025  014  003  007  013  010  000  000  000  000 
 038  027  026  020  012  005  024  018  006  006  008  006  000  000  000  000 
 026  009  012  012  004  004  018  016  004  006  006  001  000  000  000  000 
 024  004  005  014  002  000  004  009  003  004  005  002  000  000  000  000 
 024  002  000  012  013  000  000  001  005  008  008  004  000  000  000  013 
 028  009  004  003  012  000  000  000  009  010  003  000  000  000  004  017 
 033  005  000  000  008  002  000  002  008  004  000  000  003  008  015  006 
 030  000  000  000  013  010  000  000  001  000  000  000  022  032  017  007 
 020  000  000  005  020  015  000  000  000  000  000  021  045  036  012  007 
 035  024  035  051  056  050  036  038  033  037  059  076  080  061  038  034 
 101  097  103  101  097  097  086  086  088  095  111  109  100  080  066  067 
 013  009  009  005  008  016  006  000  000  007  023  022  017  004  000  000 

Celda60

 000  000  000  000  000  000  012  000  004  005  019  020  016  022  026  020 
 000  000  000  000  000  004  028  015  012  013  031  028  009  019  032  019 
 000  000  000  000  002  017  039  030  024  030  046  038  018  009  028  020 
 000  000  000  000  004  026  039  039  035  030  041  036  024  015  015  022 
 000  000  000  000  006  025  031  035  029  017  026  030  022  022  008  023 
 000  000  000  005  022  022  018  026  026  012  020  029  017  016  006  016 
 002  011  016  015  025  015  003  018  026  016  021  024  006  006  000  002 
 022  026  015  012  019  010  006  008  020  015  024  030  001  000  002  000 
 033  027  012  013  017  015  014  012  007  008  020  032  010  000  009  012 
 024  024  011  015  018  024  019  018  006  002  020  028  013  000  012  020 
 012  021  009  007  012  023  019  016  008  000  028  032  015  007  008  016 
 006  020  011  000  004  014  013  009  008  000  030  040  013  007  007  010 
 000  016  016  002  004  012  014  002  014  012  019  048  023  001  001  000 
 030  032  042  038  034  032  036  038  044  057  051  070  047  018  016  016 
 070  070  083  080  065  060  068  075  064  077  080  086  073  049  050  050 
 000  000  017  019  001  000  011  021  001  000  000  010  016  001  000  000 

Celda61

 011  006  008  004  001  000  020  014  000  000  014  010  000  003  002  005 
 006  004  007  000  000  000  016  018  000  000  012  018  000  000  000  005 
 006  006  006  000  000  000  012  018  000  000  004  021  006  000  000  006 
 013  010  007  000  004  007  002  015  000  000  000  010  006  000  000  000 
 023  011  000  000  005  012  003  009  010  010  016  004  000  000  000  000 
 030  006  000  000  002  000  000  006  022  014  016  012  000  000  000  000 
 032  012  000  000  008  000  000  004  028  014  004  003  000  000  000  000 
 024  020  000  000  006  000  000  000  023  018  000  000  000  000  000  000 
 002  022  010  005  004  000  000  000  007  020  003  000  000  000  011  016 
 010  014  020  008  002  000  000  000  000  013  012  000  002  016  045  035 
 016  006  020  007  000  000  000  000  000  000  019  000  020  030  044  027 
 014  006  016  007  000  002  000  000  000  000  024  020  014  014  016  009 
 004  006  006  008  000  000  000  000  011  017  027  020  000  000  002  002 
 024  034  030  022  023  033  042  050  056  056  046  043  028  033  030  020 
 056  064  068  064  074  084  085  084  077  078  074  072  068  072  072  070 
 000  000  000  000  012  018  010  007  000  000  000  003  005  000  000  000 

Celda62

 000  000  000  000  000  000  002  012  012  012  011  000  000  000  010  028 
 000  000  000  000  002  004  000  000  000  000  000  000  000  002  000  032 
 001  000  000  000  004  004  000  000  000  000  000  000  000  013  020  043 
 003  000  000  006  009  000  000  000  001  001  002  002  013  017  022  027 
 000  000  000  012  017  000  000  000  010  005  005  010  026  026  016  003 
 000  000  000  014  026  003  000  000  015  013  010  019  029  022  009  002 
 000  000  000  012  030  011  000  000  017  028  026  015  012  002  000  000 
 000  007  011  016  024  016  002  002  020  049  025  000  000  000  000  000 
 017  021  022  014  013  019  002  012  024  046  008  000  000  008  000  000 
 020  012  024  018  013  012  010  012  012  032  000  000  000  025  004  008 
 015  008  026  021  016  004  017  000  002  016  000  000  002  033  002  001 
 004  004  020  015  006  008  008  004  000  017  007  008  003  025  004  000 
 000  000  018  016  000  008  008  001  013  027  014  012  004  014  006  000 
 018  028  056  053  037  040  044  042  050  058  040  048  052  052  040  035 
 074  090  102  092  075  072  072  072  076  087  070  075  086  089  084  079 
 000  012  020  013  000  000  000  000  005  022  007  000  000  000  000  000 

Celda63

 027  022  016  002  000  000  000  000  000  000  010  057  042  041  061  004 
 042  028  012  000  000  000  000  000  000  000  020  061  035  036  060  002 
 054  024  003  000  000  000  000  000  000  000  028  052  030  036  062  000 
 034  015  000  000  000  000  000  000  000  006  022  044  030  038  060  000 
 018  010  000  000  000  000  000  002  000  000  007  034  030  040  062  000 
 006  010  000  000  000  000  000  004  008  000  000  022  026  042  070  000 
 007  021  009  003  000  000  000  000  017  002  000  012  018  044  080  000 
 018  018  001  002  007  012  014  011  029  018  009  010  008  042  082  000 
 024  020  000  003  023  033  031  028  047  029  018  012  005  034  079  000 
 016  024  004  023  033  022  020  022  042  021  018  016  006  021  074  000 
 004  030  019  021  012  000  000  004  024  008  012  012  004  008  072  000 
 000  034  026  008  002  000  000  000  025  013  011  008  002  004  077  004 
 000  029  029  006  000  000  000  009  043  027  016  008  000  010  094  016 
 036  044  038  017  015  024  036  050  074  055  048  049  046  055  127  039 
 076  078  077  065  066  070  076  080  093  080  071  081  088  090  141  057 
 000  002  008  005  008  009  000  000  022  020  001  000  000  000  061  000 

