Celda0

 000  000  000  000  000  000  000  000  000  000  000  000  000  002  003  001 
 000  000  000  000  000  000  000  000  001  000  000  000  000  004  008  004 
 000  000  000  000  000  000  000  002  002  000  000  000  000  009  015  008 
 000  000  000  000  000  000  002  006  002  002  004  000  000  012  015  010 
 000  000  000  000  000  000  009  014  009  014  020  014  018  029  019  006 
 000  000  000  000  000  003  013  015  012  017  020  013  018  022  008  002 
 000  000  000  000  007  010  016  020  020  021  019  013  015  011  003  003 
 000  000  000  000  017  017  021  027  028  026  020  012  008  000  000  000 
 000  000  000  000  018  016  025  031  027  025  020  014  008  001  000  001 
 000  000  000  000  016  016  029  029  017  015  012  007  007  004  000  001 
 001  004  008  007  020  028  034  024  008  007  008  000  000  004  006  004 
 003  008  016  019  032  034  026  014  004  002  004  000  000  000  004  006 
 003  008  016  021  029  018  009  011  006  000  000  000  002  002  000  000 
 002  005  011  014  011  000  000  007  010  004  000  000  004  010  004  000 
 000  000  000  000  000  000  000  004  012  009  000  000  006  016  006  000 
 000  000  000  000  000  000  000  000  010  012  000  000  008  018  007  000 

Celda1

 002  002  000  000  002  003  001  000  000  000  000  000  001  002  000  000 
 004  002  000  000  004  008  004  000  000  000  000  000  002  004  000  000 
 006  000  000  000  010  017  008  000  000  000  000  000  004  008  000  000 
 006  000  000  000  014  020  010  000  000  000  000  000  003  004  000  000 
 008  002  006  007  015  016  008  004  000  006  010  013  012  004  000  004 
 006  003  000  004  006  010  007  006  004  000  000  003  003  000  000  011 
 006  002  000  002  000  006  008  004  000  000  000  001  000  000  000  014 
 008  009  008  006  000  002  010  004  000  000  000  000  000  000  003  018 
 007  008  005  004  002  000  008  006  000  004  002  000  000  000  008  022 
 008  004  000  000  002  008  009  006  009  014  014  008  002  000  006  022 
 004  000  000  000  006  014  015  012  019  020  014  016  016  014  008  014 
 005  003  004  006  017  016  012  014  020  015  006  012  019  021  018  011 
 000  003  012  018  017  012  007  010  015  008  002  004  010  017  020  018 
 000  011  022  016  012  009  012  013  013  008  006  005  009  010  012  012 
 000  016  020  001  002  010  024  023  015  009  006  006  013  008  006  006 
 002  013  016  002  000  014  033  028  018  008  001  001  012  008  007  004 

Celda2

 000  000  000  000  000  000  000  000  000  000  000  000  000  008  009  002 
 000  000  000  000  000  000  000  000  000  000  000  000  001  019  022  007 
 000  000  000  000  000  000  000  000  000  000  000  000  006  038  043  020 
 000  000  001  000  000  000  000  000  000  000  000  000  014  042  048  033 
 008  015  024  020  015  012  015  014  004  000  000  000  027  034  033  036 
 014  013  017  012  015  012  008  004  000  000  000  002  029  026  019  030 
 013  002  006  002  004  006  000  000  000  000  000  004  026  024  016  020 
 012  000  000  004  000  000  000  000  000  000  000  008  029  035  026  016 
 014  000  000  000  000  000  000  000  000  000  000  016  034  041  032  018 
 014  000  000  000  000  000  000  000  000  000  002  014  039  044  032  023 
 010  000  000  000  000  000  000  000  003  016  020  018  041  047  032  024 
 002  000  000  000  000  000  000  002  012  022  026  030  059  054  028  024 
 012  008  006  002  000  000  005  012  014  016  026  052  071  048  021  022 
 010  007  003  000  001  008  016  016  008  005  038  070  061  030  018  025 
 004  000  000  000  012  022  024  016  008  008  052  063  030  020  021  029 
 001  000  000  011  027  028  022  016  018  025  055  040  003  003  017  029 

Celda3

 000  004  004  000  000  000  000  002  001  000  000  000  003  004  000  000 
 002  008  008  000  000  000  000  003  002  000  000  000  008  010  002  000 
 010  016  014  000  000  000  000  000  000  000  000  000  018  021  008  000 
 022  020  014  000  000  000  000  000  000  000  000  000  024  028  014  000 
 034  022  010  002  001  000  002  000  000  000  000  009  025  028  017  000 
 037  026  010  006  008  003  000  000  000  000  006  021  024  024  016  000 
 028  025  017  011  010  002  000  000  006  014  021  026  022  021  012  000 
 016  021  021  014  006  002  000  000  009  020  020  015  012  012  006  000 
 017  020  016  010  004  005  008  008  009  010  009  000  005  009  005  000 
 027  024  012  008  010  014  015  010  006  002  000  000  000  004  006  002 
 026  021  018  024  027  022  014  006  004  002  001  007  010  010  013  008 
 023  026  028  026  019  008  002  000  002  005  006  009  012  012  019  015 
 029  030  026  022  014  003  000  000  002  008  006  002  003  008  018  012 
 029  028  018  015  020  014  002  000  000  010  010  000  000  011  016  004 
 028  021  024  016  014  020  013  001  000  010  012  002  006  016  009  000 
 027  023  022  020  003  012  018  013  003  004  008  001  010  022  010  000 

Celda4

 001  000  000  000  000  000  001  002  001  001  002  000  000  000  003  005 
 002  000  000  000  000  000  001  004  002  003  006  000  000  000  006  012 
 000  000  000  000  000  000  000  007  004  007  012  002  000  000  010  022 
 000  000  000  000  000  000  000  002  005  010  016  006  000  000  010  023 
 000  000  000  000  010  016  016  008  011  016  017  010  008  020  028  026 
 000  000  000  000  004  010  016  017  020  022  019  016  017  024  023  013 
 000  000  000  004  004  006  010  013  012  014  013  014  019  024  016  013 
 000  000  003  012  000  002  003  005  004  006  010  012  017  019  010  010 
 000  000  003  012  002  000  002  007  008  008  014  016  018  016  008  005 
 000  000  000  004  002  000  000  008  013  015  024  023  017  011  006  000 
 002  000  000  000  001  006  010  006  007  017  025  018  009  006  004  000 
 010  006  004  004  000  005  014  011  005  008  006  002  000  004  002  000 
 010  009  010  012  008  001  011  013  008  004  000  000  006  009  000  000 
 000  000  003  005  004  004  014  016  007  000  000  000  012  015  002  000 
 000  000  000  000  000  008  023  020  004  000  000  000  012  015  004  002 
 000  000  000  000  000  010  017  005  000  000  000  000  010  012  004  001 

Celda5

 001  000  000  003  004  001  000  001  000  000  000  000  000  000  000  000 
 004  000  000  006  008  002  002  004  000  000  000  000  000  000  000  000 
 010  000  000  007  010  006  008  008  000  000  000  000  000  000  000  000 
 014  000  000  003  005  006  014  012  000  001  002  002  000  000  000  000 
 016  009  008  010  008  000  010  012  009  015  019  015  018  014  012  018 
 006  008  002  000  002  002  000  010  016  017  012  000  000  000  010  022 
 004  002  002  005  004  000  000  004  013  014  010  001  000  000  005  020 
 008  000  000  010  009  000  000  000  004  008  008  002  000  000  006  017 
 009  006  000  008  010  000  000  000  000  002  010  008  002  006  012  012 
 000  000  000  000  006  000  000  000  000  000  012  017  015  011  008  008 
 000  000  000  000  000  000  000  004  000  003  008  018  022  013  002  002 
 000  000  000  000  000  000  003  012  009  012  015  013  015  012  002  000 
 001  004  000  000  000  000  006  014  014  012  012  007  002  007  006  004 
 002  006  000  000  000  006  013  025  028  025  015  011  009  008  005  001 
 001  000  000  000  000  009  025  035  041  034  018  013  014  015  010  002 
 000  000  000  000  000  006  030  037  034  022  012  014  012  008  004  005 

Celda6

 000  000  000  002  005  004  002  002  000  000  000  001  002  001  000  000 
 000  000  000  006  011  009  005  004  000  000  000  002  004  003  002  000 
 000  000  003  014  021  016  009  006  003  000  001  004  005  005  005  003 
 000  000  004  018  022  014  007  008  008  005  004  008  006  002  006  006 
 028  029  020  018  014  005  002  011  014  008  008  015  010  004  004  006 
 031  032  023  010  000  000  000  012  014  007  012  020  016  008  005  004 
 028  031  029  021  012  008  004  006  005  007  016  022  021  016  006  000 
 016  022  023  020  016  016  012  004  000  006  018  022  022  017  008  002 
 000  000  002  004  002  002  005  008  007  000  010  020  022  014  007  006 
 000  000  000  000  000  000  003  011  016  011  000  011  018  016  010  010 
 000  000  000  000  000  000  014  012  012  016  016  011  014  020  021  023 
 002  000  000  000  000  002  014  012  002  011  020  024  026  034  038  031 
 002  000  000  000  000  002  012  012  002  006  014  021  028  041  044  029 
 000  000  000  000  000  006  010  007  006  007  015  022  030  036  023  002 
 000  000  000  000  013  019  006  001  010  014  020  025  025  010  000  000 
 010  015  018  018  022  011  003  003  015  023  026  024  010  000  000  000 

Celda7

 000  000  000  000  001  002  001  000  000  000  001  001  001  003  006  000 
 000  000  000  000  002  004  002  000  000  000  002  003  002  008  016  000 
 000  000  000  000  004  008  005  000  000  000  005  008  004  018  036  000 
 004  002  000  000  004  007  005  000  000  000  006  011  004  024  050  000 
 010  010  011  014  017  018  013  006  002  003  011  014  002  023  053  000 
 008  012  007  006  009  010  004  000  000  000  005  009  000  024  056  003 
 005  010  008  008  007  001  000  000  000  000  002  008  003  028  060  003 
 006  007  004  010  012  000  000  000  000  002  007  014  006  030  060  000 
 012  006  000  008  015  000  000  000  003  011  018  017  004  025  061  000 
 013  002  000  002  016  008  000  001  012  008  007  001  000  020  063  000 
 014  000  000  000  015  016  007  011  009  000  000  000  000  020  064  000 
 011  002  000  000  012  018  014  010  002  000  000  000  000  025  066  003 
 011  005  002  002  005  010  014  012  002  000  000  000  004  035  069  007 
 000  000  002  008  003  000  012  014  004  002  008  008  008  037  066  006 
 000  000  005  016  012  006  011  012  002  008  014  011  010  038  066  009 
 000  008  024  017  016  020  018  006  000  011  017  014  010  036  064  007 

Celda8

 000  000  000  000  000  000  000  000  006  013  000  000  009  016  008  000 
 000  001  002  000  000  000  000  000  005  011  000  000  007  014  008  000 
 000  000  002  004  004  002  001  001  004  006  000  000  007  014  012  005 
 000  000  000  000  004  005  004  003  004  002  000  000  010  016  022  015 
 000  000  000  000  000  002  004  006  006  002  000  000  014  020  025  012 
 001  001  000  000  000  000  007  011  008  001  000  000  016  022  022  005 
 000  000  000  000  000  001  012  011  004  000  000  002  016  018  014  002 
 000  000  000  000  000  003  010  002  000  000  000  004  015  012  004  000 
 000  000  000  000  000  003  006  000  000  000  000  006  015  006  000  000 
 000  000  000  000  002  002  002  000  000  000  000  015  017  004  000  002 
 000  000  001  000  003  000  000  000  000  000  010  023  017  006  006  008 
 001  002  004  005  008  006  005  000  000  000  019  023  011  005  006  008 
 001  001  000  000  005  004  002  000  000  003  022  020  006  000  000  002 
 000  000  000  000  009  008  000  000  000  006  021  017  004  000  000  002 
 000  000  000  000  012  010  000  000  000  011  019  012  000  000  000  008 
 000  000  000  000  012  006  000  000  005  021  016  004  000  000  001  013 

Celda9

 000  008  007  002  006  020  028  018  008  008  004  000  009  002  003  003 
 002  007  002  000  008  022  028  017  000  002  010  009  004  002  000  000 
 003  006  000  000  008  020  023  016  002  000  005  011  002  000  000  000 
 010  000  000  000  008  020  018  012  006  007  004  002  002  000  002  010 
 006  001  002  006  005  016  016  010  008  010  008  000  004  012  019  021 
 000  000  006  008  009  012  016  010  008  010  008  000  008  018  023  020 
 000  000  016  007  003  013  018  006  006  011  010  007  005  005  011  012 
 000  002  017  012  003  011  015  008  004  010  013  007  000  000  008  006 
 000  008  010  008  010  018  018  009  010  013  008  005  000  000  008  008 
 006  015  006  000  011  018  020  018  012  008  000  000  000  000  006  004 
 009  012  003  003  011  014  016  020  018  002  000  000  004  002  002  000 
 006  004  004  002  008  012  012  010  012  005  000  000  006  000  000  000 
 003  000  006  006  007  010  008  000  000  006  004  007  008  000  000  000 
 000  000  006  011  006  005  002  000  000  006  009  009  005  000  000  000 
 000  000  002  011  007  000  000  000  000  002  002  002  000  000  000  000 
 005  003  000  002  005  001  000  002  000  000  000  000  000  002  007  012 

Celda10

 002  006  017  037  038  022  010  006  014  030  043  019  000  002  016  024 
 007  018  038  045  025  008  000  000  000  019  025  005  000  007  022  019 
 009  022  033  023  004  000  000  000  004  022  018  004  005  007  020  021 
 011  010  008  000  000  000  000  000  013  028  023  001  002  005  015  020 
 007  000  001  000  000  000  000  000  012  028  026  004  000  006  019  023 
 009  000  000  000  000  000  000  004  003  020  026  008  004  020  034  029 
 009  003  000  000  000  000  000  003  002  010  022  012  016  041  043  020 
 002  004  000  000  000  000  000  000  000  005  020  020  032  052  039  008 
 000  000  004  000  000  000  004  000  000  004  024  029  040  056  040  014 
 000  000  000  000  000  000  012  002  000  004  028  035  043  055  039  016 
 000  000  000  000  000  000  018  006  001  022  046  042  039  042  027  005 
 000  000  000  000  000  002  020  011  012  039  052  036  027  036  030  012 
 000  000  000  000  006  027  039  022  019  037  037  016  013  032  036  023 
 000  000  000  004  018  043  041  024  015  033  025  004  009  032  041  021 
 000  002  007  008  006  026  020  010  008  034  026  002  005  031  042  024 
 012  016  010  000  000  021  018  000  000  031  025  010  009  024  038  026 

Celda11

 020  020  021  013  008  000  010  014  010  002  000  000  011  023  012  000 
 011  015  018  012  005  000  000  004  008  008  004  002  006  016  012  004 
 015  019  020  012  008  000  000  000  002  009  014  016  012  006  004  004 
 022  025  019  006  002  000  000  000  000  004  010  017  022  017  005  000 
 025  022  012  000  000  000  000  000  000  000  007  016  019  022  018  012 
 021  016  010  000  000  000  000  000  002  004  016  023  015  015  020  024 
 007  008  007  000  000  000  000  006  014  018  025  024  008  006  012  022 
 001  007  009  002  003  009  012  011  022  022  020  011  000  000  006  012 
 012  020  022  016  017  021  024  019  017  018  014  000  000  002  012  006 
 022  028  025  013  012  014  018  018  008  014  012  000  000  014  015  005 
 012  017  009  000  000  000  006  010  010  014  006  000  000  023  017  006 
 004  001  000  000  000  000  004  007  009  005  000  000  001  025  024  013 
 005  000  000  000  006  010  007  006  005  000  000  000  011  031  031  019 
 000  002  004  008  012  008  001  000  000  000  001  004  023  032  029  014 
 000  000  000  001  000  000  000  000  000  006  014  021  030  029  022  007 
 006  000  000  000  000  000  001  008  013  017  023  028  029  025  019  007 

Celda12

 000  002  004  004  003  006  011  000  000  000  000  002  016  018  005  000 
 000  000  002  004  002  006  009  000  000  002  009  019  028  020  004  000 
 006  004  001  002  002  010  007  000  000  000  011  021  020  005  000  000 
 009  014  008  000  000  006  000  000  000  005  014  014  002  000  000  000 
 012  014  010  000  000  004  000  000  000  008  017  008  000  000  000  000 
 026  020  003  000  000  003  001  000  000  005  014  002  000  000  000  000 
 024  020  011  001  002  003  002  000  000  000  009  000  000  000  000  000 
 010  007  008  008  003  002  000  000  000  000  000  000  000  000  002  000 
 000  000  000  006  009  013  012  008  001  000  000  000  000  002  002  000 
 003  000  000  000  005  023  026  030  026  014  002  000  000  002  002  000 
 013  012  007  003  009  023  025  025  033  031  020  008  000  000  002  000 
 014  016  015  015  017  022  015  000  007  017  022  019  010  002  000  002 
 008  010  014  018  018  016  006  000  000  000  002  014  021  022  017  011 
 000  004  011  016  016  010  000  000  000  000  000  002  014  023  027  028 
 000  001  003  004  006  008  004  000  000  000  000  001  004  008  015  026 
 001  000  000  000  003  001  003  002  002  004  008  008  005  002  002  014 

Celda13

 000  000  000  000  004  005  024  038  037  019  000  010  014  012  009  013 
 000  000  000  000  006  008  015  031  034  024  014  015  018  020  020  020 
 000  000  000  003  008  006  009  027  030  024  025  028  014  014  013  010 
 000  000  000  000  000  000  006  030  035  030  032  024  000  000  000  000 
 000  000  000  000  000  000  008  032  033  023  021  018  003  000  000  000 
 000  006  006  004  002  005  015  026  031  023  015  014  008  000  000  000 
 000  000  002  007  010  010  011  014  024  024  014  011  012  000  000  000 
 000  002  006  000  002  001  000  003  020  030  018  010  012  003  000  000 
 000  006  011  003  000  000  000  000  018  037  026  008  006  003  000  000 
 000  008  011  006  004  006  004  000  014  036  030  010  004  004  000  000 
 000  013  017  016  013  016  018  014  009  024  026  015  009  011  004  008 
 006  017  021  020  017  014  018  022  024  029  024  012  012  018  010  001 
 014  019  018  015  010  006  012  021  028  038  035  020  013  015  008  000 
 028  022  015  010  004  000  004  016  023  026  019  014  006  004  001  000 
 032  030  021  010  000  002  008  011  009  006  000  000  000  000  000  000 
 020  021  028  028  023  015  011  010  003  000  000  000  000  000  000  000 

Celda14

 021  028  032  026  008  000  000  005  012  016  022  015  000  000  000  000 
 017  017  021  018  004  000  004  008  002  010  025  017  000  000  000  005 
 006  007  004  002  000  000  005  006  000  004  022  018  000  000  002  027 
 000  000  000  000  000  000  004  006  004  009  014  011  000  002  022  028 
 000  000  000  000  000  000  003  006  005  010  009  002  004  016  022  010 
 000  000  000  000  000  000  001  005  010  010  002  004  013  015  012  005 
 000  000  000  000  000  000  000  004  012  013  008  005  003  004  009  006 
 000  000  000  000  000  000  000  003  009  014  017  008  000  000  009  010 
 000  000  000  000  000  000  000  002  006  018  024  008  000  000  008  012 
 001  000  000  000  000  000  000  002  010  021  024  010  002  007  012  011 
 012  013  010  004  001  000  000  005  013  018  018  012  002  007  017  011 
 006  012  014  008  002  000  000  012  013  010  012  016  014  021  026  020 
 000  000  004  006  007  009  016  026  010  000  010  020  027  032  026  016 
 006  002  000  001  012  024  037  034  018  009  015  029  034  027  013  007 
 006  002  000  000  010  031  041  030  024  021  025  037  031  016  011  010 
 000  000  000  002  022  037  031  021  018  019  019  023  016  011  012  014 

Celda15

 011  027  025  006  007  016  016  009  007  022  025  015  006  034  061  000 
 025  027  010  000  000  004  012  016  018  029  022  005  000  034  063  000 
 030  015  000  000  003  008  004  011  017  023  011  001  000  033  065  000 
 012  000  000  000  004  009  002  000  008  011  003  002  004  036  067  001 
 000  000  000  000  006  006  004  004  007  007  000  000  001  037  067  003 
 000  000  000  000  006  007  008  010  012  008  002  000  000  036  064  002 
 000  000  000  000  004  011  018  018  013  006  002  002  000  037  064  000 
 002  000  000  010  019  026  025  015  006  002  000  000  002  035  064  000 
 005  002  010  018  020  021  016  005  002  001  000  000  003  038  066  003 
 006  011  019  016  009  006  006  001  000  000  000  004  010  037  063  002 
 006  015  020  013  002  000  006  003  000  000  002  008  007  033  062  003 
 014  014  018  011  002  000  005  009  000  000  001  011  010  034  060  002 
 020  018  021  010  000  000  002  015  004  000  000  010  015  038  061  000 
 013  022  020  004  000  000  000  014  009  000  000  012  020  042  061  000 
 015  014  010  000  000  000  000  006  012  001  000  019  034  049  063  004 
 015  006  000  000  000  000  000  003  011  006  006  027  035  043  057  004 

Celda16

 000  001  004  003  005  002  000  002  019  024  011  000  000  003  005  012 
 000  002  004  004  000  000  004  008  017  019  006  002  000  000  000  004 
 000  000  000  000  000  000  006  010  020  017  002  001  000  000  000  000 
 000  000  000  000  000  000  006  013  023  020  000  000  000  000  000  000 
 000  000  000  000  000  000  004  016  024  017  001  000  000  000  002  000 
 000  000  000  000  000  000  000  016  022  014  004  000  003  004  001  000 
 000  000  000  000  000  000  000  013  018  012  006  003  006  008  000  000 
 000  000  000  000  000  000  007  025  023  011  005  004  005  004  000  000 
 000  000  000  000  000  000  007  019  011  001  002  003  002  000  000  000 
 000  000  000  000  000  000  006  012  003  000  000  004  000  000  000  000 
 000  000  000  000  004  000  003  002  000  000  000  005  001  000  000  000 
 000  000  000  000  008  005  004  001  000  000  000  004  002  000  000  002 
 000  002  004  006  011  008  005  005  010  012  010  009  018  023  024  026 
 000  001  005  010  012  005  005  008  014  020  018  016  028  030  025  026 
 002  004  008  010  006  004  012  019  014  012  016  018  024  020  013  013 
 003  006  011  010  007  011  023  018  003  002  010  019  020  016  013  013 

Celda17

 008  000  000  000  000  005  004  002  000  000  000  006  019  029  032  026 
 004  000  000  000  000  002  002  000  000  000  011  032  042  041  033  019 
 000  000  000  000  000  000  000  000  004  017  036  043  041  031  018  010 
 000  000  000  000  000  000  000  000  017  035  038  033  026  014  000  000 
 000  000  000  000  003  004  006  020  033  035  024  018  016  008  000  000 
 000  000  000  000  008  014  023  027  026  019  010  009  010  007  000  000 
 000  000  000  001  012  019  020  014  008  006  002  000  001  006  002  000 
 000  000  003  009  010  014  018  016  010  006  001  000  000  004  002  000 
 000  000  007  010  007  004  010  014  013  009  004  000  001  010  004  000 
 004  006  006  006  009  010  004  007  011  008  006  006  010  008  000  000 
 008  010  007  010  011  007  011  009  003  002  006  012  016  008  000  000 
 011  014  012  013  012  005  006  013  012  006  011  021  023  009  000  000 
 034  032  023  017  010  009  017  017  016  014  017  024  025  011  007  004 
 033  029  018  011  008  013  020  015  012  014  008  012  018  006  006  002 
 020  018  013  010  008  008  011  010  000  006  006  002  017  010  000  000 
 016  012  008  011  010  006  004  009  006  000  002  000  009  007  000  000 

Celda18

 014  012  005  000  000  018  023  000  003  031  024  006  012  022  025  024 
 011  004  000  000  000  013  020  001  006  032  029  012  007  011  010  016 
 006  000  000  000  000  012  012  000  008  034  032  015  012  010  004  008 
 000  000  000  000  000  012  006  000  013  038  032  014  015  016  011  010 
 000  000  000  000  000  012  006  002  028  048  035  019  025  030  020  013 
 000  000  000  000  000  012  015  020  039  046  033  025  034  038  027  018 
 000  000  000  000  000  017  030  037  038  038  035  036  044  045  035  024 
 000  000  000  000  000  028  050  049  032  032  042  045  044  040  028  014 
 000  000  000  000  000  040  064  046  019  026  043  038  028  023  012  000 
 000  000  000  000  000  046  066  039  012  022  040  032  020  016  010  000 
 000  000  000  000  015  055  059  036  018  024  036  032  020  012  008  004 
 000  000  000  012  034  058  057  038  030  035  036  027  018  011  008  008 
 000  000  000  011  037  054  052  041  041  042  035  025  016  010  008  010 
 000  000  000  014  031  044  042  038  043  041  032  027  023  015  007  007 
 000  000  004  024  029  036  037  042  048  041  032  029  025  015  004  002 
 000  000  025  035  030  038  048  058  059  046  035  030  026  016  011  004 

Celda19

 012  000  000  000  004  010  018  025  029  028  025  021  019  016  011  003 
 015  008  004  014  018  021  022  026  026  025  016  005  003  002  000  000 
 016  018  021  022  017  014  010  009  008  006  003  000  003  001  000  000 
 018  029  029  016  005  002  002  000  002  000  004  009  007  002  000  000 
 019  027  022  008  000  000  002  000  004  009  017  024  020  008  000  000 
 017  017  018  010  004  000  002  002  009  020  019  022  020  012  004  006 
 018  009  012  011  005  002  000  000  008  018  014  010  014  013  011  014 
 012  012  021  018  003  000  000  000  008  016  014  004  008  008  008  008 
 004  017  028  019  011  007  004  009  012  011  013  006  000  000  000  000 
 003  021  022  013  014  016  017  019  015  006  004  004  000  000  000  000 
 010  018  010  003  008  016  019  016  010  004  000  000  000  000  000  002 
 014  016  010  003  005  008  009  008  004  000  002  002  000  000  002  004 
 013  014  010  006  006  004  000  000  000  000  000  000  001  003  002  000 
 011  012  012  008  002  002  000  000  000  000  000  000  000  000  000  000 
 009  010  012  010  000  000  000  000  000  000  006  000  000  000  000  000 
 004  006  010  012  002  000  000  000  000  002  010  000  000  000  000  002 

Celda20

 002  003  002  000  008  004  010  010  006  002  003  006  008  007  004  016 
 002  008  012  008  013  014  016  020  016  008  000  004  008  013  016  033 
 011  005  001  002  009  013  007  016  024  022  012  005  012  014  024  036 
 008  012  000  000  009  011  000  000  013  026  026  012  014  018  018  017 
 000  008  002  003  010  008  001  002  000  008  019  018  017  022  009  000 
 006  000  002  008  010  006  001  006  010  000  006  018  023  027  006  000 
 018  014  006  007  009  004  000  006  013  007  008  016  022  023  014  006 
 012  016  015  013  010  000  000  005  016  016  009  013  015  013  010  010 
 000  005  014  014  008  004  001  002  016  022  008  008  010  005  002  002 
 000  000  004  010  010  010  008  004  016  022  016  009  006  002  000  000 
 000  004  005  000  003  005  008  009  021  030  024  008  002  002  008  012 
 000  000  008  002  000  000  002  009  019  024  015  000  000  006  015  022 
 000  000  007  003  000  006  008  006  011  012  011  002  000  011  018  019 
 000  000  008  006  002  006  011  011  008  007  007  006  004  010  014  008 
 000  000  010  011  012  007  004  014  014  014  013  009  003  008  012  004 
 008  010  017  019  016  006  002  014  023  023  017  012  006  000  008  006 

Celda21

 020  015  015  024  036  038  030  013  000  000  001  000  000  000  000  000 
 035  022  013  015  017  024  030  026  014  002  000  000  000  000  000  000 
 035  024  019  010  004  000  002  010  018  022  014  000  000  000  000  000 
 014  010  010  013  008  000  000  000  000  004  007  006  002  000  000  006 
 005  010  005  000  006  006  000  000  000  000  000  000  002  014  016  018 
 000  006  008  007  003  000  004  003  000  000  000  000  000  008  030  032 
 000  000  003  010  010  000  000  004  000  000  000  000  005  021  022  026 
 008  004  000  005  007  002  000  000  000  000  000  002  018  032  018  011 
 004  008  009  006  000  000  000  000  000  000  004  028  054  046  021  010 
 000  000  008  014  012  004  000  000  000  002  032  058  055  039  033  024 
 010  006  010  006  006  007  006  004  011  034  056  049  028  022  030  036 
 025  022  014  004  000  000  006  016  036  063  056  030  015  017  023  026 
 024  026  024  018  010  004  004  020  056  068  044  028  020  017  014  006 
 014  018  018  020  020  018  019  041  062  057  030  028  024  018  006  000 
 002  002  000  002  014  034  047  061  060  044  021  026  028  025  017  006 
 000  000  000  000  013  044  057  054  042  028  014  016  020  021  022  021 

Celda22

 000  000  008  017  029  029  015  009  008  010  005  004  012  012  013  016 
 000  008  024  032  024  018  008  001  006  006  002  000  011  018  017  017 
 006  027  042  033  017  012  010  001  008  007  002  000  007  020  023  016 
 022  035  029  016  008  010  013  009  006  004  000  000  002  016  024  014 
 028  023  014  008  008  014  020  013  000  000  000  006  010  007  011  008 
 027  011  008  004  006  018  023  014  000  000  002  012  017  013  000  000 
 027  018  008  000  006  018  019  008  000  000  000  004  002  002  008  012 
 016  026  026  017  012  024  020  005  000  000  000  002  002  000  010  024 
 012  016  022  025  020  024  017  003  000  000  000  001  006  012  016  013 
 017  011  006  017  024  018  006  000  000  000  000  007  016  016  007  000 
 028  009  006  008  014  016  010  000  000  000  008  019  019  006  000  000 
 028  021  010  009  004  006  012  011  009  016  026  025  008  000  000  000 
 008  014  015  008  002  002  006  014  016  027  029  013  000  000  000  000 
 000  000  006  008  002  001  002  008  018  023  011  000  000  000  002  006 
 000  000  000  002  004  000  002  010  008  006  000  000  000  000  011  014 
 016  006  000  000  002  002  000  010  016  007  000  000  000  000  010  014 

Celda23

 016  006  000  000  000  004  012  019  021  012  008  019  026  038  052  000 
 013  003  000  005  015  023  025  024  018  010  002  012  021  040  056  000 
 003  000  000  001  016  026  022  014  008  006  004  004  014  040  062  000 
 000  000  006  008  009  016  011  006  000  000  002  002  003  039  068  000 
 000  004  012  014  014  014  002  000  000  000  003  004  002  036  071  000 
 003  012  016  014  014  017  004  000  000  000  009  006  013  044  074  003 
 006  008  016  016  014  012  002  000  000  002  012  009  010  044  074  011 
 029  020  011  014  012  004  000  000  001  006  010  010  008  035  066  008 
 013  016  012  005  004  000  003  006  011  019  016  003  004  039  068  000 
 000  000  000  000  000  000  008  014  016  018  018  012  002  034  074  000 
 000  000  000  000  000  000  008  013  016  022  018  000  005  028  072  000 
 000  000  000  000  000  005  013  011  010  019  020  002  000  025  068  000 
 000  003  002  000  000  012  016  018  022  023  011  000  000  032  070  002 
 005  002  001  004  004  019  025  023  025  021  008  000  000  039  077  004 
 012  006  000  002  010  029  028  018  012  004  002  006  009  044  076  000 
 014  014  008  003  012  024  020  009  006  002  000  000  008  038  070  000 

Celda24

 002  004  008  007  008  019  021  006  001  005  015  016  013  013  015  016 
 000  000  002  005  010  019  013  005  004  012  015  010  005  007  014  016 
 000  000  004  010  022  022  010  007  008  015  015  011  005  008  019  018 
 002  004  011  020  037  026  017  012  013  016  016  014  010  014  021  016 
 003  008  016  022  037  024  021  016  013  012  015  015  013  011  008  008 
 004  009  018  019  026  014  016  014  009  004  010  015  012  006  000  006 
 003  008  018  022  019  009  010  014  012  006  005  012  009  005  004  001 
 003  008  016  022  021  018  017  018  018  012  004  012  010  004  010  013 
 003  007  014  018  020  020  022  020  016  011  007  010  011  002  008  015 
 001  004  009  012  012  012  012  010  008  008  008  008  008  007  011  014 
 001  002  004  004  006  004  000  000  000  006  010  008  005  009  013  010 
 000  000  000  000  000  000  000  000  000  002  008  007  002  008  013  004 
 000  000  000  000  000  000  000  000  000  003  009  012  008  006  010  000 
 000  000  000  000  000  000  000  001  004  006  008  012  014  008  000  000 
 000  000  000  000  000  006  000  000  000  003  005  002  004  002  000  000 
 000  000  000  000  000  010  003  000  000  004  004  000  000  000  000  004 

Celda25

 014  008  005  007  008  007  007  010  006  000  000  000  000  000  000  000 
 010  006  006  006  006  008  013  016  012  007  005  006  004  000  000  000 
 010  011  013  012  011  012  018  020  017  017  018  018  015  008  000  000 
 013  018  014  010  010  016  024  023  018  018  020  020  017  013  006  000 
 008  010  004  001  008  023  026  021  016  014  010  009  010  010  007  002 
 011  006  000  000  011  021  020  016  013  010  004  002  004  004  001  000 
 007  003  000  004  014  018  016  010  005  002  000  000  000  000  000  000 
 010  000  000  003  013  023  024  009  000  000  000  000  000  000  000  003 
 016  012  002  000  012  028  027  006  000  000  000  000  000  000  000  016 
 012  011  008  004  013  027  022  000  000  000  000  000  000  000  000  025 
 005  008  013  013  016  025  016  000  000  000  000  000  000  000  000  031 
 000  000  009  012  005  018  014  000  002  002  000  001  002  000  002  034 
 000  000  000  002  000  012  015  004  008  013  013  008  000  000  004  038 
 000  006  000  000  003  007  015  014  009  011  010  002  000  000  014  046 
 001  007  001  003  008  009  016  018  008  001  000  000  000  000  028  056 
 011  011  006  004  006  006  012  013  006  000  000  000  000  005  046  052 

Celda26

 000  001  037  038  031  045  062  069  061  045  033  026  022  013  014  012 
 000  009  039  034  028  045  062  061  048  036  024  013  009  003  004  008 
 000  018  034  023  021  038  047  041  036  028  009  000  000  002  000  001 
 000  024  030  018  025  036  034  032  035  028  006  000  000  000  004  002 
 004  033  024  012  028  040  036  033  032  020  002  000  000  000  007  009 
 008  043  024  008  030  047  043  033  024  012  000  000  000  000  008  012 
 016  049  028  019  043  060  049  025  013  009  001  000  000  000  010  011 
 035  062  038  028  043  055  042  016  001  005  004  000  000  006  013  007 
 062  074  043  028  031  037  032  013  002  000  002  000  002  013  010  002 
 069  063  032  020  021  023  024  018  002  005  005  005  011  011  004  001 
 051  033  012  014  019  015  016  020  011  008  010  013  014  007  000  001 
 042  022  010  019  021  016  011  019  017  012  014  016  012  007  002  000 
 042  022  015  023  012  001  001  012  018  016  017  011  006  003  002  000 
 047  027  019  016  004  000  002  014  024  025  015  000  000  000  000  001 
 043  024  015  006  000  000  012  031  039  027  003  000  000  000  000  008 
 034  026  016  002  000  000  024  044  038  010  000  000  000  003  008  008 

Celda27

 005  001  006  010  002  000  000  000  000  000  008  000  000  000  004  012 
 009  006  003  004  000  000  002  000  000  000  003  002  000  002  013  020 
 006  004  000  000  000  000  002  004  000  000  003  003  002  011  018  018 
 000  000  000  000  000  000  000  009  006  005  008  007  010  017  016  008 
 000  000  000  000  000  000  000  010  012  011  013  010  009  016  012  002 
 002  000  000  000  000  007  009  002  010  013  016  012  012  016  009  000 
 001  000  000  000  000  004  006  002  004  012  016  014  014  018  012  000 
 000  000  000  000  002  000  000  005  006  010  012  012  013  017  014  000 
 000  000  002  002  000  002  003  010  013  009  003  006  008  012  013  006 
 000  004  006  007  007  013  013  017  016  010  001  000  000  004  010  013 
 006  000  002  006  010  022  025  024  021  018  012  003  000  000  005  015 
 004  004  000  002  012  025  025  018  018  024  028  026  020  014  005  010 
 000  006  004  002  013  022  016  008  011  018  029  036  038  030  020  014 
 002  004  008  008  012  014  009  005  011  013  016  024  028  028  024  021 
 014  012  007  006  013  014  010  008  010  007  001  004  007  013  020  022 
 010  009  008  004  009  012  010  010  012  006  000  000  000  005  015  016 

Celda28

 014  010  011  020  017  008  008  021  036  033  020  014  012  006  000  000 
 018  008  004  025  025  016  016  030  044  040  022  013  006  000  000  000 
 018  012  004  034  037  024  025  032  040  034  014  006  000  000  000  000 
 014  017  014  041  044  027  026  026  029  024  007  004  003  000  000  000 
 005  016  022  044  048  031  020  016  015  017  003  000  000  001  002  006 
 000  008  018  035  042  027  006  002  000  010  000  000  000  000  000  011 
 000  001  005  018  024  017  000  000  000  005  000  000  000  000  000  019 
 000  000  000  010  016  010  000  000  000  000  000  000  000  000  005  023 
 000  000  004  010  009  004  000  000  000  000  000  000  000  016  018  018 
 012  008  011  006  000  000  000  000  000  000  000  000  010  026  024  016 
 020  019  011  000  000  000  000  000  000  000  000  005  029  039  031  022 
 019  022  014  002  000  000  000  000  000  002  016  032  037  036  030  025 
 019  016  011  002  000  000  000  000  000  014  041  044  031  023  022  021 
 028  024  012  000  000  000  000  005  022  039  049  037  020  017  021  020 
 024  015  004  000  000  000  000  014  035  040  032  019  015  021  023  021 
 008  000  000  000  000  000  005  024  023  014  004  007  018  023  020  018 

Celda29

 000  000  000  008  036  042  029  018  012  003  003  002  008  010  010  014 
 000  000  000  022  046  036  010  000  000  000  006  006  004  002  000  000 
 000  000  003  037  052  026  000  000  000  006  014  008  000  000  000  000 
 007  021  038  055  054  021  000  000  000  013  018  006  000  000  000  000 
 023  048  054  054  041  013  006  012  012  011  014  004  000  000  000  005 
 043  056  044  032  022  014  016  020  018  011  009  007  008  013  014  014 
 045  042  022  011  012  017  017  016  014  010  013  023  019  020  017  012 
 031  023  011  009  015  016  009  006  007  007  014  026  017  013  010  004 
 020  020  013  010  011  006  000  000  000  002  011  020  009  006  007  004 
 018  021  014  006  006  001  000  000  000  000  011  018  007  003  006  009 
 023  023  013  004  004  003  000  000  000  000  010  014  005  000  002  002 
 024  021  015  010  008  008  006  008  006  002  008  011  006  000  000  000 
 019  019  019  014  011  013  009  008  010  009  007  005  004  001  000  000 
 019  022  019  009  006  007  004  005  008  013  014  006  000  000  000  000 
 021  019  010  002  002  003  000  000  007  012  012  007  000  000  000  000 
 018  013  008  002  000  000  000  000  003  005  001  000  000  000  000  000 

Celda30

 020  019  009  000  000  002  006  002  010  010  001  000  010  010  009  013 
 008  016  016  010  004  003  010  016  012  000  003  003  000  010  012  016 
 000  000  010  018  018  017  018  018  016  010  000  005  005  004  018  029 
 000  000  005  014  025  032  033  027  022  024  026  018  004  012  020  021 
 012  014  012  018  025  031  038  042  042  040  034  027  020  011  015  012 
 016  016  015  023  026  022  025  035  044  040  025  015  014  010  000  001 
 008  006  006  017  020  011  011  019  014  016  010  004  004  008  006  000 
 000  000  000  012  014  003  002  010  000  000  004  012  014  012  008  005 
 000  000  000  012  015  005  002  004  000  000  014  030  036  030  018  010 
 008  005  002  012  016  007  005  006  008  016  028  038  041  040  035  027 
 003  001  000  011  018  011  010  011  014  028  037  034  030  032  036  036 
 000  000  000  010  021  016  008  008  014  028  025  018  016  017  023  032 
 000  000  000  008  020  018  011  012  020  022  008  000  003  007  014  024 
 000  008  008  007  014  015  014  018  024  021  007  000  000  003  011  016 
 000  006  006  002  008  014  018  021  022  018  005  000  000  000  000  001 
 000  000  000  000  004  014  020  020  022  017  006  000  000  000  000  000 

Celda31

 011  015  018  014  013  019  012  000  000  000  007  010  003  032  068  001 
 017  014  024  029  024  025  012  000  000  000  014  015  002  028  066  000 
 029  022  016  022  024  024  014  004  000  000  019  015  000  030  070  000 
 014  006  002  001  008  011  010  007  003  000  017  011  000  035  076  000 
 003  000  002  002  000  000  000  000  006  008  015  006  000  041  082  004 
 004  006  008  007  004  000  000  000  008  014  018  013  010  050  085  006 
 000  012  012  006  005  005  000  004  012  017  016  009  005  045  081  004 
 003  010  009  000  001  012  010  002  008  011  010  006  000  042  078  001 
 008  014  006  000  000  010  020  012  003  000  006  010  010  047  079  000 
 018  016  008  005  006  001  012  016  013  010  005  010  018  049  076  002 
 031  022  014  014  023  027  018  006  013  017  015  010  006  035  067  003 
 036  034  030  032  032  032  030  026  011  008  018  017  004  030  064  000 
 032  038  042  043  036  028  025  025  023  014  005  012  007  037  071  000 
 017  020  030  038  036  028  021  018  024  030  023  004  002  044  079  000 
 000  000  016  016  021  020  018  016  018  024  031  029  018  044  080  000 
 000  000  012  007  000  004  014  020  022  022  025  030  028  045  079  001 

Celda32

 001  002  004  006  011  021  010  006  006  007  000  000  000  000  003  011 
 001  002  004  009  020  025  013  012  012  010  002  000  002  007  008  009 
 000  002  006  010  019  016  006  006  010  011  006  004  013  016  014  006 
 001  003  008  011  014  003  000  000  002  000  002  006  022  015  013  008 
 002  006  012  015  008  000  000  000  000  000  000  008  019  004  002  002 
 002  006  014  018  010  002  000  002  007  008  008  008  007  000  000  000 
 000  000  004  009  012  011  008  016  027  025  022  009  000  000  000  000 
 000  000  000  000  011  019  019  024  032  019  020  013  004  000  000  002 
 000  000  000  002  008  017  022  018  020  003  007  010  008  006  007  008 
 001  002  005  006  008  009  014  012  007  001  001  004  004  002  002  002 
 001  002  004  004  007  004  004  004  002  000  000  002  000  000  000  000 
 000  000  000  000  006  002  000  000  000  000  000  000  001  000  000  000 
 000  000  000  000  005  000  000  000  000  000  000  000  004  006  000  000 
 000  000  000  000  004  000  000  000  000  000  000  000  001  004  004  002 
 000  000  000  000  000  000  000  000  000  002  002  000  002  008  012  013 
 000  000  000  000  000  000  000  004  008  006  002  002  006  012  016  017 

Celda33

 014  010  009  008  006  006  006  006  004  000  000  000  000  012  048  045 
 011  008  010  010  008  005  000  000  004  000  000  000  002  019  042  041 
 006  004  002  004  004  002  000  000  004  000  000  000  000  019  036  037 
 001  005  000  000  000  000  000  000  000  000  000  000  000  022  037  032 
 002  002  000  000  000  000  000  000  000  000  000  000  006  038  048  030 
 000  000  000  000  000  000  000  000  000  000  000  000  021  061  058  027 
 000  000  000  000  000  000  000  000  000  000  000  000  046  072  054  021 
 000  000  001  000  000  000  002  000  000  000  000  025  065  068  041  017 
 008  006  005  005  006  004  001  000  000  003  012  054  069  056  032  015 
 004  006  007  011  010  006  000  000  000  012  038  062  057  043  025  008 
 000  005  007  009  004  002  000  000  000  011  044  049  037  032  020  004 
 000  003  000  000  000  000  000  000  001  018  036  027  017  026  023  009 
 002  001  000  000  000  000  000  000  000  022  032  020  015  030  034  020 
 002  000  000  000  000  000  000  000  008  029  041  032  030  044  045  029 
 014  014  014  008  000  000  000  000  022  050  054  037  032  044  045  032 
 022  021  018  011  002  000  000  010  055  072  057  028  021  035  040  026 

Celda34

 034  030  021  004  005  004  026  039  023  000  000  000  000  013  012  000 
 037  032  018  001  005  007  018  031  016  000  000  000  004  018  010  000 
 032  022  010  000  000  000  008  015  007  000  000  000  013  013  001  000 
 022  016  008  000  000  000  000  000  000  004  012  012  006  002  000  000 
 012  015  010  000  003  006  004  000  000  008  018  016  002  000  000  002 
 009  015  016  009  009  008  006  006  010  019  027  021  002  000  004  020 
 014  023  024  013  004  000  001  010  016  027  034  026  014  016  024  029 
 014  021  018  005  000  000  015  032  035  039  039  028  023  029  034  029 
 010  007  001  000  000  009  049  062  051  044  034  021  018  022  025  020 
 004  001  000  001  006  034  064  056  032  026  018  008  002  003  003  003 
 004  006  012  020  031  049  053  027  004  000  000  000  000  001  001  003 
 007  015  023  031  041  047  036  009  000  000  000  000  000  002  000  005 
 014  020  024  027  032  029  013  000  000  000  000  000  002  006  002  003 
 020  016  013  018  018  010  000  000  000  000  000  008  013  023  020  014 
 017  008  000  011  010  002  000  000  000  005  010  021  021  029  028  023 
 007  000  000  006  002  000  000  004  007  018  018  014  014  017  026  024 

Celda35

 000  000  005  006  002  008  010  013  013  003  000  000  000  000  002  000 
 000  007  004  000  000  004  008  014  016  003  000  000  004  000  000  000 
 000  012  004  000  000  002  004  011  017  006  000  000  002  000  000  000 
 006  012  000  000  000  015  015  015  018  010  002  003  001  000  000  000 
 016  023  015  017  022  036  031  028  029  018  006  002  000  000  000  000 
 029  036  031  028  028  036  028  024  023  014  006  000  000  000  000  000 
 029  034  029  021  022  026  020  013  008  003  000  000  000  000  000  000 
 024  030  029  019  020  020  016  006  000  000  000  000  000  000  000  000 
 018  028  029  017  012  014  012  008  004  002  001  000  000  000  000  000 
 007  018  017  008  004  007  008  010  010  012  013  007  000  000  000  000 
 006  009  008  007  010  010  003  000  006  013  014  008  000  000  000  000 
 010  006  002  006  012  012  006  000  000  007  004  000  000  000  006  010 
 006  004  002  007  011  008  004  010  012  000  000  000  000  000  001  010 
 007  003  007  012  011  004  000  012  016  000  000  000  000  003  000  008 
 025  024  026  018  005  000  000  008  012  000  000  000  000  013  010  010 
 028  032  028  015  000  000  000  005  004  000  000  000  000  016  015  014 

Celda36

 000  000  000  000  000  000  004  026  028  011  000  008  020  022  017  015 
 000  000  000  000  000  000  007  023  024  014  007  012  020  021  019  022 
 000  000  000  000  000  004  025  044  042  023  009  012  020  023  025  030 
 000  002  004  004  002  019  040  053  041  020  012  017  029  030  025  022 
 000  000  000  004  004  024  043  044  023  014  018  027  033  026  015  015 
 000  000  000  000  000  024  042  039  021  016  021  020  016  014  012  008 
 000  000  000  000  010  037  054  053  041  031  026  016  007  018  017  004 
 000  000  000  009  030  052  067  068  054  033  026  023  022  036  028  014 
 000  009  017  029  046  062  071  067  044  018  016  022  028  037  025  018 
 002  017  030  041  057  067  065  050  022  002  002  006  011  018  016  018 
 008  021  028  038  053  057  046  026  006  000  000  000  005  012  014  016 
 015  024  027  035  045  042  026  008  000  000  000  000  010  019  023  010 
 018  035  041  044  044  034  015  000  000  000  000  000  012  019  020  009 
 023  048  053  046  040  031  013  002  000  000  007  014  025  015  004  000 
 031  053  048  033  031  029  015  011  008  008  016  026  028  014  005  000 
 032  045  036  024  027  028  014  012  010  009  016  022  019  014  014  012 

Celda37

 017  015  012  010  006  006  002  000  002  000  000  000  000  000  000  000 
 024  016  011  010  004  002  002  002  000  000  000  000  000  000  000  000 
 025  007  003  007  000  000  000  000  000  000  000  000  000  000  000  000 
 016  000  001  009  002  000  000  000  000  000  000  000  000  000  000  000 
 014  007  007  008  000  000  000  000  000  000  000  000  000  000  000  008 
 013  018  010  000  000  000  000  000  000  000  002  010  015  020  029  033 
 008  020  014  000  000  000  000  000  009  015  017  020  027  039  043  037 
 006  012  012  000  000  000  012  024  032  027  018  019  029  038  035  028 
 014  001  004  004  000  006  019  028  029  026  022  025  031  027  017  010 
 018  004  000  008  010  007  016  021  020  023  024  025  023  011  000  000 
 017  007  000  008  018  014  012  010  008  014  016  011  004  000  000  000 
 000  000  000  000  017  020  020  016  008  000  000  000  000  000  000  000 
 000  000  000  000  009  024  028  024  013  004  000  000  000  000  000  002 
 000  000  000  000  000  020  033  028  016  008  000  000  000  000  002  009 
 000  008  018  024  023  022  026  028  019  012  005  004  002  000  002  013 
 013  020  029  034  032  022  018  026  024  020  016  009  008  004  003  012 

Celda38

 000  000  000  000  001  011  016  020  026  020  010  002  002  002  000  000 
 000  000  000  002  000  008  010  018  028  024  014  006  000  000  000  000 
 000  006  008  015  014  016  010  012  023  022  014  007  000  000  000  000 
 003  016  009  008  013  017  012  011  014  013  010  007  003  000  000  002 
 017  019  008  000  004  010  010  013  015  008  002  004  006  006  005  011 
 030  024  015  007  002  002  002  006  013  013  010  005  010  019  017  009 
 032  030  026  018  007  000  002  008  010  005  002  006  020  028  015  001 
 026  026  024  020  015  010  004  004  010  007  003  004  016  019  004  000 
 010  008  005  006  010  012  009  002  004  005  007  010  014  014  002  000 
 000  000  000  000  000  003  009  012  010  006  005  012  016  014  005  002 
 000  000  000  000  004  006  014  020  021  018  012  020  027  024  016  010 
 000  000  000  008  025  019  016  018  020  021  019  024  035  033  022  016 
 006  010  016  024  028  014  010  010  012  016  018  018  029  025  011  010 
 016  022  021  012  009  005  008  009  009  006  007  005  014  015  004  000 
 018  017  016  008  002  010  010  007  000  000  000  000  007  012  010  002 
 012  004  008  011  011  018  007  000  000  000  000  000  002  014  014  004 

Celda39

 000  002  002  006  000  000  012  022  028  026  022  024  026  038  077  009 
 002  006  002  001  005  002  007  017  018  018  018  020  022  032  075  016 
 000  002  004  003  004  003  006  014  006  005  006  007  010  025  070  015 
 005  004  005  002  000  006  015  019  006  005  002  002  004  023  064  009 
 012  005  006  008  011  023  025  018  007  010  014  015  017  030  061  007 
 000  000  000  006  022  028  018  006  002  004  016  023  024  029  056  009 
 000  000  000  006  014  010  000  000  000  008  007  012  014  018  050  011 
 000  000  000  006  020  017  000  000  000  013  012  000  000  007  043  006 
 006  008  003  000  015  018  004  000  006  015  012  000  000  012  044  000 
 008  011  014  016  006  004  004  009  016  018  012  000  000  013  048  000 
 011  011  012  015  014  006  000  012  016  018  016  000  000  014  046  000 
 016  018  017  014  014  018  023  032  020  007  012  004  000  014  045  000 
 012  017  019  018  017  018  024  029  020  009  000  000  000  024  051  000 
 003  004  005  008  010  008  007  012  007  006  000  000  002  031  058  000 
 000  000  000  000  000  002  002  006  000  000  000  000  014  040  059  000 
 000  000  000  000  002  000  002  000  000  000  000  011  020  034  051  000 

Celda40

 001  001  000  000  000  000  001  005  010  008  003  002  004  008  008  006 
 000  000  002  003  008  012  012  012  009  004  002  003  005  000  000  000 
 001  002  004  008  014  015  012  010  005  001  002  001  002  000  000  000 
 001  002  005  008  013  009  002  001  002  001  000  000  000  000  000  000 
 000  000  001  003  005  000  000  000  000  000  000  000  000  000  000  000 
 000  000  000  000  002  000  000  000  000  000  000  000  000  000  000  000 
 000  000  000  000  005  000  000  000  000  000  000  000  000  000  000  000 
 000  000  000  000  008  002  000  004  000  000  000  000  000  000  000  000 
 000  000  000  000  010  012  006  007  002  000  000  000  000  000  000  000 
 000  000  000  000  010  016  010  012  010  000  000  000  000  002  000  000 
 000  000  000  000  008  012  010  016  015  000  000  000  000  000  000  000 
 000  000  000  000  006  008  008  016  014  000  000  000  000  000  000  000 
 000  000  000  002  004  006  007  011  008  000  000  000  000  000  000  002 
 000  000  000  000  001  002  004  006  003  000  000  000  000  000  010  022 
 000  000  000  000  000  000  000  000  000  000  000  000  000  016  038  027 
 000  000  002  003  001  000  000  000  000  000  000  000  009  043  040  020 

Celda41

 011  006  002  000  000  000  006  035  070  068  042  018  017  029  030  010 
 004  000  000  000  000  000  006  044  058  043  021  012  014  017  019  006 
 002  000  000  000  000  000  017  036  031  023  016  012  008  007  010  002 
 002  000  000  000  000  000  023  020  018  020  020  015  007  003  003  000 
 002  000  000  000  000  012  022  010  008  022  023  015  008  003  000  000 
 000  000  000  000  000  019  027  013  013  031  030  017  012  009  006  007 
 000  000  000  000  000  024  038  027  026  036  029  017  013  009  007  010 
 000  000  000  000  006  035  053  041  031  027  020  015  011  007  007  007 
 000  000  000  010  036  064  066  044  025  016  015  015  009  003  004  002 
 000  000  021  045  060  072  062  035  017  014  014  008  002  000  001  000 
 000  009  048  054  049  053  044  022  012  014  008  000  000  000  000  000 
 000  029  054  041  031  038  033  015  006  005  000  000  000  003  002  003 
 014  039  047  031  030  040  033  013  000  000  000  000  004  007  002  002 
 028  044  048  038  040  043  030  010  000  000  000  004  009  001  000  000 
 028  046  054  049  044  035  019  005  000  000  000  011  007  000  000  000 
 023  043  053  048  034  018  006  003  000  000  000  015  009  000  000  000 

Celda42

 000  000  000  008  000  000  000  004  008  023  032  013  008  006  020  015 
 000  000  000  007  000  000  000  000  008  024  038  024  008  008  012  016 
 000  000  000  000  000  000  000  003  016  027  035  030  004  003  001  016 
 000  000  000  000  000  001  007  016  022  025  027  027  008  000  000  016 
 001  004  006  006  008  021  027  026  024  023  019  018  010  000  000  012 
 011  009  008  010  016  034  038  032  028  024  013  008  009  000  000  002 
 011  007  010  014  018  035  038  030  023  014  002  000  006  004  000  000 
 001  000  008  014  014  029  033  019  008  000  000  000  002  012  000  000 
 000  003  014  011  012  021  024  006  000  000  000  000  002  014  006  000 
 000  008  021  012  008  012  014  001  000  000  000  000  008  013  003  000 
 001  015  023  010  003  005  004  000  000  000  000  002  018  012  000  000 
 010  019  018  008  002  003  002  002  005  006  003  003  023  011  000  000 
 008  012  010  006  005  002  000  000  004  012  020  022  031  014  002  000 
 006  011  010  005  006  003  000  003  004  012  030  030  020  009  000  000 
 002  011  012  004  002  002  000  004  014  012  010  008  000  000  000  000 
 000  010  014  004  000  000  000  003  019  022  000  000  000  000  000  000 

Celda43

 014  018  014  003  000  000  004  002  000  000  000  000  000  012  019  018 
 013  006  000  000  000  000  004  000  000  000  000  000  000  009  020  020 
 017  004  000  000  000  000  000  000  000  000  000  000  000  011  022  021 
 017  000  000  000  000  000  000  000  000  000  002  004  003  020  031  025 
 014  000  000  000  000  000  000  000  000  014  014  015  014  032  035  024 
 008  000  000  000  000  000  000  000  003  028  019  012  022  042  039  031 
 000  000  000  000  000  000  000  000  020  030  010  007  031  045  041  039 
 000  000  000  000  000  000  000  009  028  018  005  016  035  034  031  034 
 000  002  000  000  000  000  000  017  030  020  012  023  026  022  020  025 
 000  004  000  000  002  004  010  032  026  020  022  021  016  022  026  022 
 000  004  000  000  007  014  013  025  014  014  027  018  012  026  031  018 
 000  004  000  000  000  000  000  014  014  014  025  020  016  026  029  012 
 000  002  000  000  000  000  000  010  020  020  020  018  018  028  032  012 
 000  000  000  000  000  000  000  012  024  022  017  013  016  026  032  017 
 000  000  000  000  000  000  002  024  027  019  017  012  012  019  027  020 
 000  000  000  000  002  000  014  033  027  022  028  026  017  009  016  018 

Celda44

 022  030  027  019  021  021  006  005  004  003  006  010  008  008  011  012 
 018  026  032  022  016  015  000  000  001  003  000  008  011  001  005  006 
 017  026  035  028  018  014  001  002  004  003  000  006  015  004  000  000 
 023  037  047  040  028  022  011  009  004  000  000  004  016  002  000  000 
 028  046  049  033  017  011  003  003  000  000  000  005  014  000  000  000 
 039  049  036  013  009  010  002  000  000  002  000  002  012  000  000  000 
 041  037  017  004  006  010  004  000  000  005  005  001  007  000  000  000 
 029  018  006  000  006  011  006  000  000  000  000  000  000  000  000  000 
 016  002  000  004  008  010  004  000  000  000  000  000  000  000  000  000 
 006  000  000  008  012  007  000  000  000  000  000  000  000  000  000  000 
 002  000  000  010  015  006  000  000  000  000  000  002  000  000  000  000 
 000  000  000  009  012  002  000  000  000  000  000  000  000  000  000  000 
 000  000  000  008  005  000  000  000  004  000  000  000  000  000  000  002 
 000  000  000  002  000  000  000  011  012  000  000  000  000  000  000  002 
 002  000  000  000  000  000  000  024  024  006  004  000  000  000  004  005 
 008  000  000  000  000  000  017  034  024  002  008  012  010  006  010  004 

Celda45

 012  014  020  024  023  016  007  022  032  028  016  007  010  014  008  009 
 006  008  012  012  010  009  008  020  034  025  008  004  008  010  008  004 
 000  004  006  008  010  012  012  016  028  025  012  006  004  000  000  000 
 000  004  006  004  014  020  021  017  022  021  016  008  000  000  000  000 
 000  006  015  008  009  017  022  025  032  030  014  001  000  000  000  000 
 000  012  024  016  003  005  012  023  032  026  010  000  000  000  000  000 
 000  017  028  021  010  001  000  013  017  009  008  004  000  002  000  000 
 000  015  029  026  016  006  003  010  014  003  004  010  014  008  000  000 
 000  010  027  031  020  006  002  012  020  008  002  007  012  012  004  000 
 000  018  040  046  024  000  000  010  022  014  000  004  010  012  012  008 
 004  029  052  051  018  002  000  007  016  015  007  000  004  006  007  004 
 013  028  041  032  002  002  006  011  004  008  010  007  000  000  000  000 
 010  020  030  026  002  000  009  013  004  000  003  004  003  000  000  000 
 006  012  018  020  012  008  012  002  000  000  000  004  005  000  000  000 
 000  003  004  012  020  018  014  000  000  000  004  012  004  000  000  000 
 000  000  000  007  019  018  011  000  000  000  010  012  000  000  000  000 

Celda46

 012  000  000  004  016  025  013  006  000  000  000  000  002  016  016  006 
 007  000  000  000  020  032  027  026  018  004  000  000  007  017  010  008 
 000  000  000  009  028  030  016  020  020  014  004  002  020  015  000  005 
 000  000  000  014  032  026  003  000  000  011  018  019  026  010  003  003 
 000  002  008  023  023  015  000  000  000  000  018  026  025  016  014  010 
 004  014  019  021  014  002  000  000  000  001  004  010  008  006  004  000 
 005  013  007  002  002  000  000  000  000  004  004  000  000  000  000  000 
 011  013  002  000  000  000  000  000  000  000  000  000  000  000  000  000 
 010  013  004  000  000  000  000  002  000  000  000  000  000  000  000  000 
 002  012  006  000  001  000  000  000  000  000  000  002  000  000  000  000 
 000  012  008  000  000  000  000  000  000  000  000  004  000  000  012  019 
 000  010  004  000  000  000  000  000  000  000  000  000  004  000  016  030 
 000  006  000  000  000  000  000  000  000  006  003  000  009  018  027  024 
 000  000  000  000  000  000  000  000  000  007  013  008  019  033  025  009 
 000  000  000  000  000  002  008  019  028  032  033  029  030  033  019  003 
 000  000  001  004  012  032  035  030  032  036  041  041  038  036  026  017 

Celda47

 000  002  000  000  006  006  000  000  000  000  004  015  007  020  047  000 
 006  004  010  006  000  005  002  000  000  000  008  004  000  012  048  000 
 014  003  010  016  015  010  003  000  002  003  004  003  000  008  050  000 
 014  008  000  009  018  018  014  012  014  012  004  000  000  012  052  002 
 004  004  000  000  002  005  008  012  011  006  000  000  000  023  066  012 
 000  000  002  004  000  000  000  000  000  000  000  001  008  038  072  013 
 000  000  004  004  000  000  000  000  000  000  000  000  003  033  063  005 
 000  004  008  006  000  000  001  006  002  005  004  002  003  032  059  003 
 000  008  013  008  002  002  010  022  019  014  014  012  012  039  059  004 
 005  014  013  008  008  016  023  022  010  005  010  012  008  032  051  000 
 030  027  022  025  034  034  027  018  006  000  000  000  000  025  051  000 
 030  022  022  032  039  034  028  026  018  012  008  005  000  022  055  000 
 019  018  023  029  030  029  029  028  025  026  026  025  021  032  065  008 
 006  009  016  019  021  027  026  017  016  020  025  028  034  050  077  024 
 000  002  009  012  017  023  016  004  005  008  007  009  016  034  052  011 
 016  014  015  016  017  014  008  004  005  003  000  000  000  012  030  000 

Celda48

 000  000  000  000  000  000  000  000  000  000  008  018  036  049  030  015 
 000  000  000  000  000  000  000  000  000  019  027  028  037  034  016  011 
 000  000  000  000  000  000  000  006  024  034  032  022  018  011  004  008 
 000  000  000  000  000  003  012  036  047  043  029  015  006  000  000  008 
 000  000  000  000  000  017  042  052  049  040  020  012  005  002  006  019 
 000  000  000  000  011  047  055  042  033  025  010  009  010  012  022  035 
 000  000  000  002  044  062  043  024  021  015  007  010  017  022  027  033 
 000  000  004  015  056  045  016  009  015  010  010  014  020  020  016  020 
 002  006  016  020  039  016  006  014  016  001  000  004  006  005  004  011 
 004  010  018  018  016  004  003  016  018  002  000  000  000  000  000  009 
 002  005  009  007  003  001  000  008  012  004  000  001  000  000  000  012 
 000  000  000  000  000  000  000  000  008  006  003  002  002  000  000  012 
 000  000  000  000  000  000  000  000  005  004  002  002  002  002  000  011 
 000  000  000  000  000  000  000  002  002  000  000  000  000  006  009  012 
 000  000  000  000  000  000  002  006  000  000  000  000  000  010  018  015 
 000  000  000  000  000  000  006  008  000  000  000  000  002  008  018  016 

Celda49

 023  039  045  033  014  002  000  000  000  000  000  014  013  000  004  005 
 021  033  032  014  000  000  000  000  000  000  006  014  014  003  004  006 
 016  024  018  007  000  000  000  000  000  008  010  011  011  004  001  004 
 021  024  014  006  002  000  000  000  004  013  009  004  004  003  000  000 
 034  032  014  002  000  000  000  000  005  012  009  002  000  001  000  004 
 044  039  021  009  000  000  000  009  010  007  004  000  000  002  004  008 
 037  035  019  012  005  002  011  014  006  002  000  000  004  008  016  024 
 026  025  009  008  008  008  013  013  007  008  007  002  007  018  030  040 
 021  020  003  001  005  008  017  020  017  016  018  014  012  027  040  044 
 020  018  001  000  002  010  021  020  014  008  007  008  014  033  041  035 
 024  016  000  000  000  011  017  011  002  000  000  000  013  027  029  025 
 026  014  000  000  004  010  008  001  000  000  000  002  014  018  020  022 
 022  010  000  000  010  016  007  000  000  000  000  008  018  017  016  018 
 012  003  000  000  010  018  007  000  000  000  000  008  018  016  012  012 
 004  000  002  002  007  014  004  000  000  000  004  003  013  016  012  007 
 004  002  006  004  004  008  002  000  000  000  000  000  006  014  012  002 

Celda50

 007  017  024  014  008  002  000  000  014  018  000  000  000  000  000  000 
 011  019  024  015  011  011  005  000  006  010  000  000  000  000  000  000 
 008  012  013  008  000  000  000  000  006  008  002  002  000  000  000  000 
 008  011  008  006  000  000  000  004  021  019  012  006  001  000  000  000 
 012  012  006  001  000  000  002  027  036  023  017  012  010  008  000  000 
 018  015  007  004  002  007  023  043  039  023  021  022  022  018  006  000 
 031  024  011  009  010  016  034  041  030  019  018  020  019  014  009  000 
 042  026  010  006  010  016  031  032  022  011  005  002  000  000  004  012 
 035  016  008  004  007  009  019  023  015  004  000  000  000  000  000  016 
 020  008  009  008  003  000  010  018  009  000  000  000  000  000  000  010 
 014  002  004  002  000  000  006  019  011  000  000  000  000  000  000  004 
 015  000  000  000  000  000  004  017  010  000  000  000  000  000  000  002 
 014  000  000  000  000  000  004  012  006  000  000  000  000  000  000  000 
 010  000  000  000  002  001  004  008  003  000  000  000  000  000  000  000 
 004  000  000  000  009  005  002  004  000  000  000  000  000  000  000  000 
 000  000  000  002  011  007  000  000  000  000  000  000  000  000  000  002 

Celda51

 000  000  000  000  006  018  028  035  029  030  038  032  015  006  001  012 
 000  000  000  000  006  030  034  030  028  032  033  024  009  008  003  002 
 000  000  000  000  016  032  030  024  027  030  027  024  013  012  012  008 
 000  000  000  007  021  024  026  030  038  038  030  025  010  008  008  006 
 000  000  000  024  025  022  028  045  055  042  020  006  000  000  000  001 
 000  000  007  032  033  026  034  054  053  023  000  000  000  000  000  000 
 000  000  020  037  032  022  029  046  035  010  000  000  000  000  000  000 
 011  009  038  032  020  025  034  038  026  006  000  000  000  000  000  000 
 028  025  039  018  008  025  042  040  025  010  002  001  000  000  000  007 
 026  026  021  007  008  031  042  036  024  015  006  000  006  006  006  009 
 016  016  004  006  028  047  040  024  021  018  010  004  003  010  009  006 
 002  000  000  018  044  044  018  010  018  020  012  009  004  001  005  004 
 000  000  000  030  041  025  000  000  016  022  014  010  010  002  000  000 
 000  000  020  033  029  018  000  000  010  022  018  008  009  009  002  000 
 000  020  043  034  029  023  003  000  002  024  020  004  006  017  012  002 
 022  045  049  033  030  021  005  002  002  027  025  009  014  031  030  016 

Celda52

 012  006  001  000  001  012  025  024  012  000  000  009  012  010  013  005 
 008  007  006  004  007  013  013  009  002  000  002  000  006  011  013  006 
 000  002  012  016  010  002  004  008  000  000  004  006  000  008  008  004 
 003  000  013  019  011  002  002  006  000  000  004  008  000  002  002  000 
 000  000  010  013  009  005  002  000  000  004  011  007  000  000  000  000 
 000  000  008  008  008  006  000  000  001  018  018  002  000  000  000  000 
 000  001  006  008  008  000  000  000  000  024  026  006  000  000  000  000 
 004  011  009  008  002  000  000  000  000  016  026  012  000  000  000  000 
 012  005  000  003  000  000  000  000  000  001  017  018  000  000  000  000 
 005  000  000  004  004  002  004  000  000  000  005  020  010  000  000  000 
 000  000  000  006  010  000  000  000  000  000  000  010  012  004  000  000 
 001  000  000  000  008  002  000  000  000  000  000  000  006  010  000  000 
 000  002  001  000  000  002  000  000  001  000  000  000  000  008  010  010 
 000  000  002  000  000  000  001  004  008  002  006  012  013  013  022  032 
 004  004  008  012  010  000  000  013  020  017  010  008  008  013  026  034 
 015  014  012  011  008  008  013  039  041  014  000  000  003  019  029  029 

Celda53

 000  000  000  004  014  016  010  000  000  004  006  001  000  000  000  000 
 004  000  000  004  010  014  012  000  001  003  000  000  000  000  000  000 
 000  000  000  007  010  010  010  000  000  000  000  000  000  000  000  000 
 000  000  000  008  009  004  004  000  000  000  000  000  000  000  012  030 
 000  000  000  004  002  000  000  000  000  012  000  000  000  017  030  034 
 000  000  000  000  000  000  002  000  000  018  014  004  022  035  032  027 
 000  000  000  000  000  003  013  011  014  023  027  029  035  029  022  020 
 000  001  001  000  000  019  035  024  020  025  035  034  024  010  006  008 
 000  000  000  004  006  033  042  023  016  020  031  026  010  000  000  006 
 000  004  002  006  012  041  048  029  024  024  028  021  008  001  000  010 
 000  012  012  000  008  043  050  032  026  030  026  016  009  010  013  018 
 011  031  019  005  012  042  047  030  022  021  018  008  005  013  015  012 
 028  032  018  012  017  045  052  036  019  008  002  000  003  011  004  002 
 031  017  006  008  019  049  058  038  014  006  000  000  000  012  006  000 
 022  000  000  000  017  044  053  029  006  002  000  000  000  015  014  005 
 008  000  000  005  014  034  046  022  000  000  000  000  000  019  022  010 

Celda54

 000  000  010  022  034  043  033  018  015  021  030  032  031  032  029  026 
 000  013  037  039  036  033  020  008  006  014  020  017  017  022  023  021 
 020  045  048  034  021  014  010  001  006  016  019  011  010  017  020  018 
 045  047  032  016  009  008  010  007  008  018  019  006  004  014  017  016 
 033  026  010  005  012  019  023  024  022  022  017  004  000  012  021  020 
 021  012  002  007  021  026  030  039  034  022  010  006  006  011  018  024 
 013  008  010  022  025  021  026  036  026  019  007  002  010  019  015  017 
 005  007  022  029  017  008  023  028  014  010  008  000  010  012  006  004 
 009  019  029  024  010  000  018  032  018  002  010  002  008  010  000  000 
 020  028  024  013  008  004  002  028  028  006  000  000  000  014  002  000 
 021  017  008  003  000  000  000  017  030  018  000  000  000  016  010  000 
 005  006  004  003  000  000  000  012  027  020  000  000  000  018  015  000 
 000  000  000  000  000  000  000  019  030  020  000  000  000  021  022  008 
 005  014  014  008  002  000  005  016  020  014  000  000  000  021  027  017 
 010  011  006  006  011  014  010  004  008  012  004  000  000  018  034  018 
 008  006  000  000  000  004  002  000  000  004  009  000  000  016  036  025 

Celda55

 026  026  019  019  017  001  000  001  008  004  000  002  000  013  032  000 
 016  012  007  009  011  000  000  000  006  004  000  002  002  018  040  000 
 009  006  002  005  012  008  013  012  004  000  000  000  004  027  048  003 
 013  016  016  011  021  015  020  018  012  010  010  008  010  040  061  010 
 018  018  020  012  018  015  012  012  012  014  019  022  023  051  066  013 
 024  006  004  000  010  014  000  001  006  014  024  023  024  046  059  009 
 025  006  000  000  003  014  000  000  000  007  018  017  016  029  042  000 
 015  000  000  000  000  008  003  000  000  008  020  016  009  014  034  000 
 002  000  000  000  001  002  000  000  000  008  028  028  001  004  029  000 
 000  000  000  000  000  000  000  000  000  007  030  033  010  010  031  000 
 000  000  003  002  000  000  000  000  000  004  025  030  016  023  038  000 
 000  000  002  000  000  000  000  000  000  000  018  026  018  031  048  000 
 010  007  005  000  000  000  000  000  000  000  006  021  020  035  055  000 
 016  014  006  000  000  000  000  000  000  000  000  014  021  039  060  000 
 006  005  000  000  000  000  000  000  000  000  000  008  018  042  066  000 
 000  000  000  000  000  000  000  000  000  000  000  006  016  043  068  000 

Celda56

 003  008  016  016  006  000  007  006  000  000  006  008  008  009  013  014 
 005  010  017  012  002  000  004  002  002  002  009  011  010  012  014  013 
 002  004  003  000  000  000  001  000  005  008  001  002  006  014  020  019 
 000  000  000  000  000  000  000  000  006  008  000  000  008  017  021  013 
 000  000  000  001  004  004  002  000  003  006  000  000  014  018  012  000 
 000  000  000  000  008  014  012  006  001  006  002  001  012  021  010  000 
 000  000  000  000  009  019  016  008  005  015  012  016  021  020  005  000 
 000  000  000  004  022  018  014  010  008  018  019  022  027  020  006  001 
 001  003  008  012  023  010  011  012  008  016  022  023  020  016  013  012 
 003  006  008  004  006  000  000  001  000  013  024  021  013  010  010  012 
 001  002  000  000  002  000  000  000  000  016  025  019  009  004  004  004 
 000  000  000  000  002  000  000  000  000  020  022  014  003  000  000  000 
 000  000  000  000  003  002  000  000  002  018  014  006  000  000  000  000 
 003  009  024  036  042  040  036  037  038  049  038  024  022  023  027  033 
 009  024  054  074  078  075  074  076  076  082  071  065  068  071  071  071 
 000  000  000  000  000  000  000  000  000  007  003  000  000  002  002  003 

Celda57

 007  006  006  001  000  003  006  000  000  000  000  000  002  010  010  000 
 007  006  004  000  000  000  010  005  000  000  000  000  000  005  004  001 
 006  000  000  000  000  000  006  008  000  000  000  000  000  000  002  005 
 006  001  000  000  000  000  000  008  008  000  000  000  000  000  004  007 
 001  003  000  000  000  000  000  007  012  000  000  000  000  004  010  007 
 000  000  000  000  000  000  000  011  014  000  000  000  010  011  004  001 
 000  000  000  003  002  000  000  014  016  000  000  000  018  009  000  000 
 000  002  009  012  008  002  000  010  016  001  000  000  018  013  002  008 
 014  021  020  014  007  008  012  010  010  003  000  000  012  019  014  017 
 022  031  021  012  007  012  020  021  014  004  000  000  006  022  022  014 
 019  025  014  012  014  016  018  020  019  014  011  009  008  021  021  013 
 015  016  000  006  014  018  018  017  018  018  018  014  008  013  016  013 
 014  014  000  000  004  012  016  016  016  017  016  013  008  002  010  015 
 043  042  030  030  033  043  044  046  046  048  048  049  050  044  038  045 
 076  076  065  067  068  078  072  072  073  075  078  084  089  091  088  094 
 009  011  000  000  000  010  002  000  000  000  000  000  000  000  000  008 

Celda58

 002  010  005  007  014  010  000  000  000  000  000  000  000  000  000  022 
 008  018  014  010  010  000  000  000  000  000  000  000  000  000  016  030 
 014  022  021  012  001  000  000  000  000  000  000  000  000  002  025  036 
 012  020  024  014  000  000  000  000  000  000  000  006  008  003  026  038 
 006  016  022  012  000  000  000  000  002  006  008  011  013  010  027  034 
 002  014  020  007  000  000  004  012  012  005  000  000  003  012  024  020 
 002  012  019  004  000  000  004  008  008  000  000  000  000  012  009  004 
 011  014  014  002  000  000  010  002  000  000  000  004  016  006  000  000 
 015  013  008  000  000  002  008  000  000  000  000  010  018  000  000  000 
 007  004  000  000  000  006  004  000  000  000  000  002  012  000  000  000 
 008  004  000  000  000  006  000  000  000  000  000  000  008  005  006  018 
 012  008  000  005  006  000  000  000  000  000  000  000  008  025  036  040 
 014  010  006  002  005  000  000  000  000  000  000  003  027  053  055  035 
 046  043  043  036  038  034  026  022  026  042  050  070  098  102  087  064 
 094  089  087  076  075  079  086  096  102  118  122  130  135  124  112  101 
 014  012  011  001  000  000  000  000  000  014  016  016  014  007  008  010 

Celda59

 037  042  038  026  020  012  009  017  024  043  040  030  034  040  031  014 
 033  027  027  021  012  014  019  027  029  031  030  028  024  017  013  005 
 028  018  023  020  009  015  021  020  014  004  013  018  006  000  014  011 
 027  018  027  020  003  005  009  008  002  000  003  008  000  003  026  024 
 024  018  029  022  000  003  008  000  000  000  000  000  000  014  042  032 
 019  022  028  017  000  000  012  002  000  007  002  000  000  024  048  031 
 018  032  026  009  000  000  010  015  011  014  013  010  008  026  044  026 
 020  039  022  005  004  010  026  038  031  014  012  014  014  013  030  020 
 022  040  022  010  020  036  044  045  025  008  004  006  006  000  012  012 
 024  040  029  031  047  047  034  022  004  000  000  000  000  000  000  004 
 033  043  044  048  052  035  011  003  000  000  000  000  000  000  000  002 
 030  037  048  048  037  013  000  000  000  000  000  000  000  000  000  013 
 016  034  056  046  024  003  000  000  000  000  000  000  000  004  017  022 
 051  074  091  069  045  022  016  012  014  017  022  032  044  051  057  048 
 094  108  113  088  066  052  051  054  060  067  070  074  080  085  084  078 
 007  020  032  020  007  000  000  000  000  000  000  003  000  001  001  000 

Celda60

 008  006  003  001  004  014  032  049  031  006  000  004  023  032  035  026 
 000  000  000  010  020  025  026  018  004  000  010  030  037  032  030  018 
 000  001  009  024  033  026  002  000  006  005  024  039  024  012  015  009 
 000  000  005  012  018  010  000  000  019  030  036  024  004  000  012  012 
 000  000  000  000  000  000  000  000  031  048  031  003  000  000  008  016 
 000  000  000  000  000  000  010  024  044  044  021  000  000  004  002  015 
 000  000  000  000  000  000  022  034  030  028  017  004  006  015  013  012 
 000  000  000  000  008  023  020  025  022  019  015  006  007  015  018  004 
 002  010  008  004  014  021  009  008  017  016  006  004  011  008  010  003 
 010  024  020  002  004  011  004  002  002  003  000  000  016  016  000  005 
 019  033  020  000  003  011  005  003  000  000  000  000  018  022  002  014 
 033  036  012  000  004  012  006  000  000  000  000  000  021  026  020  020 
 031  027  004  000  008  010  006  000  002  003  004  002  018  028  024  007 
 055  055  036  034  040  038  037  039  037  038  040  040  035  041  039  028 
 084  088  073  072  074  071  071  070  063  066  070  073  071  076  075  063 
 007  015  002  000  002  004  007  007  001  000  000  000  000  008  018  014 

Celda61

 006  000  000  007  016  030  040  021  000  000  000  000  001  020  018  010 
 014  013  010  004  014  022  028  023  007  000  000  000  020  024  003  005 
 010  014  014  009  006  010  016  028  021  000  000  004  029  011  000  000 
 000  001  008  012  009  000  009  030  028  000  000  007  014  000  000  000 
 004  000  002  012  017  014  009  024  023  003  000  000  008  000  000  004 
 010  006  010  010  012  018  020  022  006  001  000  002  008  004  008  018 
 013  010  006  000  003  015  029  027  008  000  004  014  019  018  012  019 
 008  012  006  002  016  029  033  024  014  000  001  020  031  020  004  017 
 000  016  014  019  028  024  013  003  008  014  008  014  034  028  006  014 
 002  029  040  033  024  009  000  000  000  014  016  013  024  026  011  014 
 018  045  050  027  017  010  002  000  000  000  006  006  010  015  011  010 
 028  040  037  010  009  008  005  000  000  000  000  000  003  004  004  008 
 014  010  020  010  010  003  000  000  000  000  000  000  005  002  000  008 
 022  024  024  020  026  021  018  018  018  020  021  022  036  037  038  051 
 050  054  053  056  061  053  050  058  064  066  068  070  082  080  079  086 
 001  000  000  006  015  009  000  000  000  000  000  000  012  011  008  011 

Celda62

 012  006  000  000  002  000  000  000  000  000  003  004  000  013  032  030 
 014  010  000  000  000  000  000  000  002  007  004  012  016  015  025  034 
 008  014  001  000  000  000  000  007  024  020  020  026  029  018  021  032 
 000  014  017  004  000  000  008  024  036  022  022  022  027  013  008  022 
 002  007  024  012  002  011  024  028  030  014  014  008  012  002  000  013 
 028  031  037  019  012  028  032  020  017  006  001  000  008  006  000  004 
 036  052  044  024  014  029  028  015  013  002  000  000  009  014  002  000 
 039  034  022  008  000  024  025  018  013  006  000  000  008  018  003  000 
 024  003  000  000  000  028  032  022  007  000  000  000  004  020  012  006 
 020  001  000  000  000  028  037  020  000  000  000  000  002  021  020  012 
 016  006  000  000  000  020  036  026  000  000  002  008  004  018  020  008 
 015  011  000  000  000  009  026  033  007  001  008  006  000  008  016  007 
 014  008  000  000  002  004  016  036  023  000  000  000  000  000  014  012 
 054  039  032  032  035  039  049  060  044  016  020  026  028  026  034  036 
 085  074  072  072  074  078  080  079  064  046  052  058  062  065  070  072 
 010  000  000  000  002  007  009  012  009  000  000  000  000  000  004  012 

Celda63

 004  000  000  000  000  000  000  000  000  000  000  008  022  051  076  007 
 013  008  006  000  000  000  002  000  000  000  000  006  027  058  077  008 
 021  012  018  012  002  000  006  000  005  008  011  008  022  064  075  001 
 031  009  017  019  012  002  005  005  004  010  010  010  012  062  082  000 
 032  015  000  009  012  004  000  010  008  002  002  002  000  056  087  000 
 021  016  000  000  004  006  000  010  014  003  006  006  005  049  088  000 
 006  010  000  000  000  014  013  011  014  008  021  019  016  044  084  000 
 000  000  000  000  000  014  017  006  012  014  030  028  023  040  079  000 
 010  008  000  000  000  000  008  002  012  020  035  036  024  034  073  003 
 005  003  000  000  000  000  008  011  007  026  037  035  011  017  057  001 
 003  000  000  000  000  002  006  016  012  029  034  026  000  006  049  000 
 004  000  000  004  002  000  000  001  008  023  026  018  000  012  056  000 
 004  000  000  000  000  000  000  000  000  018  012  008  000  021  064  000 
 021  016  014  016  027  036  036  034  044  050  031  020  019  052  088  020 
 057  058  058  062  072  074  076  075  083  076  066  064  068  090  105  043 
 001  000  000  004  010  001  000  000  008  002  000  000  004  024  045  000 

