Celda0

 000  000  000  000  002  000  000  002  000  000  000  000  004  002  000  001 
 000  000  000  000  005  000  000  005  003  000  000  000  010  005  000  002 
 000  000  000  000  010  000  000  011  014  000  000  000  021  012  000  004 
 000  000  000  000  013  000  000  014  026  000  000  000  024  021  002  004 
 000  000  002  005  024  012  014  021  039  026  026  024  020  026  004  004 
 005  010  014  010  019  006  014  021  040  033  020  025  016  025  004  005 
 008  016  024  016  006  000  000  010  028  025  006  014  017  027  008  008 
 005  010  018  014  002  000  000  010  018  025  002  010  012  034  025  022 
 001  002  006  008  008  004  000  010  016  031  007  008  007  033  030  030 
 000  000  000  002  006  006  001  006  016  034  010  000  005  029  024  022 
 000  000  000  000  000  002  009  022  031  036  004  000  004  026  020  017 
 000  000  000  002  004  013  036  042  039  041  016  010  006  026  018  014 
 000  000  003  010  014  021  044  035  031  042  026  022  013  029  016  008 
 000  000  000  012  016  011  025  017  021  036  021  023  023  036  017  008 
 000  000  000  004  005  000  018  012  012  019  002  012  025  038  020  014 
 000  000  000  000  000  000  018  008  012  020  004  000  015  023  014  013 

Celda1

 000  000  000  002  003  000  000  000  000  000  000  000  000  000  000  000 
 002  001  000  004  006  001  000  000  000  000  000  000  000  000  000  000 
 006  004  002  008  010  002  000  000  000  000  000  001  000  000  000  000 
 010  010  008  010  006  000  000  000  000  000  000  002  000  000  000  000 
 015  016  017  018  006  000  000  000  000  000  008  011  014  024  032  035 
 020  017  015  018  009  014  015  012  004  000  006  015  004  003  010  018 
 020  018  021  028  022  022  024  022  022  018  004  011  016  002  002  010 
 021  020  024  028  024  017  020  022  026  030  026  011  018  015  014  020 
 029  029  022  018  016  006  006  008  014  020  022  021  025  028  022  015 
 032  032  018  010  014  004  000  000  003  010  015  020  024  027  008  000 
 024  021  022  010  004  005  000  000  000  004  012  019  024  027  012  002 
 023  015  016  019  012  003  002  002  001  002  009  018  021  021  020  030 
 022  024  009  018  026  023  009  002  000  002  010  016  015  009  016  028 
 020  026  010  006  014  017  014  008  006  008  018  013  008  007  021  023 
 022  025  010  000  000  000  014  026  023  014  014  011  013  016  025  024 
 024  027  009  000  000  000  020  029  027  015  007  020  022  026  022  020 

Celda2

 000  000  000  000  000  000  001  002  000  000  000  000  004  003  001  000 
 000  000  000  000  000  000  001  004  000  000  000  000  010  008  002  000 
 000  000  000  000  000  000  000  004  000  000  000  001  021  018  006  000 
 000  000  000  000  000  000  000  000  000  000  000  011  030  022  009  000 
 038  039  034  030  028  024  014  000  000  000  000  020  034  022  014  001 
 030  037  034  024  019  023  030  034  030  021  008  014  030  028  022  000 
 018  024  024  018  018  029  043  046  043  037  024  006  025  036  030  000 
 020  015  014  016  025  038  046  046  044  040  030  016  023  036  026  000 
 014  012  012  020  030  036  037  043  050  051  046  034  014  022  022  000 
 000  005  014  022  029  034  040  048  054  059  067  066  039  003  018  012 
 000  006  012  016  024  031  036  041  044  053  072  082  069  044  026  017 
 032  022  014  013  017  018  020  026  033  038  047  060  076  092  085  050 
 036  030  020  015  010  006  012  020  017  012  014  024  054  100  122  100 
 019  020  017  010  004  006  018  008  000  000  000  000  005  076  078  098 
 013  014  014  014  017  027  026  008  000  000  000  000  008  068  035  055 
 007  012  024  036  042  044  031  015  000  000  000  000  012  080  061  028 

Celda3

 000  001  005  006  004  000  000  002  001  000  000  000  000  001  000  000 
 000  001  012  014  009  000  000  004  002  000  000  000  000  002  000  000 
 000  001  024  030  018  002  002  009  006  000  000  000  000  000  000  000 
 000  002  036  042  021  001  002  010  006  002  002  001  000  000  000  000 
 000  004  046  051  022  000  000  004  000  004  010  008  000  000  000  007 
 000  000  048  057  028  000  000  000  000  002  014  016  004  000  000  000 
 000  000  040  053  030  003  000  002  000  000  012  019  010  000  000  004 
 000  000  032  042  027  007  006  009  001  002  011  015  009  000  000  008 
 004  015  036  035  023  012  015  008  000  002  012  011  004  000  001  010 
 004  019  036  040  035  031  018  000  000  004  012  008  000  002  006  006 
 008  012  025  032  030  021  000  000  000  009  010  004  000  008  010  004 
 020  024  025  017  016  010  000  000  000  008  004  000  003  014  012  004 
 064  058  049  024  000  002  000  000  007  007  000  000  006  016  011  005 
 090  075  066  052  029  014  020  023  019  014  014  014  017  013  006  010 
 076  066  051  048  052  058  064  048  034  022  017  016  013  003  000  014 
 042  035  026  040  068  084  080  064  046  028  016  015  017  014  005  010 

Celda4

 000  002  003  001  000  000  000  001  000  001  001  000  000  000  000  001 
 000  004  006  003  000  000  000  002  000  002  002  000  000  000  000  003 
 000  008  012  008  000  000  000  004  000  000  004  000  000  000  000  008 
 000  004  011  008  000  000  000  002  000  000  005  002  000  000  000  011 
 008  000  002  002  000  000  004  000  000  000  004  009  006  004  006  012 
 000  000  000  000  000  000  007  000  000  000  005  018  014  002  000  008 
 000  000  000  000  000  006  006  000  000  000  005  016  008  000  000  005 
 002  000  000  000  000  007  001  000  000  000  005  014  006  000  000  001 
 004  000  000  000  007  009  002  000  004  015  014  014  007  000  000  000 
 004  000  001  000  004  006  006  010  020  030  020  014  007  004  005  002 
 006  002  008  006  001  010  011  012  024  032  018  016  011  010  014  016 
 010  008  002  008  008  012  009  002  011  018  003  006  010  012  017  023 
 012  010  000  000  006  009  004  001  008  015  003  000  004  012  016  018 
 018  009  000  000  004  006  003  000  004  012  008  005  012  012  010  008 
 020  006  000  004  015  013  009  006  004  008  010  010  010  006  000  000 
 020  011  003  015  021  011  006  002  002  004  008  010  006  006  000  000 

Celda5

 001  000  000  002  002  000  000  000  000  000  002  001  000  000  000  000 
 002  000  000  005  004  000  000  000  000  000  006  004  000  000  000  000 
 004  000  000  012  006  000  000  000  000  000  010  010  000  000  000  000 
 004  000  000  016  005  000  000  000  000  000  007  012  000  000  000  000 
 002  000  000  012  000  000  000  000  000  000  000  003  000  000  000  000 
 001  000  003  000  000  000  000  000  000  000  000  000  000  000  000  000 
 002  000  004  002  006  006  000  000  000  000  000  000  000  000  004  007 
 002  004  010  006  002  004  000  000  001  006  012  014  012  012  014  021 
 000  004  012  014  005  000  000  008  016  018  019  018  016  012  011  018 
 000  004  008  012  010  004  009  020  019  016  014  014  014  011  006  007 
 016  023  020  017  017  015  018  018  008  001  000  003  009  010  006  003 
 026  028  018  012  010  010  016  009  000  000  000  000  002  007  010  010 
 020  018  012  006  003  013  021  005  000  000  000  007  002  002  006  012 
 005  004  002  002  009  024  022  002  000  000  009  014  002  000  002  008 
 000  000  000  000  016  023  005  000  000  000  006  003  000  000  001  018 
 000  000  000  004  017  013  000  000  000  000  004  001  000  000  001  017 

Celda6

 002  004  000  000  001  003  000  000  000  000  001  001  000  000  000  000 
 006  008  000  000  001  007  000  000  000  000  002  002  000  000  000  000 
 013  016  000  000  000  012  003  000  000  000  004  004  000  000  000  000 
 018  022  000  000  000  008  006  000  000  000  004  008  000  000  000  000 
 020  026  010  004  008  000  002  000  000  000  000  008  000  000  000  004 
 020  027  018  000  004  002  000  000  000  000  000  002  000  000  000  013 
 022  025  018  001  000  000  000  000  005  010  008  000  000  000  004  019 
 032  031  017  000  000  000  000  003  014  006  000  000  000  000  026  026 
 022  019  002  000  000  000  000  012  011  000  000  000  002  031  044  025 
 008  007  000  000  000  000  008  017  003  000  000  002  020  044  034  015 
 006  006  000  000  004  004  021  019  000  000  000  009  033  037  021  012 
 007  004  000  008  017  020  029  014  000  000  000  016  028  025  020  019 
 014  008  002  004  013  018  017  001  000  000  012  028  021  016  020  023 
 010  011  004  002  006  002  000  000  000  011  046  045  023  016  018  019 
 010  008  010  006  000  000  000  000  004  041  064  045  030  020  011  018 
 018  004  012  009  000  000  000  008  042  059  045  023  018  016  008  011 

Celda7

 001  001  002  001  000  000  001  001  000  001  000  000  000  009  014  000 
 002  002  006  004  000  001  002  002  001  002  000  000  002  022  034  000 
 001  006  015  009  002  004  006  005  004  002  000  000  007  050  076  000 
 002  011  019  011  007  010  010  011  010  000  000  000  009  065  102  000 
 010  022  013  006  012  016  014  018  016  002  002  003  004  062  107  000 
 026  022  002  002  014  019  016  014  008  000  000  000  007  056  102  000 
 022  010  000  011  026  020  012  005  000  002  007  006  012  059  103  005 
 010  006  009  027  028  013  006  001  000  005  015  012  009  051  097  003 
 013  010  019  031  022  005  002  002  002  015  023  014  006  050  096  000 
 016  016  023  032  022  006  006  007  008  018  021  010  005  054  102  005 
 014  014  019  029  023  009  010  016  021  023  016  005  006  059  106  008 
 016  012  015  026  022  008  007  019  023  016  008  004  007  058  105  007 
 018  018  016  021  008  002  005  015  017  011  010  006  004  055  101  001 
 012  014  010  002  001  007  011  014  017  014  010  008  004  056  101  000 
 010  000  000  000  000  012  012  012  019  012  004  010  012  060  102  002 
 012  000  000  002  013  015  004  010  022  017  007  009  012  052  094  000 

Celda8

 004  005  000  000  000  000  018  005  011  022  008  000  012  004  000  004 
 004  006  006  000  000  000  019  010  016  024  006  002  012  004  000  002 
 002  004  008  007  004  000  018  018  021  020  002  000  009  004  006  009 
 001  002  006  009  008  004  019  021  020  014  000  001  008  006  014  015 
 000  000  004  010  010  008  025  017  017  012  000  000  014  011  016  015 
 000  000  000  004  010  006  017  004  016  017  000  000  018  016  012  008 
 000  000  000  000  000  000  014  006  015  019  000  000  016  014  004  003 
 000  000  000  000  000  000  016  020  026  014  000  000  012  010  001  006 
 000  000  000  000  000  000  024  034  020  000  000  000  009  010  010  023 
 001  000  000  000  000  000  028  038  023  000  000  000  009  010  018  020 
 000  000  000  000  000  000  023  033  026  004  000  000  017  006  012  016 
 000  000  000  000  000  000  019  030  028  004  000  006  030  008  000  004 
 000  000  000  000  000  000  023  032  026  000  000  008  036  012  000  000 
 002  005  008  001  000  000  030  036  020  000  000  006  032  014  000  000 
 001  001  000  000  000  000  032  036  013  000  000  006  030  017  000  000 
 000  000  000  000  000  000  026  034  012  000  000  008  036  023  000  000 

Celda9

 019  023  011  010  007  008  020  014  008  014  013  026  019  014  012  008 
 012  015  013  016  014  002  010  011  000  004  012  012  006  000  004  013 
 010  014  014  003  008  004  000  009  010  000  000  001  001  006  018  025 
 005  008  012  003  000  000  000  001  020  009  004  011  020  025  024  016 
 001  004  006  000  004  000  003  000  023  016  008  021  027  021  012  006 
 002  008  004  000  010  009  016  020  018  017  008  018  022  008  000  009 
 008  016  011  014  032  028  018  020  010  006  007  014  019  014  010  008 
 015  016  016  018  019  006  000  003  009  006  000  007  011  013  016  012 
 017  006  014  017  012  004  000  000  000  004  002  000  004  010  012  007 
 000  000  008  014  010  006  004  000  000  000  000  000  000  010  006  000 
 000  000  005  016  010  006  008  000  000  004  000  000  000  012  002  000 
 000  000  006  017  010  004  006  000  000  006  000  000  000  010  000  000 
 000  002  006  010  008  006  008  004  003  004  004  002  002  004  000  000 
 000  007  005  001  008  016  014  006  002  000  006  010  000  000  002  000 
 000  005  004  000  010  024  020  004  000  000  008  008  000  000  000  002 
 000  000  006  005  010  022  020  003  000  000  006  004  000  000  000  004 

Celda10

 001  012  034  048  048  036  024  011  002  000  000  000  028  105  088  019 
 017  025  032  030  029  024  019  014  012  014  006  000  050  121  076  002 
 027  021  012  004  008  016  018  014  016  026  028  018  082  131  047  000 
 009  004  002  000  000  000  000  000  000  012  022  030  100  119  029  006 
 004  000  000  000  000  000  000  000  000  000  000  017  093  105  040  022 
 009  003  000  000  000  000  000  000  000  000  000  009  091  105  043  010 
 002  000  000  000  000  000  000  000  000  000  001  029  087  079  009  000 
 004  000  000  000  000  000  000  000  000  000  019  052  064  044  002  000 
 004  000  000  000  000  000  000  000  000  014  044  051  019  012  004  000 
 000  000  000  000  000  000  000  000  000  021  058  032  000  000  014  004 
 000  000  000  000  000  000  000  000  000  018  059  030  000  000  026  023 
 000  000  000  000  000  000  000  000  000  017  054  028  000  004  033  026 
 000  000  000  000  000  000  000  000  000  028  050  020  000  010  036  024 
 000  000  000  000  000  000  000  000  000  041  046  012  000  010  036  025 
 000  000  000  000  000  000  000  000  011  048  036  008  000  004  034  028 
 000  000  000  000  000  000  000  000  037  056  032  011  004  002  025  026 

Celda11

 013  010  019  052  067  070  064  053  044  036  028  025  027  030  026  014 
 000  014  043  065  056  042  038  034  034  037  037  032  033  032  030  019 
 008  038  052  039  022  008  011  016  021  028  031  028  026  022  020  015 
 024  043  026  000  006  004  000  004  018  026  028  024  017  013  016  022 
 016  002  000  000  000  012  007  000  016  024  026  021  014  010  016  024 
 000  000  000  000  000  016  022  008  005  010  014  015  012  008  008  011 
 000  000  000  000  000  016  026  014  000  000  000  000  002  002  003  002 
 000  000  000  007  014  023  031  016  000  000  000  000  000  000  001  003 
 000  000  000  009  018  019  022  010  000  000  000  000  000  000  000  007 
 005  008  009  016  014  010  004  007  000  000  000  000  000  000  003  010 
 013  019  020  017  010  006  000  001  000  000  000  000  000  002  005  006 
 005  010  012  006  000  002  003  000  000  000  000  000  000  000  001  004 
 004  000  000  000  000  000  000  000  000  000  000  000  002  002  000  000 
 006  004  000  000  000  000  000  000  000  000  000  000  000  006  004  000 
 008  006  000  000  000  000  000  004  001  000  000  002  002  001  003  001 
 009  004  000  000  000  003  000  000  000  000  001  001  000  001  000  000 

Celda12

 019  019  019  018  008  000  000  000  002  001  002  004  006  010  001  000 
 015  024  023  011  000  000  000  000  005  005  002  000  010  018  007  004 
 006  020  018  003  001  006  008  008  012  012  008  005  015  025  002  000 
 020  022  016  004  004  008  010  011  015  013  006  006  010  016  000  000 
 026  015  012  010  005  004  001  000  006  005  002  004  007  007  000  000 
 014  010  001  010  002  000  000  000  006  004  000  007  019  023  018  008 
 004  007  004  007  003  000  000  000  007  006  006  016  030  029  020  008 
 001  004  008  002  000  000  000  013  024  021  017  022  027  011  002  000 
 010  011  014  009  000  000  015  034  031  017  011  017  012  000  000  003 
 022  026  020  012  006  011  038  038  020  006  004  010  002  000  003  014 
 011  016  014  014  018  025  037  020  001  000  002  003  000  000  008  011 
 004  000  000  009  020  018  016  006  000  002  002  000  000  000  006  004 
 002  000  000  002  008  003  000  004  004  005  001  000  000  000  006  014 
 000  000  000  000  000  000  000  014  015  008  002  002  004  009  021  034 
 000  000  000  000  000  000  016  022  015  011  013  012  010  015  026  027 
 000  000  000  000  000  013  016  009  008  015  016  014  008  008  015  012 

Celda13

 000  000  000  010  016  009  000  000  000  000  002  006  002  002  012  021 
 004  004  003  007  010  008  000  000  000  000  003  013  009  005  012  009 
 001  006  010  008  000  004  000  000  000  010  022  027  014  004  005  002 
 000  002  006  005  002  000  000  000  000  020  031  029  015  003  000  000 
 000  002  001  000  000  000  000  000  019  032  032  018  008  000  000  001 
 000  001  000  000  000  000  000  013  030  029  019  001  000  000  000  000 
 000  004  000  000  000  000  003  020  022  011  004  000  000  000  000  000 
 000  005  012  009  008  006  011  021  015  006  000  000  000  000  000  000 
 012  018  022  012  015  016  017  020  016  006  001  000  000  000  000  000 
 020  016  014  010  022  032  031  022  018  013  014  016  014  000  000  000 
 014  014  014  020  030  038  038  032  024  020  020  020  016  006  000  002 
 008  019  023  031  035  031  027  030  028  022  014  004  000  000  008  024 
 024  020  018  025  030  022  014  012  009  003  000  000  000  000  015  067 
 031  010  007  016  023  011  002  000  000  000  000  000  000  000  033  101 
 016  000  004  016  019  002  000  000  000  000  000  000  000  004  063  097 
 007  004  009  018  016  002  001  003  004  001  000  000  000  024  067  068 

Celda14

 016  007  004  002  000  000  000  035  064  040  008  000  000  005  010  003 
 004  008  000  000  000  000  014  058  051  012  000  000  000  000  010  010 
 000  004  000  000  000  000  048  061  030  004  000  000  000  005  004  012 
 000  000  000  000  000  025  063  047  013  002  005  007  004  006  008  011 
 000  000  000  000  004  052  065  030  001  006  012  010  012  018  023  023 
 000  000  000  000  034  067  059  015  000  010  014  006  012  023  030  027 
 000  000  000  040  068  065  040  003  000  012  017  007  006  012  020  015 
 000  000  033  089  083  052  024  000  002  019  019  008  003  006  012  006 
 000  009  084  108  073  035  024  020  021  024  015  004  004  004  002  000 
 002  064  112  096  046  021  022  022  020  017  008  000  000  000  000  000 
 044  102  110  066  020  010  008  004  002  005  006  003  000  000  000  000 
 083  110  084  037  008  008  005  002  002  006  006  010  006  000  000  008 
 107  093  054  022  007  009  010  012  013  014  011  013  016  012  004  008 
 099  058  029  017  009  007  009  012  014  016  014  011  012  018  026  025 
 067  028  016  015  006  000  000  004  017  023  019  012  007  012  024  032 
 033  008  014  014  004  000  000  007  026  028  020  016  014  015  019  028 

Celda15

 010  006  006  010  008  000  000  013  024  018  012  008  006  044  089  000 
 012  025  022  018  010  002  002  023  023  016  014  010  005  042  087  002 
 025  044  032  024  020  015  014  020  012  012  016  012  004  038  082  000 
 029  041  025  016  014  011  005  004  005  012  014  008  006  045  088  000 
 025  023  009  002  002  000  000  000  003  013  010  003  005  053  098  000 
 013  004  006  000  000  000  000  000  006  016  010  002  002  054  104  000 
 004  000  002  000  000  000  004  009  017  022  015  007  004  050  104  000 
 000  000  000  000  000  002  008  007  008  014  011  004  002  046  102  000 
 000  000  000  000  000  000  000  000  004  013  009  003  006  046  099  000 
 000  000  000  000  000  000  002  003  016  020  015  012  012  050  102  006 
 006  004  004  002  001  000  012  029  028  022  024  023  016  047  101  010 
 018  017  018  020  022  022  034  040  021  013  020  013  004  042  101  011 
 024  020  021  024  027  029  033  030  010  006  009  000  000  042  098  006 
 023  019  022  014  006  012  018  020  010  010  009  003  000  047  099  003 
 027  017  018  017  005  000  010  019  012  009  009  010  010  051  100  002 
 030  024  017  015  004  001  016  018  004  004  013  015  018  049  097  001 

Celda16

 000  000  002  000  000  000  021  032  012  000  000  013  043  026  004  000 
 000  000  000  000  000  000  025  026  004  000  000  023  045  020  004  000 
 000  000  000  000  000  000  022  018  000  000  000  037  042  008  000  000 
 001  001  000  000  000  000  021  015  000  000  000  041  034  000  000  000 
 003  006  008  003  000  000  018  018  000  000  008  029  022  000  000  005 
 001  002  002  000  000  000  016  020  000  002  003  016  012  000  000  010 
 001  002  001  000  000  004  028  030  006  000  000  015  011  000  000  018 
 002  005  009  006  000  001  034  031  010  002  000  028  020  005  002  028 
 000  000  000  000  000  000  032  022  008  012  014  040  015  001  001  026 
 000  000  000  000  000  000  037  031  002  010  010  024  001  000  002  022 
 000  000  000  000  000  000  040  042  010  008  001  012  006  002  009  020 
 000  000  000  002  006  009  041  040  012  000  000  004  015  000  000  012 
 007  016  028  027  017  010  029  028  009  000  000  002  020  004  000  010 
 007  016  028  026  017  014  034  023  000  000  000  006  022  018  015  012 
 001  002  006  010  014  019  042  029  016  009  006  022  036  031  028  026 
 000  000  000  000  002  007  023  005  000  000  008  033  034  013  018  026 

Celda17

 000  000  004  009  008  010  011  004  000  000  002  004  002  000  001  007 
 000  000  002  004  003  000  002  008  008  002  002  007  006  002  006  011 
 000  009  005  000  000  000  000  008  011  006  006  008  002  002  012  012 
 007  018  010  000  000  000  000  006  006  008  010  004  000  002  011  010 
 016  023  013  000  000  000  001  003  002  006  006  000  000  002  007  006 
 020  022  012  000  000  000  000  004  003  002  000  000  000  000  004  002 
 026  015  008  000  000  000  002  003  002  000  000  000  000  000  003  000 
 027  005  000  000  000  002  005  002  000  000  000  000  002  002  000  000 
 015  000  000  000  006  010  000  000  000  000  002  003  000  000  000  000 
 012  000  000  000  002  008  004  000  002  006  004  000  000  004  000  000 
 011  008  014  016  008  000  008  009  007  014  020  018  012  008  002  002 
 014  019  026  022  018  008  013  019  010  010  012  012  005  000  000  000 
 018  018  014  000  003  004  006  015  004  004  005  000  006  012  014  012 
 014  018  011  003  000  000  002  010  000  005  016  022  034  042  038  032 
 022  012  003  002  000  004  020  022  013  020  043  044  030  026  022  024 
 029  020  002  002  010  021  034  032  029  035  045  031  008  002  000  006 

Celda18

 000  000  000  000  008  012  004  002  049  043  016  010  002  003  016  020 
 000  000  000  000  010  004  000  000  038  020  010  014  000  000  014  014 
 000  000  000  004  000  000  000  003  024  002  010  025  008  004  019  013 
 000  000  000  000  000  000  000  006  011  000  013  034  016  010  019  012 
 000  000  000  000  000  000  000  012  002  000  020  040  019  010  014  010 
 000  000  000  000  000  000  000  020  000  000  024  041  017  005  008  010 
 000  002  004  000  000  000  005  034  010  005  020  042  018  004  008  012 
 000  005  008  000  000  000  007  024  000  000  018  046  026  017  027  028 
 000  004  006  000  000  000  014  020  000  000  024  053  033  025  035  025 
 000  000  000  000  000  000  021  016  000  000  036  058  039  031  031  011 
 004  001  000  000  000  000  022  011  000  002  053  073  052  036  022  005 
 004  002  000  000  000  000  024  013  007  039  096  099  068  044  025  014 
 008  004  000  000  000  002  057  066  056  090  128  107  069  049  033  026 
 024  022  022  020  021  042  111  106  079  097  116  084  046  029  018  016 
 030  036  037  038  052  103  153  119  072  077  088  056  018  003  000  006 
 023  033  033  042  070  143  163  110  070  068  077  046  024  016  015  025 

Celda19

 006  003  003  000  000  005  000  000  000  004  008  004  000  002  000  000 
 000  000  008  009  007  002  000  000  002  007  010  010  010  004  000  000 
 000  000  007  016  014  000  000  000  000  000  002  006  006  002  000  006 
 000  000  005  015  018  002  000  000  000  000  004  000  000  002  005  007 
 008  009  008  012  018  004  000  000  000  006  005  000  000  004  002  002 
 012  014  010  012  014  003  000  000  002  011  004  000  000  000  000  000 
 012  010  010  012  006  000  000  000  006  010  001  000  000  000  000  004 
 015  004  007  008  000  000  007  007  006  005  002  000  000  001  004  019 
 012  004  004  000  000  002  010  012  006  003  004  000  002  005  008  021 
 008  010  014  010  007  007  010  014  007  000  002  002  003  013  014  017 
 011  021  025  022  022  027  027  023  007  000  000  008  028  036  025  014 
 017  025  018  012  008  016  012  008  006  009  012  024  037  024  006  005 
 019  012  000  000  000  008  001  001  011  016  017  013  018  014  000  000 
 009  000  000  000  004  016  009  012  018  007  004  000  008  009  000  000 
 012  015  020  027  031  028  014  010  007  000  000  008  013  002  000  004 
 032  038  036  030  021  007  000  002  004  000  000  016  010  003  000  004 

Celda20

 000  000  000  002  014  021  009  001  008  013  004  002  005  008  014  010 
 002  004  016  025  023  021  011  007  008  010  002  000  002  007  010  008 
 014  018  029  026  016  015  014  012  009  000  000  002  000  000  007  011 
 012  014  015  007  002  007  013  010  007  000  000  006  000  000  017  027 
 000  000  000  004  002  006  012  003  000  000  000  006  000  007  042  038 
 000  000  000  006  010  011  011  000  000  000  002  009  011  031  044  015 
 002  008  008  018  023  016  009  001  002  004  006  016  019  021  012  000 
 020  016  012  013  017  007  000  000  000  002  003  013  011  006  000  000 
 019  008  002  000  013  003  000  000  000  004  016  024  015  004  000  002 
 013  000  000  000  010  002  000  000  007  020  036  038  028  020  009  002 
 008  000  000  000  006  000  000  016  023  025  029  027  022  022  016  010 
 000  000  002  002  006  002  004  012  012  010  012  012  007  004  014  018 
 002  010  015  010  008  006  003  006  010  008  007  010  012  002  000  003 
 007  008  013  008  005  008  004  002  006  006  004  006  013  011  000  000 
 010  002  000  006  006  006  001  004  011  013  011  011  010  010  004  000 
 006  004  000  012  016  009  006  010  016  017  016  015  008  000  006  000 

Celda21

 006  008  011  013  008  000  002  005  001  000  000  000  005  053  062  042 
 008  010  010  006  002  000  000  000  000  000  000  000  071  090  056  025 
 017  018  009  000  002  000  000  000  000  000  000  077  127  091  040  014 
 023  016  003  000  000  000  000  000  000  000  028  111  112  041  024  020 
 012  004  002  007  004  000  000  000  000  002  066  114  080  010  014  022 
 000  003  006  006  012  004  000  000  000  029  101  111  063  014  014  014 
 000  004  014  006  000  000  000  000  000  076  114  084  036  011  008  002 
 000  002  012  008  000  000  000  000  044  110  100  050  015  004  002  000 
 009  012  006  000  000  000  000  005  097  118  070  024  007  000  000  004 
 013  012  008  000  000  000  002  071  121  091  030  005  003  000  000  000 
 018  002  000  000  000  000  045  106  096  045  004  000  000  000  000  000 
 016  000  000  000  000  011  093  100  058  023  000  000  000  008  009  004 
 000  000  000  000  000  063  108  074  037  026  016  010  006  025  026  012 
 000  000  000  000  043  108  105  052  024  021  017  018  016  029  022  008 
 000  000  000  009  091  126  085  024  004  010  004  006  006  015  010  002 
 000  000  000  052  109  098  031  000  000  015  000  004  010  011  006  004 

Celda22

 023  006  008  013  010  006  006  018  029  016  004  008  016  024  031  029 
 020  014  014  011  014  016  017  027  026  002  000  000  011  023  029  020 
 021  019  013  012  016  023  022  028  022  008  002  002  011  018  012  011 
 033  029  016  014  016  013  016  022  015  012  013  012  016  015  009  013 
 040  037  022  015  011  004  008  012  005  005  010  014  019  019  015  014 
 026  027  018  018  012  010  006  002  000  000  005  008  010  011  010  008 
 012  020  011  011  008  003  001  000  000  002  004  004  000  001  006  004 
 006  024  014  000  000  000  000  000  000  010  009  008  005  000  006  014 
 007  022  016  000  000  000  000  000  000  014  019  016  014  008  003  018 
 004  018  021  005  004  000  001  005  005  014  024  013  008  015  018  021 
 000  014  026  011  010  008  013  014  017  018  020  010  000  004  016  015 
 002  010  030  016  014  017  017  013  013  012  015  005  000  008  017  014 
 010  008  027  020  002  010  007  001  000  004  013  017  017  020  020  015 
 010  008  018  020  000  000  000  000  003  009  017  025  026  020  016  017 
 004  008  015  020  007  004  004  007  017  016  018  025  023  014  012  013 
 001  001  012  025  021  018  019  018  023  020  018  018  014  002  002  000 

Celda23

 021  017  012  017  006  000  016  024  003  002  019  021  018  043  092  002 
 011  008  006  007  002  006  018  024  004  000  014  013  000  028  082  000 
 012  016  014  006  000  004  026  025  000  000  007  014  000  035  083  000 
 020  026  029  025  017  013  016  008  000  000  000  006  004  048  092  000 
 016  020  026  030  029  020  001  003  000  006  010  004  007  053  094  000 
 009  010  012  015  017  018  012  002  007  000  001  010  034  067  092  001 
 004  006  007  008  004  000  006  013  007  000  000  019  034  054  086  010 
 002  004  010  014  010  002  002  010  010  002  002  029  022  041  084  012 
 008  003  012  012  020  022  019  014  010  016  029  037  017  043  086  007 
 007  006  010  002  012  022  020  009  006  016  035  024  006  042  086  000 
 006  008  010  002  004  012  010  002  003  019  026  015  011  037  087  000 
 012  010  008  007  012  010  009  010  014  030  032  021  026  051  098  012 
 018  010  008  019  015  005  006  018  036  045  039  025  026  053  099  022 
 016  014  014  024  006  000  004  023  046  036  022  012  014  049  091  021 
 008  014  012  013  000  005  014  038  037  014  005  001  005  045  077  010 
 001  001  002  005  003  010  020  041  023  006  000  000  009  039  062  000 

Celda24

 000  000  000  000  000  006  015  000  000  002  017  049  038  016  023  040 
 002  004  004  004  006  025  043  030  030  028  042  063  050  042  040  042 
 002  004  008  014  020  046  065  048  043  036  043  057  047  037  032  021 
 002  006  013  020  022  042  056  034  025  022  031  045  029  012  008  004 
 003  008  015  017  016  033  045  026  014  018  037  047  022  010  007  006 
 003  007  013  014  014  036  046  027  010  018  049  043  018  015  017  019 
 003  006  010  010  012  040  044  017  002  004  040  018  005  006  012  016 
 003  004  003  001  003  033  035  007  001  000  029  003  000  001  004  006 
 000  000  000  000  000  031  033  008  010  006  024  005  004  011  012  014 
 000  000  000  000  002  038  042  012  015  014  027  015  013  023  022  024 
 000  000  000  000  024  055  055  020  017  021  037  027  024  031  027  024 
 000  000  000  010  041  066  067  023  016  019  041  033  032  036  029  025 
 000  000  000  002  045  068  062  016  014  024  039  033  035  036  029  028 
 000  000  000  004  053  061  040  003  012  040  048  039  035  030  027  030 
 000  000  004  027  071  058  027  002  010  050  049  035  027  019  016  015 
 000  000  006  048  081  055  023  012  018  043  026  008  008  004  001  000 

Celda25

 024  026  018  015  031  032  028  025  024  031  031  019  005  003  000  005 
 021  020  034  034  038  022  009  011  017  019  013  006  002  000  000  017 
 019  010  025  031  020  001  000  008  017  012  000  000  002  000  000  019 
 015  009  006  012  014  007  000  002  012  016  004  000  000  000  000  018 
 023  015  006  008  010  014  017  018  008  007  010  000  000  000  000  015 
 040  025  016  011  007  008  010  019  019  008  003  000  000  000  000  002 
 033  019  018  018  014  016  018  020  016  014  004  000  000  000  000  000 
 022  025  024  024  019  023  028  022  019  024  024  016  010  004  000  000 
 028  036  023  020  014  010  014  019  028  036  035  025  016  012  007  000 
 026  030  022  019  020  012  013  022  030  028  024  018  016  020  018  004 
 022  036  044  032  035  030  026  029  024  016  016  020  024  022  014  007 
 028  048  053  030  036  038  032  026  016  014  020  026  025  013  000  004 
 038  047  036  016  021  031  030  022  015  013  014  014  010  002  000  004 
 037  030  014  005  006  012  014  012  009  004  000  000  000  000  000  006 
 008  000  000  000  000  000  000  000  000  000  000  000  000  000  000  012 
 000  000  000  000  000  000  000  000  000  000  000  000  000  000  000  028 

Celda26

 022  028  029  038  081  137  133  075  058  058  068  044  038  033  026  024 
 035  025  026  028  073  102  078  024  022  036  047  030  026  020  010  000 
 027  002  001  008  056  063  036  000  000  023  031  012  000  000  000  000 
 019  000  000  012  040  042  026  000  000  041  026  000  000  000  000  012 
 008  000  000  030  034  032  025  000  006  050  024  000  000  000  003  001 
 000  000  002  040  025  031  036  000  004  040  019  000  000  000  006  007 
 000  000  020  040  020  036  045  005  000  024  014  000  000  000  011  011 
 000  000  062  071  042  053  052  003  000  013  014  000  000  002  012  006 
 000  029  093  067  026  034  032  000  000  006  020  005  010  008  006  000 
 000  046  074  024  000  020  029  004  000  003  027  013  010  008  001  000 
 015  067  051  004  000  030  034  008  000  002  032  024  002  006  002  003 
 028  080  047  006  000  042  046  012  004  000  026  030  006  000  000  000 
 031  065  036  028  030  066  059  025  020  014  010  030  020  000  000  004 
 035  049  026  018  025  062  056  025  020  024  022  035  027  002  004  007 
 050  052  029  020  035  064  049  023  020  032  042  040  027  006  006  000 
 061  051  029  027  051  057  035  026  029  034  032  022  008  000  000  000 

Celda27

 009  004  000  000  000  000  000  004  007  002  005  011  001  003  003  000 
 000  000  000  000  000  008  009  000  009  002  006  013  003  004  006  002 
 000  000  000  002  004  001  002  000  004  010  013  017  008  008  008  004 
 021  026  022  012  002  000  000  004  000  013  021  016  007  012  013  009 
 012  020  019  013  008  007  012  018  014  009  020  020  014  010  010  009 
 001  006  010  015  018  015  014  018  020  012  012  026  025  006  004  006 
 002  000  000  006  014  012  008  008  015  015  008  032  028  000  000  004 
 000  000  003  001  000  001  000  000  010  016  014  033  023  000  001  006 
 000  002  004  001  000  000  000  004  012  018  022  026  020  002  008  014 
 002  014  010  006  000  000  000  013  014  014  023  018  023  015  015  018 
 014  024  022  020  016  010  010  014  011  014  012  014  017  014  008  006 
 015  027  026  016  012  012  010  004  006  013  000  001  000  006  000  000 
 023  031  012  000  000  001  002  000  003  014  005  000  002  016  026  026 
 030  020  000  000  000  000  000  000  003  018  024  025  031  052  059  042 
 022  014  000  000  000  003  000  006  040  070  066  047  040  051  041  017 
 008  014  000  000  010  011  012  039  080  085  055  029  019  031  018  006 

Celda28

 002  008  010  014  016  014  018  024  019  009  004  001  000  000  000  000 
 000  012  012  000  000  004  020  026  016  005  000  000  000  000  000  000 
 000  010  009  000  000  000  016  013  002  000  000  000  000  000  000  000 
 002  004  006  000  000  000  014  012  000  000  000  000  000  000  000  000 
 008  002  004  004  000  000  008  007  000  000  000  000  000  000  000  027 
 008  006  000  002  000  001  004  002  000  000  000  000  000  000  006  114 
 008  004  000  003  006  006  000  000  000  000  000  000  000  000  095  160 
 011  009  007  022  015  012  008  006  001  000  000  000  000  054  149  132 
 018  020  019  026  012  013  014  012  007  000  000  000  014  109  131  055 
 017  022  016  007  005  008  008  002  000  000  000  000  057  114  075  010 
 006  007  000  000  010  001  000  000  000  000  000  010  092  097  044  013 
 000  000  000  000  017  002  000  000  000  000  006  080  121  088  044  038 
 023  020  022  029  050  032  028  016  000  000  068  127  115  067  036  035 
 034  031  036  036  041  026  028  022  013  022  112  121  075  037  020  020 
 012  016  022  016  000  001  000  000  012  052  108  081  039  020  020  026 
 008  011  009  000  000  000  000  000  012  071  082  051  028  018  030  036 

Celda29

 000  000  026  100  101  050  010  000  002  018  000  007  015  015  009  001 
 000  012  098  119  070  017  003  000  007  014  004  004  007  009  012  012 
 000  060  121  086  020  000  001  006  008  010  008  000  000  002  004  012 
 029  103  100  048  002  000  002  012  010  008  004  000  002  010  015  020 
 113  122  069  026  004  000  010  022  019  012  003  000  011  024  023  020 
 146  091  030  000  006  014  032  034  016  007  003  005  021  024  007  009 
 110  031  018  007  003  027  030  014  002  005  000  000  017  015  000  004 
 039  002  004  011  014  036  022  010  008  025  024  022  036  033  022  024 
 000  000  000  014  028  041  029  029  047  057  050  047  051  046  038  038 
 000  000  011  029  049  049  040  042  053  053  046  042  034  025  025  022 
 016  030  044  057  060  048  036  030  037  038  035  026  016  008  013  006 
 047  055  060  055  044  030  029  025  043  043  032  011  000  000  008  000 
 042  046  044  031  020  013  016  023  045  033  010  000  000  000  010  002 
 023  021  016  007  006  007  004  005  014  005  000  000  000  000  013  011 
 021  014  011  004  001  002  000  000  002  004  001  000  000  008  022  014 
 025  008  003  004  001  000  000  000  000  011  016  015  014  019  019  000 

Celda30

 003  005  013  027  027  016  018  012  019  025  020  014  013  000  000  000 
 010  013  012  020  020  002  004  001  010  020  012  011  013  006  004  007 
 016  017  013  012  018  006  000  000  010  022  008  001  009  010  016  018 
 023  029  030  020  009  008  000  000  006  020  010  005  010  008  012  008 
 021  031  032  026  013  000  000  001  002  015  009  006  013  010  000  000 
 014  016  007  002  004  005  009  012  014  020  014  006  006  006  002  000 
 016  018  010  000  015  024  028  024  025  030  028  020  014  006  004  006 
 028  026  028  031  031  034  028  021  015  014  016  014  016  016  010  000 
 036  035  037  029  013  013  012  004  000  001  010  001  001  000  000  000 
 021  018  017  002  000  002  000  000  000  000  014  004  000  000  000  000 
 002  000  000  000  000  011  004  000  000  000  014  004  000  000  000  009 
 000  000  000  000  000  012  010  000  000  000  006  006  000  000  018  048 
 000  005  004  006  006  000  004  000  000  000  000  013  012  016  036  044 
 008  008  002  000  000  000  000  001  000  000  002  023  031  028  024  013 
 004  002  000  000  000  000  000  014  012  025  034  049  043  026  013  004 
 000  000  000  000  000  002  025  043  031  026  030  034  026  014  010  003 

Celda31

 004  000  000  007  012  006  012  026  006  003  000  000  005  031  060  000 
 012  004  001  014  009  000  006  020  000  000  000  000  000  028  066  000 
 014  007  006  020  007  000  004  020  001  000  000  000  000  030  076  000 
 000  000  005  022  008  007  002  012  000  000  000  000  002  045  092  011 
 000  004  011  016  000  000  000  000  000  000  002  024  044  083  108  029 
 004  008  007  001  000  000  000  000  002  022  040  058  064  078  090  027 
 000  000  000  000  000  002  016  034  046  054  055  054  045  051  065  019 
 000  000  002  006  006  022  036  044  044  044  040  033  022  030  047  009 
 000  000  012  030  028  020  021  030  034  033  024  012  006  020  039  000 
 004  023  046  048  023  006  003  027  034  022  006  000  001  022  042  000 
 036  039  037  030  008  004  002  026  022  002  000  000  002  022  042  000 
 051  026  015  017  006  012  010  016  016  000  000  000  008  026  045  004 
 031  010  008  011  009  010  012  005  005  000  000  000  009  031  052  009 
 006  000  000  005  010  002  007  008  011  012  012  008  002  032  054  000 
 000  000  000  005  016  006  004  010  021  025  024  019  009  026  056  000 
 000  000  002  000  016  018  004  010  017  019  014  014  014  029  055  000 

Celda32

 000  000  002  052  075  031  012  012  018  023  010  001  007  002  000  000 
 003  006  008  057  065  002  000  004  012  002  002  005  012  006  000  003 
 006  013  020  053  051  000  000  015  012  007  007  022  022  009  000  002 
 008  018  028  039  040  000  003  018  012  013  023  033  023  012  007  009 
 007  016  030  027  038  010  006  014  017  015  023  025  020  019  024  028 
 005  012  025  026  032  016  012  016  027  023  017  019  025  026  028  026 
 003  008  016  016  014  015  014  014  022  020  010  012  021  018  008  004 
 002  004  008  003  000  017  016  010  008  020  006  003  012  009  000  000 
 002  004  006  001  000  026  012  002  001  022  006  000  009  005  000  000 
 001  002  005  004  000  028  017  000  000  020  008  000  006  004  000  002 
 000  000  000  003  001  026  024  006  007  016  010  000  003  006  002  003 
 000  000  000  005  008  027  029  006  012  016  015  006  003  002  002  000 
 000  000  000  006  012  014  024  006  000  001  011  002  000  000  001  000 
 000  000  000  000  004  000  017  014  000  000  014  006  000  000  002  002 
 000  000  000  000  000  000  011  026  002  000  016  012  000  000  000  000 
 000  000  000  000  000  000  009  042  017  000  014  016  000  000  000  000 

Celda33

 000  000  004  000  000  000  000  000  000  000  000  002  004  000  000  038 
 008  014  012  002  000  000  002  000  004  006  004  004  000  000  000  051 
 013  025  024  018  012  010  007  002  001  001  000  000  000  003  018  068 
 027  028  018  016  014  012  006  000  000  000  000  000  000  000  019  069 
 032  016  004  004  007  008  006  000  000  000  000  000  000  000  024  059 
 016  006  003  004  006  009  008  000  000  000  000  000  000  000  034  058 
 000  002  006  008  008  010  006  000  000  000  009  021  020  018  047  050 
 000  000  000  001  004  004  000  000  000  000  026  015  010  013  041  043 
 000  000  000  000  000  000  000  000  000  000  037  008  000  000  029  049 
 004  001  000  000  000  000  000  000  000  004  038  010  000  008  056  085 
 004  006  004  000  000  000  000  000  000  018  038  008  000  032  080  093 
 000  000  003  005  004  001  002  008  019  048  048  008  000  034  061  057 
 000  000  000  000  000  000  000  000  005  048  033  007  000  042  052  044 
 000  003  000  000  000  000  000  000  000  042  013  008  007  047  052  038 
 000  002  000  000  000  000  000  000  006  050  024  010  020  056  059  033 
 000  000  000  000  000  000  000  000  018  056  038  006  015  049  055  027 

Celda34

 058  038  018  018  043  036  019  022  024  012  000  000  000  000  000  000 
 058  029  010  009  032  019  002  009  011  000  000  000  000  000  000  012 
 060  028  008  012  030  009  000  003  008  000  000  000  004  010  022  042 
 062  035  014  017  028  005  000  000  008  000  015  034  040  035  044  048 
 053  028  010  012  014  000  000  003  019  020  034  047  049  040  043  042 
 036  010  000  002  000  000  000  012  027  027  039  041  032  026  024  027 
 028  006  001  004  002  000  016  037  032  020  022  010  000  000  002  011 
 021  003  001  014  032  045  052  045  022  010  010  001  000  000  002  006 
 051  044  042  054  065  060  041  020  007  002  002  000  006  015  012  003 
 082  061  050  049  048  032  010  007  005  002  003  017  032  031  022  010 
 073  040  026  019  014  006  000  003  007  004  007  028  031  016  013  006 
 040  014  004  002  000  002  003  000  000  000  006  023  016  000  002  002 
 037  014  000  000  000  000  003  000  000  000  006  017  012  000  000  000 
 034  014  000  000  004  008  005  000  000  000  005  010  011  005  000  000 
 024  015  002  004  014  015  012  001  000  000  005  006  012  006  000  000 
 015  017  012  016  022  014  004  000  000  000  002  002  011  009  000  000 

Celda35

 001  020  011  016  038  039  037  055  062  036  006  005  012  027  014  011 
 024  053  060  059  055  043  038  039  022  007  005  002  012  015  000  000 
 057  069  059  040  028  027  034  033  016  008  012  010  002  000  000  000 
 048  042  021  006  008  013  021  029  023  024  012  002  000  000  000  000 
 028  020  008  000  007  014  025  030  014  008  002  000  002  013  014  000 
 009  002  000  003  000  006  026  038  016  000  000  000  008  022  014  006 
 000  000  000  004  007  003  019  034  018  000  000  000  010  026  000  006 
 000  000  000  004  005  004  010  025  016  000  000  000  010  027  000  000 
 004  006  000  003  000  000  008  018  013  000  000  002  016  019  000  000 
 010  009  000  000  008  008  020  024  010  000  001  019  022  007  000  000 
 003  006  010  002  014  023  026  017  004  000  000  015  010  000  000  000 
 000  000  012  015  014  029  020  003  000  000  000  010  004  000  000  000 
 000  002  000  002  001  026  016  000  000  000  000  000  000  000  000  000 
 000  003  000  000  000  020  010  000  000  001  000  000  000  000  000  000 
 000  008  004  010  005  012  007  000  000  002  002  000  000  000  000  000 
 000  019  022  018  008  000  003  000  000  000  000  000  000  000  000  000 

Celda36

 012  010  000  000  000  000  000  000  042  080  065  045  032  027  034  026 
 002  001  000  000  000  000  000  026  074  072  049  040  037  034  030  011 
 000  003  002  000  000  000  000  065  086  060  038  030  029  030  025  012 
 008  004  006  000  000  000  036  097  094  070  054  039  031  033  030  023 
 013  000  000  000  000  002  085  108  092  079  065  048  037  033  030  024 
 003  000  000  000  000  060  118  098  073  063  042  021  016  010  015  017 
 000  000  000  000  028  108  119  074  048  044  028  002  000  000  008  014 
 000  000  000  019  066  113  096  050  026  033  026  000  000  001  002  008 
 000  000  000  022  071  087  066  027  011  022  027  003  006  008  000  000 
 000  000  002  037  067  069  042  003  000  010  024  011  000  000  000  000 
 000  000  034  048  062  058  019  000  000  004  018  022  006  000  000  006 
 000  008  052  052  048  032  000  000  000  002  013  028  014  000  000  000 
 000  024  050  043  040  028  004  000  007  004  008  018  016  005  000  000 
 000  038  042  028  024  020  018  020  016  006  004  006  012  014  006  000 
 002  054  048  037  030  021  025  029  018  008  008  008  016  016  004  000 
 012  065  058  035  024  021  027  020  013  012  008  002  009  008  000  000 

Celda37

 016  006  000  001  000  000  000  000  002  018  022  021  018  015  006  000 
 001  002  002  005  011  012  007  007  023  018  011  024  014  000  000  000 
 009  015  016  025  032  024  018  020  030  007  000  020  017  000  000  000 
 018  022  024  035  028  012  008  014  020  003  000  002  010  000  000  000 
 014  010  012  024  010  002  002  008  011  002  000  000  000  005  010  019 
 010  004  000  008  000  000  000  004  008  000  002  007  010  032  036  019 
 002  006  001  004  000  000  000  003  008  000  001  019  030  046  029  005 
 002  000  002  000  000  000  000  004  008  000  003  018  022  022  008  003 
 006  000  000  000  000  000  000  011  006  000  007  005  003  001  003  002 
 000  010  000  000  000  000  001  006  000  000  008  006  000  000  005  000 
 004  008  000  006  008  001  000  002  000  000  008  004  000  000  000  000 
 004  000  008  002  002  000  000  000  000  004  006  000  000  000  000  000 
 000  000  008  000  000  000  000  000  008  012  000  000  000  000  000  002 
 000  000  006  007  000  000  000  002  006  003  000  000  000  000  000  009 
 000  000  002  014  000  000  000  000  000  000  000  000  000  000  005  019 
 000  000  000  010  008  000  000  000  000  000  000  000  000  004  004  024 

Celda38

 000  000  000  000  010  022  044  040  018  008  008  009  008  004  009  009 
 000  000  010  006  014  022  036  020  002  000  000  005  004  000  009  009 
 000  000  016  014  005  016  024  009  004  000  000  008  006  000  008  016 
 000  012  012  008  010  016  010  000  000  004  006  008  006  000  009  021 
 018  014  006  000  009  022  012  000  000  000  000  005  007  006  015  023 
 009  009  008  008  001  018  014  000  000  000  000  002  007  008  010  012 
 004  008  000  004  006  013  013  000  000  000  000  006  012  014  008  004 
 000  005  000  000  000  008  006  000  000  000  000  007  016  018  012  000 
 000  000  000  000  008  006  000  000  000  000  000  008  020  023  019  004 
 000  000  000  000  010  004  000  000  000  000  002  013  031  032  017  000 
 000  010  013  019  024  012  009  009  015  012  008  014  030  022  005  000 
 012  018  014  018  024  022  026  028  023  015  008  003  024  016  000  000 
 011  018  020  011  008  007  014  020  017  014  013  005  016  014  000  000 
 008  010  018  014  012  014  007  000  000  003  013  012  002  010  000  000 
 015  004  012  017  014  011  002  000  000  000  000  000  000  008  001  000 
 033  025  031  038  031  018  008  000  000  000  000  000  000  006  008  000 

Celda39

 013  017  014  004  008  026  015  004  004  010  004  004  009  025  052  004 
 008  010  005  000  000  024  022  006  000  008  010  000  005  028  055  012 
 007  000  000  000  000  018  023  009  000  001  013  009  004  031  053  012 
 017  008  006  003  000  012  022  014  000  000  008  018  018  030  041  000 
 022  014  020  016  006  008  021  018  000  000  000  021  024  034  043  000 
 016  008  000  005  008  010  018  018  002  010  009  027  032  033  042  000 
 008  008  000  000  006  017  016  012  008  004  014  040  046  042  050  010 
 000  006  000  000  005  016  008  000  010  003  010  034  031  025  038  004 
 002  000  002  000  007  013  006  008  017  016  010  016  014  020  038  000 
 000  000  000  002  011  015  010  014  020  010  002  009  006  020  042  000 
 000  000  000  006  014  015  010  010  002  000  002  008  002  019  046  000 
 000  000  000  008  015  016  006  000  000  000  008  011  000  017  048  000 
 006  006  011  014  015  016  002  000  000  000  015  016  000  016  052  000 
 010  014  017  012  008  011  000  000  000  002  022  021  000  014  054  000 
 008  020  024  008  000  004  000  000  000  011  035  022  002  012  054  000 
 004  022  030  008  000  002  000  000  000  010  026  012  000  015  054  001 

Celda40

 000  000  000  000  000  000  006  048  030  001  006  012  000  000  000  000 
 000  000  000  000  000  008  007  032  032  008  000  006  000  000  000  000 
 000  000  000  000  008  001  000  008  027  014  000  002  002  000  000  000 
 000  000  000  000  008  000  000  000  022  022  004  002  002  000  000  000 
 000  000  000  000  000  000  000  000  019  034  012  000  000  000  000  000 
 000  000  000  000  000  000  000  000  012  038  018  000  000  000  000  000 
 000  000  000  000  000  002  002  008  002  029  020  000  000  000  000  000 
 000  000  000  000  000  006  004  001  000  010  016  002  001  003  000  000 
 000  000  000  000  000  005  008  000  000  000  008  008  005  006  000  000 
 000  000  000  000  006  005  010  006  000  000  001  014  011  006  000  002 
 000  000  000  000  012  010  008  009  000  000  000  020  018  006  001  005 
 000  000  000  000  012  017  010  008  002  000  000  022  024  008  000  000 
 000  001  003  001  005  022  018  012  013  014  020  028  028  010  000  000 
 000  002  008  014  012  024  034  034  036  039  035  030  032  008  000  012 
 000  000  002  014  022  023  036  034  029  030  025  032  037  018  008  044 
 000  000  000  007  020  020  022  030  020  016  018  028  020  006  002  065 

Celda41

 000  000  000  000  000  000  000  000  022  054  046  000  004  042  049  023 
 000  000  000  000  000  000  000  003  020  042  050  012  007  044  045  015 
 000  000  000  000  000  000  000  016  019  038  054  025  018  045  035  005 
 000  000  000  000  000  000  008  024  018  044  068  037  023  040  022  000 
 000  000  000  000  000  000  025  040  022  033  057  036  023  031  013  002 
 000  000  000  000  000  000  048  058  019  017  056  037  018  021  015  016 
 000  000  000  000  000  017  062  050  004  006  054  046  016  016  024  026 
 000  000  000  000  000  038  068  036  000  007  053  046  020  020  027  021 
 000  000  000  002  008  065  080  031  004  026  080  065  030  024  024  017 
 008  014  016  021  027  089  092  027  015  056  101  063  020  013  018  018 
 015  029  036  032  036  096  086  022  017  065  086  032  002  000  014  022 
 018  033  041  039  044  093  064  013  014  062  067  015  000  000  017  028 
 036  040  024  028  051  089  051  018  021  070  071  026  016  018  040  043 
 063  033  006  008  058  086  050  033  036  082  075  033  026  026  041  035 
 083  020  000  002  073  082  038  029  037  070  055  019  016  016  025  017 
 078  012  000  010  087  065  010  004  016  036  025  004  000  007  015  004 

Celda42

 012  018  019  015  012  000  000  000  004  004  000  000  005  014  000  000 
 004  017  020  010  004  000  000  008  014  015  018  018  006  012  006  006 
 004  018  022  012  003  005  013  016  016  018  024  024  014  006  017  009 
 008  019  020  013  004  007  008  008  006  008  012  010  018  024  042  024 
 017  025  018  010  003  008  004  000  000  000  000  000  020  046  058  039 
 025  019  010  004  000  002  007  000  000  000  000  004  024  037  034  023 
 017  006  006  003  000  000  001  000  001  006  009  023  028  015  006  000 
 006  000  006  010  004  008  004  000  016  031  038  040  028  004  000  008 
 008  006  005  015  008  008  013  026  053  057  045  034  018  010  000  012 
 004  010  010  020  009  002  004  030  057  051  025  011  004  007  008  015 
 009  004  008  018  007  002  004  030  046  029  004  000  000  000  008  019 
 020  010  014  016  003  000  010  033  035  016  000  000  003  005  002  012 
 030  022  020  014  000  000  013  026  022  007  000  000  008  011  000  002 
 020  015  007  002  000  000  010  020  020  006  000  000  007  006  000  000 
 006  004  000  000  000  012  010  010  025  019  011  008  000  000  000  000 
 002  004  000  002  012  029  026  017  029  021  002  006  004  000  000  008 

Celda43

 004  031  024  006  000  000  000  000  000  000  000  000  000  000  000  000 
 009  020  013  000  000  000  000  000  000  000  000  000  000  000  000  000 
 010  006  006  000  023  043  044  031  018  014  006  000  000  000  000  012 
 022  018  020  024  042  052  049  042  036  030  023  009  000  000  000  022 
 037  036  028  024  025  022  024  030  032  024  013  004  000  006  006  014 
 029  033  027  014  007  003  002  008  006  000  000  000  000  000  014  009 
 009  018  021  018  008  000  000  000  000  000  000  000  000  000  009  018 
 008  004  004  006  006  002  000  000  000  000  000  000  000  005  012  026 
 016  001  000  002  005  002  001  006  008  000  000  008  044  040  032  041 
 025  010  014  015  011  004  000  001  004  000  005  032  083  060  049  048 
 030  015  016  012  006  005  002  000  000  000  007  075  098  061  058  046 
 022  014  005  000  000  000  000  000  000  000  010  095  089  052  060  060 
 016  014  000  000  000  000  000  000  000  000  053  086  056  023  033  044 
 017  020  000  000  000  000  000  000  000  012  061  044  031  014  000  007 
 016  023  002  002  005  000  000  000  000  013  032  016  025  024  010  011 
 020  017  008  000  007  000  000  000  000  031  022  019  035  030  030  038 

Celda44

 034  080  056  026  012  016  018  010  012  016  005  000  007  006  000  000 
 070  094  054  001  000  024  033  014  016  020  002  000  002  004  000  000 
 070  069  029  008  012  029  046  039  039  027  008  008  008  006  006  016 
 070  058  026  011  032  049  050  035  020  006  000  002  004  006  013  029 
 066  062  038  037  039  032  020  015  015  006  006  010  002  000  011  024 
 060  073  069  055  037  017  011  002  008  010  012  014  004  000  012  016 
 060  085  075  046  019  002  005  014  017  011  010  014  008  007  007  005 
 067  089  072  030  001  000  002  004  001  000  007  012  013  009  002  000 
 073  089  076  030  000  000  004  000  000  002  012  009  010  012  002  000 
 066  071  066  031  010  003  000  000  004  016  018  006  004  011  006  000 
 048  046  047  026  012  012  013  027  034  029  016  005  004  010  007  002 
 051  052  047  026  006  014  020  033  029  022  016  010  007  006  007  002 
 048  053  039  013  000  000  015  026  019  013  014  010  008  004  009  011 
 014  016  006  000  000  008  017  024  016  010  010  003  000  004  020  029 
 012  004  000  000  000  019  026  016  007  009  011  007  000  010  017  026 
 030  029  020  010  006  029  032  013  005  013  006  016  016  020  022  020 

Celda45

 000  004  010  000  012  008  008  008  004  004  004  004  013  018  012  029 
 013  020  016  010  010  018  007  013  016  016  008  000  012  014  006  019 
 030  017  004  005  008  017  000  006  008  004  000  000  017  017  005  011 
 030  009  002  006  012  011  001  000  004  003  000  000  021  019  002  003 
 010  001  005  014  017  006  000  000  002  014  017  014  025  016  000  000 
 002  000  000  004  006  004  000  002  010  004  022  030  027  012  000  000 
 000  000  000  008  008  002  006  000  016  012  013  031  028  016  007  002 
 000  000  001  008  012  002  016  020  012  020  020  017  023  021  018  014 
 000  002  006  013  016  011  021  028  022  023  025  012  013  016  018  016 
 000  004  004  010  019  023  022  027  024  019  027  017  008  010  008  006 
 002  002  009  018  023  024  015  018  022  020  020  012  004  008  008  007 
 000  003  016  024  021  016  006  004  010  016  012  003  002  010  021  023 
 008  012  020  023  019  016  010  004  002  004  010  006  005  010  014  018 
 028  031  030  029  027  022  013  008  000  000  001  000  000  007  000  000 
 028  026  019  020  021  006  000  000  000  000  006  002  000  000  000  000 
 018  006  002  014  018  002  000  000  000  003  013  025  018  020  019  022 

Celda46

 042  029  024  025  015  004  006  009  006  002  000  000  000  000  012  004 
 030  020  010  010  007  000  000  000  000  000  000  000  000  000  010  012 
 019  015  010  009  004  000  000  000  000  000  000  000  012  022  032  042 
 010  009  009  007  001  000  000  000  000  000  000  001  016  028  034  044 
 006  007  007  003  000  000  002  000  000  007  004  006  027  026  021  027 
 008  011  012  006  004  000  000  000  006  011  004  002  019  010  000  006 
 017  028  023  013  010  006  000  000  012  016  000  000  010  010  000  003 
 031  039  017  004  000  002  004  000  008  020  009  002  000  001  000  000 
 028  029  002  000  000  002  008  014  011  016  014  002  000  000  000  000 
 011  017  000  000  004  008  010  022  028  017  000  000  000  000  000  000 
 014  022  007  008  010  012  010  016  020  010  000  000  000  000  000  000 
 027  032  016  012  009  002  000  002  000  000  000  000  000  004  012  007 
 010  009  000  002  003  000  000  000  000  000  000  000  010  040  066  066 
 000  006  001  002  008  004  000  000  000  000  000  013  037  079  090  067 
 007  025  028  020  010  000  000  000  000  000  018  033  062  087  072  032 
 024  039  029  010  000  000  000  000  031  048  050  055  071  076  045  017 

Celda47

 006  022  022  006  002  009  002  000  000  010  022  012  000  018  052  000 
 015  018  006  000  010  018  008  000  000  012  024  006  000  016  057  000 
 040  026  011  008  019  025  013  000  000  018  024  000  000  014  068  000 
 034  017  013  014  014  014  008  000  000  014  017  000  000  028  082  000 
 016  005  002  000  000  002  002  000  000  004  009  000  000  050  099  010 
 006  000  000  000  000  000  000  000  000  002  012  004  023  078  108  012 
 002  000  000  000  000  000  007  000  000  032  053  051  047  078  099  009 
 000  000  000  000  000  007  021  026  036  053  055  045  037  063  086  008 
 000  000  000  000  017  038  052  052  046  041  038  037  031  053  078  011 
 000  000  006  033  036  038  048  048  038  032  042  049  035  050  076  016 
 000  009  047  050  024  019  028  030  024  028  045  048  031  049  075  019 
 027  041  065  063  038  026  013  024  028  028  030  027  019  044  068  015 
 052  050  070  071  040  034  017  020  028  030  032  028  020  038  056  002 
 044  040  055  050  017  021  026  043  050  034  027  030  022  038  057  000 
 020  022  031  032  020  029  035  050  056  040  037  039  027  037  056  000 
 010  023  030  039  047  042  041  043  052  037  034  040  034  048  065  011 

Celda48

 000  000  000  001  022  021  010  022  026  018  021  016  000  000  001  070 
 001  002  000  000  025  015  020  017  026  018  017  010  000  000  026  084 
 001  001  000  000  031  013  012  010  016  014  010  002  000  000  050  103 
 000  000  000  000  028  024  000  003  000  007  012  000  000  000  075  106 
 000  000  000  000  018  023  015  000  000  003  020  000  000  003  089  088 
 000  000  000  000  008  014  019  000  000  003  030  002  000  003  077  067 
 000  000  000  000  005  007  011  000  000  006  033  002  000  010  072  052 
 000  000  000  000  004  006  004  000  000  012  028  000  000  021  076  043 
 000  000  000  000  002  007  008  002  013  038  024  000  000  038  085  041 
 000  000  000  000  001  006  012  012  029  046  012  000  000  056  088  034 
 001  002  004  002  004  005  012  023  034  029  000  002  008  063  077  024 
 001  002  004  005  009  011  023  037  030  013  000  007  008  049  068  015 
 000  000  000  002  006  016  035  041  018  007  007  014  005  042  068  016 
 000  000  000  000  006  022  034  018  002  023  026  018  008  040  069  018 
 003  004  004  000  012  030  018  000  008  038  025  014  014  053  081  022 
 004  008  011  011  031  034  000  000  019  052  014  005  012  054  072  002 

Celda49

 056  003  006  038  092  037  000  000  014  024  018  005  002  011  013  005 
 042  000  010  053  076  008  000  004  036  034  014  001  008  016  011  010 
 034  000  000  041  049  000  000  018  049  032  011  002  004  017  015  010 
 015  000  000  038  041  000  000  026  042  016  000  000  000  014  019  018 
 000  000  000  041  039  000  000  027  033  010  000  000  000  010  014  012 
 000  000  000  044  034  000  000  024  023  003  000  000  000  012  006  000 
 000  000  006  049  024  000  001  020  016  004  000  000  018  032  018  014 
 000  000  029  054  009  000  008  014  011  009  005  006  015  011  000  000 
 000  000  046  058  000  000  029  035  028  024  012  004  010  004  000  000 
 000  000  047  056  000  007  050  052  044  041  034  028  016  000  000  000 
 000  000  044  050  006  022  054  047  036  031  032  037  038  032  026  020 
 000  003  054  053  016  030  048  038  027  017  012  015  020  026  031  032 
 001  010  057  042  004  022  042  034  022  010  000  000  000  000  006  008 
 000  002  043  023  000  012  046  036  020  012  005  001  000  000  000  000 
 000  000  039  017  000  000  040  034  016  018  024  014  000  000  000  000 
 000  000  036  020  000  006  021  018  006  020  040  026  000  000  002  008 

Celda50

 007  019  018  022  025  027  018  018  016  012  002  000  009  014  010  021 
 023  033  018  016  009  007  002  008  006  000  001  012  004  016  018  017 
 018  011  000  000  000  004  000  000  002  006  006  020  014  014  020  016 
 014  000  000  000  002  006  002  001  000  007  014  020  013  006  012  014 
 011  000  000  000  011  012  006  007  008  007  007  001  004  001  000  000 
 000  000  000  008  016  014  009  010  013  012  004  000  000  000  000  000 
 007  000  007  024  025  012  008  009  011  016  008  000  000  000  000  006 
 012  022  037  045  036  016  006  008  008  014  012  000  000  000  000  006 
 001  008  014  014  010  000  000  008  013  019  014  006  012  016  015  003 
 004  012  010  006  008  004  002  013  020  014  009  006  012  020  022  012 
 008  000  002  000  003  007  008  022  029  018  013  014  002  002  010  010 
 029  020  008  000  000  000  003  016  027  022  022  027  017  003  000  010 
 011  017  019  015  012  013  010  000  004  017  030  038  031  023  008  000 
 000  004  010  016  020  024  030  034  026  008  026  038  034  031  020  000 
 000  000  003  011  016  014  014  027  045  052  057  056  033  016  010  000 
 000  000  000  000  000  000  001  008  018  035  052  059  038  016  000  000 

Celda51

 013  004  008  000  000  000  000  000  037  055  047  060  061  044  042  037 
 002  000  007  003  000  000  000  009  053  051  048  058  050  039  037  025 
 008  006  003  000  000  000  000  005  030  022  030  037  031  023  020  015 
 016  016  007  000  000  000  000  010  024  016  037  054  038  015  008  008 
 002  006  000  000  000  000  002  018  020  019  055  082  058  024  016  010 
 014  000  000  000  000  002  021  044  051  054  080  090  062  033  028  024 
 024  000  000  000  000  000  019  046  055  049  059  064  048  026  018  018 
 026  000  000  000  000  000  016  044  041  019  016  044  048  022  000  000 
 014  000  000  000  000  002  019  056  052  010  000  028  047  026  000  000 
 000  000  000  000  000  002  024  060  058  020  004  006  030  026  012  002 
 000  000  000  000  025  045  072  096  074  037  012  003  000  020  028  018 
 000  000  000  015  072  087  104  107  074  046  026  022  008  006  036  026 
 000  000  000  036  087  090  082  073  051  035  022  024  030  026  041  021 
 000  000  014  049  084  066  030  021  022  015  010  013  029  038  035  014 
 000  000  008  047  067  054  025  022  024  010  007  008  014  022  017  007 
 000  000  010  034  043  032  022  032  037  012  000  000  003  006  009  010 

Celda52

 018  023  032  036  028  033  037  023  010  009  006  014  031  036  031  020 
 002  000  002  017  022  013  028  028  017  014  020  018  024  024  017  012 
 004  000  000  000  000  000  025  038  022  026  037  034  024  018  013  012 
 008  008  003  000  000  002  016  044  026  020  033  035  030  032  026  020 
 014  028  040  034  020  016  012  030  038  024  022  026  023  027  024  016 
 026  034  043  043  034  024  012  006  042  042  018  012  008  000  002  008 
 014  007  004  010  018  020  017  013  038  045  019  006  006  000  000  006 
 000  000  000  000  000  011  019  022  027  034  020  004  001  000  002  008 
 000  000  000  000  000  003  010  012  002  025  030  022  014  008  000  013 
 000  004  011  005  000  000  008  017  017  022  039  029  011  012  007  006 
 003  006  004  005  004  006  020  026  035  024  026  024  001  000  000  000 
 004  009  016  000  005  013  027  023  022  021  000  008  002  000  000  000 
 000  003  021  014  002  012  019  008  000  003  000  000  000  002  000  000 
 000  000  010  016  017  019  011  001  000  000  000  000  000  002  000  000 
 008  015  006  000  022  025  006  000  000  000  000  000  000  000  002  004 
 010  011  006  000  014  018  000  000  000  000  000  000  000  000  021  062 

Celda53

 015  010  014  030  026  016  010  004  007  014  025  043  034  034  030  020 
 016  018  022  024  010  008  017  025  026  020  019  044  041  030  020  000 
 012  011  015  014  004  000  011  022  024  020  010  036  035  013  002  000 
 010  005  016  015  008  003  000  000  002  005  000  022  032  000  000  000 
 010  006  022  025  014  004  000  000  000  000  000  000  024  000  000  000 
 012  008  012  020  008  000  002  002  003  005  000  000  000  006  000  000 
 016  012  000  016  019  003  008  010  008  004  000  000  000  017  016  023 
 009  019  016  005  028  020  006  000  000  000  000  000  000  057  088  072 
 013  018  032  028  032  017  000  000  000  000  000  001  058  116  121  066 
 015  006  006  011  000  000  000  000  000  000  000  069  101  110  085  030 
 002  013  000  000  000  000  000  000  000  016  076  102  080  055  029  003 
 000  006  006  000  000  000  000  016  047  076  101  089  047  016  006  004 
 000  000  010  000  000  012  063  090  087  082  080  063  027  012  000  012 
 000  008  025  035  048  077  103  092  058  033  027  022  000  000  000  016 
 037  057  059  075  089  087  072  039  010  002  003  018  003  000  000  018 
 089  077  058  075  080  050  021  000  000  000  008  020  002  000  000  013 

Celda54

 006  008  000  000  000  000  004  053  104  085  059  045  050  046  024  018 
 000  000  000  000  000  019  047  103  108  054  033  023  019  022  016  016 
 000  000  010  008  021  043  063  075  042  000  005  016  016  022  018  009 
 000  000  022  039  041  027  026  022  003  000  009  028  034  026  024  014 
 000  000  033  058  042  010  005  012  005  015  045  051  045  036  028  022 
 010  031  060  076  055  025  024  027  024  030  049  050  032  032  020  012 
 046  068  082  075  051  034  036  028  024  025  026  027  001  006  002  000 
 059  070  067  038  025  036  028  025  013  021  006  012  010  000  000  000 
 040  049  037  013  007  037  019  011  003  019  006  000  010  000  002  006 
 024  033  020  008  002  033  018  000  004  019  003  006  002  012  006  011 
 013  026  015  012  004  014  022  000  008  012  000  000  000  013  000  000 
 010  016  008  010  007  000  016  019  002  000  000  000  000  008  005  000 
 011  001  000  004  012  008  002  028  012  000  000  000  000  000  014  000 
 012  000  002  002  012  016  006  019  016  000  000  006  008  000  010  001 
 016  000  004  016  000  006  004  005  016  006  006  004  004  000  000  002 
 020  000  004  022  000  000  000  000  014  016  014  000  000  000  000  002 

Celda55

 020  042  039  031  035  018  026  029  048  035  026  023  028  048  061  012 
 022  047  030  010  015  011  007  014  042  038  026  018  023  044  052  008 
 012  032  017  012  014  019  004  006  032  035  019  023  023  048  055  012 
 011  018  017  018  025  020  002  000  023  030  010  007  015  048  058  013 
 018  012  021  017  014  010  001  000  014  022  020  006  006  036  048  001 
 010  009  021  013  000  001  007  008  005  008  016  017  015  034  046  000 
 000  000  026  017  002  000  000  006  004  000  004  020  024  034  046  000 
 000  013  034  018  009  000  000  000  000  000  000  019  028  036  048  000 
 005  024  027  002  000  000  000  000  000  000  000  010  028  042  053  000 
 010  016  015  000  000  000  000  000  000  000  000  000  021  052  062  000 
 000  002  006  000  000  003  000  000  000  002  000  000  009  060  076  000 
 000  000  008  002  000  002  000  000  000  003  005  000  000  062  090  000 
 000  000  013  010  000  000  000  000  002  012  010  003  000  055  094  000 
 000  000  008  016  000  000  000  000  000  015  010  008  005  046  089  000 
 000  000  000  018  008  000  000  002  012  014  006  006  008  049  089  003 
 000  000  000  018  020  000  000  006  015  012  000  000  002  042  081  000 

Celda56

 000  000  002  016  048  029  006  002  023  051  016  000  000  046  048  000 
 000  000  000  012  040  009  002  004  019  042  010  000  000  047  035  000 
 001  004  008  006  010  000  000  000  014  034  000  000  000  057  032  001 
 002  005  008  000  000  000  000  006  020  035  001  000  000  064  034  003 
 001  002  002  000  000  000  006  012  028  038  002  000  002  068  031  000 
 001  000  000  000  000  000  012  014  034  041  000  000  008  070  027  000 
 000  000  000  000  000  008  018  023  042  041  000  000  017  068  024  003 
 000  000  000  000  000  017  022  025  043  038  002  002  020  054  019  000 
 000  000  000  000  003  018  024  030  043  033  005  004  011  046  020  000 
 000  000  000  002  004  020  036  043  046  030  004  001  002  045  028  008 
 000  000  000  000  014  035  050  045  038  026  002  000  000  058  052  016 
 000  000  000  004  032  043  046  030  024  021  000  000  004  067  052  012 
 001  002  006  012  039  037  030  013  020  020  000  000  011  064  045  001 
 010  024  050  061  082  076  063  049  060  055  037  041  060  096  071  039 
 016  038  080  102  121  116  100  092  101  094  084  093  112  133  107  080 
 000  000  000  000  016  016  003  000  011  010  000  000  013  036  024  010 

Celda57

 000  000  042  032  020  035  039  020  006  010  034  026  000  000  012  015 
 000  018  060  046  038  041  038  034  029  020  026  020  000  000  012  011 
 004  042  062  040  037  036  022  019  021  024  027  032  024  026  019  002 
 006  042  051  032  039  037  017  010  012  022  028  043  042  032  025  014 
 000  036  046  030  036  027  008  006  010  027  032  042  032  013  010  011 
 000  037  048  029  027  016  000  000  011  028  024  023  011  002  004  012 
 008  046  049  023  017  008  000  000  013  021  014  012  010  012  016  021 
 006  040  038  018  008  002  000  004  016  020  018  014  008  012  018  022 
 005  029  031  017  008  005  005  006  016  022  016  011  010  004  003  011 
 006  020  028  019  016  017  018  021  026  030  018  002  008  012  007  004 
 008  023  034  020  017  017  022  028  030  029  015  004  011  018  010  001 
 015  042  048  023  016  016  018  022  021  017  011  010  020  025  014  008 
 016  047  046  018  016  021  022  024  016  006  002  010  021  023  014  014 
 038  063  060  038  044  059  058  054  036  018  012  022  030  027  022  022 
 072  082  079  062  069  081  074  064  048  041  038  045  047  038  035  035 
 005  014  018  005  008  017  009  001  000  000  000  009  014  008  008  006 

Celda58

 004  000  000  000  000  000  002  012  014  014  031  038  023  014  000  000 
 002  000  000  000  000  004  000  010  021  018  020  018  000  000  000  000 
 000  000  000  000  001  005  000  004  020  022  023  018  000  000  000  000 
 006  000  000  005  006  009  010  016  022  016  018  012  000  000  000  000 
 016  021  020  017  009  016  025  022  020  017  011  000  000  000  000  005 
 020  028  034  035  029  024  024  007  002  007  000  000  000  000  000  022 
 026  027  029  034  037  030  017  003  007  012  000  000  000  000  018  047 
 026  027  025  021  018  020  018  014  014  000  000  000  000  007  038  065 
 012  016  015  004  000  000  011  019  008  000  000  000  006  028  054  068 
 001  000  003  002  000  000  013  015  008  000  000  000  005  038  058  060 
 002  005  006  008  007  004  015  011  004  000  000  000  026  043  043  035 
 015  019  012  012  009  004  012  008  000  000  000  000  028  054  046  018 
 018  015  010  014  015  010  007  000  000  000  000  004  024  042  040  020 
 023  020  018  025  031  032  028  022  024  036  050  061  076  073  057  042 
 033  033  033  034  040  048  051  052  063  080  096  104  111  106  101  098 
 000  000  001  000  000  000  000  000  000  000  000  000  006  006  009  012 

Celda59

 000  010  026  042  042  017  015  036  038  014  000  000  000  000  000  000 
 012  028  050  074  060  015  000  030  034  016  010  008  000  000  000  000 
 005  028  058  086  053  019  000  019  034  020  016  015  000  000  000  000 
 017  029  054  070  027  021  014  007  032  025  014  011  000  000  000  000 
 026  043  062  062  019  026  042  044  045  026  006  000  000  000  000  000 
 042  059  072  059  020  020  035  044  036  010  000  000  000  000  000  016 
 055  056  058  036  001  000  000  006  002  000  000  000  000  000  000  042 
 058  043  037  024  000  000  000  000  000  000  000  000  000  010  037  065 
 053  035  027  009  000  000  000  000  000  000  000  000  007  035  051  044 
 041  025  014  000  000  000  000  000  000  000  012  028  044  055  042  020 
 014  014  009  000  000  000  000  000  000  004  030  053  053  040  017  006 
 000  006  009  000  000  008  014  008  000  006  042  048  027  016  009  009 
 002  008  014  000  000  000  000  000  000  021  049  034  008  008  008  002 
 040  050  045  024  016  009  010  026  047  072  078  053  032  035  038  032 
 096  090  070  058  054  056  062  085  099  099  094  075  060  064  069  070 
 014  012  000  000  000  000  002  017  013  004  011  009  000  000  000  000 

Celda60

 000  000  000  000  001  008  000  000  007  000  000  000  008  033  079  096 
 000  000  000  000  000  004  000  006  013  002  006  018  045  078  092  073 
 000  000  000  000  006  019  027  028  014  000  008  040  066  069  048  021 
 000  000  000  018  026  030  033  018  011  005  022  045  050  028  000  001 
 000  000  005  043  036  020  017  009  016  020  021  030  035  014  000  000 
 014  018  036  056  037  018  019  019  018  014  000  019  035  019  000  000 
 058  043  040  042  031  027  030  025  016  005  000  011  036  023  000  000 
 063  036  024  025  025  023  017  010  006  002  001  003  026  018  000  000 
 030  016  009  017  017  004  003  000  000  000  006  008  002  004  006  000 
 024  022  012  011  006  000  000  000  000  000  000  006  000  000  014  018 
 022  024  014  014  002  000  000  000  000  000  000  000  000  000  013  032 
 020  017  010  012  002  000  000  000  002  002  001  000  000  002  002  028 
 009  010  004  004  000  000  000  000  000  008  006  000  000  009  010  010 
 023  038  036  028  022  024  030  030  024  031  035  026  030  040  046  040 
 066  085  078  070  070  073  078  078  077  081  081  067  070  074  080  085 
 000  021  013  000  000  000  000  000  000  005  011  000  000  000  000  000 

Celda61

 087  055  034  039  033  004  000  000  000  005  019  020  006  001  000  000 
 046  019  005  000  010  004  000  000  000  000  009  003  000  000  001  000 
 018  012  000  000  000  006  012  008  000  000  006  002  000  000  000  000 
 012  012  002  000  000  000  019  017  003  000  003  004  000  000  000  000 
 010  012  004  000  000  000  017  027  008  000  003  003  000  000  000  000 
 002  012  010  000  000  000  010  034  014  000  006  001  000  000  000  000 
 000  010  018  000  000  000  002  030  018  005  009  005  000  000  000  000 
 000  006  019  004  000  000  000  016  018  008  007  011  002  000  000  000 
 000  000  010  002  000  000  000  000  012  006  000  010  014  000  000  000 
 000  000  000  000  000  000  000  000  002  000  000  005  020  008  000  000 
 008  000  000  000  000  000  000  000  002  001  000  000  018  012  000  000 
 009  000  000  002  000  000  000  000  000  003  002  000  016  014  000  000 
 002  000  000  006  000  000  000  000  000  000  000  000  014  018  000  000 
 030  029  028  026  033  037  036  032  028  026  030  037  047  052  036  040 
 086  086  087  086  098  094  086  086  086  088  093  101  108  110  094  099 
 000  000  000  000  012  008  000  000  000  000  000  000  003  009  002  000 

Celda62

 017  000  008  019  000  000  000  000  010  023  015  000  000  000  000  002 
 006  009  014  014  000  000  000  000  004  022  010  000  000  000  000  006 
 000  016  020  011  000  000  000  000  000  012  002  000  000  000  000  008 
 000  016  020  012  010  000  000  000  000  000  000  000  000  000  000  010 
 000  012  016  014  018  010  000  000  000  000  000  000  000  000  000  012 
 000  005  014  014  018  014  000  000  000  000  000  002  000  000  003  010 
 000  000  013  012  013  014  000  000  000  000  004  006  006  011  012  004 
 000  000  008  008  010  018  007  000  000  000  004  008  012  018  012  006 
 000  000  006  008  008  014  006  000  000  000  000  008  018  024  016  004 
 000  000  009  018  011  000  000  000  000  000  000  008  020  024  019  012 
 004  004  006  018  003  000  000  000  000  000  000  008  017  020  015  014 
 000  000  002  018  001  000  000  002  000  005  004  006  014  016  012  012 
 000  000  004  014  000  000  000  006  009  000  000  003  016  018  012  010 
 040  040  049  051  040  046  052  053  058  046  046  047  068  070  059  050 
 104  102  103  104  100  104  110  112  118  108  108  114  133  124  106  100 
 000  000  004  009  005  000  000  000  006  000  000  005  022  014  002  002 

Celda63

 007  000  000  019  023  000  000  007  008  004  000  000  000  037  080  000 
 019  000  000  015  020  004  000  004  000  000  000  000  000  036  080  000 
 024  002  000  010  020  010  005  006  000  000  002  002  000  037  082  000 
 024  002  000  008  028  019  012  008  000  000  000  000  000  042  086  000 
 022  001  000  006  034  026  011  001  000  000  004  000  000  047  090  000 
 016  003  000  000  036  035  010  000  000  002  008  010  010  054  094  002 
 009  008  000  005  028  036  013  000  000  005  008  000  000  047  089  000 
 009  017  012  016  019  030  014  000  000  000  004  000  000  054  092  002 
 007  018  014  008  000  020  012  000  000  000  000  000  008  068  102  007 
 008  012  009  000  000  010  006  000  000  000  000  000  016  077  104  000 
 010  010  010  000  000  003  004  001  005  005  004  000  014  074  105  000 
 006  006  012  000  000  002  010  010  015  006  005  000  004  065  103  000 
 000  000  014  006  000  001  016  012  008  000  000  000  000  056  102  000 
 042  041  048  048  042  044  052  047  040  034  038  041  040  080  118  017 
 098  100  103  105  094  096  099  097  092  087  087  091  094  123  148  059 
 001  000  002  010  003  000  002  007  007  003  000  000  000  029  066  000 

