Celda0

 000  000  000  000  000  000  002  001  000  000  000  000  001  001  000  000 
 000  000  000  000  000  000  002  002  000  000  000  000  002  002  000  000 
 000  000  000  000  000  000  000  002  002  000  000  000  002  004  000  000 
 000  000  000  000  002  000  000  000  001  000  000  002  003  005  002  000 
 000  000  000  004  010  002  001  002  002  000  000  005  006  004  002  000 
 001  002  002  000  001  000  000  003  005  006  006  011  009  000  000  002 
 000  000  000  000  000  000  000  005  006  008  014  015  004  000  000  006 
 000  000  000  000  004  006  003  002  007  008  014  012  007  004  004  016 
 000  000  000  000  006  006  002  000  012  014  008  009  010  012  012  022 
 001  002  004  002  006  004  005  003  012  012  001  006  010  012  010  015 
 001  002  005  006  012  009  014  013  009  010  002  002  003  006  005  006 
 000  000  002  006  019  019  016  015  008  002  003  006  000  000  000  002 
 001  002  006  010  026  023  013  008  008  007  003  001  000  000  000  004 
 002  005  010  012  027  019  010  006  005  004  000  000  000  000  003  009 
 001  002  004  002  016  010  007  011  008  000  000  000  001  016  020  021 
 000  000  000  000  014  011  002  010  011  007  004  002  008  025  022  015 

Celda1

 001  000  000  000  000  000  000  000  000  000  000  001  000  000  000  000 
 000  000  000  000  000  000  000  000  000  000  000  002  000  000  000  000 
 000  000  000  000  000  000  000  000  000  000  000  002  002  000  000  000 
 000  000  000  000  000  000  000  000  000  000  000  001  002  000  000  000 
 002  004  002  000  000  000  000  003  003  006  011  011  006  001  002  004 
 000  000  000  000  000  000  000  009  011  007  008  006  002  001  002  004 
 000  000  000  004  008  007  007  022  025  011  005  000  000  004  005  004 
 010  013  015  017  019  020  022  039  032  014  008  006  008  010  010  008 
 014  016  020  016  014  015  021  032  017  008  006  012  016  018  016  014 
 010  006  003  000  003  006  007  012  000  000  000  010  017  016  014  012 
 006  000  000  000  000  002  000  009  000  000  000  012  011  006  004  005 
 007  000  003  000  000  000  000  006  000  000  004  019  011  000  000  001 
 010  009  010  008  000  000  000  003  000  000  008  024  014  000  000  002 
 017  017  007  008  004  000  000  004  002  006  012  028  017  001  002  005 
 024  018  006  006  008  004  000  012  008  016  026  039  023  006  004  007 
 012  007  000  002  007  009  011  025  011  012  023  030  015  006  003  002 

Celda2

 002  002  000  000  000  000  000  000  005  006  001  001  006  004  000  002 
 002  004  000  000  000  000  000  000  013  017  002  000  014  010  000  006 
 002  006  000  000  000  000  000  000  026  040  008  000  029  021  000  010 
 000  002  000  000  000  000  000  000  025  052  019  000  034  032  000  006 
 002  000  000  000  000  016  022  022  007  042  030  006  032  039  000  000 
 000  000  000  000  016  036  026  018  006  022  036  016  026  040  008  000 
 001  000  000  019  038  038  016  012  008  002  035  030  022  032  012  000 
 008  008  010  030  034  025  010  012  012  002  026  040  026  026  009  000 
 013  016  016  021  019  016  003  008  012  008  009  038  037  034  008  000 
 014  019  017  011  017  015  000  001  012  016  002  021  044  051  012  000 
 011  014  014  014  017  008  000  000  008  014  006  000  038  067  020  000 
 004  008  013  016  010  001  000  000  000  002  000  000  024  071  033  000 
 002  004  010  013  012  010  006  000  000  000  000  000  014  062  041  000 
 007  006  006  008  012  012  004  000  000  000  000  000  018  051  038  000 
 008  009  006  003  002  000  000  000  000  000  000  000  016  046  036  008 
 000  002  004  000  000  000  000  000  000  000  000  000  006  050  045  016 

Celda3

 003  000  000  005  003  000  000  000  000  000  000  000  000  000  001  010 
 008  000  002  010  006  000  000  000  000  000  000  000  000  000  002  021 
 016  003  006  016  011  001  000  000  000  000  000  000  000  000  002  032 
 021  015  015  014  011  010  000  000  000  000  000  000  000  008  015  020 
 018  028  023  008  005  015  006  000  006  008  007  011  024  037  050  045 
 016  034  024  002  000  014  011  000  000  009  010  008  006  004  011  019 
 018  034  016  002  005  014  012  004  002  010  012  010  008  002  001  017 
 016  032  010  004  016  015  009  012  012  010  011  014  019  024  014  006 
 006  034  014  009  022  014  006  015  020  011  005  010  018  029  033  016 
 000  036  022  011  018  014  010  016  020  014  008  004  004  011  022  024 
 000  036  022  010  012  014  018  020  015  008  010  011  000  000  000  012 
 010  039  014  009  017  028  041  045  024  006  004  011  000  000  004  000 
 014  036  010  011  029  038  045  044  016  012  010  016  004  000  007  000 
 012  030  010  018  036  028  028  028  000  000  010  023  016  010  000  006 
 018  018  008  026  032  018  024  029  008  000  012  016  002  005  007  018 
 017  010  006  028  024  008  020  027  011  003  018  021  000  000  008  027 

Celda4

 012  002  000  000  002  005  003  002  002  000  000  000  000  000  000  000 
 025  005  000  000  004  012  005  002  005  002  000  000  000  000  000  000 
 036  010  000  000  007  024  007  002  011  010  002  000  000  000  000  000 
 013  004  000  000  002  024  009  002  014  014  003  000  000  000  000  000 
 028  007  000  000  000  010  013  012  016  014  006  000  000  000  002  006 
 030  036  024  010  000  000  010  020  022  022  016  006  002  000  000  000 
 000  012  024  030  028  020  008  012  022  032  026  008  000  000  000  000 
 003  000  000  016  033  047  050  037  020  020  020  012  004  000  000  001 
 000  000  008  006  001  022  039  046  038  005  000  015  015  000  000  004 
 013  000  002  007  006  011  007  009  018  009  000  013  026  010  003  009 
 024  026  016  000  000  021  024  009  000  000  012  010  024  017  014  018 
 016  028  032  026  019  015  016  016  000  006  028  029  021  021  028  020 
 002  010  015  026  040  036  018  023  025  024  037  038  028  034  031  011 
 000  004  012  028  034  030  025  030  032  026  028  037  042  048  029  004 
 012  017  028  037  031  022  024  030  027  018  012  024  038  052  044  030 
 021  026  035  030  026  029  042  053  040  021  015  013  023  034  034  040 

Celda5

 000  003  003  002  000  000  003  003  000  000  003  002  000  000  000  002 
 000  008  007  002  000  003  008  004  000  000  006  004  000  000  000  004 
 002  018  013  001  000  011  016  004  000  000  010  002  000  000  000  008 
 008  022  013  000  000  016  014  000  000  004  005  000  000  000  000  006 
 018  019  009  004  016  017  000  000  006  015  001  000  000  002  001  000 
 008  010  009  016  014  000  000  003  027  022  004  000  000  006  002  000 
 005  008  017  023  006  000  000  022  039  010  000  002  006  005  000  000 
 004  012  026  020  000  000  008  040  034  000  000  008  013  009  000  000 
 006  012  023  013  000  000  031  046  020  000  000  006  010  009  006  002 
 008  006  014  014  004  019  038  031  010  000  000  003  006  008  004  002 
 003  001  014  027  026  018  020  020  006  002  008  015  012  006  000  000 
 004  000  021  030  018  006  009  009  006  012  018  020  004  000  000  000 
 002  005  019  030  017  006  004  002  006  013  022  019  000  000  000  010 
 001  012  023  025  018  007  004  007  006  000  016  017  000  000  003  016 
 012  006  010  022  018  000  003  014  002  000  011  010  000  000  009  007 
 028  006  004  016  010  000  003  010  005  005  014  000  000  004  014  000 

Celda6

 000  000  000  000  000  000  000  000  000  001  002  002  002  000  000  000 
 000  000  000  000  000  000  000  000  002  004  004  004  006  001  000  000 
 002  000  000  000  000  000  000  002  012  012  008  010  015  005  000  000 
 002  000  000  000  000  000  000  002  023  019  009  016  025  011  000  000 
 000  000  000  004  014  016  014  009  022  021  012  018  026  013  000  004 
 000  000  002  008  005  011  020  023  022  031  031  022  014  008  000  006 
 000  000  006  008  001  000  010  016  014  042  038  011  000  004  007  015 
 000  006  007  000  000  010  004  000  005  035  022  000  000  004  010  016 
 002  011  004  000  000  016  007  000  013  029  012  000  000  006  007  011 
 006  014  000  000  000  020  010  007  025  020  002  000  000  008  006  012 
 000  009  000  000  002  024  022  027  020  000  000  000  000  009  008  023 
 005  004  000  000  020  046  042  026  000  000  000  004  012  013  006  022 
 014  002  000  003  039  050  034  008  000  000  000  022  027  004  000  019 
 014  001  000  014  037  032  021  008  006  004  016  050  029  004  000  016 
 000  000  000  024  030  026  021  005  006  012  034  051  015  002  001  023 
 000  000  005  036  038  033  014  000  000  010  037  034  002  000  009  024 

Celda7

 000  000  000  000  000  000  001  002  003  001  000  000  000  001  006  000 
 000  001  000  000  000  000  002  004  007  003  000  000  000  003  016  000 
 002  006  000  000  000  000  000  008  014  008  001  004  000  006  034  000 
 006  016  012  016  010  000  000  005  013  010  005  010  000  009  045  000 
 026  040  034  042  048  043  036  030  024  013  007  012  002  017  055  008 
 025  033  027  020  028  034  040  038  030  020  012  010  000  018  050  001 
 025  023  016  000  003  014  022  022  020  020  020  016  006  021  057  004 
 023  018  010  000  000  000  002  004  009  017  020  016  013  036  069  013 
 021  016  004  000  000  000  000  000  010  014  011  008  010  041  065  012 
 020  012  000  000  000  000  009  019  021  016  006  001  002  029  046  000 
 030  010  000  000  000  000  018  030  018  012  007  000  000  022  046  000 
 022  002  000  000  008  019  030  027  012  000  000  000  000  020  054  000 
 022  005  000  002  019  023  017  013  008  000  000  000  000  022  062  000 
 017  006  000  005  012  004  000  006  008  000  000  000  000  028  066  000 
 011  000  003  011  005  000  000  004  008  000  000  000  002  032  068  000 
 000  000  008  013  000  000  000  000  002  004  000  000  003  041  076  010 

Celda8

 000  000  000  000  011  013  004  000  006  011  012  010  010  027  019  008 
 000  000  000  000  007  012  006  000  000  008  016  014  008  026  018  006 
 000  000  000  000  004  010  004  000  000  007  012  014  010  026  019  006 
 000  000  000  000  005  011  007  004  009  011  006  012  016  025  012  000 
 000  000  001  004  010  014  009  005  007  006  003  010  016  012  000  000 
 000  001  004  007  011  009  002  000  002  004  004  003  006  005  003  001 
 002  004  010  012  011  004  000  000  000  006  008  000  000  006  008  008 
 002  005  010  014  013  010  006  002  000  006  008  002  000  000  000  001 
 000  001  004  006  006  008  010  010  008  002  004  000  000  002  000  000 
 000  000  000  000  000  000  007  012  012  006  000  000  000  004  002  000 
 000  000  000  000  006  009  004  000  002  004  002  000  000  002  002  000 
 000  000  000  000  017  018  004  000  000  000  004  005  004  002  000  000 
 000  000  000  000  025  020  004  001  002  000  000  000  002  002  000  000 
 000  000  000  000  024  018  008  010  004  000  000  000  000  000  001  002 
 000  000  000  000  016  012  014  013  002  000  000  000  000  000  000  000 
 000  000  000  000  008  008  012  007  000  000  000  006  004  000  000  000 

Celda9

 000  004  000  000  000  006  014  026  008  000  008  013  003  000  002  000 
 004  000  000  000  000  004  019  018  004  000  008  013  004  000  002  005 
 010  008  002  001  006  013  025  010  006  008  020  018  001  000  003  003 
 000  002  002  008  013  016  018  006  004  016  043  028  012  000  002  000 
 000  000  000  007  006  009  010  004  002  025  044  021  009  000  000  000 
 000  000  000  008  008  012  015  008  006  030  030  002  000  000  000  000 
 005  006  008  008  006  020  014  003  004  028  018  000  000  004  004  002 
 005  010  011  004  000  022  010  000  000  023  009  000  000  008  008  002 
 000  002  002  000  000  019  000  000  006  024  000  000  000  001  002  000 
 000  003  000  000  000  014  000  000  024  023  000  000  000  000  000  001 
 000  010  000  000  000  007  000  000  036  017  000  000  002  003  004  012 
 000  012  002  000  008  006  000  002  039  008  000  011  018  015  016  025 
 000  006  012  008  018  008  002  018  039  000  000  030  022  021  026  032 
 000  000  014  026  018  000  000  023  025  000  008  034  014  015  027  024 
 005  010  010  030  020  000  000  028  014  000  019  029  004  006  017  010 
 010  023  027  042  022  004  010  043  022  014  032  023  001  008  011  002 

Celda10

 000  000  003  000  000  000  000  004  004  000  000  000  000  045  058  029 
 002  002  000  000  000  000  004  005  002  000  005  013  010  026  058  048 
 000  000  000  000  000  004  009  005  007  015  022  026  026  018  044  063 
 000  000  000  004  012  013  008  006  012  024  030  030  028  020  031  064 
 000  012  011  011  012  010  004  002  008  018  025  026  020  012  018  053 
 010  015  010  009  010  010  006  004  012  012  018  020  016  012  017  038 
 012  006  000  010  022  024  019  014  019  011  012  014  016  016  012  024 
 006  008  008  022  023  017  014  012  013  004  003  007  014  016  006  008 
 000  012  023  024  004  000  000  002  000  000  000  000  007  012  006  000 
 010  034  037  021  002  000  000  000  000  000  000  000  000  006  007  006 
 030  041  030  013  009  010  008  000  000  000  000  000  000  000  006  012 
 034  027  013  002  000  001  002  002  000  000  000  008  002  002  010  018 
 025  015  006  000  000  000  000  002  006  005  008  012  004  004  013  015 
 020  018  014  004  000  000  000  000  004  003  006  004  000  000  007  006 
 011  012  011  006  004  004  004  001  000  004  004  000  000  000  004  003 
 004  004  005  008  011  012  008  001  000  008  010  000  000  000  004  003 

Celda11

 016  010  012  031  023  011  022  024  010  004  016  016  000  000  008  020 
 031  020  016  027  021  016  026  024  007  004  011  007  001  004  010  018 
 049  020  006  014  019  019  020  012  001  002  006  002  006  011  010  021 
 056  010  000  006  018  022  020  008  000  002  002  002  009  014  014  028 
 052  012  000  006  021  018  013  010  006  004  000  002  009  014  022  030 
 040  014  000  008  025  011  004  014  016  004  000  002  008  016  026  020 
 030  016  000  005  028  012  000  020  026  003  000  004  010  025  033  013 
 028  022  000  002  030  013  000  023  033  004  000  008  023  033  029  012 
 028  031  002  019  048  017  002  022  034  009  002  015  028  023  014  012 
 023  036  019  030  042  009  009  027  029  012  003  011  018  014  010  017 
 017  033  024  019  024  001  008  025  023  010  004  007  015  012  010  018 
 009  019  024  020  027  016  010  010  012  011  000  004  018  021  013  010 
 004  000  011  023  044  036  015  000  008  018  008  014  035  034  010  008 
 001  000  000  025  066  064  015  006  013  034  021  023  038  026  006  017 
 006  008  005  025  087  082  016  016  029  038  017  015  022  009  000  019 
 011  016  013  026  093  084  014  019  028  021  004  008  014  008  006  017 

Celda12

 021  024  021  012  014  026  055  051  044  034  023  013  002  010  006  014 
 024  022  012  004  003  012  029  010  015  027  028  019  005  000  012  010 
 033  021  007  006  008  017  012  000  000  004  016  018  013  004  004  024 
 032  012  000  000  014  038  024  008  000  004  000  001  004  008  008  014 
 021  004  000  005  021  039  026  022  008  000  000  000  000  002  008  004 
 000  000  008  028  038  028  000  013  018  008  000  000  000  006  012  016 
 000  000  014  036  038  028  010  000  012  016  012  010  020  022  030  032 
 011  024  049  054  030  021  016  000  008  016  018  020  038  035  038  037 
 009  025  044  033  014  014  017  006  006  011  014  017  033  026  020  018 
 017  023  021  004  004  013  017  010  000  004  010  010  019  004  000  001 
 024  022  009  000  007  016  018  008  000  000  006  008  005  000  000  000 
 024  024  007  002  010  016  016  006  000  001  005  008  006  000  000  000 
 030  023  002  008  014  010  012  011  002  001  004  008  014  024  031  024 
 040  017  000  007  016  009  012  014  006  000  001  010  015  022  027  027 
 023  000  000  000  014  016  018  012  006  004  006  008  010  000  000  004 
 010  000  000  000  008  019  018  008  005  011  014  013  012  000  000  006 

Celda13

 036  040  026  003  004  006  010  009  008  014  006  000  000  006  010  000 
 023  056  060  039  018  028  021  001  003  010  001  000  001  008  003  000 
 028  027  037  040  032  035  017  007  000  000  000  005  012  010  000  000 
 030  026  000  006  010  003  003  017  030  024  008  013  025  009  004  006 
 010  019  004  000  000  000  010  022  023  030  027  025  025  000  000  009 
 008  000  001  000  000  000  006  042  030  000  020  029  020  000  000  008 
 029  011  000  009  000  000  000  044  036  008  004  020  017  010  004  008 
 034  031  027  031  017  014  016  050  022  004  016  017  000  000  008  007 
 016  026  040  050  038  028  030  051  014  000  004  018  006  000  006  006 
 000  000  022  030  024  020  025  042  018  010  000  002  014  022  021  005 
 000  000  014  000  000  000  006  018  000  004  002  000  012  035  028  012 
 000  000  011  000  000  000  006  009  000  000  000  002  008  039  028  006 
 014  013  004  000  000  002  004  000  000  000  000  013  026  054  035  002 
 030  041  036  033  032  032  030  027  022  012  012  027  040  047  026  006 
 019  039  032  030  028  028  028  030  032  024  018  035  030  008  006  000 
 018  029  015  012  010  010  006  004  009  015  018  033  010  000  000  002 

Celda14

 000  000  024  046  043  028  004  000  000  023  038  019  003  004  018  017 
 000  002  028  034  027  010  000  000  009  037  034  014  014  014  017  007 
 001  015  017  022  027  010  000  007  027  038  024  008  011  012  008  002 
 014  018  004  011  026  018  000  018  032  027  013  000  000  006  007  001 
 019  009  000  004  022  026  025  028  014  005  006  000  002  010  010  000 
 003  000  000  003  018  033  034  012  000  000  008  010  012  011  008  000 
 000  000  000  009  021  033  033  004  000  000  014  022  010  000  000  000 
 000  000  003  019  020  021  024  002  000  000  020  026  006  000  000  000 
 010  011  015  013  006  008  016  004  000  000  020  018  000  000  000  000 
 010  024  024  011  000  002  012  007  000  004  014  007  000  000  000  008 
 006  013  018  022  013  000  008  011  010  009  008  001  000  002  009  006 
 008  018  014  004  008  000  004  021  016  008  011  008  012  018  016  004 
 000  018  024  004  000  000  000  025  023  010  016  010  008  006  000  000 
 000  004  016  010  000  002  014  027  026  019  014  002  000  000  000  000 
 000  000  000  006  020  011  002  018  025  020  008  000  000  000  000  002 
 000  000  000  000  019  022  015  017  020  016  006  000  000  010  016  010 

Celda15

 000  000  015  010  000  000  000  000  000  006  006  000  000  040  071  006 
 002  006  019  000  000  000  001  000  000  010  004  000  000  040  066  000 
 002  004  006  000  000  000  000  000  008  016  004  000  000  040  065  000 
 000  001  000  000  000  000  000  004  016  002  000  000  000  036  065  000 
 000  003  002  000  004  003  002  009  004  000  000  000  000  028  064  000 
 000  008  009  006  005  000  000  002  000  000  002  009  000  018  060  000 
 006  021  012  002  000  000  000  000  000  000  014  015  000  015  060  000 
 004  010  000  000  000  000  000  000  000  012  037  023  004  018  064  004 
 008  001  000  000  000  000  008  009  015  043  051  022  012  023  068  006 
 009  000  000  000  000  006  013  014  024  048  037  012  008  025  070  008 
 004  005  000  004  003  004  008  012  024  032  011  000  000  022  062  002 
 000  012  006  005  002  000  014  021  022  016  000  000  000  019  056  000 
 003  023  006  000  000  001  030  038  022  010  000  001  008  021  055  001 
 020  032  012  006  004  015  038  030  000  000  000  004  004  018  056  005 
 021  026  012  016  015  021  024  010  000  000  000  012  000  014  051  000 
 015  020  002  000  010  017  013  000  000  000  000  012  002  020  054  000 

Celda16

 000  000  000  000  007  004  006  000  000  000  009  012  006  004  012  021 
 000  000  000  000  010  000  000  000  000  007  020  015  008  009  016  025 
 000  000  000  000  014  001  000  000  002  013  013  008  008  009  007  008 
 000  000  000  000  024  011  002  002  007  010  010  010  011  007  003  007 
 000  000  000  000  036  024  008  004  008  011  011  014  012  003  002  010 
 000  000  000  000  033  030  018  010  012  016  015  014  008  000  004  015 
 004  008  012  001  016  027  030  024  018  020  017  010  004  000  008  018 
 004  008  010  005  000  019  033  035  026  020  016  010  004  002  012  018 
 004  008  016  020  017  015  024  036  026  016  016  015  011  010  014  016 
 005  012  026  034  032  024  009  024  023  012  016  024  022  018  014  011 
 004  011  024  029  026  020  007  008  020  012  018  032  032  020  008  004 
 000  002  010  018  020  019  016  006  016  012  018  036  038  021  006  001 
 000  000  002  014  022  026  032  028  011  006  014  036  040  026  011  003 
 000  000  000  012  022  030  038  038  022  004  006  030  039  028  018  014 
 000  000  000  006  016  023  026  030  028  020  008  013  033  030  022  020 
 002  002  000  000  008  010  011  014  020  024  020  004  024  034  024  021 

Celda17

 029  024  029  043  022  016  024  056  032  024  030  014  002  009  012  004 
 027  021  026  031  014  009  032  054  021  014  014  006  006  011  008  006 
 016  020  024  019  006  004  037  042  008  002  006  004  004  006  001  004 
 015  013  012  008  006  008  044  033  004  004  010  003  000  002  000  000 
 014  008  011  007  000  009  049  031  010  009  010  004  000  002  000  000 
 010  001  011  010  000  011  052  027  008  003  003  005  010  011  009  007 
 011  003  011  008  000  022  051  015  003  000  004  004  011  012  010  008 
 012  006  013  012  009  036  050  006  003  004  010  010  004  002  005  009 
 012  008  019  025  026  047  049  010  008  015  026  020  012  009  014  016 
 009  016  028  034  027  038  035  008  009  019  040  032  027  024  027  022 
 006  024  041  025  004  016  020  000  000  022  035  019  018  017  019  016 
 005  029  044  022  000  014  022  000  000  020  017  000  000  000  009  008 
 016  043  051  016  000  016  024  000  000  019  008  000  000  008  013  008 
 016  032  036  008  000  019  026  002  005  015  000  000  007  022  017  006 
 020  031  032  008  000  024  028  002  004  008  000  000  018  018  004  000 
 024  030  024  002  000  027  033  010  006  004  000  008  017  006  000  000 

Celda18

 009  010  011  013  012  004  000  000  004  014  011  003  000  000  002  000 
 010  010  010  008  003  000  000  002  018  016  008  001  000  000  000  000 
 014  010  004  001  000  004  013  020  030  014  006  003  001  000  000  003 
 016  018  001  000  000  004  012  016  016  004  000  003  004  002  002  003 
 018  022  000  000  000  000  000  006  004  000  000  000  002  002  000  003 
 017  017  000  000  000  000  000  012  002  000  002  003  003  004  004  013 
 011  007  000  000  000  000  002  014  000  000  007  012  012  010  008  017 
 006  000  000  004  011  010  000  004  000  000  004  012  013  011  006  006 
 012  008  010  016  020  018  006  000  003  001  003  004  004  006  004  000 
 020  021  022  021  016  012  013  018  021  012  002  000  000  007  010  006 
 017  016  012  008  004  004  015  028  030  019  004  000  006  016  020  020 
 009  004  000  001  003  009  018  021  019  016  009  006  018  022  026  026 
 010  008  007  007  006  010  016  014  008  008  012  018  031  026  019  018 
 007  009  008  003  000  002  013  010  008  008  015  022  031  019  012  012 
 000  000  001  002  004  012  009  002  004  010  016  017  016  008  010  016 
 000  000  000  005  010  012  000  000  000  007  010  007  004  006  014  023 

Celda19

 010  016  014  018  083  078  006  002  015  005  000  006  010  011  015  018 
 004  004  004  004  060  068  021  006  010  000  002  009  007  013  025  018 
 000  000  000  000  034  050  036  028  016  000  006  012  007  017  029  011 
 000  000  000  000  023  038  040  038  017  003  014  013  001  014  024  004 
 004  008  010  008  023  032  033  037  021  009  017  010  002  019  022  002 
 012  016  018  016  016  020  023  038  034  019  019  000  000  023  023  007 
 011  012  015  017  010  000  012  044  051  030  016  004  009  030  028  017 
 002  000  006  011  007  000  004  042  058  042  018  004  022  034  020  011 
 000  000  004  008  004  000  003  034  051  050  025  010  023  021  002  004 
 000  002  000  004  004  002  008  034  038  048  030  010  028  022  000  002 
 017  011  004  002  004  006  011  034  029  042  034  010  024  026  004  009 
 026  026  022  016  012  012  014  031  020  034  037  017  024  026  008  014 
 020  026  026  024  025  028  024  032  007  016  031  032  039  028  010  018 
 016  020  020  018  022  032  035  034  014  000  014  043  060  038  012  025 
 021  022  018  013  014  023  030  030  024  010  000  036  069  052  026  026 
 026  022  018  016  017  020  022  022  022  024  020  028  062  056  032  031 

Celda20

 000  000  000  000  000  013  014  006  009  018  022  025  023  017  021  024 
 000  000  000  003  005  004  008  010  018  035  047  045  036  028  024  024 
 000  000  002  004  013  019  020  022  028  038  040  028  015  008  003  006 
 000  000  002  008  016  023  023  020  021  028  028  017  011  008  000  000 
 000  000  000  008  021  023  018  015  011  017  017  008  008  012  002  000 
 007  009  006  011  025  026  017  010  010  015  017  009  008  009  002  000 
 013  013  014  021  028  021  016  004  007  022  031  023  021  023  014  008 
 006  000  006  020  020  011  012  008  006  017  020  006  005  013  008  005 
 006  003  008  012  007  005  006  008  011  016  012  000  004  011  000  000 
 006  003  008  012  010  008  008  008  012  014  005  000  002  010  000  000 
 023  018  010  005  013  016  015  015  017  009  000  000  000  006  000  000 
 029  017  012  004  012  017  014  010  007  000  000  000  002  000  000  005 
 026  006  002  004  004  008  014  017  012  000  000  003  005  002  002  011 
 027  002  000  000  002  000  010  018  016  007  003  007  004  001  004  016 
 025  006  004  002  002  006  013  014  014  014  010  005  002  000  000  008 
 027  004  006  008  010  022  030  024  014  011  015  005  000  000  000  008 

Celda21

 017  012  000  000  000  000  000  000  001  010  021  028  006  000  000  004 
 014  003  000  000  000  000  000  004  008  010  015  016  011  020  029  026 
 009  014  020  019  011  004  003  010  013  014  006  006  004  020  032  032 
 000  023  028  033  026  016  012  014  012  014  014  008  004  008  018  024 
 006  021  013  021  024  022  015  007  008  009  016  016  011  010  016  019 
 012  026  010  002  010  016  014  010  013  007  006  006  010  014  021  016 
 008  024  012  000  000  006  011  013  013  005  002  002  006  011  020  012 
 000  014  010  000  000  000  004  006  000  000  003  005  004  007  011  002 
 000  006  004  000  001  000  000  000  000  000  000  002  000  004  004  000 
 000  002  000  002  006  000  000  000  000  006  004  000  000  005  000  000 
 008  001  000  000  004  000  000  000  000  019  009  002  002  013  006  004 
 014  001  000  002  000  000  002  003  004  019  006  008  012  019  009  010 
 012  000  000  006  006  005  004  001  000  016  006  002  006  000  000  006 
 006  000  002  012  004  004  000  000  000  008  011  000  000  000  004  004 
 000  000  005  014  000  000  000  000  000  006  013  012  010  012  016  011 
 006  002  008  013  002  002  002  001  007  020  027  028  022  028  024  012 

Celda22

 008  006  009  000  006  021  020  022  021  014  006  004  006  019  024  021 
 030  021  020  024  023  027  017  020  022  009  002  012  024  018  008  016 
 022  011  011  026  045  049  037  038  033  004  000  010  032  024  005  004 
 018  003  000  017  048  050  050  047  031  008  000  002  030  025  014  016 
 020  016  009  021  031  021  018  028  030  024  018  008  018  021  019  020 
 016  022  028  025  017  014  010  009  000  012  025  024  006  012  022  019 
 010  014  026  028  016  002  010  008  000  000  000  006  001  002  022  017 
 002  009  022  020  020  019  018  004  000  000  000  000  000  000  018  012 
 000  012  015  008  013  015  012  012  016  014  011  010  015  018  026  012 
 000  013  008  005  010  006  004  010  020  026  027  030  035  032  026  022 
 004  013  006  000  000  000  006  011  012  016  021  024  028  025  018  031 
 008  005  004  000  000  000  013  008  006  007  006  009  010  016  020  040 
 006  000  004  000  000  010  016  006  010  010  004  001  000  002  013  031 
 002  000  007  000  000  014  022  006  011  010  003  000  000  004  012  015 
 004  004  009  002  009  019  017  008  006  000  000  000  000  024  031  013 
 006  004  002  004  010  021  010  000  004  004  000  008  015  046  039  018 

Celda23

 015  010  002  000  000  010  008  002  000  000  000  008  003  024  058  000 
 020  012  001  000  004  010  002  000  000  000  000  004  004  028  063  000 
 012  014  011  008  006  006  000  000  000  000  000  002  004  032  066  000 
 010  000  002  004  004  000  000  000  004  009  011  010  011  037  067  001 
 010  000  000  000  000  000  000  000  000  000  005  012  012  032  062  000 
 001  000  000  009  010  003  001  000  000  000  000  004  000  022  060  000 
 000  000  000  021  023  013  010  014  014  014  010  003  000  026  066  006 
 000  000  002  024  027  022  009  002  006  010  012  016  016  038  070  008 
 004  010  023  022  015  022  014  000  000  000  004  005  010  038  073  014 
 028  042  048  028  000  005  012  007  000  000  002  008  007  033  063  006 
 050  063  054  038  016  000  002  016  013  000  000  000  014  046  069  000 
 056  046  030  030  035  034  021  024  028  009  006  000  008  048  074  000 
 033  010  000  010  036  054  054  053  062  038  033  029  023  050  071  000 
 014  004  000  000  013  036  051  054  064  040  038  044  045  060  081  016 
 002  001  000  000  014  014  032  040  030  015  020  030  032  039  067  015 
 008  000  000  000  018  024  015  017  008  000  006  011  010  021  058  013 

Celda24

 000  000  002  004  013  004  002  004  012  020  026  022  016  034  028  022 
 000  000  006  012  016  004  000  000  009  018  026  030  017  025  030  022 
 001  003  007  008  004  000  000  000  006  014  020  026  020  004  026  020 
 002  004  004  000  000  000  000  000  000  006  008  016  020  005  019  020 
 001  001  000  000  000  000  000  000  004  000  000  000  008  006  010  026 
 000  000  000  000  000  000  000  000  003  000  000  000  000  009  004  028 
 000  000  000  000  000  000  000  003  000  000  000  005  000  014  016  023 
 001  003  008  009  002  000  000  008  000  000  000  006  009  011  016  013 
 003  008  016  014  004  000  000  014  005  006  010  012  014  004  008  004 
 002  004  006  006  006  012  018  029  008  005  006  008  008  002  006  008 
 000  000  000  000  004  018  028  026  012  004  002  003  004  004  010  015 
 000  000  000  000  004  009  012  009  010  010  010  009  009  014  018  024 
 002  004  008  011  014  012  004  003  010  021  024  020  018  026  026  028 
 001  002  008  016  024  026  020  017  021  026  030  026  022  029  026  022 
 000  002  008  016  028  031  030  024  024  018  020  019  018  025  017  010 
 001  002  006  010  026  021  020  013  009  005  008  011  016  028  017  010 

Celda25

 030  036  026  006  001  022  033  016  006  000  000  012  012  000  000  006 
 026  032  024  000  000  016  031  020  006  000  001  012  003  000  005  012 
 016  024  025  006  000  016  033  026  006  000  004  008  000  002  006  004 
 000  004  022  016  008  022  032  024  008  002  007  005  002  011  006  000 
 000  000  022  026  022  036  032  012  006  008  010  001  002  012  006  000 
 000  007  024  035  037  048  039  017  009  011  013  005  002  002  003  002 
 014  007  005  031  035  037  024  006  010  018  026  023  020  016  013  015 
 023  008  000  012  036  045  036  018  010  014  021  018  012  016  022  024 
 024  004  006  000  026  050  050  037  020  008  010  010  001  008  021  019 
 023  013  011  006  014  048  052  046  030  009  008  010  002  002  012  006 
 024  025  018  022  014  044  043  040  032  013  009  012  006  006  012  005 
 021  028  014  019  010  034  038  032  026  014  011  014  010  008  012  010 
 023  023  010  016  012  022  040  034  028  015  006  012  013  013  015  013 
 020  016  013  020  020  010  038  044  037  027  015  006  013  024  031  025 
 008  008  013  019  020  009  028  044  042  026  013  012  011  033  041  032 
 003  000  008  006  020  022  008  030  046  046  016  006  000  032  043  030 

Celda26

 000  000  000  000  000  000  000  000  011  008  006  002  000  011  021  020 
 004  000  000  000  000  000  000  007  013  004  004  002  000  016  023  012 
 002  000  000  000  000  000  000  016  009  000  000  002  001  028  029  008 
 000  000  000  004  010  006  000  014  005  000  000  006  014  044  035  011 
 004  003  000  002  005  006  005  007  000  000  005  006  023  044  028  008 
 004  000  000  014  010  000  004  007  002  000  010  014  025  026  011  000 
 008  000  000  015  016  002  000  000  000  000  007  026  018  004  004  000 
 020  018  013  015  018  006  000  000  000  000  003  026  018  002  005  004 
 016  016  020  025  029  010  004  004  005  002  000  014  012  010  016  008 
 004  006  011  016  013  004  009  020  020  018  015  004  000  020  028  008 
 000  001  009  013  006  001  004  010  006  012  020  020  012  020  032  003 
 000  002  010  012  012  009  002  003  000  000  010  018  020  022  027  000 
 006  004  009  007  008  012  011  003  000  004  010  007  012  018  027  007 
 016  014  016  010  010  017  022  018  010  006  012  000  002  018  029  018 
 022  016  011  011  027  035  030  028  025  021  022  008  006  025  027  014 
 013  007  002  018  044  036  024  022  028  040  043  034  026  030  014  000 

Celda27

 020  016  014  019  022  023  022  018  014  020  028  036  078  072  035  021 
 012  012  016  023  028  026  020  014  011  016  023  022  068  074  040  024 
 007  009  016  026  032  029  020  018  022  026  024  018  050  063  033  020 
 004  002  008  023  024  024  026  032  038  036  030  029  041  054  038  012 
 003  000  008  017  008  013  023  032  033  028  027  036  033  020  040  028 
 004  006  020  019  002  006  015  019  016  013  016  032  033  016  022  039 
 006  018  028  012  000  000  016  012  012  012  012  033  026  026  004  030 
 001  008  004  000  000  008  021  015  016  018  020  047  026  022  008  008 
 002  002  001  000  000  020  029  015  010  016  022  055  024  015  010  000 
 000  000  006  008  021  031  026  010  004  008  013  041  008  007  015  020 
 000  000  013  020  017  011  009  006  000  002  010  031  002  006  021  038 
 000  000  014  025  016  006  010  013  000  000  014  033  008  010  022  040 
 008  005  005  019  013  002  012  019  002  000  017  026  000  003  018  036 
 021  022  014  010  011  000  004  014  005  000  020  026  000  000  014  021 
 014  014  017  023  028  016  014  014  007  000  015  020  000  000  017  016 
 000  004  008  024  024  015  016  023  016  010  024  030  010  016  041  018 

Celda28

 024  016  003  000  015  035  037  030  025  017  016  006  000  000  000  008 
 018  015  010  002  013  027  022  011  014  014  008  003  002  010  014  013 
 020  020  016  007  015  026  016  000  000  000  000  002  000  006  011  010 
 008  012  014  012  019  021  010  000  000  000  000  004  006  000  000  000 
 004  004  010  008  008  010  006  001  001  000  000  011  011  002  000  000 
 013  006  016  010  002  004  006  006  004  000  004  017  009  001  000  000 
 024  018  022  010  000  000  006  010  007  002  007  017  004  000  000  002 
 030  036  028  004  000  000  008  012  008  009  014  014  004  007  010  013 
 022  048  040  006  002  006  017  020  014  014  014  012  003  010  012  010 
 013  042  051  020  015  022  024  018  011  010  006  010  012  004  007  000 
 038  030  046  036  008  014  016  008  003  006  002  006  016  009  006  003 
 046  028  018  035  026  016  010  010  006  012  008  012  022  014  004  004 
 030  028  012  015  032  034  014  000  004  012  012  019  024  008  000  000 
 006  018  026  018  013  026  024  009  003  008  012  015  012  000  000  000 
 000  000  014  019  008  000  018  026  014  012  018  018  006  000  000  000 
 000  000  000  000  000  000  000  025  020  017  024  020  005  000  000  000 

Celda29

 010  005  002  010  012  014  016  008  011  026  030  031  023  020  016  006 
 001  000  004  018  015  000  005  002  006  024  021  015  004  000  000  000 
 001  000  000  020  023  008  000  000  011  026  018  008  001  000  000  000 
 002  006  006  014  022  015  000  004  016  023  008  004  002  000  000  002 
 000  006  012  014  014  017  001  000  006  014  006  004  005  001  006  010 
 000  000  008  016  017  012  000  000  000  010  012  010  008  004  000  006 
 000  000  012  019  018  012  004  001  002  005  014  012  006  004  000  000 
 014  008  010  018  006  000  000  002  004  004  010  009  003  002  000  000 
 012  016  011  010  006  000  000  000  000  000  008  010  004  002  000  000 
 000  003  007  005  004  000  000  000  000  000  008  014  008  002  004  002 
 000  000  000  000  002  006  013  015  007  002  008  012  008  002  008  009 
 000  000  000  000  003  012  015  016  024  030  034  023  013  003  002  011 
 000  001  002  000  001  017  016  000  012  029  035  034  030  020  005  000 
 000  000  000  000  000  016  016  000  002  015  014  012  016  016  010  000 
 000  006  003  000  000  016  014  000  006  018  007  000  000  001  004  004 
 000  012  007  000  000  018  012  000  010  021  004  000  000  000  000  005 

Celda30

 000  000  000  009  015  011  005  000  000  013  000  000  012  035  016  002 
 000  000  000  010  020  007  000  000  000  012  002  000  012  026  010  000 
 000  007  014  017  018  004  000  000  006  014  004  002  012  020  006  000 
 005  010  014  014  014  004  004  008  014  023  016  014  015  010  000  000 
 011  009  008  008  009  008  006  004  007  012  006  010  013  005  000  000 
 008  007  008  010  008  002  000  000  004  008  002  002  011  009  008  008 
 000  001  011  014  012  004  000  000  006  009  002  008  014  009  012  015 
 000  008  016  008  008  006  004  006  023  024  012  012  015  004  004  007 
 000  008  021  008  000  000  000  006  026  020  010  004  008  000  000  004 
 010  012  017  007  000  000  000  009  016  006  000  000  004  000  000  004 
 006  011  009  004  000  000  000  013  014  004  000  005  014  013  015  013 
 008  000  000  004  004  010  008  010  012  003  006  025  025  018  018  017 
 008  003  001  011  008  002  006  004  008  004  016  022  006  000  006  006 
 000  000  003  015  016  000  000  000  004  006  020  016  000  002  008  000 
 002  000  000  011  012  000  000  004  004  012  020  004  000  005  016  001 
 010  012  009  005  004  000  000  007  008  018  022  000  000  000  016  014 

Celda31

 004  000  000  000  014  032  024  004  010  008  008  011  016  037  072  026 
 000  000  000  001  012  031  032  012  012  008  000  001  012  049  076  029 
 000  000  002  009  022  034  030  012  000  000  000  004  012  041  057  011 
 000  000  000  008  021  026  019  009  000  000  000  017  028  038  042  000 
 000  000  007  012  018  017  010  004  000  001  014  036  031  032  039  000 
 008  008  017  022  023  019  009  000  000  006  022  028  018  028  043  007 
 017  016  023  029  031  027  016  010  008  018  025  022  019  033  045  010 
 010  012  018  025  026  019  011  014  017  025  025  022  020  031  040  008 
 003  004  013  016  014  008  000  000  010  020  019  012  006  019  031  002 
 004  006  015  008  002  002  004  007  010  009  005  000  000  016  030  000 
 006  011  015  001  000  000  007  012  012  012  008  000  000  014  034  000 
 009  003  010  000  000  000  006  010  010  018  017  000  000  010  039  000 
 000  000  005  000  000  000  000  006  010  024  024  000  000  008  042  000 
 000  000  000  006  000  000  000  006  010  020  018  000  000  008  042  000 
 000  002  000  006  002  000  007  013  016  012  004  000  000  012  042  000 
 000  000  001  004  006  007  011  015  018  008  000  000  000  018  050  007 

Celda32

 000  000  000  002  023  010  010  006  003  007  008  014  028  032  020  014 
 000  000  000  004  024  004  004  008  007  010  010  021  030  022  015  015 
 002  004  008  008  017  000  000  005  004  005  016  021  013  008  012  022 
 000  000  001  000  007  000  000  000  000  006  021  009  000  006  014  017 
 000  000  000  000  002  000  000  000  000  015  024  000  000  009  018  000 
 000  000  000  000  000  000  000  000  006  027  019  000  000  004  012  000 
 000  000  000  000  000  000  000  000  019  027  005  000  000  001  000  000 
 000  000  000  000  000  000  000  002  022  018  000  000  002  006  010  010 
 000  000  000  000  000  000  004  005  012  004  000  002  017  011  008  016 
 000  000  000  000  000  000  002  000  002  000  000  008  020  016  006  006 
 000  000  000  000  003  002  000  000  000  000  001  010  014  013  006  008 
 000  000  000  000  004  009  003  002  000  000  006  005  009  012  004  004 
 000  000  000  000  004  014  008  000  000  000  007  009  018  019  008  003 
 000  000  000  000  008  017  004  000  001  011  020  028  032  015  002  003 
 000  000  000  000  016  012  000  000  006  017  021  033  026  006  000  006 
 000  000  000  000  018  010  000  003  012  007  014  032  019  008  000  006 

Celda33

 008  004  006  002  019  030  014  010  046  058  031  000  000  024  051  031 
 016  018  016  010  013  020  017  010  060  077  051  012  001  010  046  037 
 025  023  020  014  010  010  013  013  073  099  074  034  016  000  038  036 
 021  016  010  010  010  009  012  010  061  087  058  021  018  011  046  045 
 002  006  006  006  006  006  012  012  044  081  052  000  003  011  053  049 
 000  000  005  004  002  003  010  014  022  066  054  000  000  004  042  033 
 000  000  000  000  000  002  006  012  014  050  052  011  000  001  032  032 
 009  004  000  000  000  000  000  001  004  037  050  019  002  000  022  035 
 022  020  014  009  004  000  000  000  000  023  048  034  002  002  012  042 
 009  008  012  016  014  008  003  002  002  007  040  050  000  002  004  044 
 006  000  000  000  000  000  004  007  006  000  024  052  014  000  002  036 
 000  000  000  000  000  000  000  005  004  000  004  034  022  000  009  028 
 000  000  000  000  000  002  007  008  005  004  000  008  016  008  024  031 
 006  006  002  000  000  002  012  013  010  010  010  002  002  004  034  041 
 000  004  004  000  000  003  008  003  004  010  016  020  018  002  024  048 
 003  004  011  010  003  002  006  000  000  000  012  022  030  024  000  046 

Celda34

 000  000  007  032  041  019  015  020  028  057  048  046  040  024  005  000 
 008  001  012  022  023  015  015  026  035  052  028  030  033  024  010  004 
 014  010  016  021  025  027  017  015  027  028  005  008  015  016  016  012 
 017  011  017  021  031  029  006  000  014  002  000  000  003  012  020  020 
 016  015  023  024  028  022  002  006  012  000  000  001  005  014  022  026 
 004  011  018  014  020  014  004  012  010  000  000  012  008  012  018  024 
 010  010  008  007  013  012  012  016  007  000  009  014  001  002  004  008 
 020  011  000  002  012  016  016  011  005  008  013  006  000  000  000  000 
 030  009  000  000  012  019  016  002  002  018  016  000  000  006  002  002 
 033  006  000  000  010  022  018  000  002  018  015  000  000  012  011  003 
 026  007  000  000  006  022  021  006  004  012  008  000  000  011  012  000 
 018  012  007  000  007  020  018  011  010  008  002  000  002  006  006  004 
 014  014  012  004  012  019  013  010  014  010  001  001  002  000  000  004 
 013  015  018  006  014  021  014  014  019  016  010  009  006  000  000  001 
 026  030  034  010  008  019  018  022  026  020  015  012  010  006  000  000 
 052  063  047  021  010  013  020  028  025  015  012  006  004  005  002  000 

Celda35

 000  000  000  015  011  010  013  008  000  000  038  040  018  029  053  027 
 000  000  000  011  019  010  009  000  000  004  052  027  004  018  037  007 
 006  003  007  007  020  014  000  000  006  018  047  008  000  018  032  000 
 012  007  010  019  023  002  000  002  011  018  026  000  000  020  030  000 
 022  017  018  027  019  008  000  012  010  008  007  000  000  020  028  003 
 028  028  024  022  009  005  006  008  012  010  002  002  000  014  026  012 
 014  020  020  013  004  002  010  015  009  012  006  006  007  002  024  022 
 000  002  008  008  004  004  014  019  017  017  014  010  014  007  021  031 
 000  002  004  000  000  001  019  015  014  018  016  009  010  008  016  032 
 008  008  002  000  000  004  020  008  008  016  012  010  008  006  007  028 
 001  000  000  000  005  014  015  003  004  010  006  012  015  008  000  025 
 000  000  000  000  004  011  007  002  001  004  004  001  007  007  000  022 
 000  000  000  000  005  003  000  000  000  000  002  000  000  002  010  009 
 000  000  000  002  000  002  000  000  000  000  000  000  000  000  006  000 
 000  004  000  000  000  000  002  001  000  000  000  002  000  000  000  000 
 001  008  000  000  000  002  002  000  000  000  000  006  000  000  000  000 

Celda36

 018  006  000  000  000  000  000  012  022  019  026  024  006  000  000  000 
 012  014  014  012  009  008  008  007  016  012  020  024  008  000  000  000 
 000  002  013  022  028  032  034  030  025  006  008  015  006  000  000  000 
 000  000  001  011  018  024  030  032  031  026  017  008  000  000  002  002 
 000  000  000  000  000  000  006  017  024  026  028  024  014  000  000  004 
 000  002  000  000  000  000  002  014  012  015  016  014  012  008  000  000 
 013  016  016  011  013  019  021  022  014  008  000  000  002  014  022  020 
 019  013  016  018  026  032  026  021  014  005  000  000  000  010  026  034 
 017  008  003  014  022  026  018  018  011  005  002  000  002  008  016  024 
 012  011  016  010  013  018  011  008  006  006  008  009  006  010  004  007 
 012  010  024  011  001  008  002  000  000  000  001  004  004  004  002  000 
 019  007  016  012  008  010  000  000  000  000  000  000  000  000  004  003 
 021  006  002  010  016  013  000  000  000  000  000  003  004  006  019  021 
 016  009  000  011  026  012  000  000  000  000  008  009  008  022  039  033 
 012  016  000  009  038  014  000  000  000  018  013  008  010  036  046  030 
 011  028  000  000  040  018  000  000  008  017  003  004  012  038  039  023 

Celda37

 000  015  010  000  004  016  006  000  014  016  002  000  004  000  000  004 
 000  008  008  009  014  009  000  003  014  008  003  011  008  000  000  000 
 000  000  004  018  026  009  002  000  010  002  004  015  006  000  000  000 
 000  000  002  017  028  016  002  009  006  000  004  012  002  000  000  000 
 004  007  008  012  020  018  007  000  000  000  002  010  000  000  000  000 
 006  014  015  014  016  016  010  003  000  000  005  012  003  002  003  002 
 009  002  010  019  022  018  010  005  000  000  006  014  008  006  007  001 
 029  010  000  018  031  028  015  009  006  005  009  016  015  007  003  000 
 024  018  010  010  032  036  023  010  003  000  004  015  011  000  000  000 
 010  018  025  018  020  033  028  013  003  000  005  015  009  000  000  000 
 008  019  029  026  008  016  024  018  009  002  006  014  010  000  000  010 
 012  022  030  034  026  007  011  019  015  010  013  017  013  008  007  014 
 021  026  031  034  034  030  020  009  010  013  021  024  019  009  004  009 
 027  026  026  026  030  036  038  029  014  013  020  023  022  012  002  008 
 024  021  018  020  028  033  032  034  036  028  013  008  019  016  008  012 
 020  016  010  010  019  024  021  022  026  022  006  000  012  020  017  021 

Celda38

 010  014  014  012  010  014  014  002  007  022  022  000  000  000  010  020 
 000  000  002  004  014  023  027  018  006  023  020  000  000  000  006  020 
 000  000  000  000  012  014  008  010  009  025  013  000  000  000  008  017 
 000  000  000  000  012  016  000  000  000  015  006  000  000  000  014  018 
 000  002  000  000  004  010  000  000  002  012  007  000  000  000  016  020 
 002  002  004  008  006  000  000  002  005  010  010  000  000  002  011  020 
 000  000  007  019  023  018  014  014  010  004  006  000  000  000  003  014 
 000  009  022  024  026  027  026  024  020  015  006  000  000  000  000  009 
 005  019  027  025  023  028  029  027  024  022  022  016  006  000  004  016 
 011  020  024  023  014  018  020  020  019  020  026  028  022  013  024  036 
 019  022  025  020  002  000  002  006  009  012  016  020  020  020  039  046 
 020  021  019  005  000  000  000  000  000  004  000  000  008  019  045  041 
 014  013  007  000  000  000  002  004  002  000  000  000  000  016  032  017 
 012  009  006  000  000  000  000  005  006  000  000  000  000  016  018  003 
 012  004  003  000  000  000  000  004  008  002  000  000  000  010  012  000 
 014  000  000  000  000  000  000  009  016  011  007  006  002  000  002  000 

Celda39

 008  000  002  009  009  006  007  013  014  004  002  003  002  025  051  004 
 013  002  001  005  000  000  006  014  011  005  006  001  000  023  048  000 
 010  004  005  002  000  000  008  019  020  010  006  000  000  025  051  000 
 005  002  003  000  000  002  014  028  024  003  000  000  000  028  054  000 
 009  004  000  000  001  010  023  023  012  000  000  000  000  028  056  000 
 014  003  002  000  001  014  022  016  006  000  000  000  000  026  056  000 
 022  010  004  003  000  010  018  015  006  000  000  000  000  024  056  000 
 026  020  004  008  006  009  010  011  008  000  000  000  000  022  057  000 
 027  020  000  000  004  016  017  007  004  002  000  000  000  026  064  005 
 031  008  000  000  002  012  007  000  003  005  002  000  002  034  065  000 
 028  014  000  000  001  010  007  004  010  010  002  011  018  043  063  002 
 018  016  012  004  000  000  000  004  020  024  012  006  005  031  053  003 
 000  000  006  009  004  000  000  000  014  023  020  020  016  030  052  000 
 000  000  000  000  006  005  004  006  004  008  009  012  016  046  072  000 
 000  000  000  000  000  006  006  006  006  000  000  000  013  058  088  000 
 000  000  000  000  000  000  000  000  000  000  000  000  012  058  092  000 

Celda40

 000  000  002  004  013  006  006  012  003  000  018  035  016  009  007  006 
 000  000  000  000  006  003  014  013  000  000  024  032  008  000  003  005 
 000  000  000  000  000  004  022  018  001  000  022  029  006  000  000  000 
 000  000  000  000  000  005  026  022  000  000  012  024  008  000  000  000 
 001  002  002  000  000  002  024  025  004  000  004  020  010  000  000  000 
 001  002  001  000  000  000  016  022  008  000  004  018  009  000  000  000 
 000  000  000  000  000  000  006  014  006  000  006  016  008  000  001  000 
 000  000  000  000  006  008  001  004  002  000  004  009  010  006  000  000 
 000  000  000  000  013  009  004  000  003  001  000  000  008  006  000  002 
 000  000  000  000  013  000  000  000  004  001  000  000  006  004  000  000 
 000  000  000  000  011  003  000  000  010  006  006  008  010  014  012  012 
 000  000  000  000  004  004  003  007  008  006  010  012  008  013  008  013 
 000  000  000  000  002  004  011  013  004  001  002  000  000  006  004  000 
 000  000  000  000  007  008  013  010  000  004  009  000  000  002  002  002 
 000  000  000  000  015  014  011  005  000  003  012  003  000  002  002  001 
 005  012  024  030  045  034  022  018  016  015  022  014  010  017  016  012 

Celda41

 007  004  008  010  010  006  000  000  000  010  002  009  019  025  012  032 
 005  000  004  009  014  012  002  000  002  012  001  008  018  016  010  016 
 000  002  003  010  014  010  004  005  009  006  000  016  028  012  010  016 
 000  004  004  000  007  010  008  008  011  008  004  020  024  001  007  026 
 000  000  003  008  000  006  012  012  009  007  005  010  019  000  000  017 
 000  000  000  010  004  000  000  004  006  005  000  000  014  000  000  003 
 000  000  000  002  000  000  000  000  000  000  000  000  014  000  000  000 
 008  008  000  000  000  000  000  004  004  000  000  000  012  000  000  000 
 018  014  000  000  001  000  000  000  006  000  000  000  006  000  000  000 
 018  014  000  002  010  005  000  000  004  000  000  000  000  000  000  000 
 016  013  011  027  039  024  023  022  014  006  002  001  000  000  000  000 
 023  027  026  036  041  031  036  040  036  028  022  016  012  012  015  014 
 010  011  009  018  026  018  012  020  023  024  022  018  014  014  016  018 
 012  014  008  010  022  026  008  000  000  006  012  016  015  012  008  008 
 012  016  006  004  016  028  016  000  000  000  009  016  018  014  006  000 
 014  012  001  000  013  027  022  004  005  013  010  014  016  015  010  002 

Celda42

 072  068  025  003  000  010  022  023  022  018  011  000  000  000  000  000 
 078  071  018  000  000  013  018  014  018  020  012  000  000  000  000  000 
 092  064  006  000  000  009  016  016  016  018  012  001  000  000  000  000 
 106  063  010  012  009  000  015  024  013  011  014  004  000  000  000  000 
 086  045  007  021  014  006  008  021  008  008  017  010  000  000  000  000 
 070  054  021  017  010  010  001  006  002  012  022  016  004  000  000  000 
 046  060  044  030  000  003  002  000  000  014  026  022  010  001  010  014 
 021  052  059  048  010  000  002  000  000  010  023  022  018  014  007  008 
 006  036  058  064  030  001  004  000  000  004  014  020  023  023  012  000 
 002  020  046  070  052  004  002  000  000  000  004  016  024  027  020  002 
 000  008  026  061  068  023  000  000  000  002  005  015  020  025  021  007 
 002  000  008  038  071  048  000  000  000  003  018  031  033  029  011  000 
 012  004  001  012  056  063  018  000  002  010  018  025  027  023  006  000 
 008  004  007  007  029  056  036  009  004  010  022  025  018  006  000  000 
 000  001  023  026  014  030  048  030  006  006  020  027  017  000  000  000 
 000  000  050  055  042  020  042  049  031  020  025  026  012  000  000  003 

Celda43

 000  008  000  000  000  007  000  000  000  000  000  008  000  000  000  000 
 000  008  000  000  002  004  000  000  002  000  002  006  000  000  002  008 
 006  010  001  004  004  000  000  000  005  008  008  003  000  000  000  002 
 002  001  000  000  000  000  000  000  006  009  000  000  000  000  000  000 
 000  000  000  000  000  000  000  000  000  010  003  000  000  000  000  001 
 002  000  000  000  000  000  000  000  000  004  006  001  000  000  012  018 
 011  007  006  004  000  000  000  000  000  000  008  005  000  010  020  020 
 006  004  008  010  009  003  000  000  000  002  014  012  006  017  019  008 
 000  004  005  006  003  000  000  000  000  010  025  020  012  015  015  000 
 002  008  001  000  000  000  000  000  000  022  027  012  002  009  014  003 
 003  006  000  000  000  000  000  007  018  027  018  006  002  008  011  005 
 002  012  006  000  006  011  012  012  015  016  007  002  004  010  008  006 
 000  012  013  000  000  000  002  006  006  004  001  000  004  008  008  008 
 004  009  004  000  000  000  000  000  005  004  003  005  008  009  009  008 
 002  004  002  000  000  002  012  008  008  015  019  020  017  016  016  012 
 006  002  000  006  018  018  015  007  009  013  017  015  014  014  013  005 

Celda44

 008  036  006  014  033  012  000  000  012  017  002  000  009  026  026  018 
 004  036  019  013  022  000  000  000  009  013  004  000  014  022  023  017 
 002  028  029  008  000  000  000  009  007  005  004  000  013  022  020  016 
 000  014  033  016  000  000  006  020  012  010  004  000  010  018  015  013 
 002  000  027  026  000  000  016  017  009  008  008  010  019  020  008  010 
 022  019  013  028  008  001  014  008  000  001  011  024  033  024  011  007 
 024  024  012  018  018  009  010  006  004  011  024  030  021  010  004  000 
 009  012  012  001  028  023  015  008  006  016  023  014  000  000  000  000 
 000  008  016  008  018  033  010  002  000  016  019  006  000  000  000  000 
 006  012  018  014  000  030  028  004  003  006  013  006  000  000  000  000 
 010  019  016  018  014  015  032  022  007  005  000  006  000  000  000  000 
 012  021  016  024  028  023  021  028  016  010  006  000  000  000  000  000 
 020  025  012  020  020  016  008  014  028  002  013  010  000  000  001  002 
 022  030  004  002  001  001  001  000  024  022  000  014  014  014  014  008 
 018  027  004  000  000  000  000  000  012  027  009  000  010  007  006  008 
 011  018  000  000  000  000  000  004  001  016  016  007  000  004  004  008 

Celda45

 010  008  000  000  001  006  010  014  014  010  006  000  002  019  028  028 
 000  000  000  000  003  000  000  000  002  008  012  016  014  017  025  023 
 003  000  000  000  002  000  000  000  000  000  000  008  015  014  006  004 
 008  000  000  000  002  000  000  000  000  000  000  000  004  008  003  000 
 012  000  000  000  006  002  006  006  001  000  000  004  008  006  007  008 
 008  000  000  002  011  006  000  001  000  001  006  014  011  004  002  004 
 000  000  000  006  008  000  000  000  000  000  007  014  010  005  001  000 
 000  000  007  004  000  000  000  002  000  001  007  003  000  000  000  000 
 000  000  004  003  000  002  000  000  000  000  002  000  000  000  000  001 
 000  000  000  002  006  009  000  000  000  000  000  000  002  002  000  004 
 000  000  000  001  008  012  002  000  000  001  001  002  007  006  002  002 
 002  000  000  000  006  010  005  000  003  008  009  009  007  000  000  002 
 005  000  002  000  003  008  006  002  000  004  006  006  004  000  000  006 
 001  000  000  001  003  007  008  004  000  000  000  000  000  000  000  008 
 004  000  002  012  014  014  017  012  005  000  000  005  000  000  002  016 
 010  012  024  026  014  008  014  009  004  000  000  007  003  002  012  022 

Celda46

 012  000  000  000  000  000  001  014  014  004  000  000  000  000  000  000 
 008  000  002  000  000  000  001  010  010  000  000  000  000  000  000  000 
 004  013  018  007  012  015  012  000  000  000  000  000  000  000  000  000 
 000  021  036  020  008  014  010  000  000  000  000  000  000  000  000  003 
 004  013  034  028  008  000  000  000  000  000  000  000  000  000  002  006 
 010  009  012  014  008  000  000  000  000  000  000  000  000  000  002  002 
 004  008  001  000  000  001  011  006  000  000  000  000  000  000  000  000 
 004  006  006  004  000  000  008  012  000  000  002  001  006  002  000  000 
 011  008  007  008  006  000  000  002  002  011  020  008  004  000  000  001 
 008  002  002  001  000  002  006  004  000  013  028  016  000  000  000  002 
 003  000  000  002  005  010  014  016  012  002  015  014  003  000  000  003 
 003  002  002  004  008  012  011  008  010  014  008  004  006  001  004  012 
 003  002  001  000  000  003  004  007  012  016  017  014  007  000  000  016 
 003  000  000  000  000  005  008  013  017  016  012  010  010  008  002  010 
 010  006  005  008  017  022  019  014  012  012  012  010  004  002  009  015 
 014  012  012  020  029  028  019  011  008  009  012  009  002  002  014  018 

Celda47

 000  000  000  004  000  000  000  000  000  000  000  007  004  048  092  000 
 000  002  002  002  000  000  000  000  000  011  014  006  000  038  093  000 
 000  004  000  000  000  000  000  000  000  014  019  008  000  034  094  000 
 000  000  000  000  000  000  000  000  000  008  018  011  000  038  097  000 
 000  000  000  000  000  000  000  000  000  005  013  008  000  048  104  005 
 000  000  000  000  000  002  006  006  004  000  005  002  000  057  110  000 
 000  000  000  000  002  000  003  005  002  000  000  000  002  063  116  000 
 000  001  000  000  000  000  000  000  000  000  000  000  002  065  120  000 
 002  000  000  000  000  000  000  000  000  000  000  000  002  065  122  000 
 004  000  000  000  000  000  000  000  000  002  006  008  008  071  129  006 
 004  006  004  003  006  012  017  013  008  012  020  022  020  079  131  008 
 006  010  017  018  018  022  022  020  022  026  033  031  027  075  124  007 
 018  006  008  016  017  012  010  016  030  040  040  032  022  058  112  003 
 020  014  006  000  006  006  000  010  022  032  029  024  015  047  109  004 
 011  010  010  008  002  004  005  009  018  017  007  008  012  055  119  015 
 014  013  009  007  008  002  009  025  032  014  000  000  005  062  119  018 

Celda48

 004  010  024  034  046  030  023  033  030  031  033  029  025  024  014  010 
 000  000  000  004  024  014  013  033  024  020  016  018  012  004  000  000 
 000  000  000  000  021  007  008  026  010  004  000  006  000  000  000  000 
 000  000  000  000  030  004  002  016  004  000  000  006  000  002  006  006 
 000  002  004  002  024  000  000  012  002  000  000  006  000  000  000  000 
 000  000  000  000  016  000  006  012  000  000  000  004  001  000  000  000 
 000  000  000  000  006  000  012  016  002  000  000  002  003  000  000  000 
 000  000  000  000  003  000  012  018  005  000  000  002  008  000  001  000 
 000  001  004  008  011  006  008  013  006  000  000  004  011  000  002  002 
 002  004  008  006  002  002  005  009  007  002  002  004  011  002  004  010 
 002  004  003  000  000  000  007  012  014  008  011  010  011  006  006  010 
 002  003  002  000  002  007  011  012  015  012  014  014  009  011  008  010 
 000  000  000  000  008  013  009  010  017  017  011  012  012  016  010  012 
 000  000  000  000  012  015  008  010  021  018  007  008  012  014  008  008 
 000  000  000  000  013  010  012  020  020  009  002  006  013  008  006  009 
 000  000  002  006  013  004  015  024  018  006  004  014  015  008  006  019 

Celda49

 006  005  000  000  010  028  028  012  010  013  004  006  007  008  008  006 
 000  002  000  000  008  027  029  016  011  008  000  000  002  004  004  005 
 001  003  004  012  021  033  029  019  015  007  000  003  012  016  012  012 
 000  002  010  008  016  023  022  021  020  011  006  006  011  020  024  026 
 000  000  007  016  016  012  016  022  020  007  002  000  002  010  024  030 
 000  000  002  022  022  011  009  019  024  013  000  000  010  019  024  028 
 000  000  011  037  043  029  016  017  020  014  004  006  017  024  016  021 
 000  004  020  031  036  027  020  027  031  015  002  010  014  014  006  002 
 003  022  026  029  032  022  010  019  026  016  011  006  006  008  009  000 
 014  026  026  029  029  019  011  014  017  011  014  010  002  000  002  000 
 010  022  023  020  018  016  011  016  020  009  004  002  001  002  002  000 
 015  031  028  019  019  021  021  028  027  005  000  000  000  000  004  011 
 022  035  027  018  025  034  036  036  025  006  004  005  005  004  010  012 
 020  026  017  014  027  039  037  026  009  001  003  008  012  014  016  008 
 020  016  011  017  027  031  022  008  000  000  000  001  008  014  010  000 
 019  007  010  021  024  020  012  008  000  001  000  001  003  002  000  000 

Celda50

 000  000  054  055  036  039  048  067  056  032  028  028  012  004  004  001 
 004  000  057  052  004  029  045  054  045  024  022  018  011  008  007  002 
 018  013  040  059  025  038  045  019  030  036  005  006  003  005  008  008 
 030  028  025  058  045  054  037  019  000  044  027  000  000  005  005  008 
 030  028  021  060  054  046  020  008  001  030  046  014  007  005  000  000 
 023  020  018  048  051  040  020  000  005  012  053  032  010  005  000  000 
 022  020  014  029  049  038  018  000  004  010  052  037  006  000  001  005 
 016  022  016  009  050  046  019  000  000  012  054  032  004  000  000  004 
 000  004  006  000  050  060  024  002  000  017  058  029  000  000  005  003 
 000  000  000  000  050  074  033  014  009  026  061  025  006  002  004  002 
 000  000  000  000  048  084  044  020  024  029  061  024  009  008  002  000 
 012  004  000  000  045  084  055  001  014  011  053  026  007  005  002  000 
 018  018  008  000  032  082  068  004  000  000  048  029  000  000  000  000 
 010  014  010  000  012  080  081  013  000  000  048  033  000  000  002  004 
 000  000  000  000  000  080  090  014  000  000  050  035  000  000  006  012 
 000  000  000  000  000  069  087  014  000  000  056  039  000  000  007  014 

Celda51

 002  002  004  005  012  016  010  000  006  014  015  005  001  014  009  001 
 002  005  003  005  000  004  008  008  005  006  013  008  009  013  000  000 
 007  001  000  002  006  003  008  016  020  018  009  001  011  016  000  000 
 006  000  000  002  011  013  016  013  012  014  013  006  002  011  004  001 
 000  000  000  005  015  020  020  006  003  000  000  000  000  008  016  023 
 000  000  000  006  011  018  020  006  005  000  000  000  000  012  027  026 
 007  006  006  004  007  018  024  015  010  008  009  010  006  025  031  012 
 008  012  016  017  019  028  034  024  014  017  020  024  024  035  027  000 
 002  012  027  030  028  028  031  026  015  024  028  029  028  026  017  000 
 000  010  029  024  018  010  021  025  021  022  025  020  017  016  011  006 
 002  016  022  005  000  000  016  022  021  016  008  003  004  012  012  006 
 002  018  019  002  000  000  014  022  022  008  000  000  002  014  008  002 
 004  011  008  002  002  004  011  020  022  004  000  000  008  009  000  000 
 007  005  000  003  012  008  009  020  018  000  000  000  013  002  000  000 
 007  002  001  007  014  008  011  020  011  000  000  006  012  001  002  004 
 010  000  000  010  012  005  011  014  000  000  000  012  016  000  002  005 

Celda52

 008  010  000  000  000  001  004  010  012  004  008  016  008  005  010  006 
 008  004  000  000  002  004  008  012  016  016  010  006  015  010  008  007 
 006  000  000  003  004  002  011  012  013  016  018  014  002  020  014  008 
 002  000  001  005  000  000  008  006  002  008  016  020  019  015  022  001 
 014  006  001  005  000  000  006  008  004  010  012  018  029  030  012  006 
 011  010  003  002  002  000  003  008  007  006  004  003  014  018  012  001 
 000  000  002  002  002  002  000  008  008  000  000  008  012  000  000  004 
 000  000  000  001  000  000  000  003  008  002  000  004  012  002  000  000 
 000  001  008  000  000  000  002  000  004  014  000  000  008  004  000  001 
 006  003  008  000  000  000  004  000  000  020  008  000  000  004  004  005 
 004  006  009  007  011  010  006  004  008  016  008  000  000  002  009  010 
 002  006  015  015  020  020  015  011  012  009  001  000  000  000  010  014 
 004  008  016  013  011  012  012  010  006  002  000  005  012  012  008  008 
 005  009  013  011  007  008  008  004  000  000  009  015  010  010  006  000 
 006  008  011  012  007  006  004  002  003  009  015  007  002  000  000  000 
 010  013  011  006  000  000  000  004  009  009  002  000  000  000  000  000 

Celda53

 004  009  022  014  002  000  008  002  000  000  000  002  004  011  022  023 
 000  005  010  000  000  000  004  000  000  004  012  008  011  025  030  024 
 006  006  011  000  000  002  000  000  000  006  019  018  015  028  028  018 
 017  020  020  008  008  005  000  000  004  017  010  010  004  019  018  007 
 010  024  018  010  004  000  000  001  015  016  000  000  000  014  012  003 
 020  014  012  006  002  000  002  006  011  004  000  000  000  006  002  002 
 020  014  000  002  000  001  008  013  010  004  008  016  012  001  000  004 
 005  008  000  000  000  000  006  010  010  017  019  020  014  006  002  011 
 000  000  000  002  000  001  003  000  004  011  003  000  000  000  004  011 
 000  000  000  009  016  007  000  000  006  006  000  000  000  000  001  014 
 000  000  002  000  017  016  003  002  006  000  000  000  000  000  006  024 
 000  000  000  000  000  014  020  016  002  002  003  008  008  004  015  037 
 000  000  000  000  000  002  020  029  013  000  008  014  010  006  026  033 
 000  000  000  000  008  015  016  020  022  013  018  012  010  012  020  006 
 000  000  002  012  025  036  036  022  025  034  024  012  007  000  000  000 
 000  008  017  028  035  032  026  030  036  033  009  000  000  000  000  000 

Celda54

 010  007  013  026  022  016  014  014  012  006  002  000  008  016  019  012 
 006  002  008  020  006  002  008  016  016  004  000  000  013  020  012  005 
 000  002  010  004  000  000  000  005  008  004  000  003  024  012  010  006 
 000  000  005  000  000  000  000  000  000  002  008  014  019  002  008  011 
 004  008  004  000  000  000  000  000  000  001  013  011  006  003  004  013 
 010  009  000  000  000  000  002  005  006  012  016  012  004  008  016  025 
 011  002  000  000  005  002  000  000  009  015  017  021  024  028  038  039 
 012  000  000  000  006  002  000  004  006  000  010  028  040  040  048  034 
 005  000  003  008  002  000  000  011  012  006  020  035  029  025  021  000 
 010  010  016  016  007  002  005  019  021  024  031  016  000  000  000  000 
 024  022  019  010  005  014  031  032  027  020  006  000  000  000  000  000 
 027  011  000  000  004  024  026  006  000  002  000  000  000  000  000  000 
 003  000  000  000  000  006  000  000  000  000  000  000  008  013  010  005 
 000  000  000  000  000  000  000  000  000  002  006  017  028  020  016  016 
 000  000  002  000  000  000  000  006  017  015  015  025  028  013  012  014 
 000  006  002  000  000  008  019  026  020  012  015  024  021  003  002  006 

Celda55

 012  014  012  011  010  005  012  035  036  014  000  000  000  054  102  005 
 009  008  008  015  020  018  019  027  015  006  009  006  002  051  095  000 
 011  006  011  025  035  032  022  010  010  000  000  008  016  061  096  002 
 017  016  027  041  040  020  012  000  001  002  000  007  023  060  093  008 
 024  030  038  035  013  000  000  000  003  011  005  005  009  042  078  000 
 031  032  025  004  000  000  000  000  010  018  008  000  002  046  084  000 
 027  012  000  000  000  000  000  000  004  007  000  000  000  046  090  000 
 009  000  000  000  000  000  000  000  000  003  000  000  006  054  100  010 
 000  000  000  000  000  000  000  002  001  000  000  002  002  049  100  009 
 000  000  000  002  001  004  007  008  008  004  000  003  005  053  097  001 
 000  000  004  007  011  015  012  008  010  014  014  013  015  061  102  005 
 000  006  015  019  019  017  014  010  012  016  018  018  022  070  109  014 
 005  015  015  013  014  014  013  009  010  012  012  015  024  070  102  011 
 012  012  008  007  010  007  004  002  001  001  002  010  018  057  087  003 
 013  005  006  013  011  004  000  000  000  000  000  006  011  047  080  000 
 008  008  015  022  011  006  004  000  000  000  000  006  012  048  080  000 

Celda56

 002  006  012  015  013  006  017  022  014  006  012  025  015  010  010  024 
 003  006  011  010  010  010  020  026  016  008  021  034  015  013  016  020 
 003  004  004  000  003  009  024  032  022  014  025  033  010  008  015  012 
 000  000  000  000  007  013  024  031  021  013  021  024  006  000  010  009 
 000  002  006  010  017  016  022  026  014  008  017  017  004  000  012  016 
 004  009  018  021  016  012  020  019  008  006  015  011  007  010  020  025 
 005  011  021  022  016  009  017  012  008  016  019  009  014  020  023  023 
 001  003  008  013  016  014  013  008  016  034  025  010  016  019  010  010 
 000  000  000  006  016  018  012  014  033  044  023  010  008  010  002  008 
 001  002  004  006  008  009  009  019  038  037  011  004  000  002  000  010 
 002  004  006  004  000  000  000  016  025  020  002  000  000  000  003  012 
 000  001  002  000  000  000  004  008  014  015  004  000  000  000  009  009 
 000  000  000  000  000  000  004  003  007  012  008  000  000  003  008  003 
 004  010  024  035  040  038  032  027  027  032  031  027  028  034  033  025 
 009  022  048  066  073  074  072  070  071  076  074  069  067  069  067  064 
 000  000  000  000  000  000  000  000  001  007  007  005  004  004  002  000 

Celda57

 008  002  013  023  018  012  008  006  000  000  000  000  002  001  000  000 
 004  001  021  023  010  010  008  001  000  000  000  000  000  000  000  000 
 008  012  034  022  003  010  012  000  000  000  000  001  001  000  000  000 
 015  027  033  014  008  019  018  002  000  000  000  004  005  000  000  000 
 015  016  008  002  010  016  004  000  000  004  002  002  004  000  000  000 
 011  000  000  008  010  000  000  000  000  000  000  000  000  000  000  000 
 007  003  000  010  010  000  000  000  000  000  002  004  000  000  000  000 
 000  010  014  002  004  000  000  000  002  000  008  005  000  000  000  000 
 010  010  019  014  004  000  000  004  005  002  004  000  000  000  000  002 
 022  014  010  012  012  010  010  006  000  000  000  000  000  000  000  001 
 023  014  000  000  000  001  000  000  000  000  000  000  000  000  000  000 
 013  010  000  000  000  000  000  000  000  002  000  000  000  000  000  000 
 004  004  000  000  000  000  000  000  000  004  000  003  009  009  004  000 
 026  029  028  028  029  032  034  038  043  047  042  044  046  046  044  043 
 065  069  067  070  072  072  074  078  084  084  080  078  078  080  082  087 
 001  006  002  000  000  000  000  000  004  003  000  000  000  000  000  000 

Celda58

 000  000  002  008  000  044  072  016  000  004  066  044  002  000  005  013 
 000  000  012  020  014  018  051  014  000  023  074  042  002  000  004  014 
 000  000  006  016  028  032  047  004  000  038  073  032  001  000  004  018 
 000  000  000  006  027  036  033  004  000  050  058  016  002  002  008  020 
 000  000  000  000  016  018  004  000  002  064  034  000  004  016  018  022 
 000  000  000  005  008  001  000  000  021  062  006  000  006  028  024  023 
 004  008  012  012  001  000  000  000  025  046  000  000  014  033  022  020 
 008  016  018  010  000  000  000  002  016  028  000  000  033  054  031  017 
 007  012  010  005  000  000  000  000  010  015  000  001  045  058  034  025 
 010  008  000  000  000  000  000  000  020  023  009  008  049  057  037  031 
 008  003  000  000  000  000  000  002  038  033  021  027  064  064  043  032 
 000  000  000  000  000  000  005  017  045  034  024  055  083  066  043  031 
 000  000  000  000  000  006  010  016  035  034  041  079  080  042  024  022 
 042  043  046  053  056  060  062  061  077  087  099  113  082  050  034  043 
 094  102  106  107  105  108  110  110  121  130  132  121  079  066  063  074 
 000  000  001  003  000  001  000  000  011  028  038  033  003  000  000  013 

Celda59

 010  000  004  017  011  005  008  002  000  000  004  014  018  004  000  002 
 008  000  011  024  015  000  001  000  000  000  012  012  014  006  000  000 
 013  012  024  026  010  000  000  000  000  000  012  010  008  001  000  006 
 020  019  020  013  005  000  000  000  000  001  009  012  006  000  000  008 
 024  024  015  008  005  005  013  012  000  000  005  016  004  000  000  010 
 026  024  015  010  013  021  015  015  006  000  003  012  000  000  006  012 
 023  020  017  019  023  018  000  000  000  000  004  004  000  000  014  014 
 014  014  020  024  023  012  000  000  000  000  006  001  000  000  016  015 
 025  024  028  021  010  000  000  000  000  002  007  001  000  010  019  016 
 034  034  033  020  000  000  000  000  000  010  003  001  006  012  015  006 
 028  021  012  000  000  000  000  000  006  007  003  006  014  012  006  001 
 022  013  002  000  000  000  001  008  002  002  012  021  018  002  000  003 
 019  010  003  000  000  000  008  008  001  005  020  022  008  000  000  006 
 049  033  033  030  032  036  034  029  036  049  057  052  039  034  036  036 
 082  060  061  074  084  086  084  088  101  101  095  090  081  071  072  070 
 025  005  000  000  000  000  000  006  016  013  010  012  008  000  000  000 

Celda60

 014  014  009  000  000  000  000  000  000  000  000  000  000  000  000  000 
 009  000  000  000  000  000  000  000  000  000  000  000  000  000  000  012 
 008  000  000  000  000  000  000  002  004  004  002  000  000  005  015  038 
 006  000  000  000  000  002  006  002  002  005  008  010  011  019  030  049 
 005  000  000  000  000  013  012  000  000  000  004  008  010  017  024  020 
 004  000  000  001  004  009  004  000  008  017  015  018  014  002  006  002 
 008  010  009  010  009  001  000  000  027  042  016  011  000  000  000  000 
 016  015  005  000  000  000  004  014  029  022  000  000  000  000  000  000 
 012  008  000  000  000  006  010  000  004  007  000  000  000  000  000  005 
 002  002  000  002  020  017  002  000  000  000  010  000  000  000  010  010 
 000  000  008  019  013  000  000  000  000  002  012  002  000  006  010  007 
 004  004  006  010  000  000  000  000  013  018  010  007  008  012  011  017 
 010  000  000  000  000  000  001  013  014  010  008  018  014  010  008  016 
 031  020  021  022  024  043  059  054  042  039  045  056  045  042  040  039 
 066  064  068  078  085  098  099  080  072  074  086  086  078  080  080  074 
 000  000  000  000  000  012  018  004  000  000  009  005  000  000  000  000 

Celda61

 006  025  033  033  024  011  010  024  027  005  000  000  000  000  000  000 
 037  053  051  031  008  000  004  006  000  000  000  000  000  001  012  015 
 066  067  045  013  000  000  000  000  000  000  000  013  025  016  018  018 
 058  033  000  000  000  000  000  000  000  000  025  042  024  008  006  013 
 015  000  000  000  000  000  000  000  006  030  044  028  008  002  009  016 
 000  000  000  000  000  000  000  004  027  039  035  009  001  004  016  011 
 000  000  001  004  000  000  000  011  029  028  019  002  003  007  013  002 
 000  002  009  010  000  000  000  020  024  016  010  000  000  007  011  006 
 006  007  010  008  000  004  008  021  021  015  006  000  000  010  012  009 
 006  010  014  009  003  003  006  015  018  013  000  000  006  012  005  000 
 010  018  015  006  002  000  004  013  018  010  000  000  009  014  002  000 
 023  022  012  004  000  000  006  018  023  013  005  004  012  008  000  000 
 017  008  004  002  000  003  012  020  021  014  010  010  011  002  000  002 
 038  032  036  042  047  051  054  052  051  047  042  044  043  038  036  036 
 075  074  074  082  086  089  087  084  086  083  074  076  076  074  076  078 
 004  006  002  000  000  001  001  003  010  011  003  000  000  000  000  000 

Celda62

 002  004  000  000  002  007  009  010  008  006  010  017  011  000  000  003 
 011  008  006  007  005  002  003  007  006  002  007  014  004  000  002  017 
 016  016  014  012  011  012  017  018  009  005  016  017  005  008  024  032 
 018  019  016  014  015  021  024  018  013  016  023  016  013  025  035  027 
 009  008  010  012  014  021  021  016  016  023  022  014  019  023  014  001 
 000  001  006  008  010  018  015  010  012  020  017  014  017  006  000  000 
 000  006  010  005  006  013  006  002  006  015  011  006  005  000  000  002 
 006  012  010  004  008  010  002  002  008  010  000  000  000  000  005  011 
 007  006  006  008  016  011  006  006  009  001  000  000  005  009  004  001 
 000  003  011  019  021  013  010  004  001  000  000  001  019  020  008  002 
 001  016  024  026  017  006  004  000  000  000  000  012  024  021  013  014 
 012  021  019  011  002  000  000  000  000  002  009  010  016  018  012  016 
 016  014  007  000  000  001  000  000  000  000  014  016  016  016  009  006 
 042  032  018  013  018  030  028  034  042  045  049  049  043  037  033  034 
 079  072  064  063  070  075  069  070  078  084  085  084  077  069  067  069 
 002  001  000  000  007  010  004  000  000  000  000  004  006  004  009  015 

Celda63

 010  016  028  024  008  007  010  006  000  000  004  011  008  045  082  000 
 016  022  029  014  006  002  002  005  009  007  012  023  015  043  080  000 
 020  017  013  006  002  000  000  004  013  018  018  026  018  046  083  006 
 010  004  002  002  003  004  008  014  017  019  023  029  018  040  076  008 
 000  000  000  006  010  012  022  024  020  020  031  031  018  036  069  002 
 000  000  008  010  014  016  024  018  012  014  025  016  014  037  076  010 
 005  011  020  012  007  004  010  004  002  004  008  001  004  040  081  017 
 012  018  020  007  000  000  006  006  000  000  002  002  002  037  071  006 
 006  009  008  000  000  000  004  013  002  000  000  004  006  035  066  000 
 004  006  005  000  000  006  005  016  007  002  001  000  002  032  066  000 
 008  004  004  002  004  010  011  017  013  007  008  004  000  030  070  000 
 015  010  005  006  006  007  007  012  014  006  007  006  004  035  081  007 
 013  012  007  006  004  000  000  006  010  002  004  004  008  044  083  007 
 035  039  038  035  030  028  028  032  037  030  030  034  039  068  094  024 
 061  062  064  064  062  062  064  066  070  062  060  064  068  087  102  044 
 005  000  000  000  000  000  000  001  008  003  000  000  000  019  042  000 

